*parity 0 married
birth 1 F married 0
14 0 0
15 0 .00025
16 0 .00107
17 0 .04141
18 0 .03271
19 0 .03553
20 0 .04104
21 0 .04149
22 0 .04481
23 0 .04485
24 0 .04701
25 0 .04028
26 0 .04938
27 0 .04859
28 0 .05327
29 0 .06823
30 0 .05902
31 0 .08446
32 0 .11505
33 0 .04467
34 0 .06291
35 0 .03822
36 0 .0335
37 0 .01931
38 0 .01466
39 0 .01637
40 0 .01181
41 0 .00839
42 0 .00404
43 0 .00214
44 0 .00167
45 0 .0007
46 0 .00027
47 0 .00012
48 0 .00006
49 0 .00002
50 0 .00001
51 0 0
100 0 0
*parity 0 single
birth 1 F single 0
14 0 0
15 0 0
16 0 0
17 0 .00001
18 0 .00002
19 0 .00002
20 0 .00003
21 0 .00004
22 0 .00004
23 0 .00004
24 0 .00004
25 0 .00004
26 0 .00004
27 0 .00004
28 0 .00004
29 0 .00004
30 0 .00003
31 0 .00003
32 0 .00003
33 0 .00003
34 0 .00003
35 0 .00002
36 0 .00003
37 0 .00002
38 0 .00002
39 0 .00002
40 0 .00001
41 0 .00001
42 0 .00001
43 0 0
44 0 .00001
45 0 0
46 0 0
47 0 0
48 0 0
49 0 0
50 0 0
51 0 0
100 0 0
*parity 0 widowed
birth 1 F widowed 0
14 0 0
15 0 0
16 0 .00001
17 0 .01875
18 0 .00003
19 0 .01392
20 0 .00972
21 0 .02492
22 0 .01122
23 0 .00966
24 0 .00437
25 0 .00833
26 0 .00611
27 0 .0258
28 0 .0116
29 0 .00416
30 0 .00291
31 0 .01471
32 0 .00751
33 0 .00001
34 0 .00001
35 0 .00532
36 0 .00109
37 0 .00112
38 0 .00255
39 0 .00062
40 0 .00123
41 0 .00048
42 0 .00063
43 0 .00041
44 0 .00008
45 0 .00007
46 0 .00004
47 0 .00002
48 0 0
49 0 0
50 0 0
51 0 0
100 0 0
*parity 0 divorced
birth 1 F divorced 0
14 0 0
15 0 0
16 0 .00001
17 0 .01875
18 0 .00003
19 0 .01392
20 0 .00972
21 0 .02492
22 0 .01122
23 0 .00966
24 0 .00437
25 0 .00833
26 0 .00611
27 0 .0258
28 0 .0116
29 0 .00416
30 0 .00291
31 0 .01471
32 0 .00751
33 0 .00001
34 0 .00001
35 0 .00532
36 0 .00109
37 0 .00112
38 0 .00255
39 0 .00062
40 0 .00123
41 0 .00048
42 0 .00063
43 0 .00041
44 0 .00008
45 0 .00007
46 0 .00004
47 0 .00002
48 0 0
49 0 0
50 0 0
51 0 0
100 0 0
*parity 1 married
birth 1 F married 1
14 0 0
15 0 0
16 0 .00006
17 0 .00024
18 0 .01766
19 0 .0171
20 0 .01922
21 0 .01909
22 0 .01659
23 0 .02107
24 0 .02069
25 0 .01995
26 0 .019
27 0 .01967
28 0 .01897
29 0 .0185
30 0 .02303
31 0 .02297
32 0 .02348
33 0 .02439
34 0 .02462
35 0 .03895
36 0 .03339
37 0 .02551
38 0 .01641
39 0 .008
40 0 .00502
41 0 .00302
42 0 .00248
43 0 .00248
44 0 .0011
45 0 .00053
46 0 .00035
47 0 .00015
48 0 .00008
49 0 .00005
50 0 .00001
51 0 .00001
100 0 0
*parity 1 single
birth 1 F single 1
14 0 0
15 0 0
16 0 0
17 0 0
18 0 0
19 0 0
20 0 .00001
21 0 .01023
22 0 .00001
23 0 .00001
24 0 .00701
25 0 .00001
26 0 .00637
27 0 .00001
28 0 .00001
29 0 .00516
30 0 .00001
31 0 .00812
32 0 .00001
33 0 .00498
34 0 .00001
35 0 .00341
36 0 0
37 0 .00214
38 0 0
39 0 0
40 0 0
41 0 0
42 0 0
43 0 .00023
44 0 0
45 0 0
46 0 0
47 0 0
48 0 0
49 0 0
50 0 0
51 0 0
100 0 0
*parity 1 widowed
birth 1 F widowed 1
14 0 0
15 0 0
16 0 0
17 0 0
18 0 .00001
19 0 .01116
20 0 .0179
21 0 .00611
22 0 .004
23 0 .0029
24 0 .00335
25 0 .00239
26 0 .00304
27 0 .00227
28 0 .0013
29 0 .0019
30 0 .00115
31 0 .00102
32 0 .00091
33 0 .00119
34 0 .00077
35 0 .00081
36 0 .00061
37 0 .00064
38 0 .00032
39 0 .0002
40 0 .00015
41 0 .00028
42 0 .00005
43 0 .00004
44 0 .00002
45 0 .00001
46 0 .00001
47 0 0
48 0 0
49 0 0
50 0 0
51 0 0
100 0 0
*parity 1 divorced
birth 1 F divorced 1
14 0 0
15 0 0
16 0 0
17 0 0
18 0 .00001
19 0 .01116
20 0 .0179
21 0 .00611
22 0 .004
23 0 .0029
24 0 .00335
25 0 .00239
26 0 .00304
27 0 .00227
28 0 .0013
29 0 .0019
30 0 .00115
31 0 .00102
32 0 .00091
33 0 .00119
34 0 .00077
35 0 .00081
36 0 .00061
37 0 .00064
38 0 .00032
39 0 .0002
40 0 .00015
41 0 .00028
42 0 .00005
43 0 .00004
44 0 .00002
45 0 .00001
46 0 .00001
47 0 0
48 0 0
49 0 0
50 0 0
51 0 0
100 0 0
*parity 2 married
birth 1 F married 2
14 0 0
15 0 0
16 0 0
17 0 .00002
18 0 .00009
19 0 .04273
20 0 .01398
21 0 .02271
22 0 .01566
23 0 .01573
24 0 .01529
25 0 .01527
26 0 .0135
27 0 .01259
28 0 .01153
29 0 .00997
30 0 .00928
31 0 .00827
32 0 .00694
33 0 .00612
34 0 .00563
35 0 .00525
36 0 .00466
37 0 .00425
38 0 .00391
39 0 .00336
40 0 .00283
41 0 .00216
42 0 .00172
43 0 .00122
44 0 .00091
45 0 .00064
46 0 .00037
47 0 .00022
48 0 .00012
49 0 .00006
50 0 .00002
51 0 .00001
100 0 0
*parity 2 single
birth 1 F single 2
14 0 0
15 0 0
16 0 0
17 0 0
18 0 0
19 0 0
20 0 0
21 0 0
22 0 .00192
23 0 .00001
24 0 .00001
25 0 .00001
26 0 .00001
27 0 .00002
28 0 .01374
29 0 .00002
30 0 .00002
31 0 .00002
32 0 .00002
33 0 .00001
34 0 .00001
35 0 .00001
36 0 .00001
37 0 .00001
38 0 .00001
39 0 .00001
40 0 .00001
41 0 .00001
42 0 0
43 0 0
44 0 0
45 0 0
46 0 0
47 0 0
48 0 0
49 0 0
50 0 0
51 0 .00001
100 0 0
*parity 2 widowed
birth 1 F widowed 2
14 0 0
15 0 0
16 0 0
17 0 0
18 0 0
19 0 0
20 0 .00001
21 0 .00001
22 0 .01377
23 0 .0089
24 0 .00357
25 0 .00196
26 0 .00257
27 0 .00124
28 0 .00156
29 0 .00119
30 0 .00083
31 0 .00064
32 0 .00062
33 0 .0005
34 0 .00036
35 0 .00025
36 0 .00021
37 0 .0002
38 0 .00015
39 0 .00013
40 0 .00011
41 0 .00009
42 0 .00006
43 0 .00004
44 0 .00002
45 0 .00001
46 0 .00001
47 0 .00001
48 0 0
49 0 0
50 0 0
51 0 0
100 0 0
*parity 2 divorced
birth 1 F divorced 2
14 0 0
15 0 0
16 0 0
17 0 0
18 0 0
19 0 0
20 0 .00001
21 0 .00001
22 0 .01377
23 0 .0089
24 0 .00357
25 0 .00196
26 0 .00257
27 0 .00124
28 0 .00156
29 0 .00119
30 0 .00083
31 0 .00064
32 0 .00062
33 0 .0005
34 0 .00036
35 0 .00025
36 0 .00021
37 0 .0002
38 0 .00015
39 0 .00013
40 0 .00011
41 0 .00009
42 0 .00006
43 0 .00004
44 0 .00002
45 0 .00001
46 0 .00001
47 0 .00001
48 0 0
49 0 0
50 0 0
51 0 0
100 0 0
