*parity 0 married
birth 1 F married 0
14 0 0
15 0 .00014
16 0 .00059
17 0 .02792
18 0 .02026
19 0 .02212
20 0 .02165
21 0 .02286
22 0 .02045
23 0 .02023
24 0 .01857
25 0 .01827
26 0 .01727
27 0 .01376
28 0 .01252
29 0 .01225
30 0 .01083
31 0 .01041
32 0 .00885
33 0 .00756
34 0 .00679
35 0 .00623
36 0 .00666
37 0 .00554
38 0 .00477
39 0 .00245
40 0 .00186
41 0 .00121
42 0 .00056
43 0 .0004
44 0 .00023
45 0 .00011
46 0 .00007
47 0 .00004
48 0 .00001
49 0 .00001
50 0 0
51 0 0
100 0 0
*parity 0 single
birth 1 F single 0
14 0 0
15 0 .00008
16 0 .00034
17 0 .00069
18 0 .00124
19 0 .00189
20 0 .00243
21 0 .00268
22 0 .0029
23 0 .003
24 0 .00304
25 0 .00309
26 0 .00337
27 0 .00367
28 0 .00412
29 0 .00383
30 0 .00431
31 0 .00436
32 0 .00472
33 0 .00474
34 0 .00356
35 0 .00385
36 0 .00342
37 0 .00339
38 0 .00287
39 0 .00226
40 0 .00186
41 0 .00167
42 0 .00113
43 0 .00086
44 0 .00105
45 0 .00041
46 0 .00029
47 0 .00018
48 0 .00008
49 0 .00003
50 0 0
51 0 .00001
100 0 0
*parity 0 widowed
birth 1 F widowed 0
14 0 0
15 0 .00004
16 0 .00015
17 0 .2338
18 0 .12795
19 0 .43012
20 0 2.47018
21 0 .31238
22 0 2.32736
23 0 .27765
24 0 .25982
25 0 .5645
26 0 .12504
27 0 1.28939
28 0 .15136
29 0 .0638
30 0 .05637
31 0 .13157
32 0 .24074
33 0 .07163
34 0 .12909
35 0 .20241
36 0 .03386
37 0 .03276
38 0 .03446
39 0 .01038
40 0 .0083
41 0 .0017
42 0 .00056
43 0 .00053
44 0 .00018
45 0 .00011
46 0 .00003
47 0 .00002
48 0 .00001
49 0 0
50 0 0
51 0 0
100 0 0
*parity 0 divorced
birth 1 F divorced 0
14 0 0
15 0 .00004
16 0 .00015
17 0 .2338
18 0 .12795
19 0 .43012
20 0 2.47018
21 0 .31238
22 0 2.32736
23 0 .27765
24 0 .25982
25 0 .5645
26 0 .12504
27 0 1.28939
28 0 .15136
29 0 .0638
30 0 .05637
31 0 .13157
32 0 .24074
33 0 .07163
34 0 .12909
35 0 .20241
36 0 .03386
37 0 .03276
38 0 .03446
39 0 .01038
40 0 .0083
41 0 .0017
42 0 .00056
43 0 .00053
44 0 .00018
45 0 .00011
46 0 .00003
47 0 .00002
48 0 .00001
49 0 0
50 0 0
51 0 0
100 0 0
*parity 1 married
birth 1 F married 1
14 0 0
15 0 0
16 0 .00003
17 0 .20202
18 0 .02571
19 0 .02306
20 0 .02225
21 0 .02241
22 0 .02616
23 0 .02232
24 0 .01763
25 0 .01625
26 0 .01321
27 0 .01714
28 0 .01872
29 0 .02233
30 0 .01697
31 0 .01325
32 0 .01449
33 0 .0199
34 0 .0185
35 0 .02241
36 0 .03495
37 0 .02
38 0 .0175
39 0 .02681
40 0 .11322
41 0 .10276
42 0 .13841
43 0 .00005
44 0 .02285
45 0 .00795
46 0 .00609
47 0 .00275
48 0 .00222
49 0 .00037
50 0 .00012
51 0 0
100 0 0
*parity 1 single
birth 1 F single 1
14 0 0
15 0 0
16 0 .01544
17 0 .03345
18 0 .03294
19 0 .03376
20 0 .03396
21 0 .0437
22 0 .04678
23 0 .05598
24 0 .0528
25 0 .06664
26 0 .06658
27 0 .10411
28 0 .13066
29 0 .22429
30 0 .39342
31 0 .38867
32 0 1
33 0 .10694
34 0 .14654
35 0 .70137
36 0 .11747
37 0 .113
38 0 .17752
39 0 .03552
40 0 .09842
41 0 .00008
42 0 .04011
43 0 .00003
44 0 .02649
45 0 .00001
46 0 .00353
47 0 0
48 0 0
49 0 .00014
50 0 .00014
51 0 .00008
100 0 0
*parity 1 widowed
birth 1 F widowed 1
14 0 0
15 0 0
16 0 .00001
17 0 .00003
18 0 .27193
19 0 .02654
20 0 .02683
21 0 .03739
22 0 .03388
23 0 .03196
24 0 .02656
25 0 .01918
26 0 .02411
27 0 .02082
28 0 .03841
29 0 .05848
30 0 .06034
31 0 .07037
32 0 .653
33 0 .0852
34 0 .05458
35 0 .0381
36 0 .05104
37 0 .09821
38 0 .03857
39 0 .0135
40 0 .02138
41 0 .00647
42 0 .01162
43 0 .00673
44 0 .0023
45 0 .006
46 0 .00153
47 0 0
48 0 .00028
49 0 .00009
50 0 .00001
51 0 0
100 0 0
*parity 1 divorced
birth 1 F divorced 1
14 0 0
15 0 0
16 0 .00001
17 0 .00003
18 0 .27193
19 0 .02654
20 0 .02683
21 0 .03739
22 0 .03388
23 0 .03196
24 0 .02656
25 0 .01918
26 0 .02411
27 0 .02082
28 0 .03841
29 0 .05848
30 0 .06034
31 0 .07037
32 0 .653
33 0 .0852
34 0 .05458
35 0 .0381
36 0 .05104
37 0 .09821
38 0 .03857
39 0 .0135
40 0 .02138
41 0 .00647
42 0 .01162
43 0 .00673
44 0 .0023
45 0 .006
46 0 .00153
47 0 0
48 0 .00028
49 0 .00009
50 0 .00001
51 0 0
100 0 0
*parity 2 married
birth 1 F married 2
14 0 0
15 0 0
16 0 0
17 0 .00001
18 0 .00004
19 0 .0069
20 0 .00871
21 0 .0105
22 0 .0082
23 0 .00937
24 0 .0116
25 0 .0126
26 0 .00984
27 0 .00808
28 0 .00683
29 0 .00623
30 0 .00591
31 0 .00542
32 0 .0048
33 0 .00409
34 0 .00386
35 0 .00334
36 0 .0028
37 0 .00251
38 0 .00215
39 0 .0019
40 0 .00163
41 0 .00128
42 0 .00105
43 0 .00074
44 0 .00053
45 0 .00039
46 0 .00024
47 0 .00014
48 0 .00007
49 0 .00004
50 0 .00002
51 0 .00001
100 0 0
*parity 2 single
birth 1 F single 2
14 0 0
15 0 0
16 0 0
17 0 .00987
18 0 .02081
19 0 .01305
20 0 .02018
21 0 .01883
22 0 .01855
23 0 .01487
24 0 .01683
25 0 .01431
26 0 .01898
27 0 .01825
28 0 .01857
29 0 .01918
30 0 .01842
31 0 .0209
32 0 .02064
33 0 .02333
34 0 .02446
35 0 .02109
36 0 .02303
37 0 .02558
38 0 .02677
39 0 .05097
40 0 .02863
41 0 .02636
42 0 .03406
43 0 .03281
44 0 .02571
45 0 .02103
46 0 .02942
47 0 .008
48 0 .01195
49 0 .00621
50 0 .00254
51 0 .0004
100 0 0
*parity 2 widowed
birth 1 F widowed 2
14 0 0
15 0 0
16 0 0
17 0 0
18 0 .00001
19 0 .02694
20 0 .01578
21 0 .01204
22 0 .00987
23 0 .00946
24 0 .00951
25 0 .00793
26 0 .00805
27 0 .00583
28 0 .00486
29 0 .00446
30 0 .00399
31 0 .00321
32 0 .0026
33 0 .0023
34 0 .00203
35 0 .00172
36 0 .00154
37 0 .00124
38 0 .00109
39 0 .0009
40 0 .00069
41 0 .00053
42 0 .0004
43 0 .00028
44 0 .00021
45 0 .00012
46 0 .00007
47 0 .00004
48 0 .00002
49 0 .00001
50 0 0
51 0 0
100 0 0
*parity 2 divorced
birth 1 F divorced 2
14 0 0
15 0 0
16 0 0
17 0 0
18 0 .00001
19 0 .02694
20 0 .01578
21 0 .01204
22 0 .00987
23 0 .00946
24 0 .00951
25 0 .00793
26 0 .00805
27 0 .00583
28 0 .00486
29 0 .00446
30 0 .00399
31 0 .00321
32 0 .0026
33 0 .0023
34 0 .00203
35 0 .00172
36 0 .00154
37 0 .00124
38 0 .00109
39 0 .0009
40 0 .00069
41 0 .00053
42 0 .0004
43 0 .00028
44 0 .00021
45 0 .00012
46 0 .00007
47 0 .00004
48 0 .00002
49 0 .00001
50 0 0
51 0 0
100 0 0
