*parity 0 married
birth 1 F married 0
14 0 0
15 0 .0002
16 0 .00082
17 0 .06035
18 0 .06084
19 0 .05335
20 0 .07118
21 0 .06608
22 0 .0868
23 0 .09419
24 0 .07573
25 0 .13402
26 0 .15642
27 0 .18143
28 0 .15998
29 0 .13644
30 0 .06491
31 0 .02235
32 0 .01738
33 0 .0149
34 0 .00868
35 0 .00689
36 0 .00551
37 0 .00464
38 0 .00364
39 0 .00241
40 0 .00145
41 0 .00101
42 0 .00064
43 0 .00036
44 0 .00022
45 0 .00013
46 0 .00009
47 0 .00006
48 0 .00002
49 0 .00001
50 0 0
51 0 0
100 0 0
*parity 0 single
birth 1 F single 0
14 0 0
15 0 .00004
16 0 .00014
17 0 .00028
18 0 .00047
19 0 .00067
20 0 .00079
21 0 .00087
22 0 .00089
23 0 .00088
24 0 .0009
25 0 .00086
26 0 .00089
27 0 .00088
28 0 .00088
29 0 .00087
30 0 .00091
31 0 .00108
32 0 .00101
33 0 .00096
34 0 .00107
35 0 .00092
36 0 .00091
37 0 .00073
38 0 .00071
39 0 .00074
40 0 .0006
41 0 .00056
42 0 .00038
43 0 .00036
44 0 .00027
45 0 .00029
46 0 .00009
47 0 .00009
48 0 .00003
49 0 .00001
50 0 0
51 0 0
100 0 0
*parity 0 widowed
birth 1 F widowed 0
14 0 0
15 0 .00001
16 0 .00005
17 0 .00009
18 0 .05322
19 0 .15711
20 0 .17225
21 0 .16955
22 0 .00022
23 0 .0002
24 0 .14353
25 0 .00018
26 0 .00017
27 0 .25392
28 0 .12127
29 0 .00013
30 0 .18547
31 0 .03779
32 0 .12769
33 0 .03243
34 0 .01142
35 0 .01065
36 0 .00835
37 0 .01015
38 0 .00323
39 0 .00132
40 0 .00083
41 0 .00048
42 0 .00027
43 0 .00013
44 0 .00007
45 0 .00003
46 0 .00002
47 0 .00001
48 0 0
49 0 0
50 0 0
51 0 0
100 0 0
*parity 0 divorced
birth 1 F divorced 0
14 0 0
15 0 .00001
16 0 .00005
17 0 .00009
18 0 .05322
19 0 .15711
20 0 .17225
21 0 .16955
22 0 .00022
23 0 .0002
24 0 .14353
25 0 .00018
26 0 .00017
27 0 .25392
28 0 .12127
29 0 .00013
30 0 .18547
31 0 .03779
32 0 .12769
33 0 .03243
34 0 .01142
35 0 .01065
36 0 .00835
37 0 .01015
38 0 .00323
39 0 .00132
40 0 .00083
41 0 .00048
42 0 .00027
43 0 .00013
44 0 .00007
45 0 .00003
46 0 .00002
47 0 .00001
48 0 0
49 0 0
50 0 0
51 0 0
100 0 0
*parity 1 married
birth 1 F married 1
14 0 0
15 0 0
16 0 .00004
17 0 .23305
18 0 .0183
19 0 .01749
20 0 .02245
21 0 .02647
22 0 .02096
23 0 .02229
24 0 .02045
25 0 .02283
26 0 .02103
27 0 .02006
28 0 .02107
29 0 .01783
30 0 .01528
31 0 .01269
32 0 .01188
33 0 .00887
34 0 .00841
35 0 .00786
36 0 .00674
37 0 .00537
38 0 .0045
39 0 .00281
40 0 .00208
41 0 .00146
42 0 .00095
43 0 .00059
44 0 .00042
45 0 .00019
46 0 .0001
47 0 .00005
48 0 .00002
49 0 .00001
50 0 0
51 0 0
100 0 0
*parity 1 single
birth 1 F single 1
14 0 0
15 0 0
16 0 .00001
17 0 .00003
18 0 .01325
19 0 .04604
20 0 .03897
21 0 .03873
22 0 .02122
23 0 .01882
24 0 .02142
25 0 .02901
26 0 .02982
27 0 .02278
28 0 .02114
29 0 .0221
30 0 .02926
31 0 .03495
32 0 .08374
33 0 .045
34 0 .08668
35 0 .05656
36 0 .04449
37 0 .17911
38 0 .00009
39 0 .04937
40 0 .06855
41 0 .00003
42 0 .02613
43 0 .01548
44 0 .00855
45 0 0
46 0 .00245
47 0 0
48 0 .00055
49 0 0
50 0 0
51 0 .00003
100 0 0
*parity 1 widowed
birth 1 F widowed 1
14 0 0
15 0 0
16 0 0
17 0 .00001
18 0 .00002
19 0 .01912
20 0 .02331
21 0 .01403
22 0 .01528
23 0 .01653
24 0 .0134
25 0 .01506
26 0 .01548
27 0 .01053
28 0 .01293
29 0 .01314
30 0 .0093
31 0 .00808
32 0 .00556
33 0 .00384
34 0 .00349
35 0 .00157
36 0 .00145
37 0 .00104
38 0 .00092
39 0 .00041
40 0 .00025
41 0 .0002
42 0 .0001
43 0 .00007
44 0 .00004
45 0 .00002
46 0 .00001
47 0 0
48 0 0
49 0 0
50 0 0
51 0 0
100 0 0
*parity 1 divorced
birth 1 F divorced 1
14 0 0
15 0 0
16 0 0
17 0 .00001
18 0 .00002
19 0 .01912
20 0 .02331
21 0 .01403
22 0 .01528
23 0 .01653
24 0 .0134
25 0 .01506
26 0 .01548
27 0 .01053
28 0 .01293
29 0 .01314
30 0 .0093
31 0 .00808
32 0 .00556
33 0 .00384
34 0 .00349
35 0 .00157
36 0 .00145
37 0 .00104
38 0 .00092
39 0 .00041
40 0 .00025
41 0 .0002
42 0 .0001
43 0 .00007
44 0 .00004
45 0 .00002
46 0 .00001
47 0 0
48 0 0
49 0 0
50 0 0
51 0 0
100 0 0
*parity 2 married
birth 1 F married 2
14 0 0
15 0 0
16 0 0
17 0 .00001
18 0 .00005
19 0 .01468
20 0 .01867
21 0 .009
22 0 .01014
23 0 .01094
24 0 .01144
25 0 .01068
26 0 .0097
27 0 .00941
28 0 .00853
29 0 .00805
30 0 .00706
31 0 .00603
32 0 .00581
33 0 .00533
34 0 .00456
35 0 .00422
36 0 .00335
37 0 .00299
38 0 .00245
39 0 .00225
40 0 .00193
41 0 .00142
42 0 .00114
43 0 .00081
44 0 .00058
45 0 .00039
46 0 .00023
47 0 .00012
48 0 .00007
49 0 .00003
50 0 .00001
51 0 .00001
100 0 0
*parity 2 single
birth 1 F single 2
14 0 0
15 0 0
16 0 0
17 0 0
18 0 .01323
19 0 .04124
20 0 .00947
21 0 .01877
22 0 .02039
23 0 .01486
24 0 .01064
25 0 .00952
26 0 .01054
27 0 .01404
28 0 .01425
29 0 .01207
30 0 .01412
31 0 .01332
32 0 .01089
33 0 .01248
34 0 .0125
35 0 .01326
36 0 .01401
37 0 .01645
38 0 .01608
39 0 .01174
40 0 .01018
41 0 .02292
42 0 .00937
43 0 .01978
44 0 .00768
45 0 .00616
46 0 .0036
47 0 .00196
48 0 .0011
49 0 .00049
50 0 .0006
51 0 .00012
100 0 0
*parity 2 widowed
birth 1 F widowed 2
14 0 0
15 0 0
16 0 0
17 0 0
18 0 0
19 0 .00001
20 0 .00944
21 0 .00998
22 0 .00573
23 0 .00541
24 0 .00594
25 0 .00545
26 0 .00357
27 0 .00363
28 0 .00287
29 0 .00313
30 0 .00271
31 0 .00253
32 0 .00163
33 0 .00153
34 0 .00125
35 0 .00093
36 0 .00094
37 0 .00066
38 0 .00051
39 0 .00041
40 0 .00034
41 0 .00023
42 0 .00017
43 0 .00013
44 0 .00007
45 0 .00005
46 0 .00003
47 0 .00002
48 0 .00001
49 0 0
50 0 0
51 0 0
100 0 0
*parity 2 divorced
birth 1 F divorced 2
14 0 0
15 0 0
16 0 0
17 0 0
18 0 0
19 0 .00001
20 0 .00944
21 0 .00998
22 0 .00573
23 0 .00541
24 0 .00594
25 0 .00545
26 0 .00357
27 0 .00363
28 0 .00287
29 0 .00313
30 0 .00271
31 0 .00253
32 0 .00163
33 0 .00153
34 0 .00125
35 0 .00093
36 0 .00094
37 0 .00066
38 0 .00051
39 0 .00041
40 0 .00034
41 0 .00023
42 0 .00017
43 0 .00013
44 0 .00007
45 0 .00005
46 0 .00003
47 0 .00002
48 0 .00001
49 0 0
50 0 0
51 0 0
100 0 0
