*parity 0 married
birth 1 F married 0
14 0 0
15 0 .00041
16 0 .00073
17 0 .02548
18 0 .02648
19 0 .03806
20 0 .06161
21 0 .0933
22 0 .13443
23 0 .14445
24 0 .10886
25 0 .1819
26 0 .10065
27 0 .06086
28 0 .05695
29 0 .01277
30 0 .00826
31 0 0
32 0 .0005
33 0 .00227
34 0 .0084
35 0 .00715
36 0 .02403
37 0 .01184
38 0 .05093
39 0 .04935
40 0 .31296
41 0 .00049
42 0 .00047
43 0 .00045
44 0 .00044
45 0 .00043
46 0 .21038
47 0 .00041
48 0 .00041
49 0 .00041
50 0 .00041
51 0 .00041
100 0 0
*parity 0 single
birth 1 F single 0
14 0 0
15 0 .00002
16 0 .00003
17 0 .00008
18 0 .00018
19 0 .00033
20 0 .00048
21 0 .00059
22 0 .00057
23 0 .00056
24 0 .0005
25 0 .00036
26 0 .00031
27 0 .00018
28 0 .00011
29 0 .00006
30 0 .00002
31 0 0
32 0 0
33 0 .00004
34 0 .00019
35 0 .00038
36 0 .00109
37 0 .00097
38 0 .00139
39 0 .00303
40 0 .0016
41 0 .00566
42 0 .00377
43 0 .00905
44 0 .00002
45 0 .00646
46 0 .00002
47 0 .00002
48 0 .00002
49 0 .00002
50 0 .00002
51 0 .00002
100 0 0
*parity 0 widowed
birth 1 F widowed 0
14 0 0
15 0 .00002
16 0 .00004
17 0 .00009
18 0 .00019
19 0 .37224
20 0 .00043
21 0 .00047
22 0 .00045
23 0 .42081
24 0 .00031
25 0 .00023
26 0 .14138
27 0 .07598
28 0 .00004
29 0 .00002
30 0 .00001
31 0 0
32 0 .00067
33 0 .00284
34 0 .00568
35 0 .00929
36 0 .00625
37 0 .00271
38 0 .00265
39 0 .00308
40 0 .00814
41 0 .00003
42 0 .00002
43 0 .00002
44 0 .00002
45 0 .00002
46 0 .00002
47 0 .00002
48 0 .00002
49 0 .00002
50 0 .00002
51 0 .00002
100 0 0
*parity 0 divorced
birth 1 F divorced 0
14 0 0
15 0 .00002
16 0 .00004
17 0 .00009
18 0 .00019
19 0 .37224
20 0 .00043
21 0 .00047
22 0 .00045
23 0 .42081
24 0 .00031
25 0 .00023
26 0 .14138
27 0 .07598
28 0 .00004
29 0 .00002
30 0 .00001
31 0 0
32 0 .00067
33 0 .00284
34 0 .00568
35 0 .00929
36 0 .00625
37 0 .00271
38 0 .00265
39 0 .00308
40 0 .00814
41 0 .00003
42 0 .00002
43 0 .00002
44 0 .00002
45 0 .00002
46 0 .00002
47 0 .00002
48 0 .00002
49 0 .00002
50 0 .00002
51 0 .00002
100 0 0
*parity 1 married
birth 1 F married 1
14 0 0
15 0 .00042
16 0 .00048
17 0 .82068
18 0 .80856
19 0 .09745
20 0 .17379
21 0 .18818
22 0 .09541
23 0 .07224
24 0 .1022
25 0 1
26 0 .47861
27 0 .50522
28 0 1
29 0 1
30 0 1
31 0 .15249
32 0 .07816
33 0 .44729
34 0 .00057
35 0 .02695
36 0 .02168
37 0 .01751
38 0 .01665
39 0 .0253
40 0 .019
41 0 .02922
42 0 .03857
43 0 .07919
44 0 .00046
45 0 .00044
46 0 .00043
47 0 .00042
48 0 .00042
49 0 .00041
50 0 .00041
51 0 .00041
100 0 0
*parity 1 single
birth 1 F single 1
14 0 0
15 0 .00002
16 0 .00002
17 0 .00003
18 0 .03305
19 0 .03087
20 0 .20601
21 0 .00024
22 0 .28077
23 0 .31299
24 0 .09886
25 0 .23643
26 0 .09781
27 0 .07228
28 0 .01145
29 0 .00317
30 0 .0011
31 0 .00057
32 0 .00037
33 0 .00035
34 0 .00048
35 0 .00057
36 0 .00072
37 0 .00098
38 0 .00113
39 0 .00155
40 0 .00111
41 0 .00146
42 0 .0021
43 0 .00486
44 0 .00327
45 0 .00333
46 0 .00219
47 0 .00688
48 0 .00002
49 0 .00002
50 0 .00002
51 0 .00002
100 0 0
*parity 1 widowed
birth 1 F widowed 1
14 0 0
15 0 .00002
16 0 .00003
17 0 .00004
18 0 .00007
19 0 .15716
20 0 .26219
21 0 .0003
22 0 .00035
23 0 .06639
24 0 .07549
25 0 .00031
26 0 .00026
27 0 .00021
28 0 .00016
29 0 .00011
30 0 .00008
31 0 .0238
32 0 .00004
33 0 .00003
34 0 .00003
35 0 .00456
36 0 .00226
37 0 .00286
38 0 .00309
39 0 .01974
40 0 .00152
41 0 .00186
42 0 .00321
43 0 .00177
44 0 .00417
45 0 .00847
46 0 .01114
47 0 .00438
48 0 .00299
49 0 .00785
50 0 .00792
51 0 .00002
100 0 0
*parity 1 divorced
birth 1 F divorced 1
14 0 0
15 0 .00002
16 0 .00003
17 0 .00004
18 0 .00007
19 0 .15716
20 0 .26219
21 0 .0003
22 0 .00035
23 0 .06639
24 0 .07549
25 0 .00031
26 0 .00026
27 0 .00021
28 0 .00016
29 0 .00011
30 0 .00008
31 0 .0238
32 0 .00004
33 0 .00003
34 0 .00003
35 0 .00456
36 0 .00226
37 0 .00286
38 0 .00309
39 0 .01974
40 0 .00152
41 0 .00186
42 0 .00321
43 0 .00177
44 0 .00417
45 0 .00847
46 0 .01114
47 0 .00438
48 0 .00299
49 0 .00785
50 0 .00792
51 0 .00002
100 0 0
*parity 2 married
birth 1 F married 2
14 0 0
15 0 .00041
16 0 .00042
17 0 .00045
18 0 .02865
19 0 .02439
20 0 .01387
21 0 .01479
22 0 .02206
23 0 .0254
24 0 .02461
25 0 .02367
26 0 .0209
27 0 .02196
28 0 .0196
29 0 .01852
30 0 .01915
31 0 .01945
32 0 .01662
33 0 .01394
34 0 .01302
35 0 .01326
36 0 .0116
37 0 .01197
38 0 .01076
39 0 .00971
40 0 .00858
41 0 .0068
42 0 .00534
43 0 .00411
44 0 .00316
45 0 .00235
46 0 .00175
47 0 .00142
48 0 .00103
49 0 .00086
50 0 .00081
51 0 .00075
100 0 0
*parity 2 single
birth 1 F single 2
14 0 0
15 0 .00002
16 0 .00002
17 0 .02118
18 0 .00002
19 0 .00004
20 0 .09012
21 0 .03823
22 0 .02091
23 0 .02812
24 0 .03228
25 0 .04451
26 0 .0389
27 0 .01885
28 0 .01365
29 0 .01593
30 0 .01602
31 0 .00828
32 0 .00921
33 0 .00745
34 0 .00679
35 0 .00519
36 0 .0056
37 0 .00412
38 0 .00304
39 0 .00272
40 0 .00226
41 0 .00225
42 0 .00153
43 0 .00168
44 0 .00129
45 0 .00186
46 0 .00067
47 0 .00043
48 0 .0004
49 0 .00066
50 0 .00035
51 0 .00039
100 0 0
*parity 2 widowed
birth 1 F widowed 2
14 0 0
15 0 .00002
16 0 .00002
17 0 .00002
18 0 .00003
19 0 .00005
20 0 .02867
21 0 .0177
22 0 .01775
23 0 .01514
24 0 .02739
25 0 .01307
26 0 .01472
27 0 .01055
28 0 .01095
29 0 .00864
30 0 .00741
31 0 .00626
32 0 .00639
33 0 .00468
34 0 .00351
35 0 .00312
36 0 .00319
37 0 .00246
38 0 .00253
39 0 .00191
40 0 .00222
41 0 .00125
42 0 .00103
43 0 .00064
44 0 .0005
45 0 .00031
46 0 .00022
47 0 .00015
48 0 .00012
49 0 .00008
50 0 .00007
51 0 .00006
100 0 0
*parity 2 divorced
birth 1 F divorced 2
14 0 0
15 0 .00002
16 0 .00002
17 0 .00002
18 0 .00003
19 0 .00005
20 0 .02867
21 0 .0177
22 0 .01775
23 0 .01514
24 0 .02739
25 0 .01307
26 0 .01472
27 0 .01055
28 0 .01095
29 0 .00864
30 0 .00741
31 0 .00626
32 0 .00639
33 0 .00468
34 0 .00351
35 0 .00312
36 0 .00319
37 0 .00246
38 0 .00253
39 0 .00191
40 0 .00222
41 0 .00125
42 0 .00103
43 0 .00064
44 0 .0005
45 0 .00031
46 0 .00022
47 0 .00015
48 0 .00012
49 0 .00008
50 0 .00007
51 0 .00006
100 0 0
