*parity 0 married
birth 1 F married 0
14 0 0
15 0 .00024
16 0 .00107
17 0 .07734
18 0 .0335
19 0 .0422
20 0 .05026
21 0 .05172
22 0 .05137
23 0 .06219
24 0 .07511
25 0 .04198
26 0 .04238
27 0 .02999
28 0 .03122
29 0 .02887
30 0 .03049
31 0 .02322
32 0 .02473
33 0 .02545
34 0 .01867
35 0 .02826
36 0 .01285
37 0 .00675
38 0 .00646
39 0 .00693
40 0 .00541
41 0 .0025
42 0 .00147
43 0 .00121
44 0 .00142
45 0 .00061
46 0 .00029
47 0 .00016
48 0 .00005
49 0 .00002
50 0 .00001
51 0 .00001
100 0 0
*parity 0 single
birth 1 F single 0
14 0 0
15 0 0
16 0 0
17 0 0
18 0 .00001
19 0 .00001
20 0 .00002
21 0 .00002
22 0 .00002
23 0 .00002
24 0 .00002
25 0 .00002
26 0 .00002
27 0 .00002
28 0 .00002
29 0 .00002
30 0 .00002
31 0 .00002
32 0 .00002
33 0 .00002
34 0 .00001
35 0 .00001
36 0 .00001
37 0 .00001
38 0 .00001
39 0 .00001
40 0 .00001
41 0 .00001
42 0 0
43 0 0
44 0 0
45 0 0
46 0 0
47 0 0
48 0 0
49 0 0
50 0 0
51 0 0
100 0 0
*parity 0 widowed
birth 1 F widowed 0
14 0 0
15 0 0
16 0 .00001
17 0 .00002
18 0 .01975
19 0 .01834
20 0 .00944
21 0 .01033
22 0 .01361
23 0 .01508
24 0 .01097
25 0 .0055
26 0 .00335
27 0 .00244
28 0 .00177
29 0 .00202
30 0 .00274
31 0 .00202
32 0 .00105
33 0 .00228
34 0 .00146
35 0 .00114
36 0 .00067
37 0 .00041
38 0 .00028
39 0 .00275
40 0 .00035
41 0 .00014
42 0 .00014
43 0 .00019
44 0 .00016
45 0 .0002
46 0 .00005
47 0 .00001
48 0 0
49 0 0
50 0 0
51 0 0
100 0 0
*parity 0 divorced
birth 1 F divorced 0
14 0 0
15 0 0
16 0 .00001
17 0 .00002
18 0 .01975
19 0 .01834
20 0 .00944
21 0 .01033
22 0 .01361
23 0 .01508
24 0 .01097
25 0 .0055
26 0 .00335
27 0 .00244
28 0 .00177
29 0 .00202
30 0 .00274
31 0 .00202
32 0 .00105
33 0 .00228
34 0 .00146
35 0 .00114
36 0 .00067
37 0 .00041
38 0 .00028
39 0 .00275
40 0 .00035
41 0 .00014
42 0 .00014
43 0 .00019
44 0 .00016
45 0 .0002
46 0 .00005
47 0 .00001
48 0 0
49 0 0
50 0 0
51 0 0
100 0 0
*parity 1 married
birth 1 F married 1
14 0 0
15 0 0
16 0 .00007
17 0 .00026
18 0 .07269
19 0 .02445
20 0 .02543
21 0 .0238
22 0 .02407
23 0 .02296
24 0 .02102
25 0 .02267
26 0 .02488
27 0 .02203
28 0 .01984
29 0 .01878
30 0 .01878
31 0 .01631
32 0 .01362
33 0 .01068
34 0 .01203
35 0 .0094
36 0 .00806
37 0 .00761
38 0 .00489
39 0 .00416
40 0 .00343
41 0 .00347
42 0 .00307
43 0 .00342
44 0 .00092
45 0 .00112
46 0 .00092
47 0 .0005
48 0 .00027
49 0 .00013
50 0 .00001
51 0 0
100 0 0
*parity 1 single
birth 1 F single 1
14 0 0
15 0 0
16 0 0
17 0 0
18 0 0
19 0 0
20 0 .00001
21 0 .00709
22 0 .00001
23 0 .00902
24 0 .00937
25 0 .00932
26 0 .00001
27 0 .0079
28 0 .00244
29 0 .00635
30 0 .00001
31 0 .00486
32 0 .00205
33 0 0
34 0 .00263
35 0 0
36 0 0
37 0 .00146
38 0 0
39 0 0
40 0 0
41 0 0
42 0 .00027
43 0 .00021
44 0 0
45 0 0
46 0 0
47 0 0
48 0 0
49 0 0
50 0 0
51 0 0
100 0 0
*parity 1 widowed
birth 1 F widowed 1
14 0 0
15 0 0
16 0 0
17 0 0
18 0 .00758
19 0 .0153
20 0 .00504
21 0 .00332
22 0 .00728
23 0 .00221
24 0 .00219
25 0 .003
26 0 .00467
27 0 .0017
28 0 .0013
29 0 .00136
30 0 .00137
31 0 .00096
32 0 .00151
33 0 .00075
34 0 .00045
35 0 .00052
36 0 .00035
37 0 .00025
38 0 .00018
39 0 .00011
40 0 .00012
41 0 .00008
42 0 .00005
43 0 .00004
44 0 .00006
45 0 .00002
46 0 .00001
47 0 .00001
48 0 0
49 0 0
50 0 0
51 0 0
100 0 0
*parity 1 divorced
birth 1 F divorced 1
14 0 0
15 0 0
16 0 0
17 0 0
18 0 .00758
19 0 .0153
20 0 .00504
21 0 .00332
22 0 .00728
23 0 .00221
24 0 .00219
25 0 .003
26 0 .00467
27 0 .0017
28 0 .0013
29 0 .00136
30 0 .00137
31 0 .00096
32 0 .00151
33 0 .00075
34 0 .00045
35 0 .00052
36 0 .00035
37 0 .00025
38 0 .00018
39 0 .00011
40 0 .00012
41 0 .00008
42 0 .00005
43 0 .00004
44 0 .00006
45 0 .00002
46 0 .00001
47 0 .00001
48 0 0
49 0 0
50 0 0
51 0 0
100 0 0
*parity 2 married
birth 1 F married 2
14 0 0
15 0 0
16 0 .00001
17 0 .00002
18 0 .00543
19 0 .00925
20 0 .02017
21 0 .02069
22 0 .02193
23 0 .02037
24 0 .02033
25 0 .01904
26 0 .016
27 0 .01511
28 0 .01437
29 0 .01308
30 0 .01229
31 0 .01043
32 0 .00986
33 0 .009
34 0 .00849
35 0 .00704
36 0 .00665
37 0 .00603
38 0 .00562
39 0 .00486
40 0 .00383
41 0 .00306
42 0 .00231
43 0 .00154
44 0 .00111
45 0 .00077
46 0 .00045
47 0 .00027
48 0 .00014
49 0 .00007
50 0 .00003
51 0 .00001
100 0 0
*parity 2 single
birth 1 F single 2
14 0 0
15 0 0
16 0 0
17 0 0
18 0 0
19 0 0
20 0 0
21 0 0
22 0 0
23 0 .00001
24 0 .00001
25 0 .00001
26 0 .00001
27 0 .00001
28 0 .01065
29 0 .00001
30 0 .00001
31 0 .00001
32 0 .00911
33 0 .00001
34 0 .00001
35 0 .00001
36 0 .00001
37 0 .00001
38 0 .00001
39 0 .00441
40 0 .00382
41 0 0
42 0 0
43 0 0
44 0 0
45 0 0
46 0 0
47 0 0
48 0 0
49 0 0
50 0 0
51 0 0
100 0 0
*parity 2 widowed
birth 1 F widowed 2
14 0 0
15 0 0
16 0 0
17 0 0
18 0 0
19 0 0
20 0 .00001
21 0 .01467
22 0 .00327
23 0 .00308
24 0 .00493
25 0 .00234
26 0 .00177
27 0 .00219
28 0 .00203
29 0 .00184
30 0 .00164
31 0 .00125
32 0 .00104
33 0 .00098
34 0 .00063
35 0 .00054
36 0 .00045
37 0 .00036
38 0 .00031
39 0 .00021
40 0 .00018
41 0 .00011
42 0 .00009
43 0 .00006
44 0 .00004
45 0 .00002
46 0 .00001
47 0 .00001
48 0 0
49 0 0
50 0 0
51 0 0
100 0 0
*parity 2 divorced
birth 1 F divorced 2
14 0 0
15 0 0
16 0 0
17 0 0
18 0 0
19 0 0
20 0 .00001
21 0 .01467
22 0 .00327
23 0 .00308
24 0 .00493
25 0 .00234
26 0 .00177
27 0 .00219
28 0 .00203
29 0 .00184
30 0 .00164
31 0 .00125
32 0 .00104
33 0 .00098
34 0 .00063
35 0 .00054
36 0 .00045
37 0 .00036
38 0 .00031
39 0 .00021
40 0 .00018
41 0 .00011
42 0 .00009
43 0 .00006
44 0 .00004
45 0 .00002
46 0 .00001
47 0 .00001
48 0 0
49 0 0
50 0 0
51 0 0
100 0 0
