*parity all married
birth 1 F married 0
14 0 0
15 0 .00013
16 0 .00085
17 0 .00245
18 0 .00545
19 0 .00974
20 0 .01429
21 0 .01791
22 0 .02001
23 0 .02098
24 0 .02122
25 0 .02056
26 0 .01927
27 0 .01757
28 0 .0162
29 0 .0149
30 0 .01392
31 0 .01239
32 0 .01129
33 0 .01024
34 0 .0097
35 0 .00903
36 0 .00841
37 0 .00769
38 0 .00705
39 0 .00627
40 0 .00548
41 0 .00425
42 0 .00326
43 0 .00237
44 0 .00175
45 0 .00116
46 0 .0007
47 0 .00042
48 0 .00022
49 0 .00011
50 0 .00005
51 0 .00002
100 0 0
*parity all single
birth 1 F single 0
14 0 0
15 0 .00013
16 0 .00085
17 0 .00245
18 0 .00545
19 0 .00974
20 0 .01429
21 0 .01791
22 0 .02001
23 0 .02098
24 0 .02122
25 0 .02056
26 0 .01927
27 0 .01757
28 0 .0162
29 0 .0149
30 0 .01392
31 0 .01239
32 0 .01129
33 0 .01024
34 0 .0097
35 0 .00903
36 0 .00841
37 0 .00769
38 0 .00705
39 0 .00627
40 0 .00548
41 0 .00425
42 0 .00326
43 0 .00237
44 0 .00175
45 0 .00116
46 0 .0007
47 0 .00042
48 0 .00022
49 0 .00011
50 0 .00005
51 0 .00002
100 0 0
*parity all widowed
birth 1 F widowed 0
14 0 0
15 0 .00013
16 0 .00085
17 0 .00245
18 0 .00545
19 0 .00974
20 0 .01429
21 0 .01791
22 0 .02001
23 0 .02098
24 0 .02122
25 0 .02056
26 0 .01927
27 0 .01757
28 0 .0162
29 0 .0149
30 0 .01392
31 0 .01239
32 0 .01129
33 0 .01024
34 0 .0097
35 0 .00903
36 0 .00841
37 0 .00769
38 0 .00705
39 0 .00627
40 0 .00548
41 0 .00425
42 0 .00326
43 0 .00237
44 0 .00175
45 0 .00116
46 0 .0007
47 0 .00042
48 0 .00022
49 0 .00011
50 0 .00005
51 0 .00002
100 0 0
*parity all divorced
birth 1 F divorced 0
14 0 0
15 0 .00013
16 0 .00085
17 0 .00245
18 0 .00545
19 0 .00974
20 0 .01429
21 0 .01791
22 0 .02001
23 0 .02098
24 0 .02122
25 0 .02056
26 0 .01927
27 0 .01757
28 0 .0162
29 0 .0149
30 0 .01392
31 0 .01239
32 0 .01129
33 0 .01024
34 0 .0097
35 0 .00903
36 0 .00841
37 0 .00769
38 0 .00705
39 0 .00627
40 0 .00548
41 0 .00425
42 0 .00326
43 0 .00237
44 0 .00175
45 0 .00116
46 0 .0007
47 0 .00042
48 0 .00022
49 0 .00011
50 0 .00005
51 0 .00002
100 0 0
