*parity 0 married
birth 1 F married 0
14 0 0
15 0 .00018
16 0 .00074
17 0 .069
18 0 .05718
19 0 .06633
20 0 .07911
21 0 .09012
22 0 .06611
23 0 .0973
24 0 .17399
25 0 .11566
26 0 .12028
27 0 .36445
28 0 1
29 0 .51664
30 0 .36432
31 0 .45396
32 0 .17439
33 0 .02156
34 0 .03825
35 0 .01763
36 0 .00732
37 0 .00514
38 0 .00303
39 0 .00192
40 0 .00139
41 0 .00103
42 0 .0006
43 0 .00043
44 0 .00029
45 0 .00015
46 0 .00007
47 0 .00004
48 0 .00002
49 0 .00001
50 0 0
51 0 0
100 0 0
*parity 0 single
birth 1 F single 0
14 0 0
15 0 .00005
16 0 .00022
17 0 .00043
18 0 .00072
19 0 .00102
20 0 .00123
21 0 .00134
22 0 .00132
23 0 .00135
24 0 .00127
25 0 .00133
26 0 .0013
27 0 .00126
28 0 .00125
29 0 .00116
30 0 .00104
31 0 .00096
32 0 .001
33 0 .00096
34 0 .00097
35 0 .00098
36 0 .00094
37 0 .00085
38 0 .00081
39 0 .00065
40 0 .00062
41 0 .00047
42 0 .00038
43 0 .00029
44 0 .00022
45 0 .00023
46 0 .00012
47 0 .00006
48 0 .00004
49 0 .00001
50 0 0
51 0 0
100 0 0
*parity 0 widowed
birth 1 F widowed 0
14 0 0
15 0 .00001
16 0 .00005
17 0 .00009
18 0 .21927
19 0 .09966
20 0 .03844
21 0 .0384
22 0 .05633
23 0 .05346
24 0 .05853
25 0 .13617
26 0 .08901
27 0 .00016
28 0 .00015
29 0 .00014
30 0 .08579
31 0 .07635
32 0 .00008
33 0 .03239
34 0 .03989
35 0 .06287
36 0 .00466
37 0 .0024
38 0 .00103
39 0 .00083
40 0 .00048
41 0 .00023
42 0 .00011
43 0 .00008
44 0 .00004
45 0 .00002
46 0 .00001
47 0 0
48 0 0
49 0 0
50 0 0
51 0 0
100 0 0
*parity 0 divorced
birth 1 F divorced 0
14 0 0
15 0 .00001
16 0 .00005
17 0 .00009
18 0 .21927
19 0 .09966
20 0 .03844
21 0 .0384
22 0 .05633
23 0 .05346
24 0 .05853
25 0 .13617
26 0 .08901
27 0 .00016
28 0 .00015
29 0 .00014
30 0 .08579
31 0 .07635
32 0 .00008
33 0 .03239
34 0 .03989
35 0 .06287
36 0 .00466
37 0 .0024
38 0 .00103
39 0 .00083
40 0 .00048
41 0 .00023
42 0 .00011
43 0 .00008
44 0 .00004
45 0 .00002
46 0 .00001
47 0 0
48 0 0
49 0 0
50 0 0
51 0 0
100 0 0
*parity 1 married
birth 1 F married 1
14 0 0
15 0 0
16 0 .00004
17 0 .07012
18 0 .0674
19 0 .02575
20 0 .01933
21 0 .02107
22 0 .03057
23 0 .02678
24 0 .02675
25 0 .02391
26 0 .02807
27 0 .02653
28 0 .02878
29 0 .02818
30 0 .03459
31 0 .03134
32 0 .01717
33 0 .01513
34 0 .0085
35 0 .00619
36 0 .00567
37 0 .00517
38 0 .00387
39 0 .00324
40 0 .00243
41 0 .00176
42 0 .00112
43 0 .00057
44 0 .00034
45 0 .0002
46 0 .00013
47 0 .00007
48 0 .00003
49 0 .00001
50 0 0
51 0 0
100 0 0
*parity 1 single
birth 1 F single 1
14 0 0
15 0 0
16 0 .00001
17 0 .03152
18 0 .02308
19 0 .02701
20 0 .02743
21 0 .03185
22 0 .02748
23 0 .03459
24 0 .0383
25 0 .03148
26 0 .05127
27 0 .04734
28 0 .02522
29 0 .05289
30 0 .08009
31 0 .10447
32 0 .04696
33 0 .04988
34 0 .03937
35 0 .04117
36 0 .02243
37 0 .04443
38 0 .05046
39 0 .0001
40 0 .00007
41 0 .00005
42 0 .05214
43 0 .00987
44 0 .01579
45 0 .0088
46 0 0
47 0 .00204
48 0 .00086
49 0 .0001
50 0 0
51 0 .00001
100 0 0
*parity 1 widowed
birth 1 F widowed 1
14 0 0
15 0 0
16 0 0
17 0 .00001
18 0 .01209
19 0 .02426
20 0 .01064
21 0 .01124
22 0 .01039
23 0 .00751
24 0 .00553
25 0 .00542
26 0 .00465
27 0 .00615
28 0 .00436
29 0 .00389
30 0 .00347
31 0 .00264
32 0 .00241
33 0 .00166
34 0 .0018
35 0 .00122
36 0 .00083
37 0 .00055
38 0 .00038
39 0 .0003
40 0 .0002
41 0 .00015
42 0 .00008
43 0 .00005
44 0 .00002
45 0 .00001
46 0 .00001
47 0 0
48 0 0
49 0 0
50 0 0
51 0 0
100 0 0
*parity 1 divorced
birth 1 F divorced 1
14 0 0
15 0 0
16 0 0
17 0 .00001
18 0 .01209
19 0 .02426
20 0 .01064
21 0 .01124
22 0 .01039
23 0 .00751
24 0 .00553
25 0 .00542
26 0 .00465
27 0 .00615
28 0 .00436
29 0 .00389
30 0 .00347
31 0 .00264
32 0 .00241
33 0 .00166
34 0 .0018
35 0 .00122
36 0 .00083
37 0 .00055
38 0 .00038
39 0 .0003
40 0 .0002
41 0 .00015
42 0 .00008
43 0 .00005
44 0 .00002
45 0 .00001
46 0 .00001
47 0 0
48 0 0
49 0 0
50 0 0
51 0 0
100 0 0
*parity 2 married
birth 1 F married 2
14 0 0
15 0 0
16 0 0
17 0 .00001
18 0 .00396
19 0 .00554
20 0 .0128
21 0 .01079
22 0 .01282
23 0 .01141
24 0 .01278
25 0 .01143
26 0 .01179
27 0 .0103
28 0 .01051
29 0 .01004
30 0 .0097
31 0 .00822
32 0 .00732
33 0 .00653
34 0 .00556
35 0 .0049
36 0 .00455
37 0 .00364
38 0 .00321
39 0 .00282
40 0 .00227
41 0 .00171
42 0 .00139
43 0 .00097
44 0 .00069
45 0 .00047
46 0 .00029
47 0 .00016
48 0 .00007
49 0 .00004
50 0 .00001
51 0 .00001
100 0 0
*parity 2 single
birth 1 F single 2
14 0 0
15 0 0
16 0 0
17 0 0
18 0 .00001
19 0 .02903
20 0 .02532
21 0 .01887
22 0 .02102
23 0 .01048
24 0 .01448
25 0 .01311
26 0 .01199
27 0 .01015
28 0 .01118
29 0 .01196
30 0 .00828
31 0 .00893
32 0 .00836
33 0 .00976
34 0 .00992
35 0 .01299
36 0 .01042
37 0 .01335
38 0 .01371
39 0 .01664
40 0 .01093
41 0 .00999
42 0 .00863
43 0 .0089
44 0 .00992
45 0 .0061
46 0 .0082
47 0 .00236
48 0 .00261
49 0 .00044
50 0 .00033
51 0 .00008
100 0 0
*parity 2 widowed
birth 1 F widowed 2
14 0 0
15 0 0
16 0 0
17 0 0
18 0 0
19 0 .00001
20 0 .02843
21 0 .00268
22 0 .00309
23 0 .00263
24 0 .00342
25 0 .0034
26 0 .00231
27 0 .00278
28 0 .00193
29 0 .00166
30 0 .00172
31 0 .00153
32 0 .00117
33 0 .00105
34 0 .0008
35 0 .00065
36 0 .00057
37 0 .00047
38 0 .00041
39 0 .00029
40 0 .00023
41 0 .00016
42 0 .00012
43 0 .00009
44 0 .00006
45 0 .00004
46 0 .00002
47 0 .00001
48 0 .00001
49 0 0
50 0 0
51 0 0
100 0 0
*parity 2 divorced
birth 1 F divorced 2
14 0 0
15 0 0
16 0 0
17 0 0
18 0 0
19 0 .00001
20 0 .02843
21 0 .00268
22 0 .00309
23 0 .00263
24 0 .00342
25 0 .0034
26 0 .00231
27 0 .00278
28 0 .00193
29 0 .00166
30 0 .00172
31 0 .00153
32 0 .00117
33 0 .00105
34 0 .0008
35 0 .00065
36 0 .00057
37 0 .00047
38 0 .00041
39 0 .00029
40 0 .00023
41 0 .00016
42 0 .00012
43 0 .00009
44 0 .00006
45 0 .00004
46 0 .00002
47 0 .00001
48 0 .00001
49 0 0
50 0 0
51 0 0
100 0 0
