*parity 0 married
birth 1 F married 0
14 0 0
15 0 .00007
16 0 .00028
17 0 .05644
18 0 .05783
19 0 .04626
20 0 .0398
21 0 .04562
22 0 .03521
23 0 .0381
24 0 .03368
25 0 .05333
26 0 .04162
27 0 .04037
28 0 .04236
29 0 .03536
30 0 .03116
31 0 .03189
32 0 .0259
33 0 .0216
34 0 .01519
35 0 .00899
36 0 .00652
37 0 .00297
38 0 .0023
39 0 .0014
40 0 .0009
41 0 .00048
42 0 .0003
43 0 .00017
44 0 .0001
45 0 .00006
46 0 .00003
47 0 .00002
48 0 .00001
49 0 0
50 0 0
51 0 0
100 0 0
*parity 0 single
birth 1 F single 0
14 0 0
15 0 .00017
16 0 .0007
17 0 .00135
18 0 .00225
19 0 .00318
20 0 .00389
21 0 .00426
22 0 .00435
23 0 .00433
24 0 .00446
25 0 .00439
26 0 .00448
27 0 .00454
28 0 .00424
29 0 .00425
30 0 .0039
31 0 .00349
32 0 .00312
33 0 .00257
34 0 .00232
35 0 .00194
36 0 .00168
37 0 .00144
38 0 .00116
39 0 .0009
40 0 .00077
41 0 .00054
42 0 .00039
43 0 .00027
44 0 .00019
45 0 .00011
46 0 .00008
47 0 .00004
48 0 .00002
49 0 .00001
50 0 0
51 0 0
100 0 0
*parity 0 widowed
birth 1 F widowed 0
14 0 0
15 0 .00001
16 0 .00005
17 0 .30559
18 0 .24599
19 0 .6708
20 0 .25906
21 0 .81155
22 0 .00025
23 0 .00023
24 0 .31587
25 0 .00021
26 0 .29374
27 0 .00018
28 0 .49148
29 0 .43074
30 0 .39764
31 0 .00011
32 0 .27539
33 0 .11486
34 0 .17917
35 0 .04985
36 0 .03994
37 0 .01532
38 0 .03617
39 0 .00487
40 0 .00303
41 0 .00218
42 0 .00066
43 0 .00034
44 0 .00015
45 0 .00007
46 0 .00004
47 0 .00002
48 0 .00001
49 0 0
50 0 0
51 0 0
100 0 0
*parity 0 divorced
birth 1 F divorced 0
14 0 0
15 0 .00001
16 0 .00005
17 0 .30559
18 0 .24599
19 0 .6708
20 0 .25906
21 0 .81155
22 0 .00025
23 0 .00023
24 0 .31587
25 0 .00021
26 0 .29374
27 0 .00018
28 0 .49148
29 0 .43074
30 0 .39764
31 0 .00011
32 0 .27539
33 0 .11486
34 0 .17917
35 0 .04985
36 0 .03994
37 0 .01532
38 0 .03617
39 0 .00487
40 0 .00303
41 0 .00218
42 0 .00066
43 0 .00034
44 0 .00015
45 0 .00007
46 0 .00004
47 0 .00002
48 0 .00001
49 0 0
50 0 0
51 0 0
100 0 0
*parity 1 married
birth 1 F married 1
14 0 0
15 0 0
16 0 .00002
17 0 .00005
18 0 .0195
19 0 .01829
20 0 .01686
21 0 .01447
22 0 .01673
23 0 .01745
24 0 .01583
25 0 .01413
26 0 .01068
27 0 .01262
28 0 .01158
29 0 .01229
30 0 .01149
31 0 .0112
32 0 .01044
33 0 .00881
34 0 .007
35 0 .00753
36 0 .00564
37 0 .004
38 0 .00323
39 0 .00198
40 0 .00173
41 0 .00104
42 0 .00073
43 0 .00046
44 0 .00023
45 0 .00012
46 0 .00005
47 0 .00002
48 0 .00001
49 0 0
50 0 0
51 0 0
100 0 0
*parity 1 single
birth 1 F single 1
14 0 0
15 0 0
16 0 .03779
17 0 .01782
18 0 .02441
19 0 .03648
20 0 .03462
21 0 .0289
22 0 .02842
23 0 .02702
24 0 .02483
25 0 .02553
26 0 .02726
27 0 .0218
28 0 .02455
29 0 .0247
30 0 .02538
31 0 .02242
32 0 .02377
33 0 .02608
34 0 .02229
35 0 .01802
36 0 .0137
37 0 .0135
38 0 .01464
39 0 .00958
40 0 .00668
41 0 .005
42 0 .00432
43 0 .00328
44 0 .00187
45 0 .001
46 0 .00043
47 0 .00028
48 0 .00015
49 0 .00006
50 0 .00001
51 0 .00001
100 0 0
*parity 1 widowed
birth 1 F widowed 1
14 0 0
15 0 0
16 0 0
17 0 .00001
18 0 .00003
19 0 .01847
20 0 .06682
21 0 .03749
22 0 .14774
23 0 .25137
24 0 .127
25 0 .1794
26 0 .0601
27 0 .03029
28 0 .05624
29 0 .47286
30 0 .2322
31 0 .20684
32 0 .18166
33 0 .04574
34 0 .05196
35 0 .1106
36 0 .02538
37 0 .01355
38 0 .02657
39 0 .00603
40 0 .00337
41 0 .00191
42 0 .00085
43 0 .00038
44 0 .0002
45 0 .0001
46 0 .00005
47 0 .00002
48 0 .00001
49 0 0
50 0 0
51 0 0
100 0 0
*parity 1 divorced
birth 1 F divorced 1
14 0 0
15 0 0
16 0 0
17 0 .00001
18 0 .00003
19 0 .01847
20 0 .06682
21 0 .03749
22 0 .14774
23 0 .25137
24 0 .127
25 0 .1794
26 0 .0601
27 0 .03029
28 0 .05624
29 0 .47286
30 0 .2322
31 0 .20684
32 0 .18166
33 0 .04574
34 0 .05196
35 0 .1106
36 0 .02538
37 0 .01355
38 0 .02657
39 0 .00603
40 0 .00337
41 0 .00191
42 0 .00085
43 0 .00038
44 0 .0002
45 0 .0001
46 0 .00005
47 0 .00002
48 0 .00001
49 0 0
50 0 0
51 0 0
100 0 0
*parity 2 married
birth 1 F married 2
14 0 0
15 0 0
16 0 0
17 0 0
18 0 .00002
19 0 .01432
20 0 .01192
21 0 .0138
22 0 .01277
23 0 .0108
24 0 .00991
25 0 .00939
26 0 .01032
27 0 .00861
28 0 .00833
29 0 .00683
30 0 .00663
31 0 .00556
32 0 .00489
33 0 .00481
34 0 .00383
35 0 .00355
36 0 .00277
37 0 .00238
38 0 .00185
39 0 .00147
40 0 .00117
41 0 .00087
42 0 .00064
43 0 .00044
44 0 .0003
45 0 .00019
46 0 .00012
47 0 .00006
48 0 .00003
49 0 .00002
50 0 .00001
51 0 0
100 0 0
*parity 2 single
birth 1 F single 2
14 0 0
15 0 0
16 0 0
17 0 .00552
18 0 .01366
19 0 .01315
20 0 .01219
21 0 .01212
22 0 .01191
23 0 .01256
24 0 .01261
25 0 .01236
26 0 .01107
27 0 .01129
28 0 .01098
29 0 .00943
30 0 .009
31 0 .00861
32 0 .00763
33 0 .0069
34 0 .00627
35 0 .0054
36 0 .00524
37 0 .00483
38 0 .0042
39 0 .00419
40 0 .00327
41 0 .00291
42 0 .0022
43 0 .00176
44 0 .00136
45 0 .00103
46 0 .00066
47 0 .00036
48 0 .00018
49 0 .0001
50 0 .00004
51 0 .00002
100 0 0
*parity 2 widowed
birth 1 F widowed 2
14 0 0
15 0 0
16 0 0
17 0 0
18 0 0
19 0 .03045
20 0 .06684
21 0 .02509
22 0 .01706
23 0 .01439
24 0 .00834
25 0 .00696
26 0 .01012
27 0 .00637
28 0 .00659
29 0 .00613
30 0 .00458
31 0 .00395
32 0 .00356
33 0 .00279
34 0 .00286
35 0 .00238
36 0 .00196
37 0 .00137
38 0 .00114
39 0 .0009
40 0 .00066
41 0 .00049
42 0 .00034
43 0 .00023
44 0 .00016
45 0 .00009
46 0 .00005
47 0 .00003
48 0 .00001
49 0 .00001
50 0 0
51 0 0
100 0 0
*parity 2 divorced
birth 1 F divorced 2
14 0 0
15 0 0
16 0 0
17 0 0
18 0 0
19 0 .03045
20 0 .06684
21 0 .02509
22 0 .01706
23 0 .01439
24 0 .00834
25 0 .00696
26 0 .01012
27 0 .00637
28 0 .00659
29 0 .00613
30 0 .00458
31 0 .00395
32 0 .00356
33 0 .00279
34 0 .00286
35 0 .00238
36 0 .00196
37 0 .00137
38 0 .00114
39 0 .0009
40 0 .00066
41 0 .00049
42 0 .00034
43 0 .00023
44 0 .00016
45 0 .00009
46 0 .00005
47 0 .00003
48 0 .00001
49 0 .00001
50 0 0
51 0 0
100 0 0
