*parity 0 married
birth 1 F married 0
14 0 0
15 0 .00017
16 0 .00059
17 0 .03363
18 0 .02386
19 0 .03407
20 0 .0495
21 0 .06122
22 0 .07005
23 0 .0639
24 0 .03531
25 0 .02993
26 0 .02252
27 0 .01572
28 0 .00653
29 0 .00306
30 0 .00094
31 0 .00021
32 0 0
33 0 .00005
34 0 .00049
35 0 .001
36 0 .00121
37 0 .00136
38 0 .00208
39 0 .00201
40 0 .00209
41 0 .00234
42 0 .00226
43 0 .00281
44 0 .00287
45 0 .00328
46 0 .00299
47 0 .00323
48 0 .00274
49 0 .00439
50 0 .00394
51 0 .00478
100 0 0
*parity 0 single
birth 1 F single 0
14 0 0
15 0 .00001
16 0 .00002
17 0 .00007
18 0 .00018
19 0 .00035
20 0 .0005
21 0 .0006
22 0 .00055
23 0 .00055
24 0 .00057
25 0 .00045
26 0 .00028
27 0 .00017
28 0 .00013
29 0 .00006
30 0 .00003
31 0 .00001
32 0 0
33 0 0
34 0 .00003
35 0 .00009
36 0 .00022
37 0 .00045
38 0 .00027
39 0 .00049
40 0 .00065
41 0 .0006
42 0 .00074
43 0 .00128
44 0 .0004
45 0 .00069
46 0 .00072
47 0 .00104
48 0 .00053
49 0 .00001
50 0 .00103
51 0 .00001
100 0 0
*parity 0 widowed
birth 1 F widowed 0
14 0 0
15 0 .00001
16 0 .00003
17 0 .00009
18 0 .21881
19 0 .17422
20 0 .07482
21 0 .2591
22 0 .22941
23 0 .198
24 0 .07828
25 0 .07389
26 0 .0726
27 0 .08554
28 0 .0444
29 0 .00383
30 0 .00139
31 0 .00015
32 0 0
33 0 .00005
34 0 .00046
35 0 .00034
36 0 .00033
37 0 .00038
38 0 .00065
39 0 .0004
40 0 .00036
41 0 .00028
42 0 .00034
43 0 .00022
44 0 .00036
45 0 .00039
46 0 .00024
47 0 .00037
48 0 .00037
49 0 .00014
50 0 .00086
51 0 .0003
100 0 0
*parity 0 divorced
birth 1 F divorced 0
14 0 0
15 0 .00001
16 0 .00003
17 0 .00009
18 0 .21881
19 0 .17422
20 0 .07482
21 0 .2591
22 0 .22941
23 0 .198
24 0 .07828
25 0 .07389
26 0 .0726
27 0 .08554
28 0 .0444
29 0 .00383
30 0 .00139
31 0 .00015
32 0 0
33 0 .00005
34 0 .00046
35 0 .00034
36 0 .00033
37 0 .00038
38 0 .00065
39 0 .0004
40 0 .00036
41 0 .00028
42 0 .00034
43 0 .00022
44 0 .00036
45 0 .00039
46 0 .00024
47 0 .00037
48 0 .00037
49 0 .00014
50 0 .00086
51 0 .0003
100 0 0
*parity 1 married
birth 1 F married 1
14 0 0
15 0 .00013
16 0 .00021
17 0 .00045
18 0 .07767
19 0 .04382
20 0 .05463
21 0 .0524
22 0 .07815
23 0 .08857
24 0 .09515
25 0 .08185
26 0 .07677
27 0 .07565
28 0 .10754
29 0 .06069
30 0 .06198
31 0 .0275
32 0 .02545
33 0 .03909
34 0 .03752
35 0 .01385
36 0 .01025
37 0 .01258
38 0 .00886
39 0 .00825
40 0 .00444
41 0 .00389
42 0 .00405
43 0 .00369
44 0 .00257
45 0 .00227
46 0 .00176
47 0 .00299
48 0 .00303
49 0 .00321
50 0 .00155
51 0 .00342
100 0 0
*parity 1 single
birth 1 F single 1
14 0 0
15 0 .00001
16 0 .00001
17 0 .00002
18 0 .00005
19 0 .02638
20 0 .03464
21 0 .02523
22 0 .09304
23 0 .07286
24 0 .03437
25 0 .07883
26 0 .02773
27 0 .03036
28 0 .00013
29 0 .01948
30 0 .0052
31 0 .00171
32 0 .00061
33 0 .00031
34 0 .00035
35 0 .00043
36 0 .00082
37 0 .00159
38 0 .00076
39 0 .00068
40 0 .0008
41 0 .00068
42 0 .00111
43 0 .00051
44 0 .00057
45 0 .0006
46 0 .00076
47 0 .00108
48 0 .00001
49 0 .00001
50 0 .00206
51 0 .00001
100 0 0
*parity 1 widowed
birth 1 F widowed 1
14 0 0
15 0 .00001
16 0 .00001
17 0 .00002
18 0 .00006
19 0 .03312
20 0 .07247
21 0 .0792
22 0 .05006
23 0 .06098
24 0 .02655
25 0 .01979
26 0 .01624
27 0 .09528
28 0 .04696
29 0 .00978
30 0 .01197
31 0 .0157
32 0 .00769
33 0 .01182
34 0 .00945
35 0 .00471
36 0 .00671
37 0 .00232
38 0 .00152
39 0 .00129
40 0 .00075
41 0 .00078
42 0 .00044
43 0 .00029
44 0 .00036
45 0 .00029
46 0 .00025
47 0 .00018
48 0 .00028
49 0 .00017
50 0 .00014
51 0 .00019
100 0 0
*parity 1 divorced
birth 1 F divorced 1
14 0 0
15 0 .00001
16 0 .00001
17 0 .00002
18 0 .00006
19 0 .03312
20 0 .07247
21 0 .0792
22 0 .05006
23 0 .06098
24 0 .02655
25 0 .01979
26 0 .01624
27 0 .09528
28 0 .04696
29 0 .00978
30 0 .01197
31 0 .0157
32 0 .00769
33 0 .01182
34 0 .00945
35 0 .00471
36 0 .00671
37 0 .00232
38 0 .00152
39 0 .00129
40 0 .00075
41 0 .00078
42 0 .00044
43 0 .00029
44 0 .00036
45 0 .00029
46 0 .00025
47 0 .00018
48 0 .00028
49 0 .00017
50 0 .00014
51 0 .00019
100 0 0
*parity 2 married
birth 1 F married 2
14 0 0
15 0 .00013
16 0 .00014
17 0 .00017
18 0 .00031
19 0 .08693
20 0 .03292
21 0 .0353
22 0 .03764
23 0 .03099
24 0 .0319
25 0 .03121
26 0 .03689
27 0 .03388
28 0 .02633
29 0 .02663
30 0 .02756
31 0 .02224
32 0 .02116
33 0 .02047
34 0 .01843
35 0 .01607
36 0 .01445
37 0 .01361
38 0 .01306
39 0 .01145
40 0 .01141
41 0 .0086
42 0 .00626
43 0 .00491
44 0 .00378
45 0 .0026
46 0 .00167
47 0 .00108
48 0 .0007
49 0 .00049
50 0 .00036
51 0 .00029
100 0 0
*parity 2 single
birth 1 F single 2
14 0 0
15 0 .00001
16 0 .00001
17 0 .00797
18 0 .01426
19 0 .00003
20 0 .00006
21 0 .03365
22 0 .06646
23 0 .03482
24 0 .03482
25 0 .04854
26 0 .041
27 0 .06957
28 0 .06816
29 0 .02725
30 0 .02218
31 0 .02595
32 0 .01064
33 0 .00983
34 0 .00823
35 0 .0072
36 0 .01774
37 0 .00882
38 0 .00416
39 0 .00465
40 0 .00349
41 0 .00244
42 0 .00225
43 0 .00129
44 0 .00118
45 0 .00064
46 0 .00054
47 0 .00041
48 0 .00019
49 0 .00021
50 0 .00017
51 0 .00008
100 0 0
*parity 2 widowed
birth 1 F widowed 2
14 0 0
15 0 .00001
16 0 .00001
17 0 .00001
18 0 .00002
19 0 .00004
20 0 .00008
21 0 .02112
22 0 .04172
23 0 .03497
24 0 .02571
25 0 .04062
26 0 .02574
27 0 .01344
28 0 .01007
29 0 .01041
30 0 .01279
31 0 .00672
32 0 .00634
33 0 .00607
34 0 .00543
35 0 .00423
36 0 .00328
37 0 .00252
38 0 .00242
39 0 .00238
40 0 .00187
41 0 .00145
42 0 .00105
43 0 .0007
44 0 .00045
45 0 .00031
46 0 .0002
47 0 .00012
48 0 .00008
49 0 .00005
50 0 .00004
51 0 .00003
100 0 0
*parity 2 divorced
birth 1 F divorced 2
14 0 0
15 0 .00001
16 0 .00001
17 0 .00001
18 0 .00002
19 0 .00004
20 0 .00008
21 0 .02112
22 0 .04172
23 0 .03497
24 0 .02571
25 0 .04062
26 0 .02574
27 0 .01344
28 0 .01007
29 0 .01041
30 0 .01279
31 0 .00672
32 0 .00634
33 0 .00607
34 0 .00543
35 0 .00423
36 0 .00328
37 0 .00252
38 0 .00242
39 0 .00238
40 0 .00187
41 0 .00145
42 0 .00105
43 0 .0007
44 0 .00045
45 0 .00031
46 0 .0002
47 0 .00012
48 0 .00008
49 0 .00005
50 0 .00004
51 0 .00003
100 0 0
