*parity 0 married
birth 1 F married 0
14 0 0
15 0 .00018
16 0 .00092
17 0 .0431
18 0 .03513
19 0 .05523
20 0 .06183
21 0 .0913
22 0 .09241
23 0 .06618
24 0 .06689
25 0 .04206
26 0 .03829
27 0 .01994
28 0 .01729
29 0 .0153
30 0 .00898
31 0 .00643
32 0 .00538
33 0 .00428
34 0 .00384
35 0 .00298
36 0 .00328
37 0 .0026
38 0 .00292
39 0 .00189
40 0 .00169
41 0 .00123
42 0 .0009
43 0 .00068
44 0 .00034
45 0 .00023
46 0 .00014
47 0 .00006
48 0 .00003
49 0 .00002
50 0 0
51 0 0
100 0 0
*parity 0 single
birth 1 F single 0
14 0 0
15 0 0
16 0 0
17 0 0
18 0 .00001
19 0 .00002
20 0 .00002
21 0 .00002
22 0 .00003
23 0 .00003
24 0 .00002
25 0 .00002
26 0 .00002
27 0 .00002
28 0 .00002
29 0 .00001
30 0 .00001
31 0 .00002
32 0 .00002
33 0 .00002
34 0 .00002
35 0 .00002
36 0 .00004
37 0 .00003
38 0 .00003
39 0 .00002
40 0 .00003
41 0 .00002
42 0 .00002
43 0 .00001
44 0 .00001
45 0 .00001
46 0 0
47 0 .00001
48 0 0
49 0 0
50 0 0
51 0 0
100 0 0
*parity 0 widowed
birth 1 F widowed 0
14 0 0
15 0 0
16 0 .00001
17 0 .00002
18 0 .02685
19 0 .03921
20 0 .00007
21 0 .02576
22 0 .00771
23 0 .00855
24 0 .03348
25 0 .01493
26 0 .00566
27 0 .00593
28 0 .00184
29 0 .00132
30 0 .00206
31 0 .00066
32 0 .0004
33 0 .00033
34 0 .00024
35 0 .00027
36 0 .0002
37 0 .00016
38 0 .00009
39 0 .00009
40 0 .00009
41 0 .00005
42 0 .00002
43 0 .00003
44 0 .00001
45 0 .00001
46 0 0
47 0 0
48 0 0
49 0 0
50 0 0
51 0 0
100 0 0
*parity 0 divorced
birth 1 F divorced 0
14 0 0
15 0 0
16 0 .00001
17 0 .00002
18 0 .02685
19 0 .03921
20 0 .00007
21 0 .02576
22 0 .00771
23 0 .00855
24 0 .03348
25 0 .01493
26 0 .00566
27 0 .00593
28 0 .00184
29 0 .00132
30 0 .00206
31 0 .00066
32 0 .0004
33 0 .00033
34 0 .00024
35 0 .00027
36 0 .0002
37 0 .00016
38 0 .00009
39 0 .00009
40 0 .00009
41 0 .00005
42 0 .00002
43 0 .00003
44 0 .00001
45 0 .00001
46 0 0
47 0 0
48 0 0
49 0 0
50 0 0
51 0 0
100 0 0
*parity 1 married
birth 1 F married 1
14 0 0
15 0 0
16 0 .00008
17 0 .00031
18 0 .04435
19 0 .03585
20 0 .03788
21 0 .04736
22 0 .06441
23 0 .08572
24 0 .07323
25 0 .09622
26 0 .07265
27 0 .07797
28 0 .06581
29 0 .05049
30 0 .054
31 0 .03934
32 0 .02689
33 0 .02818
34 0 .01989
35 0 .01295
36 0 .0107
37 0 .00658
38 0 .00559
39 0 .0054
40 0 .00412
41 0 .00221
42 0 .00143
43 0 .00095
44 0 .00056
45 0 .0004
46 0 .00025
47 0 .00008
48 0 .00004
49 0 .00001
50 0 .00001
51 0 0
100 0 0
*parity 1 single
birth 1 F single 1
14 0 0
15 0 0
16 0 0
17 0 0
18 0 0
19 0 0
20 0 .00001
21 0 .00632
22 0 .00001
23 0 .00797
24 0 .00726
25 0 .0037
26 0 .00001
27 0 .00138
28 0 .00439
29 0 .00028
30 0 .00017
31 0 .00011
32 0 .00006
33 0 .00004
34 0 .00006
35 0 .00005
36 0 .00003
37 0 .00009
38 0 .00008
39 0 .00007
40 0 .00006
41 0 .00008
42 0 .00003
43 0 .00002
44 0 0
45 0 .00001
46 0 .00002
47 0 0
48 0 0
49 0 0
50 0 0
51 0 0
100 0 0
*parity 1 widowed
birth 1 F widowed 1
14 0 0
15 0 0
16 0 0
17 0 0
18 0 .00001
19 0 .00002
20 0 .01051
21 0 .00948
22 0 .01612
23 0 .00005
24 0 .01089
25 0 .01109
26 0 .00711
27 0 .00621
28 0 .00282
29 0 .00437
30 0 .00178
31 0 .00118
32 0 .00239
33 0 .00186
34 0 .00097
35 0 .00106
36 0 .00033
37 0 .00051
38 0 .00064
39 0 .00018
40 0 .00019
41 0 .00012
42 0 .0001
43 0 .00004
44 0 .00003
45 0 .00001
46 0 0
47 0 0
48 0 0
49 0 0
50 0 0
51 0 0
100 0 0
*parity 1 divorced
birth 1 F divorced 1
14 0 0
15 0 0
16 0 0
17 0 0
18 0 .00001
19 0 .00002
20 0 .01051
21 0 .00948
22 0 .01612
23 0 .00005
24 0 .01089
25 0 .01109
26 0 .00711
27 0 .00621
28 0 .00282
29 0 .00437
30 0 .00178
31 0 .00118
32 0 .00239
33 0 .00186
34 0 .00097
35 0 .00106
36 0 .00033
37 0 .00051
38 0 .00064
39 0 .00018
40 0 .00019
41 0 .00012
42 0 .0001
43 0 .00004
44 0 .00003
45 0 .00001
46 0 0
47 0 0
48 0 0
49 0 0
50 0 0
51 0 0
100 0 0
*parity 2 married
birth 1 F married 2
14 0 0
15 0 0
16 0 .00001
17 0 .00003
18 0 .00015
19 0 .03523
20 0 .02189
21 0 .02231
22 0 .0171
23 0 .02043
24 0 .02213
25 0 .02163
26 0 .02219
27 0 .0204
28 0 .01958
29 0 .01842
30 0 .01935
31 0 .01753
32 0 .01518
33 0 .01479
34 0 .01304
35 0 .01307
36 0 .01084
37 0 .01056
38 0 .00887
39 0 .0083
40 0 .00667
41 0 .00547
42 0 .00433
43 0 .00305
44 0 .00249
45 0 .00156
46 0 .00094
47 0 .00057
48 0 .00029
49 0 .00014
50 0 .00006
51 0 .00003
100 0 0
*parity 2 single
birth 1 F single 2
14 0 0
15 0 0
16 0 0
17 0 0
18 0 0
19 0 0
20 0 0
21 0 0
22 0 .00001
23 0 .00001
24 0 .00001
25 0 .00001
26 0 .00992
27 0 .0104
28 0 .00248
29 0 .00518
30 0 .00998
31 0 .00095
32 0 .00099
33 0 .00047
34 0 .00047
35 0 .00031
36 0 .00027
37 0 .0002
38 0 .00027
39 0 .00019
40 0 .00019
41 0 .00015
42 0 .00014
43 0 .00009
44 0 .00008
45 0 .00011
46 0 .00003
47 0 .00008
48 0 .00002
49 0 .00001
50 0 0
51 0 0
100 0 0
*parity 2 widowed
birth 1 F widowed 2
14 0 0
15 0 0
16 0 0
17 0 0
18 0 0
19 0 0
20 0 .00001
21 0 .01319
22 0 .00996
23 0 .00725
24 0 .00483
25 0 .00429
26 0 .00372
27 0 .00585
28 0 .00248
29 0 .00212
30 0 .0018
31 0 .00179
32 0 .00334
33 0 .00102
34 0 .00093
35 0 .0009
36 0 .00113
37 0 .00061
38 0 .00047
39 0 .00044
40 0 .00037
41 0 .00028
42 0 .00022
43 0 .00013
44 0 .00008
45 0 .00004
46 0 .00003
47 0 .00002
48 0 .00001
49 0 0
50 0 0
51 0 0
100 0 0
*parity 2 divorced
birth 1 F divorced 2
14 0 0
15 0 0
16 0 0
17 0 0
18 0 0
19 0 0
20 0 .00001
21 0 .01319
22 0 .00996
23 0 .00725
24 0 .00483
25 0 .00429
26 0 .00372
27 0 .00585
28 0 .00248
29 0 .00212
30 0 .0018
31 0 .00179
32 0 .00334
33 0 .00102
34 0 .00093
35 0 .0009
36 0 .00113
37 0 .00061
38 0 .00047
39 0 .00044
40 0 .00037
41 0 .00028
42 0 .00022
43 0 .00013
44 0 .00008
45 0 .00004
46 0 .00003
47 0 .00002
48 0 .00001
49 0 0
50 0 0
51 0 0
100 0 0
