*parity 0 married
birth 1 F married 0
14 0 0
15 0 .00019
16 0 .00075
17 0 .05902
18 0 .05345
19 0 .05789
20 0 .05875
21 0 .0518
22 0 .0489
23 0 .04029
24 0 .03715
25 0 .03524
26 0 .03964
27 0 .0383
28 0 .02301
29 0 .02054
30 0 .01695
31 0 .011
32 0 .00704
33 0 .00497
34 0 .00359
35 0 .00259
36 0 .00206
37 0 .00138
38 0 .00106
39 0 .00077
40 0 .00051
41 0 .00034
42 0 .00023
43 0 .00015
44 0 .00009
45 0 .00005
46 0 .00003
47 0 .00002
48 0 .00001
49 0 0
50 0 0
51 0 0
100 0 0
*parity 0 single
birth 1 F single 0
14 0 0
15 0 .00005
16 0 .00022
17 0 .00041
18 0 .0007
19 0 .00098
20 0 .00119
21 0 .00128
22 0 .00128
23 0 .00131
24 0 .00125
25 0 .00126
26 0 .00125
27 0 .00125
28 0 .00123
29 0 .00117
30 0 .00114
31 0 .00107
32 0 .001
33 0 .00097
34 0 .00099
35 0 .00095
36 0 .0009
37 0 .00082
38 0 .00075
39 0 .00057
40 0 .0006
41 0 .00055
42 0 .00048
43 0 .00039
44 0 .00021
45 0 .00015
46 0 .00014
47 0 .00006
48 0 .00003
49 0 .00001
50 0 0
51 0 0
100 0 0
*parity 0 widowed
birth 1 F widowed 0
14 0 0
15 0 .00001
16 0 .00005
17 0 .00009
18 0 .00015
19 0 .09403
20 0 .10516
21 0 .23009
22 0 .0362
23 0 .10149
24 0 .05828
25 0 .0222
26 0 .04073
27 0 .03148
28 0 .02466
29 0 .04403
30 0 .01032
31 0 .00784
32 0 .01021
33 0 .00405
34 0 .0041
35 0 .00188
36 0 .0022
37 0 .00097
38 0 .00052
39 0 .00041
40 0 .00025
41 0 .00011
42 0 .00007
43 0 .00005
44 0 .00002
45 0 .00002
46 0 .00001
47 0 0
48 0 0
49 0 0
50 0 0
51 0 0
100 0 0
*parity 0 divorced
birth 1 F divorced 0
14 0 0
15 0 .00001
16 0 .00005
17 0 .00009
18 0 .00015
19 0 .09403
20 0 .10516
21 0 .23009
22 0 .0362
23 0 .10149
24 0 .05828
25 0 .0222
26 0 .04073
27 0 .03148
28 0 .02466
29 0 .04403
30 0 .01032
31 0 .00784
32 0 .01021
33 0 .00405
34 0 .0041
35 0 .00188
36 0 .0022
37 0 .00097
38 0 .00052
39 0 .00041
40 0 .00025
41 0 .00011
42 0 .00007
43 0 .00005
44 0 .00002
45 0 .00002
46 0 .00001
47 0 0
48 0 0
49 0 0
50 0 0
51 0 0
100 0 0
*parity 1 married
birth 1 F married 1
14 0 0
15 0 0
16 0 .00004
17 0 .00014
18 0 .01862
19 0 .02031
20 0 .02683
21 0 .02724
22 0 .0319
23 0 .02529
24 0 .0343
25 0 .0478
26 0 .03903
27 0 .0444
28 0 .04187
29 0 .05012
30 0 .03724
31 0 .03354
32 0 .03039
33 0 .02476
34 0 .01898
35 0 .01953
36 0 .01496
37 0 .00945
38 0 .00817
39 0 .0076
40 0 .00427
41 0 .00388
42 0 .0023
43 0 .00129
44 0 .00093
45 0 .00052
46 0 .00018
47 0 .00008
48 0 .00003
49 0 .00001
50 0 0
51 0 0
100 0 0
*parity 1 single
birth 1 F single 1
14 0 0
15 0 0
16 0 .01051
17 0 .01887
18 0 .01265
19 0 .02822
20 0 .02361
21 0 .01965
22 0 .02281
23 0 .0205
24 0 .0176
25 0 .01875
26 0 .02121
27 0 .02399
28 0 .0196
29 0 .02283
30 0 .02688
31 0 .02169
32 0 .02003
33 0 .02416
34 0 .02208
35 0 .02737
36 0 .04193
37 0 .03298
38 0 .04909
39 0 .05545
40 0 .07573
41 0 .01166
42 0 .03349
43 0 .00002
44 0 .00001
45 0 .00581
46 0 .001
47 0 0
48 0 0
49 0 .0001
50 0 0
51 0 .00003
100 0 0
*parity 1 widowed
birth 1 F widowed 1
14 0 0
15 0 0
16 0 0
17 0 .00001
18 0 .00002
19 0 .01526
20 0 .02371
21 0 .02095
22 0 .0423
23 0 .07125
24 0 .04624
25 0 .07605
26 0 .02949
27 0 .01501
28 0 .03747
29 0 .02041
30 0 .02617
31 0 .02313
32 0 .01526
33 0 .0136
34 0 .01279
35 0 .00906
36 0 .00221
37 0 .00637
38 0 .00427
39 0 .00257
40 0 .00219
41 0 .00108
42 0 .00071
43 0 .00021
44 0 .0001
45 0 .00007
46 0 .00003
47 0 .00001
48 0 .00001
49 0 0
50 0 0
51 0 0
100 0 0
*parity 1 divorced
birth 1 F divorced 1
14 0 0
15 0 0
16 0 0
17 0 .00001
18 0 .00002
19 0 .01526
20 0 .02371
21 0 .02095
22 0 .0423
23 0 .07125
24 0 .04624
25 0 .07605
26 0 .02949
27 0 .01501
28 0 .03747
29 0 .02041
30 0 .02617
31 0 .02313
32 0 .01526
33 0 .0136
34 0 .01279
35 0 .00906
36 0 .00221
37 0 .00637
38 0 .00427
39 0 .00257
40 0 .00219
41 0 .00108
42 0 .00071
43 0 .00021
44 0 .0001
45 0 .00007
46 0 .00003
47 0 .00001
48 0 .00001
49 0 0
50 0 0
51 0 0
100 0 0
*parity 2 married
birth 1 F married 2
14 0 0
15 0 0
16 0 0
17 0 .00001
18 0 .00005
19 0 .02062
20 0 .00966
21 0 .01245
22 0 .01215
23 0 .01256
24 0 .01335
25 0 .01099
26 0 .0112
27 0 .00969
28 0 .01077
29 0 .00953
30 0 .00838
31 0 .00801
32 0 .00761
33 0 .00696
34 0 .00564
35 0 .00485
36 0 .00412
37 0 .00405
38 0 .00315
39 0 .00265
40 0 .00214
41 0 .0017
42 0 .00127
43 0 .00093
44 0 .00065
45 0 .00043
46 0 .00024
47 0 .00015
48 0 .00007
49 0 .00003
50 0 .00001
51 0 .00001
100 0 0
*parity 2 single
birth 1 F single 2
14 0 0
15 0 0
16 0 0
17 0 0
18 0 .01263
19 0 .03538
20 0 .01243
21 0 .02921
22 0 .01854
23 0 .01886
24 0 .02148
25 0 .01958
26 0 .01114
27 0 .01278
28 0 .0122
29 0 .01143
30 0 .01292
31 0 .01392
32 0 .0126
33 0 .01424
34 0 .01141
35 0 .01357
36 0 .01137
37 0 .01069
38 0 .01542
39 0 .01217
40 0 .01767
41 0 .01148
42 0 .00901
43 0 .00785
44 0 .00704
45 0 .00492
46 0 .00329
47 0 .00183
48 0 .0023
49 0 .00052
50 0 .00015
51 0 .00008
100 0 0
*parity 2 widowed
birth 1 F widowed 2
14 0 0
15 0 0
16 0 0
17 0 0
18 0 0
19 0 .00001
20 0 .01728
21 0 .03385
22 0 .01289
23 0 .00874
24 0 .00796
25 0 .00416
26 0 .00493
27 0 .00392
28 0 .0038
29 0 .00313
30 0 .00287
31 0 .00265
32 0 .00253
33 0 .00169
34 0 .00189
35 0 .00145
36 0 .00128
37 0 .00096
38 0 .00082
39 0 .00064
40 0 .00053
41 0 .0004
42 0 .00028
43 0 .00017
44 0 .00012
45 0 .00008
46 0 .00005
47 0 .00002
48 0 .00001
49 0 .00001
50 0 0
51 0 0
100 0 0
*parity 2 divorced
birth 1 F divorced 2
14 0 0
15 0 0
16 0 0
17 0 0
18 0 0
19 0 .00001
20 0 .01728
21 0 .03385
22 0 .01289
23 0 .00874
24 0 .00796
25 0 .00416
26 0 .00493
27 0 .00392
28 0 .0038
29 0 .00313
30 0 .00287
31 0 .00265
32 0 .00253
33 0 .00169
34 0 .00189
35 0 .00145
36 0 .00128
37 0 .00096
38 0 .00082
39 0 .00064
40 0 .00053
41 0 .0004
42 0 .00028
43 0 .00017
44 0 .00012
45 0 .00008
46 0 .00005
47 0 .00002
48 0 .00001
49 0 .00001
50 0 0
51 0 0
100 0 0
