*parity 0 married
birth 1 F married 0
14 0 0
15 0 .00022
16 0 .00099
17 0 .04274
18 0 .03371
19 0 .04278
20 0 .04688
21 0 .04861
22 0 .05645
23 0 .06992
24 0 .05679
25 0 .05267
26 0 .06168
27 0 .05352
28 0 .04409
29 0 .03582
30 0 .03486
31 0 .02826
32 0 .02101
33 0 .02235
34 0 .01827
35 0 .01451
36 0 .01311
37 0 .01063
38 0 .00576
39 0 .00463
40 0 .00467
41 0 .00299
42 0 .00177
43 0 .00185
44 0 .00095
45 0 .00057
46 0 .00024
47 0 .0001
48 0 .00006
49 0 .00002
50 0 0
51 0 .00001
100 0 0
*parity 0 single
birth 1 F single 0
14 0 0
15 0 .00001
16 0 .00003
17 0 .00007
18 0 .00013
19 0 .00021
20 0 .00029
21 0 .00034
22 0 .00034
23 0 .00034
24 0 .00036
25 0 .00034
26 0 .00035
27 0 .00036
28 0 .00036
29 0 .00033
30 0 .00035
31 0 .00037
32 0 .00035
33 0 .00031
34 0 .0004
35 0 .00031
36 0 .00027
37 0 .00024
38 0 .00024
39 0 .0002
40 0 .00018
41 0 .00013
42 0 .00011
43 0 .00009
44 0 .00007
45 0 .00004
46 0 .00003
47 0 .00001
48 0 .00001
49 0 0
50 0 0
51 0 0
100 0 0
*parity 0 widowed
birth 1 F widowed 0
14 0 0
15 0 .00001
16 0 .00005
17 0 .16734
18 0 .00019
19 0 .20422
20 0 .25772
21 0 .00035
22 0 .4966
23 0 .42755
24 0 .13097
25 0 .00024
26 0 .14226
27 0 .24686
28 0 .20572
29 0 .06725
30 0 .07666
31 0 .02021
32 0 .09919
33 0 .00006
34 0 .05979
35 0 .02608
36 0 .00801
37 0 .01007
38 0 .0058
39 0 .00259
40 0 .00001
41 0 .00137
42 0 .00057
43 0 .00046
44 0 .00027
45 0 .0001
46 0 .00006
47 0 .00002
48 0 .00001
49 0 0
50 0 0
51 0 0
100 0 0
*parity 0 divorced
birth 1 F divorced 0
14 0 0
15 0 .00001
16 0 .00005
17 0 .16734
18 0 .00019
19 0 .20422
20 0 .25772
21 0 .00035
22 0 .4966
23 0 .42755
24 0 .13097
25 0 .00024
26 0 .14226
27 0 .24686
28 0 .20572
29 0 .06725
30 0 .07666
31 0 .02021
32 0 .09919
33 0 .00006
34 0 .05979
35 0 .02608
36 0 .00801
37 0 .01007
38 0 .0058
39 0 .00259
40 0 .00001
41 0 .00137
42 0 .00057
43 0 .00046
44 0 .00027
45 0 .0001
46 0 .00006
47 0 .00002
48 0 .00001
49 0 0
50 0 0
51 0 0
100 0 0
*parity 1 married
birth 1 F married 1
14 0 0
15 0 0
16 0 .00007
17 0 .00025
18 0 .06594
19 0 .02737
20 0 .02007
21 0 .02293
22 0 .02575
23 0 .02097
24 0 .0234
25 0 .02386
26 0 .02295
27 0 .02161
28 0 .02236
29 0 .02332
30 0 .0251
31 0 .02686
32 0 .02524
33 0 .02311
34 0 .01754
35 0 .01529
36 0 .01218
37 0 .0086
38 0 .00911
39 0 .00817
40 0 .00663
41 0 .00421
42 0 .00449
43 0 .00737
44 0 .00597
45 0 .00177
46 0 .00125
47 0 .00125
48 0 .00057
49 0 .00045
50 0 .00028
51 0 .0002
100 0 0
*parity 1 single
birth 1 F single 1
14 0 0
15 0 0
16 0 0
17 0 .01223
18 0 .03391
19 0 .02317
20 0 .02999
21 0 .02243
22 0 .03874
23 0 .02224
24 0 .05265
25 0 .09393
26 0 .09146
27 0 .16948
28 0 .15019
29 0 .05196
30 0 .12423
31 0 .05136
32 0 .0876
33 0 .06833
34 0 .05637
35 0 .00004
36 0 .00003
37 0 .00003
38 0 .01083
39 0 .00001
40 0 .00001
41 0 .00865
42 0 .00001
43 0 0
44 0 .00192
45 0 0
46 0 0
47 0 0
48 0 0
49 0 .00003
50 0 0
51 0 0
100 0 0
*parity 1 widowed
birth 1 F widowed 1
14 0 0
15 0 0
16 0 0
17 0 .00001
18 0 .01886
19 0 .05799
20 0 .02503
21 0 .02016
22 0 .01347
23 0 .01856
24 0 .0185
25 0 .01306
26 0 .00803
27 0 .00943
28 0 .00783
29 0 .00685
30 0 .00901
31 0 .00816
32 0 .00914
33 0 .006
34 0 .00428
35 0 .0023
36 0 .00198
37 0 .0019
38 0 .00125
39 0 .001
40 0 .00071
41 0 .00053
42 0 .00054
43 0 .00171
44 0 .00032
45 0 .00015
46 0 .00013
47 0 .0002
48 0 .00005
49 0 0
50 0 0
51 0 .00001
100 0 0
*parity 1 divorced
birth 1 F divorced 1
14 0 0
15 0 0
16 0 0
17 0 .00001
18 0 .01886
19 0 .05799
20 0 .02503
21 0 .02016
22 0 .01347
23 0 .01856
24 0 .0185
25 0 .01306
26 0 .00803
27 0 .00943
28 0 .00783
29 0 .00685
30 0 .00901
31 0 .00816
32 0 .00914
33 0 .006
34 0 .00428
35 0 .0023
36 0 .00198
37 0 .0019
38 0 .00125
39 0 .001
40 0 .00071
41 0 .00053
42 0 .00054
43 0 .00171
44 0 .00032
45 0 .00015
46 0 .00013
47 0 .0002
48 0 .00005
49 0 0
50 0 0
51 0 .00001
100 0 0
*parity 2 married
birth 1 F married 2
14 0 0
15 0 0
16 0 0
17 0 .00002
18 0 .00526
19 0 .00919
20 0 .02234
21 0 .01885
22 0 .02035
23 0 .02121
24 0 .01727
25 0 .01777
26 0 .01482
27 0 .01358
28 0 .01243
29 0 .01205
30 0 .01082
31 0 .00916
32 0 .00872
33 0 .00801
34 0 .00714
35 0 .00694
36 0 .00639
37 0 .00576
38 0 .00538
39 0 .00461
40 0 .00387
41 0 .0033
42 0 .00243
43 0 .00164
44 0 .00126
45 0 .00087
46 0 .00051
47 0 .00032
48 0 .00018
49 0 .0001
50 0 .00004
51 0 .00002
100 0 0
*parity 2 single
birth 1 F single 2
14 0 0
15 0 0
16 0 0
17 0 0
18 0 0
19 0 .00001
20 0 .00002
21 0 .06484
22 0 .02093
23 0 .03442
24 0 .02249
25 0 .02144
26 0 .01375
27 0 .01796
28 0 .01961
29 0 .01962
30 0 .02054
31 0 .02496
32 0 .01525
33 0 .01854
34 0 .01923
35 0 .04304
36 0 .02133
37 0 .0318
38 0 .01865
39 0 .04981
40 0 .04229
41 0 .0166
42 0 .01446
43 0 .01618
44 0 .00002
45 0 .00508
46 0 .0045
47 0 .00272
48 0 0
49 0 .00133
50 0 0
51 0 .0001
100 0 0
*parity 2 widowed
birth 1 F widowed 2
14 0 0
15 0 0
16 0 0
17 0 0
18 0 .00001
19 0 .00002
20 0 .01997
21 0 .01202
22 0 .00728
23 0 .01149
24 0 .0079
25 0 .00671
26 0 .00765
27 0 .00506
28 0 .00524
29 0 .00413
30 0 .00294
31 0 .00282
32 0 .00223
33 0 .00178
34 0 .00181
35 0 .00144
36 0 .00131
37 0 .00115
38 0 .00087
39 0 .00074
40 0 .00058
41 0 .00038
42 0 .00029
43 0 .00019
44 0 .00013
45 0 .00009
46 0 .00005
47 0 .00003
48 0 .00001
49 0 .00001
50 0 0
51 0 0
100 0 0
*parity 2 divorced
birth 1 F divorced 2
14 0 0
15 0 0
16 0 0
17 0 0
18 0 .00001
19 0 .00002
20 0 .01997
21 0 .01202
22 0 .00728
23 0 .01149
24 0 .0079
25 0 .00671
26 0 .00765
27 0 .00506
28 0 .00524
29 0 .00413
30 0 .00294
31 0 .00282
32 0 .00223
33 0 .00178
34 0 .00181
35 0 .00144
36 0 .00131
37 0 .00115
38 0 .00087
39 0 .00074
40 0 .00058
41 0 .00038
42 0 .00029
43 0 .00019
44 0 .00013
45 0 .00009
46 0 .00005
47 0 .00003
48 0 .00001
49 0 .00001
50 0 0
51 0 0
100 0 0
