*parity all married
birth 1 F married 0
14 0 0
15 0 .00607
16 0 .00594
17 0 .00676
18 0 .00887
19 0 .01261
20 0 .0171
21 0 .02088
22 0 .02302
23 0 .0238
24 0 .02376
25 0 .02262
26 0 .02073
27 0 .0184
28 0 .01668
29 0 .01531
30 0 .0146
31 0 .01341
32 0 .01285
33 0 .01244
34 0 .01272
35 0 .01279
36 0 .01286
37 0 .01272
38 0 .01262
39 0 .01224
40 0 .01175
41 0 .0106
42 0 .00966
43 0 .00877
44 0 .00816
45 0 .00755
46 0 .00703
47 0 .00674
48 0 .00651
49 0 .00638
50 0 .00631
51 0 .00627
100 0 0
*parity all single
birth 1 F single 0
14 0 0
15 0 .00607
16 0 .00594
17 0 .00676
18 0 .00887
19 0 .01261
20 0 .0171
21 0 .02088
22 0 .02302
23 0 .0238
24 0 .02376
25 0 .02262
26 0 .02073
27 0 .0184
28 0 .01668
29 0 .01531
30 0 .0146
31 0 .01341
32 0 .01285
33 0 .01244
34 0 .01272
35 0 .01279
36 0 .01286
37 0 .01272
38 0 .01262
39 0 .01224
40 0 .01175
41 0 .0106
42 0 .00966
43 0 .00877
44 0 .00816
45 0 .00755
46 0 .00703
47 0 .00674
48 0 .00651
49 0 .00638
50 0 .00631
51 0 .00627
100 0 0
*parity all widowed
birth 1 F widowed 0
14 0 0
15 0 .00607
16 0 .00594
17 0 .00676
18 0 .00887
19 0 .01261
20 0 .0171
21 0 .02088
22 0 .02302
23 0 .0238
24 0 .02376
25 0 .02262
26 0 .02073
27 0 .0184
28 0 .01668
29 0 .01531
30 0 .0146
31 0 .01341
32 0 .01285
33 0 .01244
34 0 .01272
35 0 .01279
36 0 .01286
37 0 .01272
38 0 .01262
39 0 .01224
40 0 .01175
41 0 .0106
42 0 .00966
43 0 .00877
44 0 .00816
45 0 .00755
46 0 .00703
47 0 .00674
48 0 .00651
49 0 .00638
50 0 .00631
51 0 .00627
100 0 0
*parity all divorced
birth 1 F divorced 0
14 0 0
15 0 .00607
16 0 .00594
17 0 .00676
18 0 .00887
19 0 .01261
20 0 .0171
21 0 .02088
22 0 .02302
23 0 .0238
24 0 .02376
25 0 .02262
26 0 .02073
27 0 .0184
28 0 .01668
29 0 .01531
30 0 .0146
31 0 .01341
32 0 .01285
33 0 .01244
34 0 .01272
35 0 .01279
36 0 .01286
37 0 .01272
38 0 .01262
39 0 .01224
40 0 .01175
41 0 .0106
42 0 .00966
43 0 .00877
44 0 .00816
45 0 .00755
46 0 .00703
47 0 .00674
48 0 .00651
49 0 .00638
50 0 .00631
51 0 .00627
100 0 0
