*parity 0 married
birth 1 F married 0
14 0 0
15 0 .00022
16 0 .00091
17 0 .03279
18 0 .02243
19 0 .02921
20 0 .02747
21 0 .0282
22 0 .02545
23 0 .02604
24 0 .02303
25 0 .02184
26 0 .01898
27 0 .01602
28 0 .01429
29 0 .0133
30 0 .01135
31 0 .01168
32 0 .00891
33 0 .00786
34 0 .00633
35 0 .00502
36 0 .00434
37 0 .00339
38 0 .00277
39 0 .002
40 0 .00168
41 0 .00119
42 0 .00097
43 0 .00068
44 0 .00035
45 0 .00027
46 0 .00021
47 0 .00011
48 0 .00005
49 0 .00002
50 0 0
51 0 .00001
100 0 0
*parity 0 single
birth 1 F single 0
14 0 0
15 0 .00002
16 0 .00007
17 0 .00013
18 0 .00023
19 0 .00034
20 0 .00044
21 0 .00048
22 0 .0005
23 0 .00049
24 0 .00055
25 0 .00061
26 0 .00061
27 0 .00073
28 0 .0008
29 0 .0008
30 0 .00092
31 0 .00082
32 0 .00104
33 0 .00075
34 0 .00068
35 0 .0007
36 0 .00062
37 0 .0007
38 0 .0005
39 0 .00048
40 0 .00041
41 0 .00031
42 0 .00025
43 0 .00015
44 0 .00009
45 0 .00005
46 0 .00005
47 0 .00003
48 0 .00001
49 0 0
50 0 0
51 0 0
100 0 0
*parity 0 widowed
birth 1 F widowed 0
14 0 0
15 0 .00001
16 0 .00005
17 0 .00009
18 0 .07069
19 0 .03349
20 0 .02844
21 0 .07959
22 0 .04419
23 0 .03868
24 0 .01576
25 0 .00896
26 0 .0066
27 0 .00807
28 0 .00664
29 0 .00372
30 0 .0027
31 0 .00232
32 0 .00164
33 0 .00117
34 0 .00101
35 0 .00081
36 0 .00055
37 0 .00047
38 0 .00042
39 0 .00041
40 0 .00023
41 0 .00017
42 0 .0001
43 0 .0001
44 0 .00008
45 0 .00005
46 0 .00002
47 0 .00002
48 0 .00001
49 0 0
50 0 0
51 0 0
100 0 0
*parity 0 divorced
birth 1 F divorced 0
14 0 0
15 0 .00001
16 0 .00005
17 0 .00009
18 0 .07069
19 0 .03349
20 0 .02844
21 0 .07959
22 0 .04419
23 0 .03868
24 0 .01576
25 0 .00896
26 0 .0066
27 0 .00807
28 0 .00664
29 0 .00372
30 0 .0027
31 0 .00232
32 0 .00164
33 0 .00117
34 0 .00101
35 0 .00081
36 0 .00055
37 0 .00047
38 0 .00042
39 0 .00041
40 0 .00023
41 0 .00017
42 0 .0001
43 0 .0001
44 0 .00008
45 0 .00005
46 0 .00002
47 0 .00002
48 0 .00001
49 0 0
50 0 0
51 0 0
100 0 0
*parity 1 married
birth 1 F married 1
14 0 0
15 0 0
16 0 .00005
17 0 .00017
18 0 .02105
19 0 .01818
20 0 .02259
21 0 .0191
22 0 .02252
23 0 .02266
24 0 .01891
25 0 .01653
26 0 .01763
27 0 .01761
28 0 .01812
29 0 .01665
30 0 .01578
31 0 .01535
32 0 .01179
33 0 .01028
34 0 .01246
35 0 .00999
36 0 .00855
37 0 .00661
38 0 .00639
39 0 .00477
40 0 .00338
41 0 .00221
42 0 .00145
43 0 .00074
44 0 .00056
45 0 .00031
46 0 .00017
47 0 .00008
48 0 .00005
49 0 .00002
50 0 .00001
51 0 .00001
100 0 0
*parity 1 single
birth 1 F single 1
14 0 0
15 0 0
16 0 0
17 0 .00001
18 0 .02357
19 0 .03284
20 0 .02584
21 0 .06484
22 0 .04849
23 0 .07285
24 0 .05032
25 0 .02996
26 0 .03139
27 0 .0439
28 0 .07225
29 0 .10984
30 0 .06337
31 0 .28279
32 0 .253
33 0 .10544
34 0 .0001
35 0 .00008
36 0 .10933
37 0 .04153
38 0 .00004
39 0 .03998
40 0 .0308
41 0 .00001
42 0 .00733
43 0 .00797
44 0 0
45 0 0
46 0 0
47 0 0
48 0 0
49 0 0
50 0 .00001
51 0 .00001
100 0 0
*parity 1 widowed
birth 1 F widowed 1
14 0 0
15 0 0
16 0 0
17 0 .00001
18 0 .00881
19 0 .03683
20 0 .00644
21 0 .00856
22 0 .00647
23 0 .00605
24 0 .00364
25 0 .00397
26 0 .0041
27 0 .00355
28 0 .00255
29 0 .00254
30 0 .00223
31 0 .00214
32 0 .00191
33 0 .00146
34 0 .00119
35 0 .00092
36 0 .00082
37 0 .00059
38 0 .00049
39 0 .00025
40 0 .0002
41 0 .00014
42 0 .00009
43 0 .00007
44 0 .00004
45 0 .00002
46 0 .00001
47 0 .00001
48 0 0
49 0 0
50 0 0
51 0 0
100 0 0
*parity 1 divorced
birth 1 F divorced 1
14 0 0
15 0 0
16 0 0
17 0 .00001
18 0 .00881
19 0 .03683
20 0 .00644
21 0 .00856
22 0 .00647
23 0 .00605
24 0 .00364
25 0 .00397
26 0 .0041
27 0 .00355
28 0 .00255
29 0 .00254
30 0 .00223
31 0 .00214
32 0 .00191
33 0 .00146
34 0 .00119
35 0 .00092
36 0 .00082
37 0 .00059
38 0 .00049
39 0 .00025
40 0 .0002
41 0 .00014
42 0 .00009
43 0 .00007
44 0 .00004
45 0 .00002
46 0 .00001
47 0 .00001
48 0 0
49 0 0
50 0 0
51 0 0
100 0 0
*parity 2 married
birth 1 F married 2
14 0 0
15 0 0
16 0 0
17 0 .00001
18 0 .00006
19 0 .00744
20 0 .00691
21 0 .01009
22 0 .00984
23 0 .01193
24 0 .01199
25 0 .01202
26 0 .01198
27 0 .0101
28 0 .00978
29 0 .00973
30 0 .00897
31 0 .00763
32 0 .00711
33 0 .00697
34 0 .00615
35 0 .00516
36 0 .00473
37 0 .004
38 0 .00322
39 0 .00276
40 0 .00225
41 0 .00174
42 0 .00123
43 0 .00086
44 0 .00062
45 0 .00041
46 0 .00022
47 0 .00012
48 0 .00006
49 0 .00003
50 0 .00001
51 0 0
100 0 0
*parity 2 single
birth 1 F single 2
14 0 0
15 0 0
16 0 0
17 0 0
18 0 0
19 0 .01775
20 0 .01264
21 0 .01268
22 0 .04977
23 0 .00965
24 0 .02511
25 0 .01569
26 0 .02345
27 0 .02627
28 0 .01809
29 0 .02156
30 0 .01998
31 0 .02533
32 0 .01905
33 0 .0186
34 0 .02657
35 0 .06156
36 0 .01813
37 0 .02334
38 0 .05328
39 0 .01458
40 0 .0206
41 0 .0396
42 0 .01616
43 0 .02086
44 0 .00002
45 0 .00001
46 0 .00312
47 0 .00172
48 0 0
49 0 0
50 0 .0004
51 0 0
100 0 0
*parity 2 widowed
birth 1 F widowed 2
14 0 0
15 0 0
16 0 0
17 0 0
18 0 0
19 0 .00001
20 0 .00945
21 0 .00593
22 0 .00744
23 0 .00416
24 0 .00487
25 0 .00365
26 0 .00386
27 0 .0027
28 0 .00248
29 0 .00226
30 0 .00198
31 0 .00156
32 0 .0016
33 0 .00153
34 0 .00092
35 0 .00093
36 0 .00069
37 0 .00057
38 0 .00045
39 0 .00039
40 0 .00028
41 0 .0002
42 0 .00016
43 0 .0001
44 0 .00007
45 0 .00004
46 0 .00002
47 0 .00001
48 0 .00001
49 0 0
50 0 0
51 0 0
100 0 0
*parity 2 divorced
birth 1 F divorced 2
14 0 0
15 0 0
16 0 0
17 0 0
18 0 0
19 0 .00001
20 0 .00945
21 0 .00593
22 0 .00744
23 0 .00416
24 0 .00487
25 0 .00365
26 0 .00386
27 0 .0027
28 0 .00248
29 0 .00226
30 0 .00198
31 0 .00156
32 0 .0016
33 0 .00153
34 0 .00092
35 0 .00093
36 0 .00069
37 0 .00057
38 0 .00045
39 0 .00039
40 0 .00028
41 0 .0002
42 0 .00016
43 0 .0001
44 0 .00007
45 0 .00004
46 0 .00002
47 0 .00001
48 0 .00001
49 0 0
50 0 0
51 0 0
100 0 0
