*parity 0 married
birth 1 F married 0
14 0 0
15 0 .00008
16 0 .00034
17 0 .08017
18 0 .04407
19 0 .04156
20 0 .05133
21 0 .05732
22 0 .04951
23 0 .06628
24 0 .06218
25 0 .06175
26 0 .06411
27 0 .09102
28 0 .12667
29 0 .10713
30 0 .11545
31 0 .12705
32 0 1
33 0 .11544
34 0 .02007
35 0 .01096
36 0 .00526
37 0 .00266
38 0 .0017
39 0 .00146
40 0 .00107
41 0 .00064
42 0 .00029
43 0 .00017
44 0 .00009
45 0 .00005
46 0 .00003
47 0 .00002
48 0 .00001
49 0 0
50 0 0
51 0 0
100 0 0
*parity 0 single
birth 1 F single 0
14 0 0
15 0 .00016
16 0 .00064
17 0 .00124
18 0 .0021
19 0 .00301
20 0 .0036
21 0 .004
22 0 .00399
23 0 .00401
24 0 .00401
25 0 .00393
26 0 .00389
27 0 .00397
28 0 .00382
29 0 .00368
30 0 .00343
31 0 .00307
32 0 .00259
33 0 .00237
34 0 .002
35 0 .00175
36 0 .0016
37 0 .0014
38 0 .0012
39 0 .00093
40 0 .00084
41 0 .00059
42 0 .00048
43 0 .00033
44 0 .00023
45 0 .00016
46 0 .00009
47 0 .00006
48 0 .00002
49 0 .00001
50 0 0
51 0 0
100 0 0
*parity 0 widowed
birth 1 F widowed 0
14 0 0
15 0 .00001
16 0 .00006
17 0 .00012
18 0 .3046
19 0 .16565
20 0 .47918
21 0 .49395
22 0 .00029
23 0 .00027
24 0 .36279
25 0 .69845
26 0 .00022
27 0 .62095
28 0 .00018
29 0 .00016
30 0 .14509
31 0 .00012
32 0 .27995
33 0 .00008
34 0 .18375
35 0 .05247
36 0 .01712
37 0 .01961
38 0 .00702
39 0 .00922
40 0 .00335
41 0 .00186
42 0 .00135
43 0 .00035
44 0 .00015
45 0 .00007
46 0 .00002
47 0 .00001
48 0 .00001
49 0 0
50 0 0
51 0 0
100 0 0
*parity 0 divorced
birth 1 F divorced 0
14 0 0
15 0 .00001
16 0 .00006
17 0 .00012
18 0 .3046
19 0 .16565
20 0 .47918
21 0 .49395
22 0 .00029
23 0 .00027
24 0 .36279
25 0 .69845
26 0 .00022
27 0 .62095
28 0 .00018
29 0 .00016
30 0 .14509
31 0 .00012
32 0 .27995
33 0 .00008
34 0 .18375
35 0 .05247
36 0 .01712
37 0 .01961
38 0 .00702
39 0 .00922
40 0 .00335
41 0 .00186
42 0 .00135
43 0 .00035
44 0 .00015
45 0 .00007
46 0 .00002
47 0 .00001
48 0 .00001
49 0 0
50 0 0
51 0 0
100 0 0
*parity 1 married
birth 1 F married 1
14 0 0
15 0 0
16 0 .00002
17 0 .00007
18 0 .048
19 0 .02501
20 0 .0171
21 0 .01607
22 0 .01513
23 0 .01475
24 0 .0157
25 0 .01613
26 0 .0174
27 0 .01443
28 0 .01533
29 0 .01581
30 0 .01654
31 0 .01307
32 0 .01027
33 0 .00906
34 0 .0074
35 0 .00622
36 0 .00422
37 0 .00374
38 0 .00293
39 0 .00196
40 0 .00111
41 0 .00072
42 0 .00056
43 0 .00041
44 0 .00022
45 0 .00011
46 0 .00007
47 0 .00004
48 0 .00001
49 0 0
50 0 0
51 0 0
100 0 0
*parity 1 single
birth 1 F single 1
14 0 0
15 0 0
16 0 .03685
17 0 .0342
18 0 .02654
19 0 .02526
20 0 .03087
21 0 .02437
22 0 .03078
23 0 .02812
24 0 .02467
25 0 .02582
26 0 .03099
27 0 .02873
28 0 .02572
29 0 .02217
30 0 .02547
31 0 .02825
32 0 .02746
33 0 .02395
34 0 .01768
35 0 .01948
36 0 .02638
37 0 .03313
38 0 .02393
39 0 .01203
40 0 .01093
41 0 .01095
42 0 .00709
43 0 .00577
44 0 .00363
45 0 .00215
46 0 .00257
47 0 .0006
48 0 .00028
49 0 .00008
50 0 .00002
51 0 .00002
100 0 0
*parity 1 widowed
birth 1 F widowed 1
14 0 0
15 0 0
16 0 0
17 0 .00001
18 0 .02585
19 0 .20653
20 0 .11052
21 0 .11467
22 0 .24576
23 0 .56937
24 0 .09772
25 0 .12222
26 0 .08837
27 0 .08662
28 0 .14727
29 0 .09555
30 0 .12772
31 0 .00015
32 0 .00013
33 0 .06375
34 0 .05343
35 0 .23336
36 0 .02543
37 0 .02897
38 0 .01034
39 0 .00541
40 0 .00167
41 0 .00104
42 0 .00084
43 0 .00042
44 0 .00018
45 0 .00008
46 0 .00005
47 0 .00002
48 0 .00001
49 0 0
50 0 0
51 0 0
100 0 0
*parity 1 divorced
birth 1 F divorced 1
14 0 0
15 0 0
16 0 0
17 0 .00001
18 0 .02585
19 0 .20653
20 0 .11052
21 0 .11467
22 0 .24576
23 0 .56937
24 0 .09772
25 0 .12222
26 0 .08837
27 0 .08662
28 0 .14727
29 0 .09555
30 0 .12772
31 0 .00015
32 0 .00013
33 0 .06375
34 0 .05343
35 0 .23336
36 0 .02543
37 0 .02897
38 0 .01034
39 0 .00541
40 0 .00167
41 0 .00104
42 0 .00084
43 0 .00042
44 0 .00018
45 0 .00008
46 0 .00005
47 0 .00002
48 0 .00001
49 0 0
50 0 0
51 0 0
100 0 0
*parity 2 married
birth 1 F married 2
14 0 0
15 0 0
16 0 0
17 0 .00001
18 0 .00295
19 0 .00559
20 0 .01794
21 0 .0117
22 0 .01451
23 0 .0151
24 0 .01289
25 0 .01197
26 0 .00972
27 0 .00893
28 0 .00829
29 0 .00765
30 0 .00679
31 0 .00601
32 0 .00587
33 0 .00483
34 0 .00426
35 0 .00363
36 0 .00292
37 0 .00227
38 0 .00193
39 0 .00155
40 0 .00124
41 0 .00092
42 0 .00066
43 0 .00046
44 0 .00034
45 0 .00023
46 0 .00013
47 0 .00007
48 0 .00004
49 0 .00002
50 0 .00001
51 0 0
100 0 0
*parity 2 single
birth 1 F single 2
14 0 0
15 0 0
16 0 0
17 0 .00556
18 0 .00928
19 0 .01254
20 0 .01296
21 0 .01318
22 0 .01405
23 0 .01207
24 0 .01327
25 0 .0125
26 0 .0115
27 0 .01065
28 0 .01041
29 0 .00995
30 0 .0089
31 0 .00808
32 0 .00762
33 0 .00724
34 0 .00763
35 0 .00654
36 0 .00606
37 0 .006
38 0 .00541
39 0 .00488
40 0 .00431
41 0 .00399
42 0 .00334
43 0 .00261
44 0 .00205
45 0 .00139
46 0 .00093
47 0 .0005
48 0 .00028
49 0 .00017
50 0 .00006
51 0 .00003
100 0 0
*parity 2 widowed
birth 1 F widowed 2
14 0 0
15 0 0
16 0 0
17 0 0
18 0 0
19 0 .03814
20 0 .04188
21 0 .03107
22 0 .01623
23 0 .01297
24 0 .01101
25 0 .01454
26 0 .00995
27 0 .00816
28 0 .00809
29 0 .00735
30 0 .00561
31 0 .00551
32 0 .00482
33 0 .00321
34 0 .0027
35 0 .00232
36 0 .00205
37 0 .00146
38 0 .00117
39 0 .00099
40 0 .0007
41 0 .0005
42 0 .00035
43 0 .00024
44 0 .00016
45 0 .0001
46 0 .00005
47 0 .00003
48 0 .00001
49 0 .00001
50 0 0
51 0 0
100 0 0
*parity 2 divorced
birth 1 F divorced 2
14 0 0
15 0 0
16 0 0
17 0 0
18 0 0
19 0 .03814
20 0 .04188
21 0 .03107
22 0 .01623
23 0 .01297
24 0 .01101
25 0 .01454
26 0 .00995
27 0 .00816
28 0 .00809
29 0 .00735
30 0 .00561
31 0 .00551
32 0 .00482
33 0 .00321
34 0 .0027
35 0 .00232
36 0 .00205
37 0 .00146
38 0 .00117
39 0 .00099
40 0 .0007
41 0 .0005
42 0 .00035
43 0 .00024
44 0 .00016
45 0 .0001
46 0 .00005
47 0 .00003
48 0 .00001
49 0 .00001
50 0 0
51 0 0
100 0 0
