*parity all married
birth 1 F married 0
14 0 0
15 0 .00012
16 0 .00084
17 0 .00244
18 0 .00546
19 0 .0098
20 0 .01441
21 0 .01808
22 0 .02022
23 0 .0212
24 0 .02143
25 0 .02075
26 0 .01943
27 0 .01769
28 0 .0163
29 0 .01498
30 0 .01398
31 0 .01244
32 0 .01134
33 0 .01029
34 0 .00976
35 0 .0091
36 0 .00849
37 0 .00777
38 0 .00713
39 0 .00636
40 0 .00556
41 0 .00431
42 0 .00331
43 0 .00241
44 0 .00178
45 0 .00118
46 0 .00071
47 0 .00043
48 0 .00023
49 0 .00011
50 0 .00005
51 0 .00002
100 0 0
*parity all single
birth 1 F single 0
14 0 0
15 0 .00012
16 0 .00084
17 0 .00244
18 0 .00546
19 0 .0098
20 0 .01441
21 0 .01808
22 0 .02022
23 0 .0212
24 0 .02143
25 0 .02075
26 0 .01943
27 0 .01769
28 0 .0163
29 0 .01498
30 0 .01398
31 0 .01244
32 0 .01134
33 0 .01029
34 0 .00976
35 0 .0091
36 0 .00849
37 0 .00777
38 0 .00713
39 0 .00636
40 0 .00556
41 0 .00431
42 0 .00331
43 0 .00241
44 0 .00178
45 0 .00118
46 0 .00071
47 0 .00043
48 0 .00023
49 0 .00011
50 0 .00005
51 0 .00002
100 0 0
*parity all widowed
birth 1 F widowed 0
14 0 0
15 0 .00012
16 0 .00084
17 0 .00244
18 0 .00546
19 0 .0098
20 0 .01441
21 0 .01808
22 0 .02022
23 0 .0212
24 0 .02143
25 0 .02075
26 0 .01943
27 0 .01769
28 0 .0163
29 0 .01498
30 0 .01398
31 0 .01244
32 0 .01134
33 0 .01029
34 0 .00976
35 0 .0091
36 0 .00849
37 0 .00777
38 0 .00713
39 0 .00636
40 0 .00556
41 0 .00431
42 0 .00331
43 0 .00241
44 0 .00178
45 0 .00118
46 0 .00071
47 0 .00043
48 0 .00023
49 0 .00011
50 0 .00005
51 0 .00002
100 0 0
*parity all divorced
birth 1 F divorced 0
14 0 0
15 0 .00012
16 0 .00084
17 0 .00244
18 0 .00546
19 0 .0098
20 0 .01441
21 0 .01808
22 0 .02022
23 0 .0212
24 0 .02143
25 0 .02075
26 0 .01943
27 0 .01769
28 0 .0163
29 0 .01498
30 0 .01398
31 0 .01244
32 0 .01134
33 0 .01029
34 0 .00976
35 0 .0091
36 0 .00849
37 0 .00777
38 0 .00713
39 0 .00636
40 0 .00556
41 0 .00431
42 0 .00331
43 0 .00241
44 0 .00178
45 0 .00118
46 0 .00071
47 0 .00043
48 0 .00023
49 0 .00011
50 0 .00005
51 0 .00002
100 0 0
