*parity 0 married
birth 1 F married 0
14 0 0
15 0 .00021
16 0 .00096
17 0 .03868
18 0 .02732
19 0 .03623
20 0 .03648
21 0 .03812
22 0 .04945
23 0 .09284
24 0 .1034
25 0 .06624
26 0 .06222
27 0 .05084
28 0 .04019
29 0 .035
30 0 .02692
31 0 .04997
32 0 .06411
33 0 .03455
34 0 .02857
35 0 .02607
36 0 .03061
37 0 .019
38 0 .01225
39 0 .00781
40 0 .00348
41 0 .0018
42 0 .00137
43 0 .0012
44 0 .00073
45 0 .00023
46 0 .00011
47 0 .00006
48 0 .00002
49 0 .00001
50 0 0
51 0 0
100 0 0
*parity 0 single
birth 1 F single 0
14 0 0
15 0 .00001
16 0 .00003
17 0 .00007
18 0 .00015
19 0 .00024
20 0 .00034
21 0 .0004
22 0 .00039
23 0 .00035
24 0 .00036
25 0 .00038
26 0 .00038
27 0 .0004
28 0 .0004
29 0 .00039
30 0 .00038
31 0 .00032
32 0 .00028
33 0 .00021
34 0 .00021
35 0 .0002
36 0 .0002
37 0 .00024
38 0 .00018
39 0 .00014
40 0 .00009
41 0 .00008
42 0 .00005
43 0 .00005
44 0 .00003
45 0 .00002
46 0 .00001
47 0 .00001
48 0 0
49 0 0
50 0 0
51 0 0
100 0 0
*parity 0 widowed
birth 1 F widowed 0
14 0 0
15 0 .00001
16 0 .00005
17 0 .15007
18 0 .13119
19 0 .37774
20 0 .24678
21 0 .12711
22 0 .22663
23 0 .22062
24 0 .34098
25 0 .00022
26 0 .00019
27 0 .18985
28 0 .15787
29 0 .06026
30 0 .13056
31 0 .00008
32 0 .03731
33 0 .08209
34 0 .0471
35 0 .03792
36 0 .01559
37 0 .01152
38 0 .01842
39 0 .00206
40 0 .00177
41 0 .00055
42 0 .00028
43 0 .00029
44 0 .00018
45 0 .00006
46 0 .00002
47 0 .00001
48 0 0
49 0 0
50 0 0
51 0 0
100 0 0
*parity 0 divorced
birth 1 F divorced 0
14 0 0
15 0 .00001
16 0 .00005
17 0 .15007
18 0 .13119
19 0 .37774
20 0 .24678
21 0 .12711
22 0 .22663
23 0 .22062
24 0 .34098
25 0 .00022
26 0 .00019
27 0 .18985
28 0 .15787
29 0 .06026
30 0 .13056
31 0 .00008
32 0 .03731
33 0 .08209
34 0 .0471
35 0 .03792
36 0 .01559
37 0 .01152
38 0 .01842
39 0 .00206
40 0 .00177
41 0 .00055
42 0 .00028
43 0 .00029
44 0 .00018
45 0 .00006
46 0 .00002
47 0 .00001
48 0 0
49 0 0
50 0 0
51 0 0
100 0 0
*parity 1 married
birth 1 F married 1
14 0 0
15 0 0
16 0 .00007
17 0 .19687
18 0 .0257
19 0 .03352
20 0 .04828
21 0 .03661
22 0 .03283
23 0 .03168
24 0 .03068
25 0 .03331
26 0 .03542
27 0 .03136
28 0 .03028
29 0 .03044
30 0 .02836
31 0 .02865
32 0 .03474
33 0 .03959
34 0 .04772
35 0 .03749
36 0 .02602
37 0 .01272
38 0 .02416
39 0 .03893
40 0 .0377
41 0 .04826
42 0 .07652
43 0 .0001
44 0 .05516
45 0 .02972
46 0 .013
47 0 .00161
48 0 .00237
49 0 .00072
50 0 .00013
51 0 .00006
100 0 0
*parity 1 single
birth 1 F single 1
14 0 0
15 0 0
16 0 0
17 0 .00001
18 0 .03756
19 0 .02583
20 0 .13785
21 0 .03111
22 0 .0703
23 0 .03523
24 0 .0365
25 0 .0518
26 0 .04665
27 0 .00013
28 0 .0355
29 0 .11485
30 0 .00009
31 0 .09056
32 0 .08029
33 0 .04575
34 0 .00005
35 0 .00004
36 0 .00003
37 0 .00003
38 0 .00002
39 0 .00002
40 0 .00577
41 0 .00001
42 0 .0026
43 0 0
44 0 0
45 0 .00101
46 0 .00044
47 0 0
48 0 .00008
49 0 .00001
50 0 0
51 0 0
100 0 0
*parity 1 widowed
birth 1 F widowed 1
14 0 0
15 0 0
16 0 0
17 0 .00001
18 0 .00004
19 0 .02764
20 0 .06556
21 0 .05326
22 0 .02315
23 0 .0207
24 0 .02604
25 0 .02274
26 0 .01268
27 0 .03259
28 0 .02026
29 0 .01821
30 0 .01688
31 0 .01436
32 0 .00636
33 0 .01632
34 0 .07638
35 0 .06181
36 0 .01262
37 0 .01234
38 0 .02929
39 0 .01133
40 0 .01645
41 0 .00585
42 0 .00001
43 0 .00415
44 0 .00134
45 0 .00144
46 0 .00011
47 0 .0001
48 0 .00011
49 0 .00002
50 0 .00001
51 0 0
100 0 0
*parity 1 divorced
birth 1 F divorced 1
14 0 0
15 0 0
16 0 0
17 0 .00001
18 0 .00004
19 0 .02764
20 0 .06556
21 0 .05326
22 0 .02315
23 0 .0207
24 0 .02604
25 0 .02274
26 0 .01268
27 0 .03259
28 0 .02026
29 0 .01821
30 0 .01688
31 0 .01436
32 0 .00636
33 0 .01632
34 0 .07638
35 0 .06181
36 0 .01262
37 0 .01234
38 0 .02929
39 0 .01133
40 0 .01645
41 0 .00585
42 0 .00001
43 0 .00415
44 0 .00134
45 0 .00144
46 0 .00011
47 0 .0001
48 0 .00011
49 0 .00002
50 0 .00001
51 0 0
100 0 0
*parity 2 married
birth 1 F married 2
14 0 0
15 0 0
16 0 .00001
17 0 .00002
18 0 .00011
19 0 .01185
20 0 .00928
21 0 .01442
22 0 .0191
23 0 .02041
24 0 .01738
25 0 .01511
26 0 .01369
27 0 .01286
28 0 .01232
29 0 .01166
30 0 .01086
31 0 .00991
32 0 .00904
33 0 .00842
34 0 .00748
35 0 .00733
36 0 .0065
37 0 .00581
38 0 .00541
39 0 .00455
40 0 .00449
41 0 .00345
42 0 .00272
43 0 .00186
44 0 .00146
45 0 .00103
46 0 .00066
47 0 .00042
48 0 .00026
49 0 .00012
50 0 .00005
51 0 .00002
100 0 0
*parity 2 single
birth 1 F single 2
14 0 0
15 0 0
16 0 0
17 0 0
18 0 0
19 0 .00001
20 0 .04256
21 0 .02664
22 0 .02969
23 0 .02971
24 0 .02481
25 0 .07602
26 0 .02699
27 0 .03446
28 0 .02056
29 0 .02838
30 0 .02439
31 0 .01617
32 0 .03219
33 0 .04104
34 0 .01905
35 0 .01741
36 0 .01786
37 0 .03342
38 0 .04065
39 0 .05388
40 0 .015
41 0 .03575
42 0 .00873
43 0 .00861
44 0 .02717
45 0 .00592
46 0 .00463
47 0 .00276
48 0 .00068
49 0 .00033
50 0 .0001
51 0 .00002
100 0 0
*parity 2 widowed
birth 1 F widowed 2
14 0 0
15 0 0
16 0 0
17 0 0
18 0 .00001
19 0 .02414
20 0 .00675
21 0 .01267
22 0 .0121
23 0 .01211
24 0 .00944
25 0 .00723
26 0 .00667
27 0 .0043
28 0 .0044
29 0 .00352
30 0 .00422
31 0 .00267
32 0 .00222
33 0 .00206
34 0 .00201
35 0 .00133
36 0 .00126
37 0 .00114
38 0 .00081
39 0 .00083
40 0 .00057
41 0 .00048
42 0 .00034
43 0 .00023
44 0 .00015
45 0 .00011
46 0 .00007
47 0 .00003
48 0 .00002
49 0 .00001
50 0 0
51 0 0
100 0 0
*parity 2 divorced
birth 1 F divorced 2
14 0 0
15 0 0
16 0 0
17 0 0
18 0 .00001
19 0 .02414
20 0 .00675
21 0 .01267
22 0 .0121
23 0 .01211
24 0 .00944
25 0 .00723
26 0 .00667
27 0 .0043
28 0 .0044
29 0 .00352
30 0 .00422
31 0 .00267
32 0 .00222
33 0 .00206
34 0 .00201
35 0 .00133
36 0 .00126
37 0 .00114
38 0 .00081
39 0 .00083
40 0 .00057
41 0 .00048
42 0 .00034
43 0 .00023
44 0 .00015
45 0 .00011
46 0 .00007
47 0 .00003
48 0 .00002
49 0 .00001
50 0 0
51 0 0
100 0 0
