*parity 0 married
birth 1 F married 0
14 0 0
15 0 .00016
16 0 .00087
17 0 .04408
18 0 .03783
19 0 .04323
20 0 .04969
21 0 .0507
22 0 .04616
23 0 .04638
24 0 .04915
25 0 .03995
26 0 .03456
27 0 .03149
28 0 .02767
29 0 .0231
30 0 .02907
31 0 .01975
32 0 .01491
33 0 .01467
34 0 .01749
35 0 .02125
36 0 .00978
37 0 .01294
38 0 .01211
39 0 .01117
40 0 .01042
41 0 .00831
42 0 .00873
43 0 .00992
44 0 .00248
45 0 .00108
46 0 .00025
47 0 .00013
48 0 .00005
49 0 .00001
50 0 0
51 0 0
100 0 0
*parity 0 single
birth 1 F single 0
14 0 0
15 0 0
16 0 0
17 0 0
18 0 .00001
19 0 .00002
20 0 .00002
21 0 .00003
22 0 .00004
23 0 .00005
24 0 .00004
25 0 .00006
26 0 .00006
27 0 .00007
28 0 .00008
29 0 .00007
30 0 .00006
31 0 .00015
32 0 .00018
33 0 .00011
34 0 .00014
35 0 .00016
36 0 .00046
37 0 .00009
38 0 0
39 0 0
40 0 .00017
41 0 .00012
42 0 0
43 0 .00006
44 0 .00005
45 0 .00001
46 0 .00001
47 0 0
48 0 0
49 0 0
50 0 0
51 0 0
100 0 0
*parity 0 widowed
birth 1 F widowed 0
14 0 0
15 0 0
16 0 .00001
17 0 .00002
18 0 .00004
19 0 .02122
20 0 .02686
21 0 .00009
22 0 .01293
23 0 .0115
24 0 .00877
25 0 .00299
26 0 .00591
27 0 .00203
28 0 .00322
29 0 .00871
30 0 .00375
31 0 .00255
32 0 .00148
33 0 .00335
34 0 .00278
35 0 .00058
36 0 0
37 0 0
38 0 .00132
39 0 0
40 0 .00083
41 0 0
42 0 .00026
43 0 0
44 0 .00004
45 0 .00011
46 0 .00001
47 0 0
48 0 0
49 0 0
50 0 0
51 0 0
100 0 0
*parity 0 divorced
birth 1 F divorced 0
14 0 0
15 0 0
16 0 .00001
17 0 .00002
18 0 .00004
19 0 .02122
20 0 .02686
21 0 .00009
22 0 .01293
23 0 .0115
24 0 .00877
25 0 .00299
26 0 .00591
27 0 .00203
28 0 .00322
29 0 .00871
30 0 .00375
31 0 .00255
32 0 .00148
33 0 .00335
34 0 .00278
35 0 .00058
36 0 0
37 0 0
38 0 .00132
39 0 0
40 0 .00083
41 0 0
42 0 .00026
43 0 0
44 0 .00004
45 0 .00011
46 0 .00001
47 0 0
48 0 0
49 0 0
50 0 0
51 0 0
100 0 0
*parity 1 married
birth 1 F married 1
14 0 0
15 0 0
16 0 .00008
17 0 .00032
18 0 .08148
19 0 .04201
20 0 .07327
21 0 .07368
22 0 .06961
23 0 .04076
24 0 .04401
25 0 .03943
26 0 .03059
27 0 .02447
28 0 .02437
29 0 .02026
30 0 .01836
31 0 .01443
32 0 .01273
33 0 .01014
34 0 .0086
35 0 .01118
36 0 .00926
37 0 .00805
38 0 .00636
39 0 .00575
40 0 .00552
41 0 .00242
42 0 .00276
43 0 .00092
44 0 .0009
45 0 .00044
46 0 .0002
47 0 .00007
48 0 .00002
49 0 .00001
50 0 0
51 0 0
100 0 0
*parity 1 single
birth 1 F single 1
14 0 0
15 0 0
16 0 0
17 0 0
18 0 .00044
19 0 .00018
20 0 .00018
21 0 .0001
22 0 .00009
23 0 .00007
24 0 .00007
25 0 .00007
26 0 .00006
27 0 .00006
28 0 .00007
29 0 .00009
30 0 .00007
31 0 .00006
32 0 .00009
33 0 .00011
34 0 .00006
35 0 .0001
36 0 .00017
37 0 .00008
38 0 .00024
39 0 .00012
40 0 .00009
41 0 .00006
42 0 .00006
43 0 .00003
44 0 .00001
45 0 .00003
46 0 0
47 0 .00001
48 0 0
49 0 0
50 0 0
51 0 0
100 0 0
*parity 1 widowed
birth 1 F widowed 1
14 0 0
15 0 0
16 0 0
17 0 0
18 0 .00001
19 0 .00002
20 0 .00004
21 0 .01608
22 0 .0122
23 0 .01307
24 0 .00388
25 0 .00772
26 0 .00387
27 0 .003
28 0 .00425
29 0 .00196
30 0 .00203
31 0 .00167
32 0 .00098
33 0 .00096
34 0 .00061
35 0 .00074
36 0 .00046
37 0 .00034
38 0 .00039
39 0 .00021
40 0 .0002
41 0 .00019
42 0 .00012
43 0 .00007
44 0 .00003
45 0 .00001
46 0 .00001
47 0 0
48 0 0
49 0 0
50 0 0
51 0 0
100 0 0
*parity 1 divorced
birth 1 F divorced 1
14 0 0
15 0 0
16 0 0
17 0 0
18 0 .00001
19 0 .00002
20 0 .00004
21 0 .01608
22 0 .0122
23 0 .01307
24 0 .00388
25 0 .00772
26 0 .00387
27 0 .003
28 0 .00425
29 0 .00196
30 0 .00203
31 0 .00167
32 0 .00098
33 0 .00096
34 0 .00061
35 0 .00074
36 0 .00046
37 0 .00034
38 0 .00039
39 0 .00021
40 0 .0002
41 0 .00019
42 0 .00012
43 0 .00007
44 0 .00003
45 0 .00001
46 0 .00001
47 0 0
48 0 0
49 0 0
50 0 0
51 0 0
100 0 0
*parity 2 married
birth 1 F married 2
14 0 0
15 0 0
16 0 .00001
17 0 .00003
18 0 .01048
19 0 .08214
20 0 .02403
21 0 .03416
22 0 .04676
23 0 .04393
24 0 .05188
25 0 .03685
26 0 .03541
27 0 .02787
28 0 .02105
29 0 .0203
30 0 .01891
31 0 .01655
32 0 .01542
33 0 .01334
34 0 .01258
35 0 .00992
36 0 .00953
37 0 .00892
38 0 .00759
39 0 .00717
40 0 .00611
41 0 .00494
42 0 .0036
43 0 .00299
44 0 .00204
45 0 .00143
46 0 .00092
47 0 .0006
48 0 .00036
49 0 .00019
50 0 .00011
51 0 .00004
100 0 0
*parity 2 single
birth 1 F single 2
14 0 0
15 0 0
16 0 0
17 0 0
18 0 0
19 0 .00066
20 0 .0008
21 0 .00035
22 0 .0002
23 0 .00017
24 0 .00016
25 0 .00012
26 0 .00011
27 0 .00015
28 0 .00013
29 0 .00012
30 0 .00011
31 0 .00013
32 0 .0001
33 0 .00011
34 0 .00015
35 0 .00017
36 0 .00015
37 0 .00016
38 0 .00017
39 0 .00013
40 0 .00012
41 0 .00012
42 0 .00008
43 0 .00006
44 0 .00005
45 0 .00003
46 0 .00002
47 0 .00002
48 0 .00001
49 0 0
50 0 0
51 0 0
100 0 0
*parity 2 widowed
birth 1 F widowed 2
14 0 0
15 0 0
16 0 0
17 0 0
18 0 0
19 0 0
20 0 .00001
21 0 .00002
22 0 .02319
23 0 .00817
24 0 .03756
25 0 .00417
26 0 .0057
27 0 .00537
28 0 .0104
29 0 .00288
30 0 .00358
31 0 .00153
32 0 .00148
33 0 .00122
34 0 .00087
35 0 .00093
36 0 .00076
37 0 .00052
38 0 .00058
39 0 .00038
40 0 .00033
41 0 .00023
42 0 .00019
43 0 .00011
44 0 .00011
45 0 .00007
46 0 .00004
47 0 .00002
48 0 .00002
49 0 .00001
50 0 0
51 0 0
100 0 0
*parity 2 divorced
birth 1 F divorced 2
14 0 0
15 0 0
16 0 0
17 0 0
18 0 0
19 0 0
20 0 .00001
21 0 .00002
22 0 .02319
23 0 .00817
24 0 .03756
25 0 .00417
26 0 .0057
27 0 .00537
28 0 .0104
29 0 .00288
30 0 .00358
31 0 .00153
32 0 .00148
33 0 .00122
34 0 .00087
35 0 .00093
36 0 .00076
37 0 .00052
38 0 .00058
39 0 .00038
40 0 .00033
41 0 .00023
42 0 .00019
43 0 .00011
44 0 .00011
45 0 .00007
46 0 .00004
47 0 .00002
48 0 .00002
49 0 .00001
50 0 0
51 0 0
100 0 0
