*parity 0 married
birth 1 F married 0
14 0 0
15 0 .00016
16 0 .00068
17 0 .03319
18 0 .02227
19 0 .02355
20 0 .02436
21 0 .02845
22 0 .0345
23 0 .03096
24 0 .03173
25 0 .03066
26 0 .02548
27 0 .02
28 0 .01785
29 0 .02063
30 0 .0167
31 0 .01691
32 0 .016
33 0 .01638
34 0 .00917
35 0 .00709
36 0 .00465
37 0 .00294
38 0 .00241
39 0 .00185
40 0 .0012
41 0 .00079
42 0 .00054
43 0 .00029
44 0 .00019
45 0 .00011
46 0 .00006
47 0 .00003
48 0 .00001
49 0 .00001
50 0 0
51 0 0
100 0 0
*parity 0 single
birth 1 F single 0
14 0 0
15 0 .00006
16 0 .00026
17 0 .00053
18 0 .00099
19 0 .00154
20 0 .00203
21 0 .00223
22 0 .00243
23 0 .00243
24 0 .00255
25 0 .00264
26 0 .00278
27 0 .00298
28 0 .00322
29 0 .00294
30 0 .00334
31 0 .00333
32 0 .00327
33 0 .00278
34 0 .00372
35 0 .00272
36 0 .0024
37 0 .0026
38 0 .00211
39 0 .00172
40 0 .00202
41 0 .00124
42 0 .00088
43 0 .0007
44 0 .00048
45 0 .00025
46 0 .00016
47 0 .00008
48 0 .00004
49 0 .00001
50 0 0
51 0 0
100 0 0
*parity 0 widowed
birth 1 F widowed 0
14 0 0
15 0 .00004
16 0 .00015
17 0 .31324
18 0 1.6897
19 0 1.06939
20 0 .00085
21 0 .62823
22 0 .46889
23 0 .70593
24 0 .0007
25 0 .00063
26 0 .16161
27 0 .00051
28 0 .21323
29 0 .21809
30 0 .58995
31 0 .16472
32 0 .39851
33 0 .15957
34 0 .26991
35 0 .05061
36 0 .01522
37 0 .00999
38 0 .00966
39 0 .00376
40 0 .00146
41 0 .00082
42 0 .00047
43 0 .00035
44 0 .00013
45 0 .00009
46 0 .00003
47 0 .00002
48 0 .00001
49 0 0
50 0 0
51 0 0
100 0 0
*parity 0 divorced
birth 1 F divorced 0
14 0 0
15 0 .00004
16 0 .00015
17 0 .31324
18 0 1.6897
19 0 1.06939
20 0 .00085
21 0 .62823
22 0 .46889
23 0 .70593
24 0 .0007
25 0 .00063
26 0 .16161
27 0 .00051
28 0 .21323
29 0 .21809
30 0 .58995
31 0 .16472
32 0 .39851
33 0 .15957
34 0 .26991
35 0 .05061
36 0 .01522
37 0 .00999
38 0 .00966
39 0 .00376
40 0 .00146
41 0 .00082
42 0 .00047
43 0 .00035
44 0 .00013
45 0 .00009
46 0 .00003
47 0 .00002
48 0 .00001
49 0 0
50 0 0
51 0 0
100 0 0
*parity 1 married
birth 1 F married 1
14 0 0
15 0 0
16 0 .00004
17 0 .23432
18 0 .09782
19 0 .06015
20 0 .03772
21 0 .02126
22 0 .01541
23 0 .0159
24 0 .01526
25 0 .01591
26 0 .01532
27 0 .01836
28 0 .02108
29 0 .02955
30 0 .04236
31 0 .48
32 0 1
33 0 .00123
34 0 .59822
35 0 .45552
36 0 1
37 0 .17424
38 0 .6449
39 0 .52383
40 0 .11829
41 0 .05858
42 0 .07597
43 0 .09106
44 0 .0498
45 0 .02655
46 0 .00711
47 0 .00666
48 0 .00144
49 0 .00023
50 0 .00004
51 0 .00002
100 0 0
*parity 1 single
birth 1 F single 1
14 0 0
15 0 0
16 0 .00002
17 0 .04458
18 0 .03065
19 0 .04577
20 0 .05848
21 0 .06091
22 0 .05862
23 0 .04601
24 0 .06374
25 0 .05965
26 0 .15487
27 0 .16008
28 0 .13367
29 0 1
30 0 .1379
31 0 .5479
32 0 .92977
33 0 .19526
34 0 .22762
35 0 .25998
36 0 .21503
37 0 .08287
38 0 .06134
39 0 .09966
40 0 .06751
41 0 .04458
42 0 .05781
43 0 .03465
44 0 .01895
45 0 .00001
46 0 .00541
47 0 0
48 0 0
49 0 .00034
50 0 0
51 0 .00007
100 0 0
*parity 1 widowed
birth 1 F widowed 1
14 0 0
15 0 0
16 0 .00001
17 0 .00003
18 0 .02585
19 0 .02488
20 0 .03481
21 0 .07251
22 0 .04885
23 0 .1222
24 0 .07416
25 0 .37286
26 0 .43022
27 0 .00054
28 0 .95483
29 0 .77644
30 0 .36939
31 0 .04077
32 0 .18449
33 0 .46493
34 0 .20324
35 0 .30951
36 0 .08533
37 0 .04933
38 0 .02921
39 0 .05932
40 0 .02679
41 0 .01769
42 0 .0086
43 0 .00001
44 0 .00376
45 0 .00601
46 0 0
47 0 .00151
48 0 .00016
49 0 .0001
50 0 .00003
51 0 .00001
100 0 0
*parity 1 divorced
birth 1 F divorced 1
14 0 0
15 0 0
16 0 .00001
17 0 .00003
18 0 .02585
19 0 .02488
20 0 .03481
21 0 .07251
22 0 .04885
23 0 .1222
24 0 .07416
25 0 .37286
26 0 .43022
27 0 .00054
28 0 .95483
29 0 .77644
30 0 .36939
31 0 .04077
32 0 .18449
33 0 .46493
34 0 .20324
35 0 .30951
36 0 .08533
37 0 .04933
38 0 .02921
39 0 .05932
40 0 .02679
41 0 .01769
42 0 .0086
43 0 .00001
44 0 .00376
45 0 .00601
46 0 0
47 0 .00151
48 0 .00016
49 0 .0001
50 0 .00003
51 0 .00001
100 0 0
*parity 2 married
birth 1 F married 2
14 0 0
15 0 0
16 0 0
17 0 .00001
18 0 .00361
19 0 .00398
20 0 .00619
21 0 .01249
22 0 .01283
23 0 .01379
24 0 .0119
25 0 .01015
26 0 .0094
27 0 .00825
28 0 .00763
29 0 .00651
30 0 .00569
31 0 .005
32 0 .00438
33 0 .00419
34 0 .00387
35 0 .00372
36 0 .00349
37 0 .00323
38 0 .00285
39 0 .00244
40 0 .00228
41 0 .00181
42 0 .00134
43 0 .00106
44 0 .00078
45 0 .00048
46 0 .00033
47 0 .00019
48 0 .00011
49 0 .00005
50 0 .00002
51 0 .00001
100 0 0
*parity 2 single
birth 1 F single 2
14 0 0
15 0 0
16 0 0
17 0 0
18 0 .07143
19 0 .01012
20 0 .0119
21 0 .01577
22 0 .01594
23 0 .01642
24 0 .01667
25 0 .01843
26 0 .02094
27 0 .01822
28 0 .01869
29 0 .02079
30 0 .02606
31 0 .02018
32 0 .02174
33 0 .0265
34 0 .02701
35 0 .03337
36 0 .04427
37 0 .04333
38 0 .05356
39 0 .04739
40 0 .0544
41 0 .04386
42 0 .03617
43 0 .09426
44 0 .03189
45 0 .12443
46 0 .0131
47 0 .01114
48 0 .00806
49 0 .00001
50 0 .00116
51 0 .00092
100 0 0
*parity 2 widowed
birth 1 F widowed 2
14 0 0
15 0 0
16 0 0
17 0 0
18 0 .00001
19 0 .02863
20 0 .01008
21 0 .01118
22 0 .0106
23 0 .01339
24 0 .01152
25 0 .00961
26 0 .00839
27 0 .00727
28 0 .00589
29 0 .00556
30 0 .00506
31 0 .0042
32 0 .00423
33 0 .00312
34 0 .00283
35 0 .00237
36 0 .00211
37 0 .00181
38 0 .00154
39 0 .00134
40 0 .00096
41 0 .00076
42 0 .00061
43 0 .00039
44 0 .00029
45 0 .0002
46 0 .00011
47 0 .00006
48 0 .00003
49 0 .00002
50 0 .00001
51 0 0
100 0 0
*parity 2 divorced
birth 1 F divorced 2
14 0 0
15 0 0
16 0 0
17 0 0
18 0 .00001
19 0 .02863
20 0 .01008
21 0 .01118
22 0 .0106
23 0 .01339
24 0 .01152
25 0 .00961
26 0 .00839
27 0 .00727
28 0 .00589
29 0 .00556
30 0 .00506
31 0 .0042
32 0 .00423
33 0 .00312
34 0 .00283
35 0 .00237
36 0 .00211
37 0 .00181
38 0 .00154
39 0 .00134
40 0 .00096
41 0 .00076
42 0 .00061
43 0 .00039
44 0 .00029
45 0 .0002
46 0 .00011
47 0 .00006
48 0 .00003
49 0 .00002
50 0 .00001
51 0 0
100 0 0
