*parity 0 married
birth 1 F married 0
14 0 0
15 0 .00011
16 0 .00044
17 0 .0419
18 0 .02835
19 0 .03349
20 0 .03084
21 0 .047
22 0 .05575
23 0 .02885
24 0 .02901
25 0 .02501
26 0 .02548
27 0 .01973
28 0 .02089
29 0 .01695
30 0 .01258
31 0 .00785
32 0 .00611
33 0 .00404
34 0 .00306
35 0 .00234
36 0 .00174
37 0 .00142
38 0 .00116
39 0 .00082
40 0 .00064
41 0 .00043
42 0 .00032
43 0 .00022
44 0 .00013
45 0 .00008
46 0 .00005
47 0 .00003
48 0 .00001
49 0 0
50 0 0
51 0 0
100 0 0
*parity 0 single
birth 1 F single 0
14 0 0
15 0 .00013
16 0 .00052
17 0 .00102
18 0 .00177
19 0 .00255
20 0 .00315
21 0 .00347
22 0 .00364
23 0 .00362
24 0 .00373
25 0 .00373
26 0 .00394
27 0 .00396
28 0 .00409
29 0 .00421
30 0 .00436
31 0 .00446
32 0 .00436
33 0 .00469
34 0 .00492
35 0 .0051
36 0 .00535
37 0 .00569
38 0 .00508
39 0 .00405
40 0 .00406
41 0 .00303
42 0 .00255
43 0 .00265
44 0 .00218
45 0 .00123
46 0 .00101
47 0 .00078
48 0 .0003
49 0 .00007
50 0 .00002
51 0 .00002
100 0 0
*parity 0 widowed
birth 1 F widowed 0
14 0 0
15 0 .00002
16 0 .0001
17 0 .56347
18 0 .95966
19 0 .00043
20 0 1.46545
21 0 1.5169
22 0 1.39949
23 0 .40953
24 0 .56237
25 0 .00038
26 0 .4511
27 0 .8313
28 0 .1592
29 0 .00026
30 0 .00023
31 0 .08883
32 0 .10092
33 0 .05034
34 0 .01173
35 0 .00891
36 0 .0038
37 0 .00264
38 0 .00158
39 0 .00081
40 0 .00063
41 0 .00032
42 0 .00021
43 0 .00013
44 0 .00008
45 0 .00005
46 0 .00002
47 0 .00001
48 0 .00001
49 0 0
50 0 0
51 0 0
100 0 0
*parity 0 divorced
birth 1 F divorced 0
14 0 0
15 0 .00002
16 0 .0001
17 0 .56347
18 0 .95966
19 0 .00043
20 0 1.46545
21 0 1.5169
22 0 1.39949
23 0 .40953
24 0 .56237
25 0 .00038
26 0 .4511
27 0 .8313
28 0 .1592
29 0 .00026
30 0 .00023
31 0 .08883
32 0 .10092
33 0 .05034
34 0 .01173
35 0 .00891
36 0 .0038
37 0 .00264
38 0 .00158
39 0 .00081
40 0 .00063
41 0 .00032
42 0 .00021
43 0 .00013
44 0 .00008
45 0 .00005
46 0 .00002
47 0 .00001
48 0 .00001
49 0 0
50 0 0
51 0 0
100 0 0
*parity 1 married
birth 1 F married 1
14 0 0
15 0 0
16 0 .00002
17 0 .00009
18 0 .01645
19 0 .01679
20 0 .01714
21 0 .01397
22 0 .01224
23 0 .01693
24 0 .01643
25 0 .01752
26 0 .01529
27 0 .01568
28 0 .01439
29 0 .01391
30 0 .01303
31 0 .01383
32 0 .01267
33 0 .01192
34 0 .01136
35 0 .00861
36 0 .00811
37 0 .00657
38 0 .00409
39 0 .00289
40 0 .00209
41 0 .00159
42 0 .00093
43 0 .00059
44 0 .00037
45 0 .00024
46 0 .00014
47 0 .00006
48 0 .00003
49 0 .00001
50 0 0
51 0 0
100 0 0
*parity 1 single
birth 1 F single 1
14 0 0
15 0 0
16 0 .0219
17 0 .03123
18 0 .02166
19 0 .02821
20 0 .04556
21 0 .03619
22 0 .03358
23 0 .03622
24 0 .03184
25 0 .02946
26 0 .0292
27 0 .02974
28 0 .04092
29 0 .03401
30 0 .0311
31 0 .03622
32 0 .05872
33 0 .11792
34 0 .12669
35 0 .08146
36 0 .15108
37 0 .21146
38 0 1
39 0 .25713
40 0 .55168
41 0 .09278
42 0 .061
43 0 .06925
44 0 .0846
45 0 .04078
46 0 .02078
47 0 0
48 0 0
49 0 .00123
50 0 0
51 0 0
100 0 0
*parity 1 widowed
birth 1 F widowed 1
14 0 0
15 0 0
16 0 .00001
17 0 .00002
18 0 .04147
19 0 .02791
20 0 .06435
21 0 .14274
22 0 .07657
23 0 .07398
24 0 .92059
25 0 .0557
26 0 .02742
27 0 .02232
28 0 .03646
29 0 .01711
30 0 .01024
31 0 .0116
32 0 .01079
33 0 .00621
34 0 .00699
35 0 .00505
36 0 .00339
37 0 .00215
38 0 .00124
39 0 .00085
40 0 .00051
41 0 .00036
42 0 .00021
43 0 .0001
44 0 .00008
45 0 .00004
46 0 .00002
47 0 .00001
48 0 0
49 0 0
50 0 0
51 0 0
100 0 0
*parity 1 divorced
birth 1 F divorced 1
14 0 0
15 0 0
16 0 .00001
17 0 .00002
18 0 .04147
19 0 .02791
20 0 .06435
21 0 .14274
22 0 .07657
23 0 .07398
24 0 .92059
25 0 .0557
26 0 .02742
27 0 .02232
28 0 .03646
29 0 .01711
30 0 .01024
31 0 .0116
32 0 .01079
33 0 .00621
34 0 .00699
35 0 .00505
36 0 .00339
37 0 .00215
38 0 .00124
39 0 .00085
40 0 .00051
41 0 .00036
42 0 .00021
43 0 .0001
44 0 .00008
45 0 .00004
46 0 .00002
47 0 .00001
48 0 0
49 0 0
50 0 0
51 0 0
100 0 0
*parity 2 married
birth 1 F married 2
14 0 0
15 0 0
16 0 0
17 0 .00001
18 0 .00003
19 0 .01656
20 0 .01384
21 0 .01463
22 0 .01092
23 0 .01132
24 0 .00993
25 0 .01114
26 0 .01063
27 0 .00961
28 0 .00809
29 0 .00824
30 0 .00723
31 0 .00607
32 0 .00533
33 0 .0044
34 0 .00386
35 0 .00348
36 0 .00293
37 0 .00267
38 0 .0023
39 0 .0021
40 0 .00175
41 0 .00137
42 0 .00103
43 0 .00075
44 0 .00054
45 0 .00036
46 0 .00021
47 0 .00012
48 0 .00007
49 0 .00003
50 0 .00001
51 0 .00001
100 0 0
*parity 2 single
birth 1 F single 2
14 0 0
15 0 0
16 0 0
17 0 .00859
18 0 .01879
19 0 .01831
20 0 .01339
21 0 .01131
22 0 .0146
23 0 .01422
24 0 .01468
25 0 .01313
26 0 .01213
27 0 .01184
28 0 .01077
29 0 .00987
30 0 .01021
31 0 .01013
32 0 .00988
33 0 .01088
34 0 .01063
35 0 .01098
36 0 .01203
37 0 .01068
38 0 .01212
39 0 .01223
40 0 .01099
41 0 .01101
42 0 .00957
43 0 .00738
44 0 .00771
45 0 .00469
46 0 .00341
47 0 .00238
48 0 .00133
49 0 .00054
50 0 .00029
51 0 .00013
100 0 0
*parity 2 widowed
birth 1 F widowed 2
14 0 0
15 0 0
16 0 0
17 0 0
18 0 .00001
19 0 .01578
20 0 .01334
21 0 .01038
22 0 .00814
23 0 .01243
24 0 .0073
25 0 .00755
26 0 .00562
27 0 .00604
28 0 .00459
29 0 .004
30 0 .0037
31 0 .00299
32 0 .00237
33 0 .00206
34 0 .00174
35 0 .00145
36 0 .00129
37 0 .00099
38 0 .00085
39 0 .00069
40 0 .00053
41 0 .00039
42 0 .00029
43 0 .0002
44 0 .00013
45 0 .00008
46 0 .00004
47 0 .00002
48 0 .00001
49 0 .00001
50 0 0
51 0 0
100 0 0
*parity 2 divorced
birth 1 F divorced 2
14 0 0
15 0 0
16 0 0
17 0 0
18 0 .00001
19 0 .01578
20 0 .01334
21 0 .01038
22 0 .00814
23 0 .01243
24 0 .0073
25 0 .00755
26 0 .00562
27 0 .00604
28 0 .00459
29 0 .004
30 0 .0037
31 0 .00299
32 0 .00237
33 0 .00206
34 0 .00174
35 0 .00145
36 0 .00129
37 0 .00099
38 0 .00085
39 0 .00069
40 0 .00053
41 0 .00039
42 0 .00029
43 0 .0002
44 0 .00013
45 0 .00008
46 0 .00004
47 0 .00002
48 0 .00001
49 0 .00001
50 0 0
51 0 0
100 0 0
