*parity 0 married
birth 1 F married 0
14 0 0
15 0 .00008
16 0 .00032
17 0 .05556
18 0 .04042
19 0 .05041
20 0 .05045
21 0 .04852
22 0 .0561
23 0 .07345
24 0 .06644
25 0 .05824
26 0 .12566
27 0 .0716
28 0 .06928
29 0 .04084
30 0 .06527
31 0 .07972
32 0 .0746
33 0 .06223
34 0 .04394
35 0 .02242
36 0 .00663
37 0 .00329
38 0 .00191
39 0 .00107
40 0 .00063
41 0 .00039
42 0 .00028
43 0 .00016
44 0 .0001
45 0 .00005
46 0 .00003
47 0 .00002
48 0 .00001
49 0 0
50 0 0
51 0 0
100 0 0
*parity 0 single
birth 1 F single 0
14 0 0
15 0 .00016
16 0 .00067
17 0 .00128
18 0 .00215
19 0 .00306
20 0 .00371
21 0 .00403
22 0 .00414
23 0 .00406
24 0 .00412
25 0 .00408
26 0 .00417
27 0 .00404
28 0 .00412
29 0 .00387
30 0 .00361
31 0 .00322
32 0 .00291
33 0 .00245
34 0 .00199
35 0 .00178
36 0 .00155
37 0 .00137
38 0 .00117
39 0 .00101
40 0 .00077
41 0 .00066
42 0 .00043
43 0 .0003
44 0 .00021
45 0 .00013
46 0 .00009
47 0 .00005
48 0 .00002
49 0 .00001
50 0 0
51 0 0
100 0 0
*parity 0 widowed
birth 1 F widowed 0
14 0 0
15 0 .00001
16 0 .00006
17 0 .00011
18 0 .28269
19 0 .76072
20 0 .87279
21 0 .00029
22 0 .00027
23 0 .40553
24 0 .00024
25 0 .69671
26 0 .67066
27 0 .00019
28 0 .00018
29 0 .00016
30 0 .20421
31 0 .00012
32 0 .28831
33 0 .00008
34 0 .00006
35 0 .15683
36 0 .02564
37 0 .04818
38 0 .0057
39 0 .01255
40 0 .00229
41 0 .001
42 0 .00066
43 0 .00035
44 0 .00014
45 0 .00007
46 0 .00003
47 0 .00002
48 0 .00001
49 0 0
50 0 0
51 0 0
100 0 0
*parity 0 divorced
birth 1 F divorced 0
14 0 0
15 0 .00001
16 0 .00006
17 0 .00011
18 0 .28269
19 0 .76072
20 0 .87279
21 0 .00029
22 0 .00027
23 0 .40553
24 0 .00024
25 0 .69671
26 0 .67066
27 0 .00019
28 0 .00018
29 0 .00016
30 0 .20421
31 0 .00012
32 0 .28831
33 0 .00008
34 0 .00006
35 0 .15683
36 0 .02564
37 0 .04818
38 0 .0057
39 0 .01255
40 0 .00229
41 0 .001
42 0 .00066
43 0 .00035
44 0 .00014
45 0 .00007
46 0 .00003
47 0 .00002
48 0 .00001
49 0 0
50 0 0
51 0 0
100 0 0
*parity 1 married
birth 1 F married 1
14 0 0
15 0 0
16 0 .00002
17 0 .00006
18 0 .04725
19 0 .02335
20 0 .01573
21 0 .0175
22 0 .01859
23 0 .01794
24 0 .02129
25 0 .01766
26 0 .01457
27 0 .01545
28 0 .01819
29 0 .01913
30 0 .01468
31 0 .01208
32 0 .01232
33 0 .01067
34 0 .00773
35 0 .00571
36 0 .00449
37 0 .00398
38 0 .00263
39 0 .00232
40 0 .00181
41 0 .00091
42 0 .00064
43 0 .00035
44 0 .0002
45 0 .00014
46 0 .00008
47 0 .00003
48 0 .00001
49 0 0
50 0 0
51 0 0
100 0 0
*parity 1 single
birth 1 F single 1
14 0 0
15 0 0
16 0 .03586
17 0 .02968
18 0 .02935
19 0 .02825
20 0 .03025
21 0 .03031
22 0 .02428
23 0 .02412
24 0 .0236
25 0 .02772
26 0 .02503
27 0 .02674
28 0 .02228
29 0 .02804
30 0 .0234
31 0 .02139
32 0 .0194
33 0 .01588
34 0 .01739
35 0 .01608
36 0 .018
37 0 .01774
38 0 .01298
39 0 .01228
40 0 .01288
41 0 .00997
42 0 .00711
43 0 .00455
44 0 .00213
45 0 .0027
46 0 .00098
47 0 .00045
48 0 .00023
49 0 .00011
50 0 .00003
51 0 .00001
100 0 0
*parity 1 widowed
birth 1 F widowed 1
14 0 0
15 0 0
16 0 0
17 0 .00001
18 0 .09564
19 0 .03782
20 0 .06021
21 0 .14061
22 0 .12403
23 0 .19264
24 0 .15278
25 0 .60782
26 0 .20648
27 0 .12056
28 0 .29634
29 0 .49644
30 0 .11954
31 0 .10503
32 0 .38103
33 0 .08393
34 0 .00009
35 0 .04644
36 0 .02114
37 0 .0711
38 0 .01437
39 0 .00334
40 0 .00355
41 0 .0018
42 0 .00053
43 0 .00041
44 0 .00026
45 0 .00012
46 0 .00006
47 0 .00002
48 0 .00001
49 0 0
50 0 0
51 0 0
100 0 0
*parity 1 divorced
birth 1 F divorced 1
14 0 0
15 0 0
16 0 0
17 0 .00001
18 0 .09564
19 0 .03782
20 0 .06021
21 0 .14061
22 0 .12403
23 0 .19264
24 0 .15278
25 0 .60782
26 0 .20648
27 0 .12056
28 0 .29634
29 0 .49644
30 0 .11954
31 0 .10503
32 0 .38103
33 0 .08393
34 0 .00009
35 0 .04644
36 0 .02114
37 0 .0711
38 0 .01437
39 0 .00334
40 0 .00355
41 0 .0018
42 0 .00053
43 0 .00041
44 0 .00026
45 0 .00012
46 0 .00006
47 0 .00002
48 0 .00001
49 0 0
50 0 0
51 0 0
100 0 0
*parity 2 married
birth 1 F married 2
14 0 0
15 0 0
16 0 0
17 0 .00001
18 0 .0039
19 0 .00497
20 0 .01142
21 0 .01169
22 0 .01173
23 0 .01182
24 0 .00994
25 0 .00933
26 0 .00969
27 0 .00858
28 0 .00785
29 0 .00698
30 0 .00651
31 0 .00592
32 0 .00535
33 0 .00477
34 0 .0043
35 0 .00377
36 0 .00304
37 0 .00234
38 0 .002
39 0 .00157
40 0 .00121
41 0 .00087
42 0 .00068
43 0 .00047
44 0 .00032
45 0 .0002
46 0 .00011
47 0 .00007
48 0 .00003
49 0 .00002
50 0 .00001
51 0 0
100 0 0
*parity 2 single
birth 1 F single 2
14 0 0
15 0 0
16 0 0
17 0 .01563
18 0 .01731
19 0 .01128
20 0 .01408
21 0 .0127
22 0 .01284
23 0 .01391
24 0 .01223
25 0 .01221
26 0 .01094
27 0 .01102
28 0 .01008
29 0 .00921
30 0 .00915
31 0 .00861
32 0 .00769
33 0 .00745
34 0 .00703
35 0 .006
36 0 .00569
37 0 .00511
38 0 .00494
39 0 .00436
40 0 .00412
41 0 .00385
42 0 .00265
43 0 .00218
44 0 .00181
45 0 .00131
46 0 .00078
47 0 .00044
48 0 .00024
49 0 .00013
50 0 .00005
51 0 .00002
100 0 0
*parity 2 widowed
birth 1 F widowed 2
14 0 0
15 0 0
16 0 0
17 0 0
18 0 0
19 0 .03478
20 0 .03783
21 0 .02029
22 0 .01113
23 0 .01251
24 0 .01071
25 0 .01022
26 0 .00724
27 0 .00755
28 0 .00524
29 0 .00579
30 0 .0055
31 0 .00477
32 0 .00353
33 0 .00312
34 0 .00267
35 0 .0023
36 0 .00193
37 0 .0016
38 0 .00119
39 0 .00086
40 0 .00069
41 0 .00046
42 0 .00035
43 0 .00023
44 0 .00015
45 0 .00009
46 0 .00005
47 0 .00003
48 0 .00001
49 0 .00001
50 0 0
51 0 0
100 0 0
*parity 2 divorced
birth 1 F divorced 2
14 0 0
15 0 0
16 0 0
17 0 0
18 0 0
19 0 .03478
20 0 .03783
21 0 .02029
22 0 .01113
23 0 .01251
24 0 .01071
25 0 .01022
26 0 .00724
27 0 .00755
28 0 .00524
29 0 .00579
30 0 .0055
31 0 .00477
32 0 .00353
33 0 .00312
34 0 .00267
35 0 .0023
36 0 .00193
37 0 .0016
38 0 .00119
39 0 .00086
40 0 .00069
41 0 .00046
42 0 .00035
43 0 .00023
44 0 .00015
45 0 .00009
46 0 .00005
47 0 .00003
48 0 .00001
49 0 .00001
50 0 0
51 0 0
100 0 0
