*parity 0 married
birth 1 F married 0
14 0 0
15 0 .00123
16 0 .00123
17 0 .04372
18 0 .0363
19 0 .04514
20 0 .04471
21 0 .075
22 0 .07278
23 0 .06924
24 0 .07448
25 0 .04828
26 0 .02779
27 0 .00947
28 0 .0035
29 0 .00074
30 0 0
31 0 .00029
32 0 .00181
33 0 .004
34 0 .00786
35 0 .0092
36 0 .01398
37 0 .01514
38 0 .01989
39 0 .01648
40 0 .0256
41 0 .02457
42 0 .02624
43 0 .02945
44 0 .02095
45 0 .02498
46 0 .03882
47 0 .02722
48 0 .02561
49 0 .03003
50 0 .0196
51 0 .05314
100 0 0
*parity 0 single
birth 1 F single 0
14 0 0
15 0 .00005
16 0 .00005
17 0 .00008
18 0 .00016
19 0 .00028
20 0 .00045
21 0 .00054
22 0 .00064
23 0 .0007
24 0 .00061
25 0 .00053
26 0 .0005
27 0 .00042
28 0 .0002
29 0 .00004
30 0 0
31 0 .00005
32 0 .00018
33 0 .00061
34 0 .00164
35 0 .00105
36 0 .00288
37 0 .00276
38 0 .00346
39 0 .00316
40 0 .02258
41 0 .00788
42 0 .00005
43 0 .02243
44 0 .00005
45 0 .00834
46 0 .00428
47 0 .00273
48 0 .00582
49 0 .00205
50 0 .0033
51 0 .00128
100 0 0
*parity 0 widowed
birth 1 F widowed 0
14 0 0
15 0 .00007
16 0 .00007
17 0 .00011
18 0 .19649
19 0 .30742
20 0 .09824
21 0 .14553
22 0 .39401
23 0 .1592
24 0 .0896
25 0 .17142
26 0 .03829
27 0 .00606
28 0 .00865
29 0 .00052
30 0 0
31 0 .00016
32 0 .00083
33 0 .00144
34 0 .00154
35 0 .00459
36 0 .00326
37 0 .00328
38 0 .00602
39 0 .01031
40 0 .00234
41 0 .01716
42 0 .00535
43 0 .01086
44 0 .00224
45 0 .00242
46 0 .00311
47 0 .00208
48 0 .00127
49 0 .00149
50 0 .002
51 0 .00174
100 0 0
*parity 0 divorced
birth 1 F divorced 0
14 0 0
15 0 .00007
16 0 .00007
17 0 .00011
18 0 .19649
19 0 .30742
20 0 .09824
21 0 .14553
22 0 .39401
23 0 .1592
24 0 .0896
25 0 .17142
26 0 .03829
27 0 .00606
28 0 .00865
29 0 .00052
30 0 0
31 0 .00016
32 0 .00083
33 0 .00144
34 0 .00154
35 0 .00459
36 0 .00326
37 0 .00328
38 0 .00602
39 0 .01031
40 0 .00234
41 0 .01716
42 0 .00535
43 0 .01086
44 0 .00224
45 0 .00242
46 0 .00311
47 0 .00208
48 0 .00127
49 0 .00149
50 0 .002
51 0 .00174
100 0 0
*parity 1 married
birth 1 F married 1
14 0 0
15 0 .00133
16 0 .00138
17 0 .00156
18 0 .10402
19 0 .05473
20 0 .08524
21 0 .08693
22 0 .10573
23 0 .09282
24 0 .13026
25 0 .15342
26 0 .11037
27 0 .06234
28 0 .0433
29 0 .01983
30 0 .01927
31 0 .01284
32 0 .01099
33 0 .00806
34 0 .00931
35 0 .01106
36 0 .01542
37 0 .01305
38 0 .01923
39 0 .02221
40 0 .02197
41 0 .01304
42 0 .027
43 0 .02592
44 0 .03591
45 0 .03002
46 0 .02386
47 0 .036
48 0 .02423
49 0 .0232
50 0 .01525
51 0 .0368
100 0 0
*parity 1 single
birth 1 F single 1
14 0 0
15 0 .00005
16 0 .05658
17 0 .03065
18 0 .00009
19 0 .00013
20 0 .00985
21 0 .00432
22 0 .0024
23 0 .00205
24 0 .00184
25 0 .00168
26 0 .00132
27 0 .00132
28 0 .00148
29 0 .00133
30 0 .00088
31 0 .00062
32 0 .00076
33 0 .00116
34 0 .001
35 0 .00115
36 0 .00171
37 0 .00194
38 0 .00559
39 0 .03027
40 0 .01189
41 0 .01229
42 0 .02273
43 0 .00327
44 0 .00468
45 0 .02527
46 0 .00005
47 0 .00249
48 0 .0035
49 0 .02046
50 0 .00236
51 0 .00148
100 0 0
*parity 1 widowed
birth 1 F widowed 1
14 0 0
15 0 .00008
16 0 .00008
17 0 .00009
18 0 .00012
19 0 .17523
20 0 .04863
21 0 .06275
22 0 .04231
23 0 .04631
24 0 .10868
25 0 .1295
26 0 .0257
27 0 .06532
28 0 .10334
29 0 .02078
30 0 .01374
31 0 .0099
32 0 .00288
33 0 .00159
34 0 .00277
35 0 .00408
36 0 .00323
37 0 .00329
38 0 .00203
39 0 .00879
40 0 .00266
41 0 .00255
42 0 .0033
43 0 .00332
44 0 .00388
45 0 .00262
46 0 .00227
47 0 .00442
48 0 .00282
49 0 .0033
50 0 .00342
51 0 .00232
100 0 0
*parity 1 divorced
birth 1 F divorced 1
14 0 0
15 0 .00008
16 0 .00008
17 0 .00009
18 0 .00012
19 0 .17523
20 0 .04863
21 0 .06275
22 0 .04231
23 0 .04631
24 0 .10868
25 0 .1295
26 0 .0257
27 0 .06532
28 0 .10334
29 0 .02078
30 0 .01374
31 0 .0099
32 0 .00288
33 0 .00159
34 0 .00277
35 0 .00408
36 0 .00323
37 0 .00329
38 0 .00203
39 0 .00879
40 0 .00266
41 0 .00255
42 0 .0033
43 0 .00332
44 0 .00388
45 0 .00262
46 0 .00227
47 0 .00442
48 0 .00282
49 0 .0033
50 0 .00342
51 0 .00232
100 0 0
*parity 2 married
birth 1 F married 2
14 0 0
15 0 .00133
16 0 .00134
17 0 .00136
18 0 .00149
19 0 .09703
20 0 .04607
21 0 .0354
22 0 .0307
23 0 .02993
24 0 .03271
25 0 .03039
26 0 .02942
27 0 .0259
28 0 .02468
29 0 .0255
30 0 .02443
31 0 .02242
32 0 .02027
33 0 .01907
34 0 .01748
35 0 .01778
36 0 .01605
37 0 .01517
38 0 .01404
39 0 .01312
40 0 .01133
41 0 .00916
42 0 .00725
43 0 .00624
44 0 .00559
45 0 .00452
46 0 .00398
47 0 .00368
48 0 .00298
49 0 .00325
50 0 .00315
51 0 .00316
100 0 0
*parity 2 single
birth 1 F single 2
14 0 0
15 0 .00005
16 0 .00005
17 0 .05352
18 0 .05829
19 0 .07001
20 0 .008
21 0 .01114
22 0 .02778
23 0 .00893
24 0 .00588
25 0 .00563
26 0 .00445
27 0 .00527
28 0 .00446
29 0 .00359
30 0 .00366
31 0 .00325
32 0 .00308
33 0 .00288
34 0 .00296
35 0 .00275
36 0 .00271
37 0 .00273
38 0 .00251
39 0 .00223
40 0 .00303
41 0 .0036
42 0 .00196
43 0 .00241
44 0 .0019
45 0 .00146
46 0 .00067
47 0 .00053
48 0 .00086
49 0 .0006
50 0 .00036
51 0 .00024
100 0 0
*parity 2 widowed
birth 1 F widowed 2
14 0 0
15 0 .00008
16 0 .00008
17 0 .00008
18 0 .00009
19 0 .00011
20 0 .03486
21 0 .1051
22 0 .04706
23 0 .08755
24 0 .02425
25 0 .02963
26 0 .02617
27 0 .02065
28 0 .01441
29 0 .01163
30 0 .01077
31 0 .01242
32 0 .00905
33 0 .00653
34 0 .00667
35 0 .00498
36 0 .00399
37 0 .00451
38 0 .00333
39 0 .00255
40 0 .00236
41 0 .00209
42 0 .0017
43 0 .00101
44 0 .00081
45 0 .0007
46 0 .00059
47 0 .00051
48 0 .00051
49 0 .00034
50 0 .00054
51 0 .0006
100 0 0
*parity 2 divorced
birth 1 F divorced 2
14 0 0
15 0 .00008
16 0 .00008
17 0 .00008
18 0 .00009
19 0 .00011
20 0 .03486
21 0 .1051
22 0 .04706
23 0 .08755
24 0 .02425
25 0 .02963
26 0 .02617
27 0 .02065
28 0 .01441
29 0 .01163
30 0 .01077
31 0 .01242
32 0 .00905
33 0 .00653
34 0 .00667
35 0 .00498
36 0 .00399
37 0 .00451
38 0 .00333
39 0 .00255
40 0 .00236
41 0 .00209
42 0 .0017
43 0 .00101
44 0 .00081
45 0 .0007
46 0 .00059
47 0 .00051
48 0 .00051
49 0 .00034
50 0 .00054
51 0 .0006
100 0 0
