*parity 0 married
birth 1 F married 0
14 0 0
15 0 .00018
16 0 .00073
17 0 .0574
18 0 .08851
19 0 .06846
20 0 .05771
21 0 .06343
22 0 .04551
23 0 .04312
24 0 .05372
25 0 .04726
26 0 .03264
27 0 .02684
28 0 .02353
29 0 .02544
30 0 .01956
31 0 .01619
32 0 .01004
33 0 .00544
34 0 .00367
35 0 .00272
36 0 .00185
37 0 .00142
38 0 .00103
39 0 .00076
40 0 .00052
41 0 .00034
42 0 .00022
43 0 .00015
44 0 .00009
45 0 .00005
46 0 .00003
47 0 .00002
48 0 .00001
49 0 0
50 0 0
51 0 0
100 0 0
*parity 0 single
birth 1 F single 0
14 0 0
15 0 .00006
16 0 .00024
17 0 .00045
18 0 .00075
19 0 .00107
20 0 .00131
21 0 .0014
22 0 .0014
23 0 .00141
24 0 .00136
25 0 .00136
26 0 .00134
27 0 .00136
28 0 .00129
29 0 .00129
30 0 .00114
31 0 .00109
32 0 .00101
33 0 .001
34 0 .00089
35 0 .00088
36 0 .00087
37 0 .00081
38 0 .00081
39 0 .0007
40 0 .00058
41 0 .00045
42 0 .0004
43 0 .00028
44 0 .00023
45 0 .00015
46 0 .00011
47 0 .00004
48 0 .00004
49 0 .00001
50 0 0
51 0 0
100 0 0
*parity 0 widowed
birth 1 F widowed 0
14 0 0
15 0 .00001
16 0 .00005
17 0 .08313
18 0 .13429
19 0 .0002
20 0 .20693
21 0 .06998
22 0 .00023
23 0 .0332
24 0 .18522
25 0 .08636
26 0 .0833
27 0 .0384
28 0 .02759
29 0 .04445
30 0 .01055
31 0 .01091
32 0 .0044
33 0 .00261
34 0 .0032
35 0 .00303
36 0 .00138
37 0 .00096
38 0 .00065
39 0 .00036
40 0 .00018
41 0 .00015
42 0 .00011
43 0 .00005
44 0 .00003
45 0 .00002
46 0 .00001
47 0 .00001
48 0 0
49 0 0
50 0 0
51 0 0
100 0 0
*parity 0 divorced
birth 1 F divorced 0
14 0 0
15 0 .00001
16 0 .00005
17 0 .08313
18 0 .13429
19 0 .0002
20 0 .20693
21 0 .06998
22 0 .00023
23 0 .0332
24 0 .18522
25 0 .08636
26 0 .0833
27 0 .0384
28 0 .02759
29 0 .04445
30 0 .01055
31 0 .01091
32 0 .0044
33 0 .00261
34 0 .0032
35 0 .00303
36 0 .00138
37 0 .00096
38 0 .00065
39 0 .00036
40 0 .00018
41 0 .00015
42 0 .00011
43 0 .00005
44 0 .00003
45 0 .00002
46 0 .00001
47 0 .00001
48 0 0
49 0 0
50 0 0
51 0 0
100 0 0
*parity 1 married
birth 1 F married 1
14 0 0
15 0 0
16 0 .00004
17 0 .00014
18 0 .0179
19 0 .01666
20 0 .0216
21 0 .02615
22 0 .03477
23 0 .03438
24 0 .03674
25 0 .06129
26 0 .07054
27 0 .04618
28 0 .04713
29 0 .03429
30 0 .04216
31 0 .04269
32 0 .02725
33 0 .02339
34 0 .02484
35 0 .03118
36 0 .01844
37 0 .01427
38 0 .00946
39 0 .00515
40 0 .00492
41 0 .00301
42 0 .00235
43 0 .00135
44 0 .00097
45 0 .00036
46 0 .00018
47 0 .00012
48 0 .00004
49 0 .00002
50 0 0
51 0 0
100 0 0
*parity 1 single
birth 1 F single 1
14 0 0
15 0 0
16 0 .00001
17 0 .00989
18 0 .01486
19 0 .03499
20 0 .01639
21 0 .01722
22 0 .02654
23 0 .01872
24 0 .02549
25 0 .02235
26 0 .02943
27 0 .02745
28 0 .03851
29 0 .02815
30 0 .02409
31 0 .02827
32 0 .01695
33 0 .0184
34 0 .03834
35 0 .02246
36 0 .03971
37 0 .03686
38 0 .03437
39 0 .09987
40 0 .01492
41 0 .05249
42 0 .03266
43 0 .02002
44 0 .01094
45 0 .00591
46 0 0
47 0 0
48 0 0
49 0 .0002
50 0 0
51 0 0
100 0 0
*parity 1 widowed
birth 1 F widowed 1
14 0 0
15 0 0
16 0 0
17 0 .00001
18 0 .00003
19 0 .00005
20 0 .035
21 0 .04779
22 0 .01385
23 0 .02797
24 0 .04898
25 0 .02113
26 0 .05027
27 0 .04883
28 0 .02795
29 0 .07213
30 0 .04458
31 0 .04024
32 0 .01396
33 0 .04517
34 0 .01473
35 0 .0039
36 0 .00565
37 0 .00492
38 0 .00326
39 0 .00164
40 0 .00106
41 0 .00187
42 0 .00058
43 0 .00028
44 0 .00009
45 0 .00013
46 0 .00005
47 0 .00002
48 0 .00001
49 0 0
50 0 0
51 0 0
100 0 0
*parity 1 divorced
birth 1 F divorced 1
14 0 0
15 0 0
16 0 0
17 0 .00001
18 0 .00003
19 0 .00005
20 0 .035
21 0 .04779
22 0 .01385
23 0 .02797
24 0 .04898
25 0 .02113
26 0 .05027
27 0 .04883
28 0 .02795
29 0 .07213
30 0 .04458
31 0 .04024
32 0 .01396
33 0 .04517
34 0 .01473
35 0 .0039
36 0 .00565
37 0 .00492
38 0 .00326
39 0 .00164
40 0 .00106
41 0 .00187
42 0 .00058
43 0 .00028
44 0 .00009
45 0 .00013
46 0 .00005
47 0 .00002
48 0 .00001
49 0 0
50 0 0
51 0 0
100 0 0
*parity 2 married
birth 1 F married 2
14 0 0
15 0 0
16 0 0
17 0 .00001
18 0 .00005
19 0 .01164
20 0 .01298
21 0 .0121
22 0 .01081
23 0 .012
24 0 .01102
25 0 .00984
26 0 .01037
27 0 .00993
28 0 .01032
29 0 .00885
30 0 .00916
31 0 .00756
32 0 .00727
33 0 .00744
34 0 .00598
35 0 .00487
36 0 .0045
37 0 .00367
38 0 .00328
39 0 .00266
40 0 .00221
41 0 .0018
42 0 .00125
43 0 .00086
44 0 .00057
45 0 .00042
46 0 .00024
47 0 .00013
48 0 .00007
49 0 .00004
50 0 .00001
51 0 .00001
100 0 0
*parity 2 single
birth 1 F single 2
14 0 0
15 0 0
16 0 0
17 0 0
18 0 .00001
19 0 .0376
20 0 .01991
21 0 .01607
22 0 .02637
23 0 .01608
24 0 .01275
25 0 .01421
26 0 .01105
27 0 .01354
28 0 .01184
29 0 .01104
30 0 .01099
31 0 .00798
32 0 .01128
33 0 .01067
34 0 .0107
35 0 .01179
36 0 .00878
37 0 .0127
38 0 .00959
39 0 .01018
40 0 .01161
41 0 .01077
42 0 .00586
43 0 .00787
44 0 .00573
45 0 .00563
46 0 .00312
47 0 .00292
48 0 .00136
49 0 .00063
50 0 .00025
51 0 .00012
100 0 0
*parity 2 widowed
birth 1 F widowed 2
14 0 0
15 0 0
16 0 0
17 0 0
18 0 0
19 0 .00001
20 0 .00002
21 0 .0103
22 0 .01013
23 0 .01373
24 0 .00603
25 0 .00422
26 0 .00482
27 0 .00494
28 0 .00476
29 0 .00357
30 0 .00335
31 0 .00314
32 0 .00332
33 0 .00182
34 0 .00197
35 0 .00148
36 0 .00136
37 0 .00097
38 0 .00069
39 0 .00071
40 0 .00057
41 0 .00032
42 0 .00025
43 0 .0002
44 0 .00013
45 0 .00008
46 0 .00005
47 0 .00002
48 0 .00001
49 0 .00001
50 0 0
51 0 0
100 0 0
*parity 2 divorced
birth 1 F divorced 2
14 0 0
15 0 0
16 0 0
17 0 0
18 0 0
19 0 .00001
20 0 .00002
21 0 .0103
22 0 .01013
23 0 .01373
24 0 .00603
25 0 .00422
26 0 .00482
27 0 .00494
28 0 .00476
29 0 .00357
30 0 .00335
31 0 .00314
32 0 .00332
33 0 .00182
34 0 .00197
35 0 .00148
36 0 .00136
37 0 .00097
38 0 .00069
39 0 .00071
40 0 .00057
41 0 .00032
42 0 .00025
43 0 .0002
44 0 .00013
45 0 .00008
46 0 .00005
47 0 .00002
48 0 .00001
49 0 .00001
50 0 0
51 0 0
100 0 0
