*parity 0 married
birth 1 F married 0
14 0 0
15 0 .0001
16 0 .0004
17 0 .07403
18 0 .04708
19 0 .0599
20 0 .06194
21 0 .05009
22 0 .03838
23 0 .04144
24 0 .03486
25 0 .02712
26 0 .02053
27 0 .01812
28 0 .01443
29 0 .01564
30 0 .01057
31 0 .00913
32 0 .00679
33 0 .00413
34 0 .00277
35 0 .00191
36 0 .00131
37 0 .00095
38 0 .00071
39 0 .00055
40 0 .00041
41 0 .00027
42 0 .00018
43 0 .00012
44 0 .00007
45 0 .00004
46 0 .00003
47 0 .00001
48 0 .00001
49 0 0
50 0 0
51 0 0
100 0 0
*parity 0 single
birth 1 F single 0
14 0 0
15 0 .00014
16 0 .00055
17 0 .00105
18 0 .00177
19 0 .00251
20 0 .00305
21 0 .00323
22 0 .00322
23 0 .00326
24 0 .00321
25 0 .00321
26 0 .00339
27 0 .00337
28 0 .00327
29 0 .00322
30 0 .00293
31 0 .00289
32 0 .00261
33 0 .00241
34 0 .00231
35 0 .00225
36 0 .00222
37 0 .00222
38 0 .0019
39 0 .00148
40 0 .00149
41 0 .00136
42 0 .0011
43 0 .00068
44 0 .00055
45 0 .00035
46 0 .00025
47 0 .00017
48 0 .0001
49 0 .00003
50 0 .00001
51 0 .00001
100 0 0
*parity 0 widowed
birth 1 F widowed 0
14 0 0
15 0 .00002
16 0 .00007
17 0 .00014
18 0 .00023
19 0 .34283
20 0 .20582
21 0 .46696
22 0 .44991
23 0 .44373
24 0 .20593
25 0 .25038
26 0 .69725
27 0 .07695
28 0 .10978
29 0 .03798
30 0 .02457
31 0 .02129
32 0 .01233
33 0 .00624
34 0 .00551
35 0 .00299
36 0 .0019
37 0 .00101
38 0 .00074
39 0 .00045
40 0 .00029
41 0 .0002
42 0 .0001
43 0 .00006
44 0 .00004
45 0 .00002
46 0 .00001
47 0 0
48 0 0
49 0 0
50 0 0
51 0 0
100 0 0
*parity 0 divorced
birth 1 F divorced 0
14 0 0
15 0 .00002
16 0 .00007
17 0 .00014
18 0 .00023
19 0 .34283
20 0 .20582
21 0 .46696
22 0 .44991
23 0 .44373
24 0 .20593
25 0 .25038
26 0 .69725
27 0 .07695
28 0 .10978
29 0 .03798
30 0 .02457
31 0 .02129
32 0 .01233
33 0 .00624
34 0 .00551
35 0 .00299
36 0 .0019
37 0 .00101
38 0 .00074
39 0 .00045
40 0 .00029
41 0 .0002
42 0 .0001
43 0 .00006
44 0 .00004
45 0 .00002
46 0 .00001
47 0 0
48 0 0
49 0 0
50 0 0
51 0 0
100 0 0
*parity 1 married
birth 1 F married 1
14 0 0
15 0 0
16 0 .00002
17 0 .00008
18 0 .02072
19 0 .01658
20 0 .01708
21 0 .02521
22 0 .03872
23 0 .03574
24 0 .03071
25 0 .03735
26 0 .03133
27 0 .0274
28 0 .02811
29 0 .02448
30 0 .02573
31 0 .02619
32 0 .02372
33 0 .01363
34 0 .01314
35 0 .0084
36 0 .00724
37 0 .00513
38 0 .00419
39 0 .00293
40 0 .00206
41 0 .00156
42 0 .00113
43 0 .0007
44 0 .00037
45 0 .0002
46 0 .00013
47 0 .00004
48 0 .00002
49 0 .00001
50 0 0
51 0 0
100 0 0
*parity 1 single
birth 1 F single 1
14 0 0
15 0 0
16 0 .03334
17 0 .04013
18 0 .02515
19 0 .01797
20 0 .01979
21 0 .02012
22 0 .02233
23 0 .0201
24 0 .02433
25 0 .02562
26 0 .02067
27 0 .02106
28 0 .02601
29 0 .0256
30 0 .0255
31 0 .02138
32 0 .02107
33 0 .02379
34 0 .02541
35 0 .0247
36 0 .02972
37 0 .02659
38 0 .01923
39 0 .01972
40 0 .01989
41 0 .0165
42 0 .01419
43 0 .01416
44 0 .00434
45 0 .00252
46 0 .00212
47 0 .00101
48 0 .00108
49 0 .00029
50 0 .00011
51 0 .00003
100 0 0
*parity 1 widowed
birth 1 F widowed 1
14 0 0
15 0 0
16 0 0
17 0 .00001
18 0 .08415
19 0 .04208
20 0 .14034
21 0 .04757
22 0 .04408
23 0 .04477
24 0 .05059
25 0 .02701
26 0 .02447
27 0 .01741
28 0 .03113
29 0 .05379
30 0 .06057
31 0 .03236
32 0 .04652
33 0 .01486
34 0 .00996
35 0 .00535
36 0 .00428
37 0 .00488
38 0 .00244
39 0 .00153
40 0 .00075
41 0 .00063
42 0 .00054
43 0 .00019
44 0 .00009
45 0 .00006
46 0 .00003
47 0 .00001
48 0 .00001
49 0 0
50 0 0
51 0 0
100 0 0
*parity 1 divorced
birth 1 F divorced 1
14 0 0
15 0 0
16 0 0
17 0 .00001
18 0 .08415
19 0 .04208
20 0 .14034
21 0 .04757
22 0 .04408
23 0 .04477
24 0 .05059
25 0 .02701
26 0 .02447
27 0 .01741
28 0 .03113
29 0 .05379
30 0 .06057
31 0 .03236
32 0 .04652
33 0 .01486
34 0 .00996
35 0 .00535
36 0 .00428
37 0 .00488
38 0 .00244
39 0 .00153
40 0 .00075
41 0 .00063
42 0 .00054
43 0 .00019
44 0 .00009
45 0 .00006
46 0 .00003
47 0 .00001
48 0 .00001
49 0 0
50 0 0
51 0 0
100 0 0
*parity 2 married
birth 1 F married 2
14 0 0
15 0 0
16 0 0
17 0 .00001
18 0 .00003
19 0 .02358
20 0 .01012
21 0 .01555
22 0 .01277
23 0 .0106
24 0 .01084
25 0 .01065
26 0 .01026
27 0 .01047
28 0 .01038
29 0 .00833
30 0 .00809
31 0 .00672
32 0 .00582
33 0 .00517
34 0 .00442
35 0 .00387
36 0 .00317
37 0 .00269
38 0 .00219
39 0 .00189
40 0 .00145
41 0 .00106
42 0 .00082
43 0 .00057
44 0 .00041
45 0 .00028
46 0 .00016
47 0 .0001
48 0 .00005
49 0 .00003
50 0 .00001
51 0 0
100 0 0
*parity 2 single
birth 1 F single 2
14 0 0
15 0 0
16 0 0
17 0 .00001
18 0 .01131
19 0 .0253
20 0 .01914
21 0 .01844
22 0 .01781
23 0 .01569
24 0 .01381
25 0 .0137
26 0 .01266
27 0 .01178
28 0 .01055
29 0 .01029
30 0 .00995
31 0 .00856
32 0 .00881
33 0 .0091
34 0 .00852
35 0 .00866
36 0 .00903
37 0 .00878
38 0 .00927
39 0 .00707
40 0 .0068
41 0 .00633
42 0 .00463
43 0 .00408
44 0 .00286
45 0 .00238
46 0 .00173
47 0 .00122
48 0 .00058
49 0 .00037
50 0 .00013
51 0 .00005
100 0 0
*parity 2 widowed
birth 1 F widowed 2
14 0 0
15 0 0
16 0 0
17 0 0
18 0 0
19 0 .00001
20 0 .06915
21 0 .0469
22 0 .07308
23 0 .02423
24 0 .02985
25 0 .01185
26 0 .0105
27 0 .01151
28 0 .00685
29 0 .00463
30 0 .00562
31 0 .00409
32 0 .00305
33 0 .00316
34 0 .00235
35 0 .00202
36 0 .00152
37 0 .0012
38 0 .00098
39 0 .00083
40 0 .00059
41 0 .00039
42 0 .00027
43 0 .0002
44 0 .00014
45 0 .00008
46 0 .00004
47 0 .00002
48 0 .00001
49 0 .00001
50 0 0
51 0 0
100 0 0
*parity 2 divorced
birth 1 F divorced 2
14 0 0
15 0 0
16 0 0
17 0 0
18 0 0
19 0 .00001
20 0 .06915
21 0 .0469
22 0 .07308
23 0 .02423
24 0 .02985
25 0 .01185
26 0 .0105
27 0 .01151
28 0 .00685
29 0 .00463
30 0 .00562
31 0 .00409
32 0 .00305
33 0 .00316
34 0 .00235
35 0 .00202
36 0 .00152
37 0 .0012
38 0 .00098
39 0 .00083
40 0 .00059
41 0 .00039
42 0 .00027
43 0 .0002
44 0 .00014
45 0 .00008
46 0 .00004
47 0 .00002
48 0 .00001
49 0 .00001
50 0 0
51 0 0
100 0 0
