*parity 0 married
birth 1 F married 0
14 0 0
15 0 .00008
16 0 .00031
17 0 .03732
18 0 .03042
19 0 .03502
20 0 .0342
21 0 .03263
22 0 .03986
23 0 .02854
24 0 .02886
25 0 .02297
26 0 .01748
27 0 .01813
28 0 .01326
29 0 .01357
30 0 .01411
31 0 .00894
32 0 .00706
33 0 .0054
34 0 .00471
35 0 .00258
36 0 .00186
37 0 .00129
38 0 .00082
39 0 .00054
40 0 .00041
41 0 .00029
42 0 .00016
43 0 .00009
44 0 .00005
45 0 .00003
46 0 .00002
47 0 .00001
48 0 0
49 0 0
50 0 0
51 0 0
100 0 0
*parity 0 single
birth 1 F single 0
14 0 0
15 0 .00016
16 0 .00068
17 0 .0013
18 0 .0022
19 0 .00315
20 0 .00377
21 0 .00414
22 0 .00413
23 0 .00417
24 0 .0042
25 0 .00425
26 0 .00415
27 0 .00417
28 0 .00398
29 0 .00374
30 0 .00345
31 0 .00316
32 0 .00273
33 0 .00232
34 0 .00197
35 0 .00163
36 0 .00152
37 0 .00131
38 0 .00103
39 0 .00088
40 0 .00064
41 0 .00046
42 0 .0004
43 0 .00028
44 0 .00019
45 0 .00012
46 0 .00007
47 0 .00005
48 0 .00002
49 0 .00001
50 0 0
51 0 0
100 0 0
*parity 0 widowed
birth 1 F widowed 0
14 0 0
15 0 .00001
16 0 .00006
17 0 .00011
18 0 .39641
19 0 .18688
20 0 .30879
21 0 .1564
22 0 .10512
23 0 .56321
24 0 .55869
25 0 .50025
26 0 .16051
27 0 .11478
28 0 .13662
29 0 .07426
30 0 .03232
31 0 .03922
32 0 .0266
33 0 .00854
34 0 .01005
35 0 .00496
36 0 .00384
37 0 .00196
38 0 .00157
39 0 .00103
40 0 .00059
41 0 .0004
42 0 .00017
43 0 .00009
44 0 .00004
45 0 .00003
46 0 .00001
47 0 .00001
48 0 0
49 0 0
50 0 0
51 0 0
100 0 0
*parity 0 divorced
birth 1 F divorced 0
14 0 0
15 0 .00001
16 0 .00006
17 0 .00011
18 0 .39641
19 0 .18688
20 0 .30879
21 0 .1564
22 0 .10512
23 0 .56321
24 0 .55869
25 0 .50025
26 0 .16051
27 0 .11478
28 0 .13662
29 0 .07426
30 0 .03232
31 0 .03922
32 0 .0266
33 0 .00854
34 0 .01005
35 0 .00496
36 0 .00384
37 0 .00196
38 0 .00157
39 0 .00103
40 0 .00059
41 0 .0004
42 0 .00017
43 0 .00009
44 0 .00004
45 0 .00003
46 0 .00001
47 0 .00001
48 0 0
49 0 0
50 0 0
51 0 0
100 0 0
*parity 1 married
birth 1 F married 1
14 0 0
15 0 0
16 0 .00002
17 0 .00006
18 0 .01566
19 0 .0197
20 0 .02335
21 0 .01921
22 0 .01844
23 0 .02597
24 0 .02141
25 0 .02093
26 0 .02342
27 0 .024
28 0 .02344
29 0 .02071
30 0 .02284
31 0 .02481
32 0 .01912
33 0 .01348
34 0 .0129
35 0 .01098
36 0 .00836
37 0 .00627
38 0 .00628
39 0 .00333
40 0 .00209
41 0 .00264
42 0 .00154
43 0 .00066
44 0 .00037
45 0 .00018
46 0 .00009
47 0 .00005
48 0 .00002
49 0 .00001
50 0 0
51 0 0
100 0 0
*parity 1 single
birth 1 F single 1
14 0 0
15 0 0
16 0 .08001
17 0 .02694
18 0 .0281
19 0 .01901
20 0 .02659
21 0 .02428
22 0 .02228
23 0 .02415
24 0 .02165
25 0 .0245
26 0 .02533
27 0 .02175
28 0 .02587
29 0 .0241
30 0 .024
31 0 .02865
32 0 .02796
33 0 .02371
34 0 .01936
35 0 .02016
36 0 .01846
37 0 .01369
38 0 .01433
39 0 .01155
40 0 .00779
41 0 .00546
42 0 .00641
43 0 .00348
44 0 .00297
45 0 .00105
46 0 .00102
47 0 .00046
48 0 .00016
49 0 .00007
50 0 .00002
51 0 .00001
100 0 0
*parity 1 widowed
birth 1 F widowed 1
14 0 0
15 0 0
16 0 0
17 0 .00001
18 0 .00003
19 0 .03484
20 0 .0355
21 0 .03622
22 0 .12472
23 0 .02675
24 0 .01958
25 0 .01746
26 0 .0139
27 0 .04062
28 0 .01841
29 0 .13626
30 0 .0473
31 0 .01266
32 0 .01654
33 0 .00993
34 0 .02108
35 0 .02307
36 0 .00978
37 0 .00577
38 0 .01038
39 0 .00295
40 0 .00142
41 0 .00115
42 0 .00049
43 0 .00028
44 0 .00022
45 0 .00014
46 0 .00005
47 0 .00002
48 0 .00001
49 0 0
50 0 0
51 0 0
100 0 0
*parity 1 divorced
birth 1 F divorced 1
14 0 0
15 0 0
16 0 0
17 0 .00001
18 0 .00003
19 0 .03484
20 0 .0355
21 0 .03622
22 0 .12472
23 0 .02675
24 0 .01958
25 0 .01746
26 0 .0139
27 0 .04062
28 0 .01841
29 0 .13626
30 0 .0473
31 0 .01266
32 0 .01654
33 0 .00993
34 0 .02108
35 0 .02307
36 0 .00978
37 0 .00577
38 0 .01038
39 0 .00295
40 0 .00142
41 0 .00115
42 0 .00049
43 0 .00028
44 0 .00022
45 0 .00014
46 0 .00005
47 0 .00002
48 0 .00001
49 0 0
50 0 0
51 0 0
100 0 0
*parity 2 married
birth 1 F married 2
14 0 0
15 0 0
16 0 0
17 0 0
18 0 .00002
19 0 .02754
20 0 .02054
21 0 .01455
22 0 .01558
23 0 .01056
24 0 .01038
25 0 .0093
26 0 .01032
27 0 .00993
28 0 .00887
29 0 .00854
30 0 .00749
31 0 .00672
32 0 .00648
33 0 .00587
34 0 .00495
35 0 .00462
36 0 .00342
37 0 .00289
38 0 .00222
39 0 .00191
40 0 .00165
41 0 .00108
42 0 .0007
43 0 .00056
44 0 .0004
45 0 .00025
46 0 .00014
47 0 .00009
48 0 .00004
49 0 .00002
50 0 .00001
51 0 0
100 0 0
*parity 2 single
birth 1 F single 2
14 0 0
15 0 0
16 0 0
17 0 .00001
18 0 .05017
19 0 .02005
20 0 .01848
21 0 .01788
22 0 .01991
23 0 .01599
24 0 .01613
25 0 .01412
26 0 .01401
27 0 .01204
28 0 .01243
29 0 .01155
30 0 .01067
31 0 .00883
32 0 .00835
33 0 .00841
34 0 .00749
35 0 .00726
36 0 .00644
37 0 .0059
38 0 .00608
39 0 .0053
40 0 .00441
41 0 .00386
42 0 .00328
43 0 .00239
44 0 .00198
45 0 .00151
46 0 .00094
47 0 .00058
48 0 .00026
49 0 .00014
50 0 .00005
51 0 .00002
100 0 0
*parity 2 widowed
birth 1 F widowed 2
14 0 0
15 0 0
16 0 0
17 0 0
18 0 0
19 0 .00001
20 0 .05354
21 0 .09754
22 0 .02279
23 0 .02316
24 0 .03947
25 0 .02801
26 0 .01414
27 0 .00912
28 0 .00949
29 0 .00605
30 0 .00468
31 0 .00609
32 0 .00459
33 0 .00384
34 0 .00309
35 0 .00256
36 0 .00231
37 0 .00199
38 0 .00138
39 0 .00107
40 0 .00091
41 0 .00054
42 0 .00052
43 0 .00033
44 0 .00022
45 0 .00011
46 0 .00007
47 0 .00003
48 0 .00002
49 0 .00001
50 0 0
51 0 0
100 0 0
*parity 2 divorced
birth 1 F divorced 2
14 0 0
15 0 0
16 0 0
17 0 0
18 0 0
19 0 .00001
20 0 .05354
21 0 .09754
22 0 .02279
23 0 .02316
24 0 .03947
25 0 .02801
26 0 .01414
27 0 .00912
28 0 .00949
29 0 .00605
30 0 .00468
31 0 .00609
32 0 .00459
33 0 .00384
34 0 .00309
35 0 .00256
36 0 .00231
37 0 .00199
38 0 .00138
39 0 .00107
40 0 .00091
41 0 .00054
42 0 .00052
43 0 .00033
44 0 .00022
45 0 .00011
46 0 .00007
47 0 .00003
48 0 .00002
49 0 .00001
50 0 0
51 0 0
100 0 0
