*parity 0 married
birth 1 F married 0
14 0 0
15 0 .0002
16 0 .0008
17 0 .05719
18 0 .04432
19 0 .05832
20 0 .0732
21 0 .07016
22 0 .06455
23 0 .09291
24 0 .14159
25 0 .15707
26 0 .1424
27 0 .28071
28 0 .14673
29 0 .11324
30 0 .08616
31 0 .02987
32 0 .01905
33 0 .01071
34 0 .00803
35 0 .00563
36 0 .00475
37 0 .00402
38 0 .00281
39 0 .00183
40 0 .00132
41 0 .00092
42 0 .00063
43 0 .00044
44 0 .00022
45 0 .00011
46 0 .00007
47 0 .00005
48 0 .00003
49 0 .00001
50 0 0
51 0 0
100 0 0
*parity 0 single
birth 1 F single 0
14 0 0
15 0 .00004
16 0 .00016
17 0 .00031
18 0 .00053
19 0 .00075
20 0 .0009
21 0 .00101
22 0 .00097
23 0 .00096
24 0 .00097
25 0 .00096
26 0 .00102
27 0 .00093
28 0 .00096
29 0 .00094
30 0 .00096
31 0 .00102
32 0 .00102
33 0 .00093
34 0 .001
35 0 .00097
36 0 .00086
37 0 .00084
38 0 .00085
39 0 .00074
40 0 .0007
41 0 .0007
42 0 .00039
43 0 .00044
44 0 .00029
45 0 .00039
46 0 .0001
47 0 .00007
48 0 .00004
49 0 .00001
50 0 0
51 0 0
100 0 0
*parity 0 widowed
birth 1 F widowed 0
14 0 0
15 0 .00001
16 0 .00005
17 0 .00009
18 0 .00015
19 0 .30917
20 0 .00023
21 0 .00023
22 0 .33052
23 0 .0002
24 0 .00019
25 0 .00018
26 0 .25737
27 0 .00016
28 0 .22099
29 0 .00013
30 0 .17128
31 0 .04919
32 0 .02548
33 0 .02
34 0 .01083
35 0 .0116
36 0 .00687
37 0 .00265
38 0 .00245
39 0 .00287
40 0 .00064
41 0 .00054
42 0 .00033
43 0 .00022
44 0 .0001
45 0 .00003
46 0 .00003
47 0 .00001
48 0 .00001
49 0 0
50 0 0
51 0 0
100 0 0
*parity 0 divorced
birth 1 F divorced 0
14 0 0
15 0 .00001
16 0 .00005
17 0 .00009
18 0 .00015
19 0 .30917
20 0 .00023
21 0 .00023
22 0 .33052
23 0 .0002
24 0 .00019
25 0 .00018
26 0 .25737
27 0 .00016
28 0 .22099
29 0 .00013
30 0 .17128
31 0 .04919
32 0 .02548
33 0 .02
34 0 .01083
35 0 .0116
36 0 .00687
37 0 .00265
38 0 .00245
39 0 .00287
40 0 .00064
41 0 .00054
42 0 .00033
43 0 .00022
44 0 .0001
45 0 .00003
46 0 .00003
47 0 .00001
48 0 .00001
49 0 0
50 0 0
51 0 0
100 0 0
*parity 1 married
birth 1 F married 1
14 0 0
15 0 0
16 0 .00004
17 0 .00015
18 0 .02081
19 0 .01644
20 0 .01624
21 0 .01657
22 0 .02081
23 0 .02174
24 0 .01836
25 0 .02049
26 0 .02014
27 0 .02192
28 0 .02031
29 0 .02066
30 0 .01316
31 0 .01204
32 0 .01133
33 0 .01114
34 0 .00881
35 0 .00751
36 0 .00582
37 0 .00469
38 0 .00365
39 0 .00289
40 0 .0021
41 0 .00165
42 0 .00126
43 0 .00062
44 0 .00041
45 0 .00027
46 0 .00011
47 0 .00005
48 0 .00002
49 0 .00001
50 0 0
51 0 0
100 0 0
*parity 1 single
birth 1 F single 1
14 0 0
15 0 0
16 0 .01257
17 0 .04821
18 0 .02175
19 0 .03158
20 0 .02671
21 0 .02235
22 0 .02401
23 0 .02548
24 0 .02759
25 0 .02268
26 0 .01701
27 0 .03033
28 0 .02349
29 0 .02891
30 0 .06028
31 0 .03581
32 0 .02541
33 0 .04221
34 0 .03491
35 0 .05725
36 0 .13601
37 0 .0695
38 0 .15595
39 0 .03744
40 0 .04047
41 0 .01802
42 0 .00002
43 0 .02021
44 0 .01215
45 0 .00613
46 0 0
47 0 .00134
48 0 .00055
49 0 .00009
50 0 0
51 0 .00003
100 0 0
*parity 1 widowed
birth 1 F widowed 1
14 0 0
15 0 0
16 0 0
17 0 .00001
18 0 .00002
19 0 .03763
20 0 .01989
21 0 .01997
22 0 .01931
23 0 .01572
24 0 .02301
25 0 .0128
26 0 .01109
27 0 .01254
28 0 .01722
29 0 .01879
30 0 .01519
31 0 .00907
32 0 .00476
33 0 .00329
34 0 .0029
35 0 .00284
36 0 .00169
37 0 .00151
38 0 .00091
39 0 .00074
40 0 .00047
41 0 .00029
42 0 .00019
43 0 .00009
44 0 .00006
45 0 .00003
46 0 .00001
47 0 0
48 0 0
49 0 0
50 0 0
51 0 0
100 0 0
*parity 1 divorced
birth 1 F divorced 1
14 0 0
15 0 0
16 0 0
17 0 .00001
18 0 .00002
19 0 .03763
20 0 .01989
21 0 .01997
22 0 .01931
23 0 .01572
24 0 .02301
25 0 .0128
26 0 .01109
27 0 .01254
28 0 .01722
29 0 .01879
30 0 .01519
31 0 .00907
32 0 .00476
33 0 .00329
34 0 .0029
35 0 .00284
36 0 .00169
37 0 .00151
38 0 .00091
39 0 .00074
40 0 .00047
41 0 .00029
42 0 .00019
43 0 .00009
44 0 .00006
45 0 .00003
46 0 .00001
47 0 0
48 0 0
49 0 0
50 0 0
51 0 0
100 0 0
*parity 2 married
birth 1 F married 2
14 0 0
15 0 0
16 0 0
17 0 .00001
18 0 .00005
19 0 .03197
20 0 .01925
21 0 .01224
22 0 .01737
23 0 .01212
24 0 .01205
25 0 .01127
26 0 .00974
27 0 .00924
28 0 .0091
29 0 .00799
30 0 .00762
31 0 .0066
32 0 .006
33 0 .00539
34 0 .00474
35 0 .00408
36 0 .00366
37 0 .00303
38 0 .00257
39 0 .00209
40 0 .00178
41 0 .00129
42 0 .00098
43 0 .00072
44 0 .0005
45 0 .00034
46 0 .0002
47 0 .00011
48 0 .00006
49 0 .00003
50 0 .00001
51 0 0
100 0 0
*parity 2 single
birth 1 F single 2
14 0 0
15 0 0
16 0 0
17 0 0
18 0 .01629
19 0 .01132
20 0 .02433
21 0 .01575
22 0 .01464
23 0 .01577
24 0 .01344
25 0 .01674
26 0 .01174
27 0 .01533
28 0 .01257
29 0 .01014
30 0 .01183
31 0 .0162
32 0 .01192
33 0 .01609
34 0 .01226
35 0 .01386
36 0 .01207
37 0 .01094
38 0 .01264
39 0 .01282
40 0 .01322
41 0 .00767
42 0 .0112
43 0 .00939
44 0 .0109
45 0 .01167
46 0 .00912
47 0 .00233
48 0 .00111
49 0 .00037
50 0 .00039
51 0 .00008
100 0 0
*parity 2 widowed
birth 1 F widowed 2
14 0 0
15 0 0
16 0 0
17 0 0
18 0 0
19 0 .00001
20 0 .02899
21 0 .00645
22 0 .00981
23 0 .009
24 0 .00734
25 0 .0055
26 0 .00535
27 0 .00494
28 0 .00305
29 0 .00311
30 0 .00297
31 0 .00228
32 0 .00214
33 0 .00183
34 0 .00145
35 0 .00116
36 0 .00096
37 0 .00075
38 0 .00058
39 0 .00051
40 0 .00035
41 0 .00027
42 0 .00017
43 0 .00011
44 0 .00009
45 0 .00005
46 0 .00003
47 0 .00002
48 0 .00001
49 0 0
50 0 0
51 0 0
100 0 0
*parity 2 divorced
birth 1 F divorced 2
14 0 0
15 0 0
16 0 0
17 0 0
18 0 0
19 0 .00001
20 0 .02899
21 0 .00645
22 0 .00981
23 0 .009
24 0 .00734
25 0 .0055
26 0 .00535
27 0 .00494
28 0 .00305
29 0 .00311
30 0 .00297
31 0 .00228
32 0 .00214
33 0 .00183
34 0 .00145
35 0 .00116
36 0 .00096
37 0 .00075
38 0 .00058
39 0 .00051
40 0 .00035
41 0 .00027
42 0 .00017
43 0 .00011
44 0 .00009
45 0 .00005
46 0 .00003
47 0 .00002
48 0 .00001
49 0 0
50 0 0
51 0 0
100 0 0
