*parity 0 married
birth 1 F married 0
14 0 0
15 0 .00021
16 0 .00087
17 0 .06355
18 0 .04984
19 0 .05395
20 0 .07819
21 0 .04697
22 0 .04975
23 0 .04002
24 0 .04085
25 0 .04103
26 0 .03373
27 0 .03004
28 0 .01902
29 0 .01312
30 0 .00955
31 0 .00707
32 0 .00647
33 0 .00447
34 0 .00372
35 0 .00289
36 0 .0022
37 0 .00188
38 0 .00129
39 0 .00104
40 0 .00074
41 0 .00057
42 0 .00035
43 0 .00026
44 0 .00014
45 0 .00008
46 0 .00005
47 0 .00003
48 0 .00001
49 0 0
50 0 0
51 0 0
100 0 0
*parity 0 single
birth 1 F single 0
14 0 0
15 0 .00003
16 0 .00014
17 0 .00027
18 0 .00047
19 0 .00068
20 0 .00082
21 0 .00093
22 0 .00096
23 0 .00091
24 0 .00094
25 0 .00092
26 0 .00092
27 0 .00094
28 0 .00096
29 0 .00109
30 0 .00114
31 0 .00133
32 0 .00117
33 0 .00102
34 0 .00118
35 0 .00115
36 0 .00111
37 0 .00134
38 0 .0007
39 0 .00082
40 0 .0008
41 0 .0008
42 0 .00056
43 0 .00039
44 0 .00033
45 0 .00015
46 0 .00015
47 0 .00008
48 0 .00005
49 0 .00003
50 0 0
51 0 0
100 0 0
*parity 0 widowed
birth 1 F widowed 0
14 0 0
15 0 .00001
16 0 .00005
17 0 .11476
18 0 .09436
19 0 .13358
20 0 .07971
21 0 .29277
22 0 .071
23 0 .06644
24 0 .03263
25 0 .04493
26 0 .01752
27 0 .00892
28 0 .00661
29 0 .00632
30 0 .00739
31 0 .00425
32 0 .00324
33 0 .00211
34 0 .00116
35 0 .00073
36 0 .00054
37 0 .0003
38 0 .00035
39 0 .00019
40 0 .00012
41 0 .00007
42 0 .00004
43 0 .00003
44 0 .00002
45 0 .00001
46 0 0
47 0 0
48 0 0
49 0 0
50 0 0
51 0 0
100 0 0
*parity 0 divorced
birth 1 F divorced 0
14 0 0
15 0 .00001
16 0 .00005
17 0 .11476
18 0 .09436
19 0 .13358
20 0 .07971
21 0 .29277
22 0 .071
23 0 .06644
24 0 .03263
25 0 .04493
26 0 .01752
27 0 .00892
28 0 .00661
29 0 .00632
30 0 .00739
31 0 .00425
32 0 .00324
33 0 .00211
34 0 .00116
35 0 .00073
36 0 .00054
37 0 .0003
38 0 .00035
39 0 .00019
40 0 .00012
41 0 .00007
42 0 .00004
43 0 .00003
44 0 .00002
45 0 .00001
46 0 0
47 0 0
48 0 0
49 0 0
50 0 0
51 0 0
100 0 0
*parity 1 married
birth 1 F married 1
14 0 0
15 0 0
16 0 .00005
17 0 .00018
18 0 .02547
19 0 .01972
20 0 .02672
21 0 .02517
22 0 .02965
23 0 .04457
24 0 .04282
25 0 .0408
26 0 .0362
27 0 .0326
28 0 .037
29 0 .02943
30 0 .02568
31 0 .03116
32 0 .01939
33 0 .02136
34 0 .01677
35 0 .01388
36 0 .01353
37 0 .00907
38 0 .01276
39 0 .0084
40 0 .00579
41 0 .0041
42 0 .00198
43 0 .0012
44 0 .0008
45 0 .00048
46 0 .00031
47 0 .00016
48 0 .00005
49 0 .00001
50 0 0
51 0 0
100 0 0
*parity 1 single
birth 1 F single 1
14 0 0
15 0 0
16 0 .00286
17 0 .01084
18 0 .02176
19 0 .01643
20 0 .02717
21 0 .01934
22 0 .01983
23 0 .02227
24 0 .01782
25 0 .03328
26 0 .04405
27 0 .03818
28 0 .06897
29 0 .03467
30 0 .07979
31 0 .10487
32 0 .05782
33 0 .02779
34 0 .09767
35 0 .15955
36 0 .00014
37 0 .00011
38 0 .01246
39 0 .02305
40 0 .05036
41 0 .03249
42 0 .02117
43 0 .01267
44 0 .00001
45 0 0
46 0 .00253
47 0 0
48 0 0
49 0 0
50 0 0
51 0 0
100 0 0
*parity 1 widowed
birth 1 F widowed 1
14 0 0
15 0 0
16 0 0
17 0 .00001
18 0 .01632
19 0 .02259
20 0 .02802
21 0 .04594
22 0 .01006
23 0 .02401
24 0 .03118
25 0 .02218
26 0 .01982
27 0 .0098
28 0 .01393
29 0 .012
30 0 .00831
31 0 .00492
32 0 .00774
33 0 .00556
34 0 .00431
35 0 .00187
36 0 .0016
37 0 .00119
38 0 .00121
39 0 .00079
40 0 .00061
41 0 .00028
42 0 .00018
43 0 .00013
44 0 .00006
45 0 .00003
46 0 .00002
47 0 .00001
48 0 0
49 0 0
50 0 0
51 0 0
100 0 0
*parity 1 divorced
birth 1 F divorced 1
14 0 0
15 0 0
16 0 0
17 0 .00001
18 0 .01632
19 0 .02259
20 0 .02802
21 0 .04594
22 0 .01006
23 0 .02401
24 0 .03118
25 0 .02218
26 0 .01982
27 0 .0098
28 0 .01393
29 0 .012
30 0 .00831
31 0 .00492
32 0 .00774
33 0 .00556
34 0 .00431
35 0 .00187
36 0 .0016
37 0 .00119
38 0 .00121
39 0 .00079
40 0 .00061
41 0 .00028
42 0 .00018
43 0 .00013
44 0 .00006
45 0 .00003
46 0 .00002
47 0 .00001
48 0 0
49 0 0
50 0 0
51 0 0
100 0 0
*parity 2 married
birth 1 F married 2
14 0 0
15 0 0
16 0 0
17 0 .00001
18 0 .00006
19 0 .01688
20 0 .01134
21 0 .01622
22 0 .01245
23 0 .01443
24 0 .01217
25 0 .01145
26 0 .01202
27 0 .01191
28 0 .01099
29 0 .01098
30 0 .0098
31 0 .00857
32 0 .00806
33 0 .00822
34 0 .00679
35 0 .00666
36 0 .00599
37 0 .0051
38 0 .00441
39 0 .00366
40 0 .00304
41 0 .0024
42 0 .00206
43 0 .00145
44 0 .00107
45 0 .00072
46 0 .00045
47 0 .00024
48 0 .00012
49 0 .00006
50 0 .00003
51 0 .00001
100 0 0
*parity 2 single
birth 1 F single 2
14 0 0
15 0 0
16 0 0
17 0 0
18 0 .00001
19 0 .00003
20 0 .03876
21 0 .06424
22 0 .02539
23 0 .02547
24 0 .02322
25 0 .02234
26 0 .02053
27 0 .02237
28 0 .02015
29 0 .01824
30 0 .02773
31 0 .02036
32 0 .0216
33 0 .02291
34 0 .02782
35 0 .01953
36 0 .01886
37 0 .02084
38 0 .05356
39 0 .03473
40 0 .10222
41 0 .0149
42 0 .02268
43 0 .02015
44 0 .01523
45 0 .01152
46 0 .00708
47 0 .0026
48 0 .00429
49 0 .00145
50 0 .00041
51 0 .00022
100 0 0
*parity 2 widowed
birth 1 F widowed 2
14 0 0
15 0 0
16 0 0
17 0 0
18 0 0
19 0 .00001
20 0 .00969
21 0 .00803
22 0 .01904
23 0 .00525
24 0 .00508
25 0 .00457
26 0 .00434
27 0 .0036
28 0 .00439
29 0 .00292
30 0 .00312
31 0 .00229
32 0 .00208
33 0 .00176
34 0 .0016
35 0 .0014
36 0 .0011
37 0 .00097
38 0 .00075
39 0 .00059
40 0 .0005
41 0 .00034
42 0 .00026
43 0 .00016
44 0 .00012
45 0 .00008
46 0 .00004
47 0 .00002
48 0 .00001
49 0 .00001
50 0 0
51 0 0
100 0 0
*parity 2 divorced
birth 1 F divorced 2
14 0 0
15 0 0
16 0 0
17 0 0
18 0 0
19 0 .00001
20 0 .00969
21 0 .00803
22 0 .01904
23 0 .00525
24 0 .00508
25 0 .00457
26 0 .00434
27 0 .0036
28 0 .00439
29 0 .00292
30 0 .00312
31 0 .00229
32 0 .00208
33 0 .00176
34 0 .0016
35 0 .0014
36 0 .0011
37 0 .00097
38 0 .00075
39 0 .00059
40 0 .0005
41 0 .00034
42 0 .00026
43 0 .00016
44 0 .00012
45 0 .00008
46 0 .00004
47 0 .00002
48 0 .00001
49 0 .00001
50 0 0
51 0 0
100 0 0
