*parity 0 married
birth 1 F married 0
14 0 0
15 0 .00018
16 0 .00075
17 0 .05027
18 0 .04865
19 0 .05429
20 0 .07408
21 0 .08732
22 0 .09602
23 0 .07794
24 0 .10923
25 0 .16609
26 0 .25933
27 0 .15787
28 0 .27323
29 0 .25747
30 0 .45738
31 0 .0015
32 0 .91225
33 0 .06957
34 0 .02311
35 0 .01185
36 0 .00655
37 0 .00404
38 0 .00298
39 0 .00209
40 0 .00136
41 0 .00107
42 0 .00074
43 0 .0004
44 0 .00019
45 0 .00011
46 0 .00007
47 0 .00004
48 0 .00002
49 0 .00001
50 0 0
51 0 0
100 0 0
*parity 0 single
birth 1 F single 0
14 0 0
15 0 .00005
16 0 .00022
17 0 .00042
18 0 .00071
19 0 .00101
20 0 .00119
21 0 .00131
22 0 .0013
23 0 .00129
24 0 .00129
25 0 .00128
26 0 .00127
27 0 .00125
28 0 .00117
29 0 .00115
30 0 .00111
31 0 .00099
32 0 .00101
33 0 .00099
34 0 .00094
35 0 .00095
36 0 .00089
37 0 .0008
38 0 .00078
39 0 .00068
40 0 .0006
41 0 .00047
42 0 .00042
43 0 .00044
44 0 .00021
45 0 .00015
46 0 .00012
47 0 .00007
48 0 .00003
49 0 .00001
50 0 0
51 0 0
100 0 0
*parity 0 widowed
birth 1 F widowed 0
14 0 0
15 0 .00001
16 0 .00005
17 0 .00009
18 0 .04473
19 0 .07414
20 0 .0438
21 0 .04008
22 0 .06653
23 0 .00021
24 0 .29834
25 0 .13831
26 0 .00018
27 0 .00016
28 0 .10922
29 0 .00014
30 0 .18282
31 0 .0001
32 0 .00008
33 0 .09732
34 0 .02001
35 0 .00004
36 0 .00472
37 0 .00283
38 0 .00173
39 0 .00099
40 0 .00032
41 0 .00028
42 0 .00016
43 0 .00007
44 0 .00003
45 0 .00002
46 0 .00001
47 0 .00001
48 0 0
49 0 0
50 0 0
51 0 0
100 0 0
*parity 0 divorced
birth 1 F divorced 0
14 0 0
15 0 .00001
16 0 .00005
17 0 .00009
18 0 .04473
19 0 .07414
20 0 .0438
21 0 .04008
22 0 .06653
23 0 .00021
24 0 .29834
25 0 .13831
26 0 .00018
27 0 .00016
28 0 .10922
29 0 .00014
30 0 .18282
31 0 .0001
32 0 .00008
33 0 .09732
34 0 .02001
35 0 .00004
36 0 .00472
37 0 .00283
38 0 .00173
39 0 .00099
40 0 .00032
41 0 .00028
42 0 .00016
43 0 .00007
44 0 .00003
45 0 .00002
46 0 .00001
47 0 .00001
48 0 0
49 0 0
50 0 0
51 0 0
100 0 0
*parity 1 married
birth 1 F married 1
14 0 0
15 0 0
16 0 .00004
17 0 .00014
18 0 .01736
19 0 .03612
20 0 .02965
21 0 .02304
22 0 .02536
23 0 .02503
24 0 .02612
25 0 .02251
26 0 .02332
27 0 .02868
28 0 .03164
29 0 .02551
30 0 .028
31 0 .02204
32 0 .01454
33 0 .01015
34 0 .00865
35 0 .00692
36 0 .00605
37 0 .00528
38 0 .00411
39 0 .00335
40 0 .00225
41 0 .00133
42 0 .0009
43 0 .00063
44 0 .00046
45 0 .00027
46 0 .00014
47 0 .00006
48 0 .00003
49 0 .00001
50 0 0
51 0 0
100 0 0
*parity 1 single
birth 1 F single 1
14 0 0
15 0 0
16 0 .00001
17 0 .02029
18 0 .02689
19 0 .02249
20 0 .04307
21 0 .02984
22 0 .02568
23 0 .02535
24 0 .03128
25 0 .0287
26 0 .033
27 0 .04772
28 0 .06033
29 0 .06069
30 0 .06128
31 0 .04269
32 0 .033
33 0 .02174
34 0 .02647
35 0 .03818
36 0 .33412
37 0 .00017
38 0 .20904
39 0 .0001
40 0 .05809
41 0 .01847
42 0 .00003
43 0 .00705
44 0 .01672
45 0 .00843
46 0 .00425
47 0 .00072
48 0 0
49 0 .00007
50 0 0
51 0 0
100 0 0
*parity 1 widowed
birth 1 F widowed 1
14 0 0
15 0 0
16 0 0
17 0 .00001
18 0 .00002
19 0 .01444
20 0 .01693
21 0 .01095
22 0 .0067
23 0 .00896
24 0 .00592
25 0 .00718
26 0 .00499
27 0 .00535
28 0 .00388
29 0 .00337
30 0 .00351
31 0 .00275
32 0 .00294
33 0 .00236
34 0 .00172
35 0 .00113
36 0 .00069
37 0 .0006
38 0 .00043
39 0 .00033
40 0 .00022
41 0 .00014
42 0 .00007
43 0 .00005
44 0 .00003
45 0 .00002
46 0 .00001
47 0 0
48 0 0
49 0 0
50 0 0
51 0 0
100 0 0
*parity 1 divorced
birth 1 F divorced 1
14 0 0
15 0 0
16 0 0
17 0 .00001
18 0 .00002
19 0 .01444
20 0 .01693
21 0 .01095
22 0 .0067
23 0 .00896
24 0 .00592
25 0 .00718
26 0 .00499
27 0 .00535
28 0 .00388
29 0 .00337
30 0 .00351
31 0 .00275
32 0 .00294
33 0 .00236
34 0 .00172
35 0 .00113
36 0 .00069
37 0 .0006
38 0 .00043
39 0 .00033
40 0 .00022
41 0 .00014
42 0 .00007
43 0 .00005
44 0 .00003
45 0 .00002
46 0 .00001
47 0 0
48 0 0
49 0 0
50 0 0
51 0 0
100 0 0
*parity 2 married
birth 1 F married 2
14 0 0
15 0 0
16 0 0
17 0 .00001
18 0 .00005
19 0 .00571
20 0 .00831
21 0 .01122
22 0 .01151
23 0 .01228
24 0 .01214
25 0 .01173
26 0 .01156
27 0 .0104
28 0 .01146
29 0 .01001
30 0 .00891
31 0 .00833
32 0 .00759
33 0 .00621
34 0 .00586
35 0 .00481
36 0 .00428
37 0 .00387
38 0 .00317
39 0 .00261
40 0 .00233
41 0 .00173
42 0 .00132
43 0 .00096
44 0 .00072
45 0 .00047
46 0 .00025
47 0 .00015
48 0 .00008
49 0 .00004
50 0 .00001
51 0 .00001
100 0 0
*parity 2 single
birth 1 F single 2
14 0 0
15 0 0
16 0 0
17 0 0
18 0 .01007
19 0 .0282
20 0 .01395
21 0 .00926
22 0 .01913
23 0 .01588
24 0 .01347
25 0 .01094
26 0 .01175
27 0 .01268
28 0 .00873
29 0 .00975
30 0 .00834
31 0 .00888
32 0 .00814
33 0 .01252
34 0 .01098
35 0 .01215
36 0 .01231
37 0 .01507
38 0 .01194
39 0 .01153
40 0 .00949
41 0 .01605
42 0 .01128
43 0 .00962
44 0 .01167
45 0 .00583
46 0 .0075
47 0 .00173
48 0 .00151
49 0 .00052
50 0 .00031
51 0 .00011
100 0 0
*parity 2 widowed
birth 1 F widowed 2
14 0 0
15 0 0
16 0 0
17 0 0
18 0 0
19 0 .00185
20 0 .00576
21 0 .00312
22 0 .00395
23 0 .00406
24 0 .00302
25 0 .00409
26 0 .00303
27 0 .00209
28 0 .00225
29 0 .00221
30 0 .00155
31 0 .00149
32 0 .00106
33 0 .00101
34 0 .00081
35 0 .00073
36 0 .00066
37 0 .00045
38 0 .00039
39 0 .0003
40 0 .00024
41 0 .00018
42 0 .00013
43 0 .00009
44 0 .00006
45 0 .00004
46 0 .00002
47 0 .00001
48 0 .00001
49 0 0
50 0 0
51 0 0
100 0 0
*parity 2 divorced
birth 1 F divorced 2
14 0 0
15 0 0
16 0 0
17 0 0
18 0 0
19 0 .00185
20 0 .00576
21 0 .00312
22 0 .00395
23 0 .00406
24 0 .00302
25 0 .00409
26 0 .00303
27 0 .00209
28 0 .00225
29 0 .00221
30 0 .00155
31 0 .00149
32 0 .00106
33 0 .00101
34 0 .00081
35 0 .00073
36 0 .00066
37 0 .00045
38 0 .00039
39 0 .0003
40 0 .00024
41 0 .00018
42 0 .00013
43 0 .00009
44 0 .00006
45 0 .00004
46 0 .00002
47 0 .00001
48 0 .00001
49 0 0
50 0 0
51 0 0
100 0 0
