*parity all married
birth 1 F married 0
14 0 0
15 0 .00014
16 0 .00089
17 0 .00248
18 0 .00542
19 0 .00956
20 0 .01393
21 0 .01738
22 0 .0194
23 0 .02034
24 0 .02059
25 0 .01999
26 0 .0188
27 0 .0172
28 0 .01592
29 0 .01468
30 0 .01371
31 0 .01222
32 0 .01114
33 0 .01008
34 0 .00952
35 0 .00882
36 0 .00818
37 0 .00745
38 0 .0068
39 0 .00603
40 0 .00525
41 0 .00407
42 0 .00311
43 0 .00226
44 0 .00166
45 0 .00111
46 0 .00066
47 0 .0004
48 0 .00021
49 0 .00011
50 0 .00005
51 0 .00002
100 0 0
*parity all single
birth 1 F single 0
14 0 0
15 0 .00014
16 0 .00089
17 0 .00248
18 0 .00542
19 0 .00956
20 0 .01393
21 0 .01738
22 0 .0194
23 0 .02034
24 0 .02059
25 0 .01999
26 0 .0188
27 0 .0172
28 0 .01592
29 0 .01468
30 0 .01371
31 0 .01222
32 0 .01114
33 0 .01008
34 0 .00952
35 0 .00882
36 0 .00818
37 0 .00745
38 0 .0068
39 0 .00603
40 0 .00525
41 0 .00407
42 0 .00311
43 0 .00226
44 0 .00166
45 0 .00111
46 0 .00066
47 0 .0004
48 0 .00021
49 0 .00011
50 0 .00005
51 0 .00002
100 0 0
*parity all widowed
birth 1 F widowed 0
14 0 0
15 0 .00014
16 0 .00089
17 0 .00248
18 0 .00542
19 0 .00956
20 0 .01393
21 0 .01738
22 0 .0194
23 0 .02034
24 0 .02059
25 0 .01999
26 0 .0188
27 0 .0172
28 0 .01592
29 0 .01468
30 0 .01371
31 0 .01222
32 0 .01114
33 0 .01008
34 0 .00952
35 0 .00882
36 0 .00818
37 0 .00745
38 0 .0068
39 0 .00603
40 0 .00525
41 0 .00407
42 0 .00311
43 0 .00226
44 0 .00166
45 0 .00111
46 0 .00066
47 0 .0004
48 0 .00021
49 0 .00011
50 0 .00005
51 0 .00002
100 0 0
*parity all divorced
birth 1 F divorced 0
14 0 0
15 0 .00014
16 0 .00089
17 0 .00248
18 0 .00542
19 0 .00956
20 0 .01393
21 0 .01738
22 0 .0194
23 0 .02034
24 0 .02059
25 0 .01999
26 0 .0188
27 0 .0172
28 0 .01592
29 0 .01468
30 0 .01371
31 0 .01222
32 0 .01114
33 0 .01008
34 0 .00952
35 0 .00882
36 0 .00818
37 0 .00745
38 0 .0068
39 0 .00603
40 0 .00525
41 0 .00407
42 0 .00311
43 0 .00226
44 0 .00166
45 0 .00111
46 0 .00066
47 0 .0004
48 0 .00021
49 0 .00011
50 0 .00005
51 0 .00002
100 0 0
