*parity 0 married
birth 1 F married 0
14 0 0
15 0 .00027
16 0 .00057
17 0 .02905
18 0 .02864
19 0 .03411
20 0 .04866
21 0 .05133
22 0 .06336
23 0 .06404
24 0 .05137
25 0 .03482
26 0 .02908
27 0 .01873
28 0 .01142
29 0 .00382
30 0 .00123
31 0 .00003
32 0 0
33 0 .00025
34 0 .00086
35 0 .00122
36 0 .00145
37 0 .00159
38 0 .0017
39 0 .00195
40 0 .00215
41 0 .00214
42 0 .00177
43 0 .00198
44 0 .00231
45 0 .00228
46 0 .00285
47 0 .0031
48 0 .00331
49 0 .00434
50 0 .00464
51 0 .00688
100 0 0
*parity 0 single
birth 1 F single 0
14 0 0
15 0 .00003
16 0 .00006
17 0 .00017
18 0 .00039
19 0 .00073
20 0 .00106
21 0 .00132
22 0 .00143
23 0 .00136
24 0 .00135
25 0 .00109
26 0 .00091
27 0 .00062
28 0 .00037
29 0 .00018
30 0 .00008
31 0 0
32 0 0
33 0 .00003
34 0 .00015
35 0 .00021
36 0 .00032
37 0 .00038
38 0 .00049
39 0 .00058
40 0 .00069
41 0 .00058
42 0 .00091
43 0 .00086
44 0 .0009
45 0 .00114
46 0 .00127
47 0 .00139
48 0 .0011
49 0 .0022
50 0 .00127
51 0 .00119
100 0 0
*parity 0 widowed
birth 1 F widowed 0
14 0 0
15 0 .00005
16 0 .0001
17 0 .49169
18 0 .30079
19 0 1.59499
20 0 .42899
21 0 .76563
22 0 2.1346
23 0 1.91059
24 0 .00087
25 0 1.07975
26 0 .00042
27 0 .19615
28 0 .10815
29 0 .04165
30 0 .00599
31 0 .00016
32 0 0
33 0 .00109
34 0 .0059
35 0 .00243
36 0 .00771
37 0 .002
38 0 .00185
39 0 .00202
40 0 .00237
41 0 .00177
42 0 .00152
43 0 .00121
44 0 .00182
45 0 .00216
46 0 .0022
47 0 .0016
48 0 .00197
49 0 .00631
50 0 .00424
51 0 .0026
100 0 0
*parity 0 divorced
birth 1 F divorced 0
14 0 0
15 0 .00005
16 0 .0001
17 0 .49169
18 0 .30079
19 0 1.59499
20 0 .42899
21 0 .76563
22 0 2.1346
23 0 1.91059
24 0 .00087
25 0 1.07975
26 0 .00042
27 0 .19615
28 0 .10815
29 0 .04165
30 0 .00599
31 0 .00016
32 0 0
33 0 .00109
34 0 .0059
35 0 .00243
36 0 .00771
37 0 .002
38 0 .00185
39 0 .00202
40 0 .00237
41 0 .00177
42 0 .00152
43 0 .00121
44 0 .00182
45 0 .00216
46 0 .0022
47 0 .0016
48 0 .00197
49 0 .00631
50 0 .00424
51 0 .0026
100 0 0
*parity 1 married
birth 1 F married 1
14 0 0
15 0 .00026
16 0 .00032
17 0 .00052
18 0 .31025
19 0 1
20 0 .16072
21 0 .12619
22 0 .49497
23 0 .29698
24 0 .10972
25 0 .10608
26 0 .16739
27 0 .20381
28 0 .11286
29 0 .03956
30 0 .03036
31 0 .03668
32 0 .04201
33 0 .03525
34 0 .04339
35 0 .05627
36 0 .05203
37 0 .03607
38 0 .06381
39 0 .0264
40 0 .01868
41 0 .01795
42 0 .01072
43 0 .00825
44 0 .0062
45 0 .00683
46 0 .00583
47 0 .00741
48 0 .00653
49 0 .00787
50 0 .00803
51 0 .00886
100 0 0
*parity 1 single
birth 1 F single 1
14 0 0
15 0 .00003
16 0 .07191
17 0 .10402
18 0 .09681
19 0 .10024
20 0 .16718
21 0 .14876
22 0 .20595
23 0 .15887
24 0 .19859
25 0 .45792
26 0 .37436
27 0 .00036
28 0 .46959
29 0 .32099
30 0 .00015
31 0 .0001
32 0 .10488
33 0 .00005
34 0 .00005
35 0 .00005
36 0 .02345
37 0 .00005
38 0 .00005
39 0 .03433
40 0 .00005
41 0 .056
42 0 .0502
43 0 .04465
44 0 .04317
45 0 .00003
46 0 .01819
47 0 .01182
48 0 .01664
49 0 .00003
50 0 .00003
51 0 .01612
100 0 0
*parity 1 widowed
birth 1 F widowed 1
14 0 0
15 0 .00004
16 0 .00005
17 0 .00009
18 0 .00019
19 0 .16151
20 0 1.07745
21 0 .35953
22 0 .00097
23 0 .00101
24 0 1.5999
25 0 .2108
26 0 1.20636
27 0 .46113
28 0 .00044
29 0 .00032
30 0 .12213
31 0 .24591
32 0 .00011
33 0 .11815
34 0 .10907
35 0 .02829
36 0 .05668
37 0 .02418
38 0 .11765
39 0 .02765
40 0 .02583
41 0 .00694
42 0 .00385
43 0 .00156
44 0 .00109
45 0 .00176
46 0 .00209
47 0 .00272
48 0 .00163
49 0 .00177
50 0 .00149
51 0 .00106
100 0 0
*parity 1 divorced
birth 1 F divorced 1
14 0 0
15 0 .00004
16 0 .00005
17 0 .00009
18 0 .00019
19 0 .16151
20 0 1.07745
21 0 .35953
22 0 .00097
23 0 .00101
24 0 1.5999
25 0 .2108
26 0 1.20636
27 0 .46113
28 0 .00044
29 0 .00032
30 0 .12213
31 0 .24591
32 0 .00011
33 0 .11815
34 0 .10907
35 0 .02829
36 0 .05668
37 0 .02418
38 0 .11765
39 0 .02765
40 0 .02583
41 0 .00694
42 0 .00385
43 0 .00156
44 0 .00109
45 0 .00176
46 0 .00209
47 0 .00272
48 0 .00163
49 0 .00177
50 0 .00149
51 0 .00106
100 0 0
*parity 2 married
birth 1 F married 2
14 0 0
15 0 .00026
16 0 .00026
17 0 .00029
18 0 .02283
19 0 .01263
20 0 .01493
21 0 .01711
22 0 .01493
23 0 .01694
24 0 .01932
25 0 .0216
26 0 .01841
27 0 .0177
28 0 .01677
29 0 .01787
30 0 .01793
31 0 .01546
32 0 .01513
33 0 .01399
34 0 .01321
35 0 .01368
36 0 .01277
37 0 .0133
38 0 .01202
39 0 .01067
40 0 .01013
41 0 .00824
42 0 .00649
43 0 .00502
44 0 .00394
45 0 .00264
46 0 .00176
47 0 .00129
48 0 .00098
49 0 .0007
50 0 .00062
51 0 .00056
100 0 0
*parity 2 single
birth 1 F single 2
14 0 0
15 0 .00003
16 0 .00003
17 0 .00003
18 0 .07123
19 0 .03482
20 0 .03995
21 0 .03092
22 0 .02795
23 0 .04175
24 0 .04932
25 0 .04949
26 0 .04373
27 0 .05994
28 0 .05908
29 0 .10259
30 0 .07512
31 0 .0581
32 0 .19181
33 0 .08412
34 0 .37278
35 0 .28029
36 0 .20596
37 0 .16804
38 0 .45995
39 0 .20118
40 0 .35029
41 0 .13536
42 0 .10631
43 0 .1587
44 0 .12795
45 0 .06167
46 0 .0239
47 0 .0866
48 0 .02977
49 0 .01652
50 0 .04048
51 0 .00691
100 0 0
*parity 2 widowed
birth 1 F widowed 2
14 0 0
15 0 .00004
16 0 .00004
17 0 .00005
18 0 .11476
19 0 .02493
20 0 .0265
21 0 .09965
22 0 .0304
23 0 .04067
24 0 .03084
25 0 .02717
26 0 .0266
27 0 .01811
28 0 .01866
29 0 .01356
30 0 .01205
31 0 .01188
32 0 .00901
33 0 .00899
34 0 .00819
35 0 .007
36 0 .00672
37 0 .00524
38 0 .00497
39 0 .00452
40 0 .00321
41 0 .00254
42 0 .00219
43 0 .00161
44 0 .00112
45 0 .00078
46 0 .00051
47 0 .00034
48 0 .00023
49 0 .00017
50 0 .00014
51 0 .00013
100 0 0
*parity 2 divorced
birth 1 F divorced 2
14 0 0
15 0 .00004
16 0 .00004
17 0 .00005
18 0 .11476
19 0 .02493
20 0 .0265
21 0 .09965
22 0 .0304
23 0 .04067
24 0 .03084
25 0 .02717
26 0 .0266
27 0 .01811
28 0 .01866
29 0 .01356
30 0 .01205
31 0 .01188
32 0 .00901
33 0 .00899
34 0 .00819
35 0 .007
36 0 .00672
37 0 .00524
38 0 .00497
39 0 .00452
40 0 .00321
41 0 .00254
42 0 .00219
43 0 .00161
44 0 .00112
45 0 .00078
46 0 .00051
47 0 .00034
48 0 .00023
49 0 .00017
50 0 .00014
51 0 .00013
100 0 0
