*parity 0 married
birth 1 F married 0
14 0 0
15 0 .00025
16 0 .00107
17 0 .04233
18 0 .0456
19 0 .03834
20 0 .04123
21 0 .04101
22 0 .05094
23 0 .04073
24 0 .05254
25 0 .05285
26 0 .04935
27 0 .04475
28 0 .03924
29 0 .05134
30 0 .03859
31 0 .04703
32 0 .05667
33 0 .03944
34 0 .03751
35 0 .02389
36 0 .02626
37 0 .02086
38 0 .01299
39 0 .01215
40 0 .00819
41 0 .00456
42 0 .00226
43 0 .00163
44 0 .00168
45 0 .00046
46 0 .00023
47 0 .00013
48 0 .00006
49 0 .00002
50 0 0
51 0 0
100 0 0
*parity 0 single
birth 1 F single 0
14 0 0
15 0 0
16 0 0
17 0 .00001
18 0 .00001
19 0 .00002
20 0 .00002
21 0 .00003
22 0 .00003
23 0 .00003
24 0 .00003
25 0 .00003
26 0 .00003
27 0 .00003
28 0 .00003
29 0 .00003
30 0 .00003
31 0 .00003
32 0 .00002
33 0 .00002
34 0 .00002
35 0 .00002
36 0 .00001
37 0 .00001
38 0 .00001
39 0 .00001
40 0 .00001
41 0 .00001
42 0 0
43 0 0
44 0 0
45 0 0
46 0 0
47 0 0
48 0 0
49 0 0
50 0 0
51 0 0
100 0 0
*parity 0 widowed
birth 1 F widowed 0
14 0 0
15 0 0
16 0 .00001
17 0 .01668
18 0 .01384
19 0 .0132
20 0 .01089
21 0 .02247
22 0 .02068
23 0 .00971
24 0 .03314
25 0 .01042
26 0 .00973
27 0 .00195
28 0 .00331
29 0 .0019
30 0 .00115
31 0 .00667
32 0 .01117
33 0 .00145
34 0 .0037
35 0 .00201
36 0 .00108
37 0 .00069
38 0 .00085
39 0 .00086
40 0 0
41 0 .00047
42 0 .00061
43 0 .00009
44 0 .00008
45 0 .00007
46 0 .00002
47 0 0
48 0 0
49 0 0
50 0 0
51 0 0
100 0 0
*parity 0 divorced
birth 1 F divorced 0
14 0 0
15 0 0
16 0 .00001
17 0 .01668
18 0 .01384
19 0 .0132
20 0 .01089
21 0 .02247
22 0 .02068
23 0 .00971
24 0 .03314
25 0 .01042
26 0 .00973
27 0 .00195
28 0 .00331
29 0 .0019
30 0 .00115
31 0 .00667
32 0 .01117
33 0 .00145
34 0 .0037
35 0 .00201
36 0 .00108
37 0 .00069
38 0 .00085
39 0 .00086
40 0 0
41 0 .00047
42 0 .00061
43 0 .00009
44 0 .00008
45 0 .00007
46 0 .00002
47 0 0
48 0 0
49 0 0
50 0 0
51 0 0
100 0 0
*parity 1 married
birth 1 F married 1
14 0 0
15 0 0
16 0 .00006
17 0 .00023
18 0 .03725
19 0 .0315
20 0 .0199
21 0 .01974
22 0 .02515
23 0 .02423
24 0 .02461
25 0 .02197
26 0 .02052
27 0 .01954
28 0 .01837
29 0 .01827
30 0 .02136
31 0 .0216
32 0 .01887
33 0 .02341
34 0 .01972
35 0 .01547
36 0 .014
37 0 .01271
38 0 .01573
39 0 .01258
40 0 .00577
41 0 .00753
42 0 .00353
43 0 .00146
44 0 .00113
45 0 .00056
46 0 .00035
47 0 .00027
48 0 .00012
49 0 .00005
50 0 .00001
51 0 .00001
100 0 0
*parity 1 single
birth 1 F single 1
14 0 0
15 0 0
16 0 0
17 0 0
18 0 0
19 0 0
20 0 .00001
21 0 .00782
22 0 .00918
23 0 .00001
24 0 .00001
25 0 .00001
26 0 .00001
27 0 .00001
28 0 .00001
29 0 .00398
30 0 .00001
31 0 .00001
32 0 .00275
33 0 .00001
34 0 0
35 0 .00164
36 0 .00293
37 0 0
38 0 0
39 0 .00093
40 0 0
41 0 0
42 0 0
43 0 0
44 0 0
45 0 0
46 0 .00003
47 0 0
48 0 0
49 0 0
50 0 0
51 0 0
100 0 0
*parity 1 widowed
birth 1 F widowed 1
14 0 0
15 0 0
16 0 0
17 0 0
18 0 .00001
19 0 .00001
20 0 .00792
21 0 .01089
22 0 .00256
23 0 .00481
24 0 .00349
25 0 .00261
26 0 .00318
27 0 .00165
28 0 .00159
29 0 .00101
30 0 .00142
31 0 .00134
32 0 .00059
33 0 .00078
34 0 .00065
35 0 .00051
36 0 .00045
37 0 .00037
38 0 .00038
39 0 .00029
40 0 .00027
41 0 .0001
42 0 .00006
43 0 .00006
44 0 .00003
45 0 .00002
46 0 .00001
47 0 0
48 0 0
49 0 0
50 0 0
51 0 0
100 0 0
*parity 1 divorced
birth 1 F divorced 1
14 0 0
15 0 0
16 0 0
17 0 0
18 0 .00001
19 0 .00001
20 0 .00792
21 0 .01089
22 0 .00256
23 0 .00481
24 0 .00349
25 0 .00261
26 0 .00318
27 0 .00165
28 0 .00159
29 0 .00101
30 0 .00142
31 0 .00134
32 0 .00059
33 0 .00078
34 0 .00065
35 0 .00051
36 0 .00045
37 0 .00037
38 0 .00038
39 0 .00029
40 0 .00027
41 0 .0001
42 0 .00006
43 0 .00006
44 0 .00003
45 0 .00002
46 0 .00001
47 0 0
48 0 0
49 0 0
50 0 0
51 0 0
100 0 0
*parity 2 married
birth 1 F married 2
14 0 0
15 0 0
16 0 0
17 0 .00002
18 0 .00372
19 0 .00685
20 0 .01717
21 0 .01209
22 0 .01306
23 0 .01337
24 0 .01252
25 0 .01168
26 0 .01108
27 0 .01121
28 0 .01116
29 0 .00994
30 0 .00943
31 0 .00742
32 0 .00721
33 0 .00626
34 0 .00587
35 0 .00526
36 0 .00483
37 0 .0041
38 0 .00358
39 0 .00291
40 0 .00246
41 0 .00202
42 0 .00155
43 0 .00119
44 0 .00081
45 0 .00055
46 0 .00033
47 0 .00018
48 0 .00009
49 0 .00005
50 0 .00002
51 0 .00001
100 0 0
*parity 2 single
birth 1 F single 2
14 0 0
15 0 0
16 0 0
17 0 0
18 0 0
19 0 0
20 0 0
21 0 0
22 0 0
23 0 .00001
24 0 .00001
25 0 .00001
26 0 .00001
27 0 .00001
28 0 .00001
29 0 .00001
30 0 .00001
31 0 .00001
32 0 .00001
33 0 .00001
34 0 .00864
35 0 .00001
36 0 .00001
37 0 .00001
38 0 .00001
39 0 .00195
40 0 0
41 0 0
42 0 0
43 0 0
44 0 0
45 0 0
46 0 0
47 0 0
48 0 0
49 0 0
50 0 0
51 0 0
100 0 0
*parity 2 widowed
birth 1 F widowed 2
14 0 0
15 0 0
16 0 0
17 0 0
18 0 0
19 0 .00205
20 0 .00433
21 0 .0081
22 0 .00306
23 0 .00573
24 0 .00403
25 0 .00304
26 0 .00185
27 0 .00158
28 0 .00146
29 0 .00127
30 0 .00088
31 0 .00084
32 0 .00067
33 0 .00047
34 0 .00034
35 0 .00035
36 0 .00026
37 0 .00023
38 0 .00015
39 0 .00015
40 0 .00013
41 0 .00007
42 0 .00005
43 0 .00003
44 0 .00003
45 0 .00002
46 0 .00001
47 0 .00001
48 0 0
49 0 0
50 0 0
51 0 0
100 0 0
*parity 2 divorced
birth 1 F divorced 2
14 0 0
15 0 0
16 0 0
17 0 0
18 0 0
19 0 .00205
20 0 .00433
21 0 .0081
22 0 .00306
23 0 .00573
24 0 .00403
25 0 .00304
26 0 .00185
27 0 .00158
28 0 .00146
29 0 .00127
30 0 .00088
31 0 .00084
32 0 .00067
33 0 .00047
34 0 .00034
35 0 .00035
36 0 .00026
37 0 .00023
38 0 .00015
39 0 .00015
40 0 .00013
41 0 .00007
42 0 .00005
43 0 .00003
44 0 .00003
45 0 .00002
46 0 .00001
47 0 .00001
48 0 0
49 0 0
50 0 0
51 0 0
100 0 0
