*parity 0 married
birth 1 F married 0
14 0 0
15 0 .00015
16 0 .00064
17 0 .02799
18 0 .02242
19 0 .02551
20 0 .02822
21 0 .02452
22 0 .0254
23 0 .02387
24 0 .02275
25 0 .02304
26 0 .02086
27 0 .01716
28 0 .01715
29 0 .01476
30 0 .01359
31 0 .01354
32 0 .01149
33 0 .01305
34 0 .01238
35 0 .01108
36 0 .00529
37 0 .00475
38 0 .00323
39 0 .00171
40 0 .00145
41 0 .00088
42 0 .00053
43 0 .00031
44 0 .00021
45 0 .00011
46 0 .00006
47 0 .00004
48 0 .00001
49 0 0
50 0 0
51 0 0
100 0 0
*parity 0 single
birth 1 F single 0
14 0 0
15 0 .00007
16 0 .00029
17 0 .00059
18 0 .00106
19 0 .0016
20 0 .00207
21 0 .00236
22 0 .00243
23 0 .00258
24 0 .00271
25 0 .0028
26 0 .00281
27 0 .00311
28 0 .00351
29 0 .00381
30 0 .00389
31 0 .00335
32 0 .00395
33 0 .0035
34 0 .00316
35 0 .00309
36 0 .00264
37 0 .00239
38 0 .00246
39 0 .00181
40 0 .00178
41 0 .00189
42 0 .0009
43 0 .00079
44 0 .00054
45 0 .00033
46 0 .00028
47 0 .0001
48 0 .00006
49 0 .00003
50 0 0
51 0 .00001
100 0 0
*parity 0 widowed
birth 1 F widowed 0
14 0 0
15 0 .00004
16 0 .00015
17 0 .46872
18 0 1.53852
19 0 .00068
20 0 .63564
21 0 2.32516
22 0 .15962
23 0 .4983
24 0 .34551
25 0 1.65155
26 0 1.44629
27 0 1.25046
28 0 .52184
29 0 .13518
30 0 .21476
31 0 .24106
32 0 .00024
33 0 .16465
34 0 .00016
35 0 .10847
36 0 .04088
37 0 .07006
38 0 .00599
39 0 .00438
40 0 .00259
41 0 .00107
42 0 .00069
43 0 .00024
44 0 .00014
45 0 .00007
46 0 .00004
47 0 .00002
48 0 .00001
49 0 0
50 0 0
51 0 0
100 0 0
*parity 0 divorced
birth 1 F divorced 0
14 0 0
15 0 .00004
16 0 .00015
17 0 .46872
18 0 1.53852
19 0 .00068
20 0 .63564
21 0 2.32516
22 0 .15962
23 0 .4983
24 0 .34551
25 0 1.65155
26 0 1.44629
27 0 1.25046
28 0 .52184
29 0 .13518
30 0 .21476
31 0 .24106
32 0 .00024
33 0 .16465
34 0 .00016
35 0 .10847
36 0 .04088
37 0 .07006
38 0 .00599
39 0 .00438
40 0 .00259
41 0 .00107
42 0 .00069
43 0 .00024
44 0 .00014
45 0 .00007
46 0 .00004
47 0 .00002
48 0 .00001
49 0 0
50 0 0
51 0 0
100 0 0
*parity 1 married
birth 1 F married 1
14 0 0
15 0 0
16 0 .00004
17 0 .00014
18 0 .12896
19 0 .05793
20 0 .02551
21 0 .0176
22 0 .01892
23 0 .0146
24 0 .02026
25 0 .02351
26 0 .02485
27 0 .02168
28 0 .01706
29 0 .01743
30 0 .02446
31 0 .03098
32 0 .03461
33 0 .04756
34 0 .03444
35 0 .02775
36 0 .09517
37 0 .29732
38 0 .10128
39 0 .11753
40 0 .16172
41 0 .21805
42 0 .00009
43 0 .08435
44 0 .02328
45 0 .00617
46 0 .00427
47 0 .00314
48 0 .0025
49 0 0
50 0 .00024
51 0 .00015
100 0 0
*parity 1 single
birth 1 F single 1
14 0 0
15 0 0
16 0 .00002
17 0 .02465
18 0 .02773
19 0 .07012
20 0 .03912
21 0 .05242
22 0 .04323
23 0 .06416
24 0 .05668
25 0 .07053
26 0 .14975
27 0 .17573
28 0 .0837
29 0 .22451
30 0 .50332
31 0 .19919
32 0 .20422
33 0 .12954
34 0 .18758
35 0 .31494
36 0 .00029
37 0 .40489
38 0 .05517
39 0 .00013
40 0 .0001
41 0 .00007
42 0 .00004
43 0 .00003
44 0 .01057
45 0 .00001
46 0 .00194
47 0 .00285
48 0 .00114
49 0 .00036
50 0 0
51 0 .00004
100 0 0
*parity 1 widowed
birth 1 F widowed 1
14 0 0
15 0 0
16 0 .00001
17 0 .00003
18 0 .02737
19 0 .02186
20 0 .03977
21 0 .02538
22 0 .0274
23 0 .04314
24 0 .03279
25 0 .13659
26 0 .08238
27 0 1.27825
28 0 .3769
29 0 .93318
30 0 .1569
31 0 .10349
32 0 .13263
33 0 .00028
34 0 .09746
35 0 .04675
36 0 .12345
37 0 .01912
38 0 .04777
39 0 .02217
40 0 .02543
41 0 .01286
42 0 .03234
43 0 .00332
44 0 .00001
45 0 .00291
46 0 .00101
47 0 .00037
48 0 0
49 0 0
50 0 .00006
51 0 .00004
100 0 0
*parity 1 divorced
birth 1 F divorced 1
14 0 0
15 0 0
16 0 .00001
17 0 .00003
18 0 .02737
19 0 .02186
20 0 .03977
21 0 .02538
22 0 .0274
23 0 .04314
24 0 .03279
25 0 .13659
26 0 .08238
27 0 1.27825
28 0 .3769
29 0 .93318
30 0 .1569
31 0 .10349
32 0 .13263
33 0 .00028
34 0 .09746
35 0 .04675
36 0 .12345
37 0 .01912
38 0 .04777
39 0 .02217
40 0 .02543
41 0 .01286
42 0 .03234
43 0 .00332
44 0 .00001
45 0 .00291
46 0 .00101
47 0 .00037
48 0 0
49 0 0
50 0 .00006
51 0 .00004
100 0 0
*parity 2 married
birth 1 F married 2
14 0 0
15 0 0
16 0 0
17 0 .00001
18 0 .00456
19 0 .00326
20 0 .00596
21 0 .01371
22 0 .01431
23 0 .01266
24 0 .00911
25 0 .00761
26 0 .00737
27 0 .00738
28 0 .00677
29 0 .00647
30 0 .00551
31 0 .00496
32 0 .00433
33 0 .00381
34 0 .00354
35 0 .0032
36 0 .00294
37 0 .0026
38 0 .00234
39 0 .00215
40 0 .00181
41 0 .00139
42 0 .00111
43 0 .00086
44 0 .00064
45 0 .00043
46 0 .00026
47 0 .00016
48 0 .00008
49 0 .00004
50 0 .00002
51 0 .00001
100 0 0
*parity 2 single
birth 1 F single 2
14 0 0
15 0 0
16 0 0
17 0 .00001
18 0 .01407
19 0 .02043
20 0 .01435
21 0 .016
22 0 .01436
23 0 .01654
24 0 .01603
25 0 .01606
26 0 .01765
27 0 .01614
28 0 .02082
29 0 .01768
30 0 .01924
31 0 .01961
32 0 .02177
33 0 .02251
34 0 .02542
35 0 .02527
36 0 .03132
37 0 .02961
38 0 .03816
39 0 .04238
40 0 .03751
41 0 .03953
42 0 .03772
43 0 .06888
44 0 .03138
45 0 .0304
46 0 .03711
47 0 .02193
48 0 .00431
49 0 .00213
50 0 .0014
51 0 .00042
100 0 0
*parity 2 widowed
birth 1 F widowed 2
14 0 0
15 0 0
16 0 0
17 0 0
18 0 .00001
19 0 .01516
20 0 .01025
21 0 .01698
22 0 .01394
23 0 .01289
24 0 .00998
25 0 .00762
26 0 .00696
27 0 .00541
28 0 .00507
29 0 .00434
30 0 .00405
31 0 .00363
32 0 .00309
33 0 .00267
34 0 .00235
35 0 .00205
36 0 .00178
37 0 .00147
38 0 .00124
39 0 .00102
40 0 .00078
41 0 .00063
42 0 .00046
43 0 .00033
44 0 .00021
45 0 .00015
46 0 .00008
47 0 .00005
48 0 .00002
49 0 .00001
50 0 0
51 0 0
100 0 0
*parity 2 divorced
birth 1 F divorced 2
14 0 0
15 0 0
16 0 0
17 0 0
18 0 .00001
19 0 .01516
20 0 .01025
21 0 .01698
22 0 .01394
23 0 .01289
24 0 .00998
25 0 .00762
26 0 .00696
27 0 .00541
28 0 .00507
29 0 .00434
30 0 .00405
31 0 .00363
32 0 .00309
33 0 .00267
34 0 .00235
35 0 .00205
36 0 .00178
37 0 .00147
38 0 .00124
39 0 .00102
40 0 .00078
41 0 .00063
42 0 .00046
43 0 .00033
44 0 .00021
45 0 .00015
46 0 .00008
47 0 .00005
48 0 .00002
49 0 .00001
50 0 0
51 0 0
100 0 0
