*parity 0 married
birth 1 F married 0
14 0 0
15 0 .00022
16 0 .0009
17 0 .03922
18 0 .03566
19 0 .03213
20 0 .0409
21 0 .04011
22 0 .03014
23 0 .02884
24 0 .02754
25 0 .02055
26 0 .02076
27 0 .01437
28 0 .01315
29 0 .01081
30 0 .00947
31 0 .00725
32 0 .00544
33 0 .00462
34 0 .00386
35 0 .00279
36 0 .00218
37 0 .00207
38 0 .00148
39 0 .00108
40 0 .00083
41 0 .00055
42 0 .00038
43 0 .00022
44 0 .00014
45 0 .00009
46 0 .00005
47 0 .00003
48 0 .00001
49 0 0
50 0 0
51 0 0
100 0 0
*parity 0 single
birth 1 F single 0
14 0 0
15 0 .00002
16 0 .00009
17 0 .00019
18 0 .00033
19 0 .00049
20 0 .00059
21 0 .00065
22 0 .00069
23 0 .00069
24 0 .0007
25 0 .00073
26 0 .00073
27 0 .00082
28 0 .00084
29 0 .0009
30 0 .00105
31 0 .00121
32 0 .00101
33 0 .00114
34 0 .00095
35 0 .00103
36 0 .00094
37 0 .00083
38 0 .00086
39 0 .00088
40 0 .00052
41 0 .00048
42 0 .00047
43 0 .00024
44 0 .00023
45 0 .00016
46 0 .00008
47 0 .00005
48 0 .00002
49 0 .00001
50 0 0
51 0 0
100 0 0
*parity 0 widowed
birth 1 F widowed 0
14 0 0
15 0 .00001
16 0 .00005
17 0 .05185
18 0 .08562
19 0 .10663
20 0 .08461
21 0 .03824
22 0 .22608
23 0 .04746
24 0 .01536
25 0 .00955
26 0 .00572
27 0 .00501
28 0 .00619
29 0 .00459
30 0 .00215
31 0 .00211
32 0 .00113
33 0 .00095
34 0 .00061
35 0 .00058
36 0 .00037
37 0 .00024
38 0 .00022
39 0 .00015
40 0 .00009
41 0 .00006
42 0 .00004
43 0 .00002
44 0 .00001
45 0 .00001
46 0 0
47 0 0
48 0 0
49 0 0
50 0 0
51 0 0
100 0 0
*parity 0 divorced
birth 1 F divorced 0
14 0 0
15 0 .00001
16 0 .00005
17 0 .05185
18 0 .08562
19 0 .10663
20 0 .08461
21 0 .03824
22 0 .22608
23 0 .04746
24 0 .01536
25 0 .00955
26 0 .00572
27 0 .00501
28 0 .00619
29 0 .00459
30 0 .00215
31 0 .00211
32 0 .00113
33 0 .00095
34 0 .00061
35 0 .00058
36 0 .00037
37 0 .00024
38 0 .00022
39 0 .00015
40 0 .00009
41 0 .00006
42 0 .00004
43 0 .00002
44 0 .00001
45 0 .00001
46 0 0
47 0 0
48 0 0
49 0 0
50 0 0
51 0 0
100 0 0
*parity 1 married
birth 1 F married 1
14 0 0
15 0 0
16 0 .00005
17 0 .2007
18 0 .02454
19 0 .02146
20 0 .02203
21 0 .02197
22 0 .02268
23 0 .02648
24 0 .02424
25 0 .03579
26 0 .03993
27 0 .03207
28 0 .035
29 0 .02714
30 0 .03129
31 0 .02212
32 0 .01938
33 0 .02034
34 0 .01827
35 0 .01284
36 0 .01691
37 0 .01405
38 0 .00691
39 0 .00631
40 0 .00449
41 0 .00424
42 0 .0028
43 0 .00152
44 0 .00108
45 0 .00069
46 0 .00034
47 0 .00013
48 0 .00006
49 0 .00001
50 0 0
51 0 0
100 0 0
*parity 1 single
birth 1 F single 1
14 0 0
15 0 0
16 0 .00001
17 0 .00002
18 0 .01406
19 0 .02572
20 0 .01416
21 0 .01717
22 0 .02
23 0 .03745
24 0 .01516
25 0 .04156
26 0 .07179
27 0 .03551
28 0 .04429
29 0 .0314
30 0 .02935
31 0 .03113
32 0 .11009
33 0 .18656
34 0 .0414
35 0 .07831
36 0 .0001
37 0 .00008
38 0 .02713
39 0 .01512
40 0 .04257
41 0 .00002
42 0 .00001
43 0 .00001
44 0 0
45 0 .00355
46 0 0
47 0 0
48 0 0
49 0 0
50 0 0
51 0 0
100 0 0
*parity 1 widowed
birth 1 F widowed 1
14 0 0
15 0 0
16 0 0
17 0 .00001
18 0 .02913
19 0 .00888
20 0 .01256
21 0 .02133
22 0 .01496
23 0 .0097
24 0 .01243
25 0 .00628
26 0 .00743
27 0 .00736
28 0 .0073
29 0 .00493
30 0 .00422
31 0 .00287
32 0 .00278
33 0 .00276
34 0 .00226
35 0 .00127
36 0 .0013
37 0 .00089
38 0 .00077
39 0 .00043
40 0 .0004
41 0 .00026
42 0 .00016
43 0 .0001
44 0 .00006
45 0 .00003
46 0 .00002
47 0 .00001
48 0 0
49 0 0
50 0 0
51 0 0
100 0 0
*parity 1 divorced
birth 1 F divorced 1
14 0 0
15 0 0
16 0 0
17 0 .00001
18 0 .02913
19 0 .00888
20 0 .01256
21 0 .02133
22 0 .01496
23 0 .0097
24 0 .01243
25 0 .00628
26 0 .00743
27 0 .00736
28 0 .0073
29 0 .00493
30 0 .00422
31 0 .00287
32 0 .00278
33 0 .00276
34 0 .00226
35 0 .00127
36 0 .0013
37 0 .00089
38 0 .00077
39 0 .00043
40 0 .0004
41 0 .00026
42 0 .00016
43 0 .0001
44 0 .00006
45 0 .00003
46 0 .00002
47 0 .00001
48 0 0
49 0 0
50 0 0
51 0 0
100 0 0
*parity 2 married
birth 1 F married 2
14 0 0
15 0 0
16 0 0
17 0 .00001
18 0 .0346
19 0 .01406
20 0 .01877
21 0 .01866
22 0 .01654
23 0 .01365
24 0 .01564
25 0 .0131
26 0 .0126
27 0 .01289
28 0 .01087
29 0 .01087
30 0 .00923
31 0 .00882
32 0 .01
33 0 .00792
34 0 .0076
35 0 .00712
36 0 .00615
37 0 .0051
38 0 .00453
39 0 .00394
40 0 .00327
41 0 .00273
42 0 .00184
43 0 .00147
44 0 .00106
45 0 .00066
46 0 .00041
47 0 .00023
48 0 .00011
49 0 .00006
50 0 .00002
51 0 .00001
100 0 0
*parity 2 single
birth 1 F single 2
14 0 0
15 0 0
16 0 0
17 0 0
18 0 .00721
19 0 .01904
20 0 .04303
21 0 .07001
22 0 .01868
23 0 .02299
24 0 .02989
25 0 .02321
26 0 .01223
27 0 .01494
28 0 .02343
29 0 .03059
30 0 .03131
31 0 .03965
32 0 .03084
33 0 .02058
34 0 .01687
35 0 .02341
36 0 .01788
37 0 .01876
38 0 .05801
39 0 .01969
40 0 .03193
41 0 .0206
42 0 .01906
43 0 .03397
44 0 .01204
45 0 .01043
46 0 .00558
47 0 .00932
48 0 .00113
49 0 .0022
50 0 .00026
51 0 .00035
100 0 0
*parity 2 widowed
birth 1 F widowed 2
14 0 0
15 0 0
16 0 0
17 0 0
18 0 0
19 0 .00001
20 0 .00743
21 0 .0033
22 0 .00527
23 0 .00794
24 0 .00489
25 0 .00451
26 0 .00334
27 0 .00355
28 0 .00267
29 0 .00277
30 0 .00226
31 0 .00205
32 0 .0019
33 0 .00139
34 0 .0013
35 0 .00121
36 0 .00094
37 0 .00073
38 0 .00062
39 0 .00051
40 0 .00041
41 0 .00027
42 0 .00021
43 0 .00017
44 0 .0001
45 0 .00006
46 0 .00004
47 0 .00002
48 0 .00001
49 0 0
50 0 0
51 0 0
100 0 0
*parity 2 divorced
birth 1 F divorced 2
14 0 0
15 0 0
16 0 0
17 0 0
18 0 0
19 0 .00001
20 0 .00743
21 0 .0033
22 0 .00527
23 0 .00794
24 0 .00489
25 0 .00451
26 0 .00334
27 0 .00355
28 0 .00267
29 0 .00277
30 0 .00226
31 0 .00205
32 0 .0019
33 0 .00139
34 0 .0013
35 0 .00121
36 0 .00094
37 0 .00073
38 0 .00062
39 0 .00051
40 0 .00041
41 0 .00027
42 0 .00021
43 0 .00017
44 0 .0001
45 0 .00006
46 0 .00004
47 0 .00002
48 0 .00001
49 0 0
50 0 0
51 0 0
100 0 0
