*parity 0 married
birth 1 F married 0
14 0 0
15 0 .00011
16 0 .00069
17 0 .03364
18 0 .02625
19 0 .04347
20 0 .04308
21 0 .05056
22 0 .05348
23 0 .05805
24 0 .04384
25 0 .04573
26 0 .02924
27 0 .01725
28 0 .00895
29 0 .00575
30 0 .00417
31 0 .00276
32 0 .0021
33 0 .00155
34 0 .00108
35 0 .0014
36 0 .00138
37 0 .00166
38 0 .00111
39 0 .00129
40 0 .00113
41 0 .00086
42 0 .00077
43 0 .0005
44 0 .00037
45 0 .00029
46 0 .00014
47 0 .00008
48 0 .00004
49 0 .00003
50 0 .00001
51 0 .00001
100 0 0
*parity 0 single
birth 1 F single 0
14 0 0
15 0 0
16 0 .00003
17 0 .00008
18 0 .00018
19 0 .00032
20 0 .00047
21 0 .00057
22 0 .00059
23 0 .00055
24 0 .00052
25 0 .00043
26 0 .00032
27 0 .00027
28 0 .00024
29 0 .00017
30 0 .00011
31 0 .00007
32 0 .00008
33 0 .00007
34 0 .00008
35 0 .0001
36 0 .00011
37 0 .00006
38 0 .00011
39 0 .00016
40 0 .00021
41 0 .00035
42 0 .00013
43 0 .00015
44 0 .00014
45 0 .00007
46 0 .00006
47 0 .00003
48 0 .00001
49 0 .00001
50 0 0
51 0 0
100 0 0
*parity 0 widowed
birth 1 F widowed 0
14 0 0
15 0 .00001
16 0 .00003
17 0 .00009
18 0 .07173
19 0 .11131
20 0 .46896
21 0 .09721
22 0 .44356
23 0 .18053
24 0 .05785
25 0 .1196
26 0 .08266
27 0 .00011
28 0 .00858
29 0 .0062
30 0 .00384
31 0 .00476
32 0 .00172
33 0 .00096
34 0 .00079
35 0 .00048
36 0 .00059
37 0 .00048
38 0 .00056
39 0 .00027
40 0 .00021
41 0 .00012
42 0 .00016
43 0 .00007
44 0 .00004
45 0 .00002
46 0 .00001
47 0 .00001
48 0 0
49 0 0
50 0 0
51 0 0
100 0 0
*parity 0 divorced
birth 1 F divorced 0
14 0 0
15 0 .00001
16 0 .00003
17 0 .00009
18 0 .07173
19 0 .11131
20 0 .46896
21 0 .09721
22 0 .44356
23 0 .18053
24 0 .05785
25 0 .1196
26 0 .08266
27 0 .00011
28 0 .00858
29 0 .0062
30 0 .00384
31 0 .00476
32 0 .00172
33 0 .00096
34 0 .00079
35 0 .00048
36 0 .00059
37 0 .00048
38 0 .00056
39 0 .00027
40 0 .00021
41 0 .00012
42 0 .00016
43 0 .00007
44 0 .00004
45 0 .00002
46 0 .00001
47 0 .00001
48 0 0
49 0 0
50 0 0
51 0 0
100 0 0
*parity 1 married
birth 1 F married 1
14 0 0
15 0 0
16 0 .00008
17 0 .00032
18 0 .03475
19 0 .03617
20 0 .03976
21 0 .04045
22 0 .05247
23 0 .06378
24 0 .07096
25 0 .08891
26 0 .06522
27 0 .06136
28 0 .06349
29 0 .05383
30 0 .04864
31 0 .04693
32 0 .13346
33 0 .05155
34 0 .05912
35 0 .02807
36 0 .01815
37 0 .02002
38 0 .02174
39 0 .00964
40 0 .00616
41 0 .00717
42 0 .00308
43 0 .00194
44 0 .00078
45 0 .00044
46 0 .00029
47 0 .00016
48 0 .00004
49 0 .00002
50 0 0
51 0 .00001
100 0 0
*parity 1 single
birth 1 F single 1
14 0 0
15 0 0
16 0 0
17 0 .00001
18 0 .00004
19 0 .09366
20 0 .17368
21 0 .23143
22 0 .02415
23 0 .03733
24 0 .03526
25 0 .03437
26 0 .09832
27 0 .03226
28 0 .02601
29 0 .0489
30 0 .02507
31 0 .05624
32 0 .00005
33 0 .02989
34 0 .00628
35 0 .00229
36 0 .00089
37 0 .00037
38 0 .00042
39 0 .00052
40 0 .00088
41 0 .00157
42 0 .00035
43 0 .00027
44 0 .00029
45 0 .00009
46 0 .00014
47 0 .00003
48 0 .00001
49 0 0
50 0 0
51 0 0
100 0 0
*parity 1 widowed
birth 1 F widowed 1
14 0 0
15 0 0
16 0 0
17 0 .00001
18 0 .00005
19 0 .05709
20 0 .07058
21 0 .09404
22 0 .02699
23 0 .01328
24 0 .03762
25 0 .09776
26 0 .03425
27 0 .04916
28 0 .02643
29 0 .05961
30 0 .03056
31 0 .02285
32 0 .01677
33 0 .00455
34 0 .00438
35 0 .00419
36 0 .00684
37 0 .01887
38 0 .00717
39 0 .00212
40 0 .00189
41 0 .00072
42 0 .00036
43 0 .00022
44 0 .00009
45 0 .00006
46 0 .00002
47 0 .00001
48 0 .00001
49 0 0
50 0 0
51 0 0
100 0 0
*parity 1 divorced
birth 1 F divorced 1
14 0 0
15 0 0
16 0 0
17 0 .00001
18 0 .00005
19 0 .05709
20 0 .07058
21 0 .09404
22 0 .02699
23 0 .01328
24 0 .03762
25 0 .09776
26 0 .03425
27 0 .04916
28 0 .02643
29 0 .05961
30 0 .03056
31 0 .02285
32 0 .01677
33 0 .00455
34 0 .00438
35 0 .00419
36 0 .00684
37 0 .01887
38 0 .00717
39 0 .00212
40 0 .00189
41 0 .00072
42 0 .00036
43 0 .00022
44 0 .00009
45 0 .00006
46 0 .00002
47 0 .00001
48 0 .00001
49 0 0
50 0 0
51 0 0
100 0 0
*parity 2 married
birth 1 F married 2
14 0 0
15 0 0
16 0 .00001
17 0 .00003
18 0 .00016
19 0 .0351
20 0 .03367
21 0 .03094
22 0 .02868
23 0 .02667
24 0 .02541
25 0 .02452
26 0 .02774
27 0 .02454
28 0 .0245
29 0 .02351
30 0 .02684
31 0 .02451
32 0 .0189
33 0 .01818
34 0 .01903
35 0 .01551
36 0 .01468
37 0 .01424
38 0 .01214
39 0 .00998
40 0 .00886
41 0 .00679
42 0 .00539
43 0 .00383
44 0 .00318
45 0 .00219
46 0 .00125
47 0 .00079
48 0 .00043
49 0 .00021
50 0 .0001
51 0 .00004
100 0 0
*parity 2 single
birth 1 F single 2
14 0 0
15 0 0
16 0 0
17 0 0
18 0 .00001
19 0 .00002
20 0 .00005
21 0 .0287
22 0 .02534
23 0 .0464
24 0 .0478
25 0 .02741
26 0 .04062
27 0 .0221
28 0 .03469
29 0 .05153
30 0 .03476
31 0 .03569
32 0 .09668
33 0 .02293
34 0 .01504
35 0 .02425
36 0 .00872
37 0 .00629
38 0 .0082
39 0 .00929
40 0 .01058
41 0 .00782
42 0 .00261
43 0 .00209
44 0 .00131
45 0 .00075
46 0 .00056
47 0 .00023
48 0 .00014
49 0 .00005
50 0 .00003
51 0 .00001
100 0 0
*parity 2 widowed
birth 1 F widowed 2
14 0 0
15 0 0
16 0 0
17 0 0
18 0 .00001
19 0 .00003
20 0 .02485
21 0 .06998
22 0 .04324
23 0 .05656
24 0 .02914
25 0 .01114
26 0 .01537
27 0 .01431
28 0 .00862
29 0 .00814
30 0 .00652
31 0 .00687
32 0 .00465
33 0 .00446
34 0 .00524
35 0 .00306
36 0 .00292
37 0 .00303
38 0 .00226
39 0 .00179
40 0 .00132
41 0 .00091
42 0 .00073
43 0 .0006
44 0 .0004
45 0 .00023
46 0 .00013
47 0 .00008
48 0 .00004
49 0 .00002
50 0 .00001
51 0 0
100 0 0
*parity 2 divorced
birth 1 F divorced 2
14 0 0
15 0 0
16 0 0
17 0 0
18 0 .00001
19 0 .00003
20 0 .02485
21 0 .06998
22 0 .04324
23 0 .05656
24 0 .02914
25 0 .01114
26 0 .01537
27 0 .01431
28 0 .00862
29 0 .00814
30 0 .00652
31 0 .00687
32 0 .00465
33 0 .00446
34 0 .00524
35 0 .00306
36 0 .00292
37 0 .00303
38 0 .00226
39 0 .00179
40 0 .00132
41 0 .00091
42 0 .00073
43 0 .0006
44 0 .0004
45 0 .00023
46 0 .00013
47 0 .00008
48 0 .00004
49 0 .00002
50 0 .00001
51 0 0
100 0 0
