*parity 0 married
birth 1 F married 0
14 0 0
15 0 .00015
16 0 .00082
17 0 .03003
18 0 .0283
19 0 .0328
20 0 .04328
21 0 .04512
22 0 .05139
23 0 .05657
24 0 .07636
25 0 .06611
26 0 .06436
27 0 .03945
28 0 .03377
29 0 .0206
30 0 .01994
31 0 .01731
32 0 .01022
33 0 .01132
34 0 .02097
35 0 .0064
36 0 .00563
37 0 .00562
38 0 .00381
39 0 .00317
40 0 .00253
41 0 .00177
42 0 .0013
43 0 .00077
44 0 .00046
45 0 .00021
46 0 .00014
47 0 .00006
48 0 .00003
49 0 .00002
50 0 0
51 0 0
100 0 0
*parity 0 single
birth 1 F single 0
14 0 0
15 0 0
16 0 0
17 0 .00001
18 0 .00001
19 0 .00003
20 0 .00004
21 0 .00005
22 0 .00005
23 0 .00005
24 0 .00004
25 0 .00004
26 0 .00003
27 0 .00003
28 0 .00003
29 0 .00002
30 0 .00002
31 0 .00001
32 0 .00001
33 0 .00001
34 0 .00001
35 0 .00001
36 0 .00001
37 0 .00001
38 0 .00001
39 0 .00001
40 0 .00001
41 0 .00001
42 0 .00001
43 0 0
44 0 0
45 0 0
46 0 0
47 0 0
48 0 0
49 0 0
50 0 0
51 0 0
100 0 0
*parity 0 widowed
birth 1 F widowed 0
14 0 0
15 0 0
16 0 .00002
17 0 .00004
18 0 .00008
19 0 .06748
20 0 .02519
21 0 .02158
22 0 .01318
23 0 .01397
24 0 .02069
25 0 .01088
26 0 .01078
27 0 .02719
28 0 .00606
29 0 .00314
30 0 .00283
31 0 .00594
32 0 .00164
33 0 .00291
34 0 .00099
35 0 .0016
36 0 .00059
37 0 .00062
38 0 .00053
39 0 .00026
40 0 .00034
41 0 .00021
42 0 .00011
43 0 .00009
44 0 .00003
45 0 .00002
46 0 .00001
47 0 .00001
48 0 0
49 0 0
50 0 0
51 0 0
100 0 0
*parity 0 divorced
birth 1 F divorced 0
14 0 0
15 0 0
16 0 .00002
17 0 .00004
18 0 .00008
19 0 .06748
20 0 .02519
21 0 .02158
22 0 .01318
23 0 .01397
24 0 .02069
25 0 .01088
26 0 .01078
27 0 .02719
28 0 .00606
29 0 .00314
30 0 .00283
31 0 .00594
32 0 .00164
33 0 .00291
34 0 .00099
35 0 .0016
36 0 .00059
37 0 .00062
38 0 .00053
39 0 .00026
40 0 .00034
41 0 .00021
42 0 .00011
43 0 .00009
44 0 .00003
45 0 .00002
46 0 .00001
47 0 .00001
48 0 0
49 0 0
50 0 0
51 0 0
100 0 0
*parity 1 married
birth 1 F married 1
14 0 0
15 0 0
16 0 .00008
17 0 .35278
18 0 .02558
19 0 .03086
20 0 .03416
21 0 .04102
22 0 .05083
23 0 .04124
24 0 .03361
25 0 .03026
26 0 .03364
27 0 .0346
28 0 .04336
29 0 .04537
30 0 .03675
31 0 .02896
32 0 .01578
33 0 .01242
34 0 .01228
35 0 .0125
36 0 .01213
37 0 .00878
38 0 .00595
39 0 .00414
40 0 .00399
41 0 .00273
42 0 .00209
43 0 .00122
44 0 .00085
45 0 .00057
46 0 .00023
47 0 .00013
48 0 .00005
49 0 .00001
50 0 .00001
51 0 0
100 0 0
*parity 1 single
birth 1 F single 1
14 0 0
15 0 0
16 0 0
17 0 0
18 0 0
19 0 .00001
20 0 .00001
21 0 .00001
22 0 .00002
23 0 .01778
24 0 .00002
25 0 .01539
26 0 .00683
27 0 .01128
28 0 .00995
29 0 .00815
30 0 .00701
31 0 .00001
32 0 .00427
33 0 0
34 0 0
35 0 .00259
36 0 0
37 0 .00172
38 0 0
39 0 0
40 0 0
41 0 .00061
42 0 0
43 0 0
44 0 0
45 0 0
46 0 0
47 0 0
48 0 0
49 0 0
50 0 0
51 0 0
100 0 0
*parity 1 widowed
birth 1 F widowed 1
14 0 0
15 0 0
16 0 0
17 0 .00001
18 0 .00002
19 0 .04445
20 0 .02577
21 0 .01632
22 0 .0102
23 0 .02206
24 0 .00963
25 0 .00764
26 0 .00509
27 0 .00467
28 0 .00285
29 0 .00289
30 0 .00435
31 0 .00191
32 0 .00127
33 0 .0007
34 0 .00051
35 0 .00054
36 0 .00067
37 0 .00053
38 0 .00024
39 0 .00028
40 0 .00014
41 0 .0001
42 0 .00008
43 0 .00006
44 0 .00003
45 0 .00002
46 0 .00001
47 0 0
48 0 0
49 0 0
50 0 0
51 0 0
100 0 0
*parity 1 divorced
birth 1 F divorced 1
14 0 0
15 0 0
16 0 0
17 0 .00001
18 0 .00002
19 0 .04445
20 0 .02577
21 0 .01632
22 0 .0102
23 0 .02206
24 0 .00963
25 0 .00764
26 0 .00509
27 0 .00467
28 0 .00285
29 0 .00289
30 0 .00435
31 0 .00191
32 0 .00127
33 0 .0007
34 0 .00051
35 0 .00054
36 0 .00067
37 0 .00053
38 0 .00024
39 0 .00028
40 0 .00014
41 0 .0001
42 0 .00008
43 0 .00006
44 0 .00003
45 0 .00002
46 0 .00001
47 0 0
48 0 0
49 0 0
50 0 0
51 0 0
100 0 0
*parity 2 married
birth 1 F married 2
14 0 0
15 0 0
16 0 .00001
17 0 .00003
18 0 .00016
19 0 .03455
20 0 .02429
21 0 .02008
22 0 .01897
23 0 .02145
24 0 .0254
25 0 .02433
26 0 .02161
27 0 .01995
28 0 .01817
29 0 .01738
30 0 .01669
31 0 .01562
32 0 .01594
33 0 .01375
34 0 .01322
35 0 .01251
36 0 .01084
37 0 .00991
38 0 .01042
39 0 .00893
40 0 .00772
41 0 .00604
42 0 .00444
43 0 .00347
44 0 .00258
45 0 .00182
46 0 .00107
47 0 .00064
48 0 .00037
49 0 .00018
50 0 .00008
51 0 .00003
100 0 0
*parity 2 single
birth 1 F single 2
14 0 0
15 0 0
16 0 0
17 0 0
18 0 0
19 0 0
20 0 0
21 0 .00001
22 0 .00001
23 0 .00002
24 0 .01854
25 0 .00002
26 0 .00002
27 0 .00003
28 0 .02571
29 0 .00003
30 0 .00003
31 0 .00002
32 0 .00002
33 0 .00002
34 0 .00002
35 0 .00002
36 0 .00002
37 0 .00002
38 0 .00002
39 0 .00001
40 0 .00001
41 0 .00001
42 0 .00001
43 0 .00001
44 0 0
45 0 0
46 0 0
47 0 0
48 0 0
49 0 0
50 0 0
51 0 0
100 0 0
*parity 2 widowed
birth 1 F widowed 2
14 0 0
15 0 0
16 0 0
17 0 0
18 0 0
19 0 .00001
20 0 .00003
21 0 .00942
22 0 .01126
23 0 .00804
24 0 .00812
25 0 .00549
26 0 .00672
27 0 .00369
28 0 .00304
29 0 .00398
30 0 .00269
31 0 .00237
32 0 .00184
33 0 .00171
34 0 .00157
35 0 .00129
36 0 .0013
37 0 .00122
38 0 .0008
39 0 .00085
40 0 .00067
41 0 .00049
42 0 .00039
43 0 .00025
44 0 .00021
45 0 .00012
46 0 .00007
47 0 .00004
48 0 .00002
49 0 .00001
50 0 0
51 0 0
100 0 0
*parity 2 divorced
birth 1 F divorced 2
14 0 0
15 0 0
16 0 0
17 0 0
18 0 0
19 0 .00001
20 0 .00003
21 0 .00942
22 0 .01126
23 0 .00804
24 0 .00812
25 0 .00549
26 0 .00672
27 0 .00369
28 0 .00304
29 0 .00398
30 0 .00269
31 0 .00237
32 0 .00184
33 0 .00171
34 0 .00157
35 0 .00129
36 0 .0013
37 0 .00122
38 0 .0008
39 0 .00085
40 0 .00067
41 0 .00049
42 0 .00039
43 0 .00025
44 0 .00021
45 0 .00012
46 0 .00007
47 0 .00004
48 0 .00002
49 0 .00001
50 0 0
51 0 0
100 0 0
