*parity 0 married
birth 1 F married 0
14 0 0
15 0 .00022
16 0 .0009
17 0 .03436
18 0 .03072
19 0 .02784
20 0 .02621
21 0 .02715
22 0 .0229
23 0 .02015
24 0 .02436
25 0 .02033
26 0 .01864
27 0 .01545
28 0 .01482
29 0 .01366
30 0 .01136
31 0 .01024
32 0 .009
33 0 .00721
34 0 .00642
35 0 .00535
36 0 .00454
37 0 .00434
38 0 .00391
39 0 .00261
40 0 .00224
41 0 .00153
42 0 .00106
43 0 .0009
44 0 .00056
45 0 .00043
46 0 .0002
47 0 .00022
48 0 .00006
49 0 .00003
50 0 .00001
51 0 .00001
100 0 0
*parity 0 single
birth 1 F single 0
14 0 0
15 0 .00001
16 0 .00006
17 0 .00011
18 0 .0002
19 0 .0003
20 0 .00038
21 0 .00042
22 0 .00044
23 0 .00047
24 0 .00046
25 0 .00049
26 0 .00056
27 0 .0006
28 0 .00066
29 0 .00069
30 0 .00072
31 0 .00072
32 0 .00063
33 0 .0007
34 0 .0007
35 0 .00061
36 0 .00055
37 0 .00046
38 0 .00047
39 0 .00036
40 0 .00031
41 0 .00021
42 0 .0002
43 0 .00014
44 0 .00011
45 0 .00006
46 0 .00005
47 0 .00002
48 0 .00001
49 0 0
50 0 0
51 0 0
100 0 0
*parity 0 widowed
birth 1 F widowed 0
14 0 0
15 0 .00001
16 0 .00005
17 0 .06493
18 0 .03414
19 0 .05584
20 0 .06495
21 0 .03222
22 0 .03186
23 0 .01592
24 0 .0118
25 0 .01272
26 0 .01039
27 0 .00785
28 0 .00601
29 0 .00459
30 0 .00273
31 0 .00228
32 0 .00245
33 0 .00146
34 0 .00096
35 0 .00087
36 0 .0008
37 0 .00071
38 0 .00053
39 0 .0005
40 0 .00033
41 0 .00019
42 0 .00011
43 0 .00013
44 0 .00012
45 0 .00008
46 0 .00006
47 0 .00002
48 0 .00001
49 0 .00001
50 0 0
51 0 0
100 0 0
*parity 0 divorced
birth 1 F divorced 0
14 0 0
15 0 .00001
16 0 .00005
17 0 .06493
18 0 .03414
19 0 .05584
20 0 .06495
21 0 .03222
22 0 .03186
23 0 .01592
24 0 .0118
25 0 .01272
26 0 .01039
27 0 .00785
28 0 .00601
29 0 .00459
30 0 .00273
31 0 .00228
32 0 .00245
33 0 .00146
34 0 .00096
35 0 .00087
36 0 .0008
37 0 .00071
38 0 .00053
39 0 .0005
40 0 .00033
41 0 .00019
42 0 .00011
43 0 .00013
44 0 .00012
45 0 .00008
46 0 .00006
47 0 .00002
48 0 .00001
49 0 .00001
50 0 0
51 0 0
100 0 0
*parity 1 married
birth 1 F married 1
14 0 0
15 0 0
16 0 .00005
17 0 .00017
18 0 .02063
19 0 .01116
20 0 .01493
21 0 .02184
22 0 .02072
23 0 .02054
24 0 .02183
25 0 .01923
26 0 .01642
27 0 .01651
28 0 .01584
29 0 .01463
30 0 .01579
31 0 .01352
32 0 .01393
33 0 .01408
34 0 .01161
35 0 .00943
36 0 .00811
37 0 .00655
38 0 .00607
39 0 .00418
40 0 .00254
41 0 .00188
42 0 .00171
43 0 .00094
44 0 .00063
45 0 .00041
46 0 .00021
47 0 .00013
48 0 .00009
49 0 .00005
50 0 .00001
51 0 .00001
100 0 0
*parity 1 single
birth 1 F single 1
14 0 0
15 0 0
16 0 0
17 0 .01626
18 0 .02086
19 0 .04186
20 0 .13538
21 0 .02262
22 0 .03283
23 0 .0251
24 0 .05009
25 0 .06448
26 0 .08408
27 0 .10772
28 0 .33066
29 0 .07971
30 0 .00016
31 0 .08792
32 0 .22628
33 0 .04798
34 0 .14319
35 0 .00008
36 0 .09097
37 0 .00005
38 0 .05389
39 0 .00003
40 0 .02928
41 0 .00001
42 0 .00968
43 0 .00001
44 0 0
45 0 0
46 0 0
47 0 0
48 0 0
49 0 0
50 0 0
51 0 0
100 0 0
*parity 1 widowed
birth 1 F widowed 1
14 0 0
15 0 0
16 0 0
17 0 .00001
18 0 .03358
19 0 .01684
20 0 .00681
21 0 .0091
22 0 .00685
23 0 .00617
24 0 .00526
25 0 .00405
26 0 .00404
27 0 .00299
28 0 .00289
29 0 .00231
30 0 .002
31 0 .00174
32 0 .0016
33 0 .00128
34 0 .001
35 0 .00077
36 0 .00084
37 0 .00051
38 0 .0004
39 0 .00028
40 0 .00019
41 0 .00014
42 0 .00011
43 0 .00006
44 0 .00004
45 0 .00002
46 0 .00002
47 0 .00001
48 0 0
49 0 0
50 0 0
51 0 0
100 0 0
*parity 1 divorced
birth 1 F divorced 1
14 0 0
15 0 0
16 0 0
17 0 .00001
18 0 .03358
19 0 .01684
20 0 .00681
21 0 .0091
22 0 .00685
23 0 .00617
24 0 .00526
25 0 .00405
26 0 .00404
27 0 .00299
28 0 .00289
29 0 .00231
30 0 .002
31 0 .00174
32 0 .0016
33 0 .00128
34 0 .001
35 0 .00077
36 0 .00084
37 0 .00051
38 0 .0004
39 0 .00028
40 0 .00019
41 0 .00014
42 0 .00011
43 0 .00006
44 0 .00004
45 0 .00002
46 0 .00002
47 0 .00001
48 0 0
49 0 0
50 0 0
51 0 0
100 0 0
*parity 2 married
birth 1 F married 2
14 0 0
15 0 0
16 0 0
17 0 .00001
18 0 .00005
19 0 .02841
20 0 .01212
21 0 .00759
22 0 .0107
23 0 .01072
24 0 .00985
25 0 .01047
26 0 .01001
27 0 .01075
28 0 .00961
29 0 .00982
30 0 .00858
31 0 .0082
32 0 .00704
33 0 .00626
34 0 .00566
35 0 .00504
36 0 .00397
37 0 .00363
38 0 .00286
39 0 .00246
40 0 .00205
41 0 .00154
42 0 .00115
43 0 .00075
44 0 .00054
45 0 .00032
46 0 .00019
47 0 .0001
48 0 .00005
49 0 .00002
50 0 .00001
51 0 0
100 0 0
*parity 2 single
birth 1 F single 2
14 0 0
15 0 0
16 0 0
17 0 0
18 0 0
19 0 .00001
20 0 .00002
21 0 .01436
22 0 .01829
23 0 .02204
24 0 .01677
25 0 .02049
26 0 .02988
27 0 .01684
28 0 .01768
29 0 .02281
30 0 .02308
31 0 .0194
32 0 .02287
33 0 .04278
34 0 .02377
35 0 .02921
36 0 .0427
37 0 .01567
38 0 .02161
39 0 .02068
40 0 .01824
41 0 .02129
42 0 .03969
43 0 .00711
44 0 .00709
45 0 .00689
46 0 .00657
47 0 0
48 0 .00087
49 0 0
50 0 0
51 0 0
100 0 0
*parity 2 widowed
birth 1 F widowed 2
14 0 0
15 0 0
16 0 0
17 0 0
18 0 0
19 0 .01193
20 0 .00435
21 0 .00578
22 0 .00566
23 0 .00463
24 0 .00287
25 0 .00384
26 0 .00321
27 0 .00286
28 0 .00247
29 0 .00191
30 0 .00216
31 0 .00165
32 0 .00136
33 0 .00104
34 0 .00091
35 0 .00079
36 0 .00069
37 0 .00047
38 0 .00036
39 0 .0003
40 0 .00024
41 0 .00018
42 0 .00011
43 0 .00009
44 0 .00005
45 0 .00003
46 0 .00002
47 0 .00001
48 0 0
49 0 0
50 0 0
51 0 0
100 0 0
*parity 2 divorced
birth 1 F divorced 2
14 0 0
15 0 0
16 0 0
17 0 0
18 0 0
19 0 .01193
20 0 .00435
21 0 .00578
22 0 .00566
23 0 .00463
24 0 .00287
25 0 .00384
26 0 .00321
27 0 .00286
28 0 .00247
29 0 .00191
30 0 .00216
31 0 .00165
32 0 .00136
33 0 .00104
34 0 .00091
35 0 .00079
36 0 .00069
37 0 .00047
38 0 .00036
39 0 .0003
40 0 .00024
41 0 .00018
42 0 .00011
43 0 .00009
44 0 .00005
45 0 .00003
46 0 .00002
47 0 .00001
48 0 0
49 0 0
50 0 0
51 0 0
100 0 0
