*parity 0 married
birth 1 F married 0
14 0 0
15 0 .00021
16 0 .00094
17 0 .03402
18 0 .02679
19 0 .03052
20 0 .03923
21 0 .05083
22 0 .05437
23 0 .04842
24 0 .04293
25 0 .04384
26 0 .03984
27 0 .03693
28 0 .04412
29 0 .03367
30 0 .06539
31 0 .03388
32 0 .02691
33 0 .01702
34 0 .01543
35 0 .01469
36 0 .01112
37 0 .01018
38 0 .00764
39 0 .00551
40 0 .00394
41 0 .00292
42 0 .0015
43 0 .00101
44 0 .00079
45 0 .00041
46 0 .00024
47 0 .00018
48 0 .00007
49 0 .00003
50 0 0
51 0 0
100 0 0
*parity 0 single
birth 1 F single 0
14 0 0
15 0 .00001
16 0 .00003
17 0 .00007
18 0 .00014
19 0 .00023
20 0 .00029
21 0 .00032
22 0 .00034
23 0 .00034
24 0 .00037
25 0 .00037
26 0 .00034
27 0 .00033
28 0 .00034
29 0 .00032
30 0 .00029
31 0 .00032
32 0 .00028
33 0 .00026
34 0 .00028
35 0 .00027
36 0 .00026
37 0 .00021
38 0 .00029
39 0 .00022
40 0 .00016
41 0 .00013
42 0 .00014
43 0 .00009
44 0 .00007
45 0 .00004
46 0 .00002
47 0 .00002
48 0 .00001
49 0 0
50 0 0
51 0 0
100 0 0
*parity 0 widowed
birth 1 F widowed 0
14 0 0
15 0 .00002
16 0 .00008
17 0 .26217
18 0 .16266
19 0 .09926
20 0 .11826
21 0 .28933
22 0 .2682
23 0 .17807
24 0 .65417
25 0 .13534
26 0 .15816
27 0 .00028
28 0 .33612
29 0 .26238
30 0 .00017
31 0 .04746
32 0 .05027
33 0 .07005
34 0 .02054
35 0 .01013
36 0 .02175
37 0 .01226
38 0 .00953
39 0 .00392
40 0 .01122
41 0 .00165
42 0 .001
43 0 .00034
44 0 .00102
45 0 .00022
46 0 .00005
47 0 .00004
48 0 .00002
49 0 .00001
50 0 0
51 0 0
100 0 0
*parity 0 divorced
birth 1 F divorced 0
14 0 0
15 0 .00002
16 0 .00008
17 0 .26217
18 0 .16266
19 0 .09926
20 0 .11826
21 0 .28933
22 0 .2682
23 0 .17807
24 0 .65417
25 0 .13534
26 0 .15816
27 0 .00028
28 0 .33612
29 0 .26238
30 0 .00017
31 0 .04746
32 0 .05027
33 0 .07005
34 0 .02054
35 0 .01013
36 0 .02175
37 0 .01226
38 0 .00953
39 0 .00392
40 0 .01122
41 0 .00165
42 0 .001
43 0 .00034
44 0 .00102
45 0 .00022
46 0 .00005
47 0 .00004
48 0 .00002
49 0 .00001
50 0 0
51 0 0
100 0 0
*parity 1 married
birth 1 F married 1
14 0 0
15 0 0
16 0 .00007
17 0 .00025
18 0 .08634
19 0 .03703
20 0 .02827
21 0 .02655
22 0 .02968
23 0 .03318
24 0 .02449
25 0 .02199
26 0 .02159
27 0 .02178
28 0 .01938
29 0 .01662
30 0 .0172
31 0 .01553
32 0 .01548
33 0 .01717
34 0 .01724
35 0 .02073
36 0 .0206
37 0 .02074
38 0 .01296
39 0 .00778
40 0 .00758
41 0 .00383
42 0 .00276
43 0 .00222
44 0 .00117
45 0 .00068
46 0 .0005
47 0 .00062
48 0 .0003
49 0 .00009
50 0 .00004
51 0 .00005
100 0 0
*parity 1 single
birth 1 F single 1
14 0 0
15 0 0
16 0 0
17 0 .00001
18 0 .0181
19 0 .01481
20 0 .06017
21 0 .05537
22 0 .03255
23 0 .0346
24 0 .04375
25 0 .04029
26 0 .09609
27 0 .01672
28 0 .07783
29 0 .12865
30 0 .00009
31 0 .00007
32 0 .08388
33 0 .08087
34 0 .00004
35 0 .04814
36 0 .03854
37 0 .02876
38 0 .00002
39 0 .01806
40 0 .01271
41 0 .00001
42 0 .00181
43 0 0
44 0 0
45 0 0
46 0 0
47 0 0
48 0 .0001
49 0 0
50 0 0
51 0 0
100 0 0
*parity 1 widowed
birth 1 F widowed 1
14 0 0
15 0 0
16 0 .00001
17 0 .00002
18 0 .03276
19 0 .03351
20 0 .0297
21 0 .02148
22 0 .04419
23 0 .07045
24 0 .0594
25 0 .01886
26 0 .01044
27 0 .01565
28 0 .00961
29 0 .00852
30 0 .00665
31 0 .00789
32 0 .00542
33 0 .00457
34 0 .00457
35 0 .00451
36 0 .00551
37 0 .00312
38 0 .00201
39 0 .00123
40 0 .00084
41 0 .0007
42 0 .00046
43 0 .00029
44 0 .00015
45 0 .00009
46 0 .00007
47 0 .00016
48 0 .00003
49 0 0
50 0 0
51 0 .00001
100 0 0
*parity 1 divorced
birth 1 F divorced 1
14 0 0
15 0 0
16 0 .00001
17 0 .00002
18 0 .03276
19 0 .03351
20 0 .0297
21 0 .02148
22 0 .04419
23 0 .07045
24 0 .0594
25 0 .01886
26 0 .01044
27 0 .01565
28 0 .00961
29 0 .00852
30 0 .00665
31 0 .00789
32 0 .00542
33 0 .00457
34 0 .00457
35 0 .00451
36 0 .00551
37 0 .00312
38 0 .00201
39 0 .00123
40 0 .00084
41 0 .0007
42 0 .00046
43 0 .00029
44 0 .00015
45 0 .00009
46 0 .00007
47 0 .00016
48 0 .00003
49 0 0
50 0 0
51 0 .00001
100 0 0
*parity 2 married
birth 1 F married 2
14 0 0
15 0 0
16 0 0
17 0 .00002
18 0 .00611
19 0 .00775
20 0 .02034
21 0 .02591
22 0 .01866
23 0 .01699
24 0 .01834
25 0 .01932
26 0 .01912
27 0 .01602
28 0 .01408
29 0 .01447
30 0 .01222
31 0 .01078
32 0 .01004
33 0 .00908
34 0 .00824
35 0 .00702
36 0 .00642
37 0 .00598
38 0 .00522
39 0 .00487
40 0 .00422
41 0 .00333
42 0 .00266
43 0 .00195
44 0 .00144
45 0 .00102
46 0 .0006
47 0 .00034
48 0 .00018
49 0 .0001
50 0 .00004
51 0 .00002
100 0 0
*parity 2 single
birth 1 F single 2
14 0 0
15 0 0
16 0 0
17 0 0
18 0 0
19 0 .016
20 0 .01836
21 0 .03509
22 0 .03611
23 0 .07368
24 0 .0485
25 0 .01801
26 0 .01519
27 0 .02438
28 0 .02891
29 0 .03479
30 0 .02802
31 0 .02196
32 0 .02231
33 0 .02001
34 0 .02265
35 0 .02612
36 0 .02072
37 0 .01755
38 0 .02497
39 0 .02912
40 0 .03149
41 0 .03437
42 0 .05218
43 0 .03816
44 0 .01385
45 0 .00615
46 0 .0126
47 0 .00575
48 0 0
49 0 .00074
50 0 .00031
51 0 .00013
100 0 0
*parity 2 widowed
birth 1 F widowed 2
14 0 0
15 0 0
16 0 0
17 0 0
18 0 .00001
19 0 .00003
20 0 .03324
21 0 .01466
22 0 .01176
23 0 .01334
24 0 .01285
25 0 .00917
26 0 .0088
27 0 .00798
28 0 .00744
29 0 .00575
30 0 .00561
31 0 .00459
32 0 .00396
33 0 .00318
34 0 .00252
35 0 .00238
36 0 .00194
37 0 .00153
38 0 .00142
39 0 .00118
40 0 .00096
41 0 .00073
42 0 .00052
43 0 .00036
44 0 .00024
45 0 .00015
46 0 .00009
47 0 .00005
48 0 .00002
49 0 .00001
50 0 0
51 0 0
100 0 0
*parity 2 divorced
birth 1 F divorced 2
14 0 0
15 0 0
16 0 0
17 0 0
18 0 .00001
19 0 .00003
20 0 .03324
21 0 .01466
22 0 .01176
23 0 .01334
24 0 .01285
25 0 .00917
26 0 .0088
27 0 .00798
28 0 .00744
29 0 .00575
30 0 .00561
31 0 .00459
32 0 .00396
33 0 .00318
34 0 .00252
35 0 .00238
36 0 .00194
37 0 .00153
38 0 .00142
39 0 .00118
40 0 .00096
41 0 .00073
42 0 .00052
43 0 .00036
44 0 .00024
45 0 .00015
46 0 .00009
47 0 .00005
48 0 .00002
49 0 .00001
50 0 0
51 0 0
100 0 0
