*parity 0 married
birth 1 F married 0
14 0 0
15 0 .00022
16 0 .00091
17 0 .03524
18 0 .02547
19 0 .02337
20 0 .02629
21 0 .02664
22 0 .02241
23 0 .01906
24 0 .02034
25 0 .01852
26 0 .01663
27 0 .01671
28 0 .01603
29 0 .01654
30 0 .0143
31 0 .0153
32 0 .01511
33 0 .01371
34 0 .0106
35 0 .00994
36 0 .01298
37 0 .01066
38 0 .01065
39 0 .00577
40 0 .0067
41 0 .00342
42 0 .0034
43 0 .00266
44 0 .00238
45 0 .00066
46 0 .00044
47 0 .00013
48 0 .0001
49 0 .00002
50 0 0
51 0 0
100 0 0
*parity 0 single
birth 1 F single 0
14 0 0
15 0 .00001
16 0 .00004
17 0 .00007
18 0 .00013
19 0 .0002
20 0 .00024
21 0 .00026
22 0 .00029
23 0 .0003
24 0 .00032
25 0 .00033
26 0 .00037
27 0 .00042
28 0 .00046
29 0 .0005
30 0 .00051
31 0 .00052
32 0 .00042
33 0 .00047
34 0 .00039
35 0 .00036
36 0 .00032
37 0 .00027
38 0 .00028
39 0 .00024
40 0 .00019
41 0 .00011
42 0 .00009
43 0 .00007
44 0 .00004
45 0 .00004
46 0 .00003
47 0 .00001
48 0 .00001
49 0 0
50 0 0
51 0 0
100 0 0
*parity 0 widowed
birth 1 F widowed 0
14 0 0
15 0 .00001
16 0 .00004
17 0 .1333
18 0 .07466
19 0 .03895
20 0 .04918
21 0 .04044
22 0 .01925
23 0 .01044
24 0 .01079
25 0 .01157
26 0 .01004
27 0 .00625
28 0 .00516
29 0 .00555
30 0 .00419
31 0 .00368
32 0 .00457
33 0 .00297
34 0 .00199
35 0 .00159
36 0 .00178
37 0 .00595
38 0 .00252
39 0 .00341
40 0 .00119
41 0 .00111
42 0 .00434
43 0 .00069
44 0 .00056
45 0 .00031
46 0 .00028
47 0 .00002
48 0 .00001
49 0 0
50 0 0
51 0 0
100 0 0
*parity 0 divorced
birth 1 F divorced 0
14 0 0
15 0 .00001
16 0 .00004
17 0 .1333
18 0 .07466
19 0 .03895
20 0 .04918
21 0 .04044
22 0 .01925
23 0 .01044
24 0 .01079
25 0 .01157
26 0 .01004
27 0 .00625
28 0 .00516
29 0 .00555
30 0 .00419
31 0 .00368
32 0 .00457
33 0 .00297
34 0 .00199
35 0 .00159
36 0 .00178
37 0 .00595
38 0 .00252
39 0 .00341
40 0 .00119
41 0 .00111
42 0 .00434
43 0 .00069
44 0 .00056
45 0 .00031
46 0 .00028
47 0 .00002
48 0 .00001
49 0 0
50 0 0
51 0 0
100 0 0
*parity 1 married
birth 1 F married 1
14 0 0
15 0 0
16 0 .00005
17 0 .28128
18 0 .02197
19 0 .01575
20 0 .01424
21 0 .01576
22 0 .01618
23 0 .01783
24 0 .01412
25 0 .01737
26 0 .01827
27 0 .01676
28 0 .0157
29 0 .01415
30 0 .01598
31 0 .01449
32 0 .01279
33 0 .01056
34 0 .01024
35 0 .01113
36 0 .00789
37 0 .00834
38 0 .00704
39 0 .0055
40 0 .00526
41 0 .00604
42 0 .00635
43 0 .00351
44 0 .00175
45 0 .00122
46 0 .00034
47 0 .00018
48 0 .00011
49 0 .00003
50 0 .00001
51 0 0
100 0 0
*parity 1 single
birth 1 F single 1
14 0 0
15 0 0
16 0 0
17 0 .00001
18 0 .01616
19 0 .03312
20 0 .03393
21 0 .00008
22 0 .04439
23 0 .04985
24 0 .03002
25 0 .0347
26 0 .00012
27 0 .18249
28 0 .03126
29 0 .04208
30 0 .02971
31 0 .02046
32 0 .04034
33 0 .11239
34 0 .00006
35 0 .05804
36 0 .02322
37 0 .03855
38 0 .00002
39 0 .01758
40 0 .01217
41 0 .00001
42 0 .00001
43 0 0
44 0 0
45 0 0
46 0 0
47 0 .00023
48 0 0
49 0 .00003
50 0 0
51 0 0
100 0 0
*parity 1 widowed
birth 1 F widowed 1
14 0 0
15 0 0
16 0 0
17 0 .0133
18 0 .00727
19 0 .00532
20 0 .0088
21 0 .00527
22 0 .00425
23 0 .00431
24 0 .00375
25 0 .00366
26 0 .00298
27 0 .00247
28 0 .00215
29 0 .0031
30 0 .00229
31 0 .00173
32 0 .00139
33 0 .00124
34 0 .00111
35 0 .00113
36 0 .00083
37 0 .00075
38 0 .00052
39 0 .00086
40 0 .00044
41 0 .00038
42 0 .0003
43 0 .00028
44 0 .00013
45 0 .00007
46 0 .00003
47 0 .00001
48 0 .00001
49 0 0
50 0 0
51 0 0
100 0 0
*parity 1 divorced
birth 1 F divorced 1
14 0 0
15 0 0
16 0 0
17 0 .0133
18 0 .00727
19 0 .00532
20 0 .0088
21 0 .00527
22 0 .00425
23 0 .00431
24 0 .00375
25 0 .00366
26 0 .00298
27 0 .00247
28 0 .00215
29 0 .0031
30 0 .00229
31 0 .00173
32 0 .00139
33 0 .00124
34 0 .00111
35 0 .00113
36 0 .00083
37 0 .00075
38 0 .00052
39 0 .00086
40 0 .00044
41 0 .00038
42 0 .0003
43 0 .00028
44 0 .00013
45 0 .00007
46 0 .00003
47 0 .00001
48 0 .00001
49 0 0
50 0 0
51 0 0
100 0 0
*parity 2 married
birth 1 F married 2
14 0 0
15 0 0
16 0 0
17 0 .00001
18 0 .00005
19 0 .02754
20 0 .02191
21 0 .01412
22 0 .01378
23 0 .01452
24 0 .01457
25 0 .01103
26 0 .00985
27 0 .00901
28 0 .00831
29 0 .00725
30 0 .00694
31 0 .00604
32 0 .0058
33 0 .00516
34 0 .00463
35 0 .0039
36 0 .00327
37 0 .00276
38 0 .00218
39 0 .00185
40 0 .00145
41 0 .00109
42 0 .00076
43 0 .00055
44 0 .00039
45 0 .00025
46 0 .00015
47 0 .00009
48 0 .00004
49 0 .00002
50 0 .00001
51 0 0
100 0 0
*parity 2 single
birth 1 F single 2
14 0 0
15 0 0
16 0 0
17 0 0
18 0 0
19 0 .01158
20 0 .00799
21 0 .01504
22 0 .00985
23 0 .0232
24 0 .0189
25 0 .01822
26 0 .02355
27 0 .02285
28 0 .05137
29 0 .01671
30 0 .01315
31 0 .07586
32 0 .01762
33 0 .01805
34 0 .02057
35 0 .04646
36 0 .0139
37 0 .01948
38 0 .01343
39 0 .02277
40 0 .00004
41 0 .01394
42 0 .00002
43 0 .00001
44 0 .00001
45 0 .00001
46 0 .00387
47 0 0
48 0 0
49 0 0
50 0 0
51 0 .00006
100 0 0
*parity 2 widowed
birth 1 F widowed 2
14 0 0
15 0 0
16 0 0
17 0 0
18 0 0
19 0 .01302
20 0 .00539
21 0 .00846
22 0 .00969
23 0 .00696
24 0 .00411
25 0 .00326
26 0 .00241
27 0 .00214
28 0 .00259
29 0 .0019
30 0 .00139
31 0 .0012
32 0 .00108
33 0 .00089
34 0 .0008
35 0 .00055
36 0 .00051
37 0 .00035
38 0 .00032
39 0 .00022
40 0 .00017
41 0 .00013
42 0 .0001
43 0 .00006
44 0 .00004
45 0 .00003
46 0 .00002
47 0 .00001
48 0 0
49 0 0
50 0 0
51 0 0
100 0 0
*parity 2 divorced
birth 1 F divorced 2
14 0 0
15 0 0
16 0 0
17 0 0
18 0 0
19 0 .01302
20 0 .00539
21 0 .00846
22 0 .00969
23 0 .00696
24 0 .00411
25 0 .00326
26 0 .00241
27 0 .00214
28 0 .00259
29 0 .0019
30 0 .00139
31 0 .0012
32 0 .00108
33 0 .00089
34 0 .0008
35 0 .00055
36 0 .00051
37 0 .00035
38 0 .00032
39 0 .00022
40 0 .00017
41 0 .00013
42 0 .0001
43 0 .00006
44 0 .00004
45 0 .00003
46 0 .00002
47 0 .00001
48 0 0
49 0 0
50 0 0
51 0 0
100 0 0
