*parity 0 married
birth 1 F married 0
14 0 0
15 0 .00022
16 0 .00101
17 0 .03481
18 0 .0267
19 0 .04142
20 0 .03892
21 0 .04085
22 0 .04636
23 0 .04267
24 0 .03727
25 0 .02912
26 0 .02356
27 0 .01715
28 0 .01405
29 0 .01111
30 0 .00899
31 0 .0068
32 0 .00605
33 0 .00457
34 0 .00405
35 0 .00295
36 0 .00286
37 0 .00229
38 0 .00156
39 0 .00116
40 0 .001
41 0 .00071
42 0 .00053
43 0 .0003
44 0 .00019
45 0 .00012
46 0 .00006
47 0 .00003
48 0 .00001
49 0 .00001
50 0 0
51 0 0
100 0 0
*parity 0 single
birth 1 F single 0
14 0 0
15 0 0
16 0 0
17 0 0
18 0 .00001
19 0 .00002
20 0 .00002
21 0 .00003
22 0 .00003
23 0 .00003
24 0 .00003
25 0 .00002
26 0 .00002
27 0 .00002
28 0 .00002
29 0 .00002
30 0 .00002
31 0 .00002
32 0 .00002
33 0 .00001
34 0 .00001
35 0 .00001
36 0 .00001
37 0 .00001
38 0 .00001
39 0 .00001
40 0 .00001
41 0 0
42 0 0
43 0 0
44 0 0
45 0 0
46 0 0
47 0 0
48 0 0
49 0 0
50 0 0
51 0 0
100 0 0
*parity 0 widowed
birth 1 F widowed 0
14 0 0
15 0 0
16 0 .00002
17 0 .02746
18 0 .02665
19 0 .02579
20 0 .0246
21 0 .01006
22 0 .00647
23 0 .00962
24 0 .00625
25 0 .00363
26 0 .00446
27 0 .00175
28 0 .00364
29 0 .00092
30 0 .00108
31 0 .00089
32 0 .00061
33 0 .00051
34 0 .00034
35 0 .00022
36 0 .00019
37 0 .00018
38 0 .00012
39 0 .00009
40 0 .00006
41 0 .00005
42 0 .00003
43 0 .00003
44 0 .00002
45 0 .00001
46 0 0
47 0 0
48 0 0
49 0 0
50 0 0
51 0 0
100 0 0
*parity 0 divorced
birth 1 F divorced 0
14 0 0
15 0 0
16 0 .00002
17 0 .02746
18 0 .02665
19 0 .02579
20 0 .0246
21 0 .01006
22 0 .00647
23 0 .00962
24 0 .00625
25 0 .00363
26 0 .00446
27 0 .00175
28 0 .00364
29 0 .00092
30 0 .00108
31 0 .00089
32 0 .00061
33 0 .00051
34 0 .00034
35 0 .00022
36 0 .00019
37 0 .00018
38 0 .00012
39 0 .00009
40 0 .00006
41 0 .00005
42 0 .00003
43 0 .00003
44 0 .00002
45 0 .00001
46 0 0
47 0 0
48 0 0
49 0 0
50 0 0
51 0 0
100 0 0
*parity 1 married
birth 1 F married 1
14 0 0
15 0 0
16 0 .00007
17 0 .22113
18 0 .0404
19 0 .02035
20 0 .02735
21 0 .0327
22 0 .03202
23 0 .03826
24 0 .04312
25 0 .05618
26 0 .05539
27 0 .04572
28 0 .04038
29 0 .03792
30 0 .03843
31 0 .02563
32 0 .02513
33 0 .02314
34 0 .01697
35 0 .01503
36 0 .01065
37 0 .00993
38 0 .00957
39 0 .00696
40 0 .00641
41 0 .00362
42 0 .00335
43 0 .00192
44 0 .00187
45 0 .00107
46 0 .00042
47 0 .00017
48 0 .00009
49 0 .00002
50 0 .00001
51 0 .00001
100 0 0
*parity 1 single
birth 1 F single 1
14 0 0
15 0 0
16 0 0
17 0 0
18 0 0
19 0 0
20 0 .00001
21 0 .00001
22 0 .00001
23 0 .00001
24 0 .00439
25 0 .00001
26 0 .00001
27 0 .00001
28 0 .00667
29 0 .00001
30 0 .00478
31 0 .00001
32 0 0
33 0 0
34 0 0
35 0 0
36 0 0
37 0 0
38 0 0
39 0 0
40 0 0
41 0 0
42 0 0
43 0 .00008
44 0 0
45 0 0
46 0 0
47 0 0
48 0 0
49 0 0
50 0 0
51 0 0
100 0 0
*parity 1 widowed
birth 1 F widowed 1
14 0 0
15 0 0
16 0 0
17 0 0
18 0 .00001
19 0 .00764
20 0 .00991
21 0 .00886
22 0 .01299
23 0 .00773
24 0 .00771
25 0 .0051
26 0 .00508
27 0 .00509
28 0 .00263
29 0 .00433
30 0 .0027
31 0 .00376
32 0 .00215
33 0 .00105
34 0 .00087
35 0 .00072
36 0 .001
37 0 .00045
38 0 .00038
39 0 .0003
40 0 .0003
41 0 .00022
42 0 .00015
43 0 .00009
44 0 .00007
45 0 .00003
46 0 .00001
47 0 .00001
48 0 0
49 0 0
50 0 0
51 0 0
100 0 0
*parity 1 divorced
birth 1 F divorced 1
14 0 0
15 0 0
16 0 0
17 0 0
18 0 .00001
19 0 .00764
20 0 .00991
21 0 .00886
22 0 .01299
23 0 .00773
24 0 .00771
25 0 .0051
26 0 .00508
27 0 .00509
28 0 .00263
29 0 .00433
30 0 .0027
31 0 .00376
32 0 .00215
33 0 .00105
34 0 .00087
35 0 .00072
36 0 .001
37 0 .00045
38 0 .00038
39 0 .0003
40 0 .0003
41 0 .00022
42 0 .00015
43 0 .00009
44 0 .00007
45 0 .00003
46 0 .00001
47 0 .00001
48 0 0
49 0 0
50 0 0
51 0 0
100 0 0
*parity 2 married
birth 1 F married 2
14 0 0
15 0 0
16 0 .00001
17 0 .00003
18 0 .00012
19 0 .05241
20 0 .03207
21 0 .02207
22 0 .02484
23 0 .02214
24 0 .02274
25 0 .02273
26 0 .02179
27 0 .01951
28 0 .01843
29 0 .0198
30 0 .0188
31 0 .01693
32 0 .01555
33 0 .01442
34 0 .01367
35 0 .01269
36 0 .01213
37 0 .0101
38 0 .00894
39 0 .00803
40 0 .00706
41 0 .00544
42 0 .00377
43 0 .00266
44 0 .00212
45 0 .00138
46 0 .00084
47 0 .00055
48 0 .00028
49 0 .00015
50 0 .00007
51 0 .00003
100 0 0
*parity 2 single
birth 1 F single 2
14 0 0
15 0 0
16 0 0
17 0 0
18 0 0
19 0 0
20 0 0
21 0 0
22 0 .00001
23 0 .00001
24 0 .00001
25 0 .00001
26 0 .00001
27 0 .00001
28 0 .00001
29 0 .00001
30 0 .00001
31 0 .00001
32 0 .00001
33 0 .00001
34 0 .00001
35 0 .00001
36 0 .00001
37 0 .00743
38 0 .00001
39 0 .00001
40 0 .00001
41 0 0
42 0 0
43 0 0
44 0 0
45 0 .001
46 0 0
47 0 0
48 0 0
49 0 0
50 0 0
51 0 0
100 0 0
*parity 2 widowed
birth 1 F widowed 2
14 0 0
15 0 0
16 0 0
17 0 0
18 0 0
19 0 .00001
20 0 .00001
21 0 .02309
22 0 .01859
23 0 .00733
24 0 .00307
25 0 .00352
26 0 .00317
27 0 .00381
28 0 .00382
29 0 .00247
30 0 .0028
31 0 .00236
32 0 .00137
33 0 .00143
34 0 .0014
35 0 .00144
36 0 .00088
37 0 .00074
38 0 .00088
39 0 .00088
40 0 .00044
41 0 .00036
42 0 .00027
43 0 .00025
44 0 .00011
45 0 .00007
46 0 .00004
47 0 .00003
48 0 .00001
49 0 .00001
50 0 0
51 0 0
100 0 0
*parity 2 divorced
birth 1 F divorced 2
14 0 0
15 0 0
16 0 0
17 0 0
18 0 0
19 0 .00001
20 0 .00001
21 0 .02309
22 0 .01859
23 0 .00733
24 0 .00307
25 0 .00352
26 0 .00317
27 0 .00381
28 0 .00382
29 0 .00247
30 0 .0028
31 0 .00236
32 0 .00137
33 0 .00143
34 0 .0014
35 0 .00144
36 0 .00088
37 0 .00074
38 0 .00088
39 0 .00088
40 0 .00044
41 0 .00036
42 0 .00027
43 0 .00025
44 0 .00011
45 0 .00007
46 0 .00004
47 0 .00003
48 0 .00001
49 0 .00001
50 0 0
51 0 0
100 0 0
