*parity 0 married
birth 1 F married 0
14 0 0
15 0 .00019
16 0 .00077
17 0 .07702
18 0 .05291
19 0 .05897
20 0 .07517
21 0 .0935
22 0 .1039
23 0 .12208
24 0 .17085
25 0 .15068
26 0 .18486
27 0 .21731
28 0 1
29 0 1
30 0 .67001
31 0 .79957
32 0 .07343
33 0 .02922
34 0 .01441
35 0 .00647
36 0 .00392
37 0 .00361
38 0 .00209
39 0 .00146
40 0 .00109
41 0 .00065
42 0 .00047
43 0 .00033
44 0 .00021
45 0 .00011
46 0 .00006
47 0 .00003
48 0 .00002
49 0 0
50 0 0
51 0 0
100 0 0
*parity 0 single
birth 1 F single 0
14 0 0
15 0 .00005
16 0 .0002
17 0 .00038
18 0 .00064
19 0 .00092
20 0 .00109
21 0 .00118
22 0 .00118
23 0 .00114
24 0 .00116
25 0 .00117
26 0 .00115
27 0 .00115
28 0 .0011
29 0 .00102
30 0 .00095
31 0 .0009
32 0 .00098
33 0 .00088
34 0 .00084
35 0 .00104
36 0 .00096
37 0 .00078
38 0 .00078
39 0 .00072
40 0 .00061
41 0 .00058
42 0 .00042
43 0 .00027
44 0 .00023
45 0 .00014
46 0 .00015
47 0 .00007
48 0 .00003
49 0 .00001
50 0 0
51 0 0
100 0 0
*parity 0 widowed
birth 1 F widowed 0
14 0 0
15 0 .00001
16 0 .00005
17 0 .00009
18 0 .22485
19 0 .29239
20 0 .33884
21 0 .00023
22 0 .00022
23 0 .00021
24 0 .28604
25 0 .00018
26 0 .00017
27 0 .23788
28 0 .00015
29 0 .00013
30 0 .00012
31 0 .0001
32 0 .00008
33 0 .05267
34 0 .02111
35 0 .06628
36 0 .00871
37 0 .0032
38 0 .00283
39 0 .0015
40 0 .00128
41 0 .00053
42 0 .00024
43 0 .00013
44 0 .00008
45 0 .00005
46 0 .00002
47 0 .00001
48 0 0
49 0 0
50 0 0
51 0 0
100 0 0
*parity 0 divorced
birth 1 F divorced 0
14 0 0
15 0 .00001
16 0 .00005
17 0 .00009
18 0 .22485
19 0 .29239
20 0 .33884
21 0 .00023
22 0 .00022
23 0 .00021
24 0 .28604
25 0 .00018
26 0 .00017
27 0 .23788
28 0 .00015
29 0 .00013
30 0 .00012
31 0 .0001
32 0 .00008
33 0 .05267
34 0 .02111
35 0 .06628
36 0 .00871
37 0 .0032
38 0 .00283
39 0 .0015
40 0 .00128
41 0 .00053
42 0 .00024
43 0 .00013
44 0 .00008
45 0 .00005
46 0 .00002
47 0 .00001
48 0 0
49 0 0
50 0 0
51 0 0
100 0 0
*parity 1 married
birth 1 F married 1
14 0 0
15 0 0
16 0 .00004
17 0 .00015
18 0 .05777
19 0 .02909
20 0 .02253
21 0 .0181
22 0 .01744
23 0 .02129
24 0 .02123
25 0 .01729
26 0 .02183
27 0 .02013
28 0 .02158
29 0 .02234
30 0 .02618
31 0 .01568
32 0 .00905
33 0 .00826
34 0 .00721
35 0 .00596
36 0 .00479
37 0 .00368
38 0 .00378
39 0 .00266
40 0 .00194
41 0 .00126
42 0 .00087
43 0 .00061
44 0 .00029
45 0 .00016
46 0 .00009
47 0 .00004
48 0 .00002
49 0 .00001
50 0 0
51 0 0
100 0 0
*parity 1 single
birth 1 F single 1
14 0 0
15 0 0
16 0 .0162
17 0 .00004
18 0 .03
19 0 .0205
20 0 .02433
21 0 .0199
22 0 .03289
23 0 .03383
24 0 .02542
25 0 .0391
26 0 .0234
27 0 .02079
28 0 .0261
29 0 .03395
30 0 .02057
31 0 .02551
32 0 .04985
33 0 .03456
34 0 .06132
35 0 .03275
36 0 .07771
37 0 .04913
38 0 .09175
39 0 .00009
40 0 .00006
41 0 .00004
42 0 .02115
43 0 .00002
44 0 .01451
45 0 .00001
46 0 .00415
47 0 0
48 0 0
49 0 0
50 0 0
51 0 .00002
100 0 0
*parity 1 widowed
birth 1 F widowed 1
14 0 0
15 0 0
16 0 0
17 0 .00001
18 0 .00002
19 0 .01186
20 0 .0191
21 0 .0296
22 0 .03126
23 0 .04194
24 0 .04538
25 0 .05817
26 0 .02263
27 0 .00945
28 0 .00944
29 0 .01263
30 0 .02211
31 0 .01725
32 0 .01331
33 0 .01324
34 0 .00434
35 0 .00305
36 0 .00275
37 0 .0021
38 0 .00108
39 0 .00068
40 0 .0006
41 0 .00029
42 0 .00019
43 0 .00011
44 0 .00008
45 0 .00003
46 0 .00001
47 0 .00001
48 0 0
49 0 0
50 0 0
51 0 0
100 0 0
*parity 1 divorced
birth 1 F divorced 1
14 0 0
15 0 0
16 0 0
17 0 .00001
18 0 .00002
19 0 .01186
20 0 .0191
21 0 .0296
22 0 .03126
23 0 .04194
24 0 .04538
25 0 .05817
26 0 .02263
27 0 .00945
28 0 .00944
29 0 .01263
30 0 .02211
31 0 .01725
32 0 .01331
33 0 .01324
34 0 .00434
35 0 .00305
36 0 .00275
37 0 .0021
38 0 .00108
39 0 .00068
40 0 .0006
41 0 .00029
42 0 .00019
43 0 .00011
44 0 .00008
45 0 .00003
46 0 .00001
47 0 .00001
48 0 0
49 0 0
50 0 0
51 0 0
100 0 0
*parity 2 married
birth 1 F married 2
14 0 0
15 0 0
16 0 0
17 0 .00001
18 0 .00601
19 0 .00683
20 0 .01351
21 0 .01547
22 0 .01393
23 0 .01321
24 0 .01082
25 0 .01248
26 0 .01054
27 0 .01004
28 0 .00928
29 0 .00862
30 0 .00758
31 0 .00704
32 0 .00635
33 0 .00558
34 0 .0049
35 0 .00415
36 0 .00375
37 0 .00328
38 0 .00255
39 0 .00218
40 0 .00173
41 0 .00138
42 0 .00101
43 0 .00071
44 0 .0005
45 0 .00034
46 0 .0002
47 0 .00012
48 0 .00006
49 0 .00003
50 0 .00001
51 0 0
100 0 0
*parity 2 single
birth 1 F single 2
14 0 0
15 0 0
16 0 0
17 0 0
18 0 .00001
19 0 .02571
20 0 .01404
21 0 .01206
22 0 .01708
23 0 .01339
24 0 .01222
25 0 .01208
26 0 .01177
27 0 .01299
28 0 .01094
29 0 .01052
30 0 .01018
31 0 .01167
32 0 .01045
33 0 .01116
34 0 .01334
35 0 .01137
36 0 .0119
37 0 .01547
38 0 .01182
39 0 .01607
40 0 .01219
41 0 .00993
42 0 .00958
43 0 .00702
44 0 .01013
45 0 .005
46 0 .00406
47 0 .00243
48 0 .00173
49 0 .00035
50 0 .00027
51 0 .00007
100 0 0
*parity 2 widowed
birth 1 F widowed 2
14 0 0
15 0 0
16 0 0
17 0 0
18 0 0
19 0 .01275
20 0 .00928
21 0 .01594
22 0 .01906
23 0 .00858
24 0 .00931
25 0 .00392
26 0 .00504
27 0 .00612
28 0 .00502
29 0 .0043
30 0 .00349
31 0 .00286
32 0 .00244
33 0 .00224
34 0 .00178
35 0 .00139
36 0 .00119
37 0 .00079
38 0 .0008
39 0 .00058
40 0 .00043
41 0 .00035
42 0 .00024
43 0 .00015
44 0 .0001
45 0 .00006
46 0 .00004
47 0 .00002
48 0 .00001
49 0 0
50 0 0
51 0 0
100 0 0
*parity 2 divorced
birth 1 F divorced 2
14 0 0
15 0 0
16 0 0
17 0 0
18 0 0
19 0 .01275
20 0 .00928
21 0 .01594
22 0 .01906
23 0 .00858
24 0 .00931
25 0 .00392
26 0 .00504
27 0 .00612
28 0 .00502
29 0 .0043
30 0 .00349
31 0 .00286
32 0 .00244
33 0 .00224
34 0 .00178
35 0 .00139
36 0 .00119
37 0 .00079
38 0 .0008
39 0 .00058
40 0 .00043
41 0 .00035
42 0 .00024
43 0 .00015
44 0 .0001
45 0 .00006
46 0 .00004
47 0 .00002
48 0 .00001
49 0 0
50 0 0
51 0 0
100 0 0
