*parity 0 married
birth 1 F married 0
14 0 0
15 0 .00024
16 0 .00107
17 0 .04378
18 0 .03707
19 0 .03629
20 0 .04411
21 0 .04147
22 0 .05344
23 0 .03656
24 0 .03906
25 0 .02988
26 0 .02935
27 0 .02118
28 0 .01727
29 0 .01533
30 0 .01155
31 0 .01052
32 0 .00748
33 0 .00609
34 0 .00483
35 0 .00363
36 0 .00292
37 0 .00272
38 0 .00199
39 0 .00156
40 0 .00106
41 0 .00067
42 0 .00045
43 0 .00031
44 0 .00019
45 0 .00012
46 0 .00006
47 0 .00004
48 0 .00002
49 0 .00001
50 0 0
51 0 0
100 0 0
*parity 0 single
birth 1 F single 0
14 0 0
15 0 0
16 0 0
17 0 .00001
18 0 .00001
19 0 .00002
20 0 .00003
21 0 .00004
22 0 .00004
23 0 .00004
24 0 .00004
25 0 .00004
26 0 .00003
27 0 .00004
28 0 .00003
29 0 .00003
30 0 .00003
31 0 .00003
32 0 .00003
33 0 .00002
34 0 .00002
35 0 .00002
36 0 .00002
37 0 .00001
38 0 .00002
39 0 .00001
40 0 .00001
41 0 .00001
42 0 .00001
43 0 0
44 0 0
45 0 0
46 0 0
47 0 0
48 0 0
49 0 0
50 0 0
51 0 0
100 0 0
*parity 0 widowed
birth 1 F widowed 0
14 0 0
15 0 0
16 0 .00001
17 0 .00002
18 0 .0294
19 0 .04301
20 0 .00006
21 0 .01081
22 0 .04628
23 0 .00657
24 0 .00783
25 0 .03542
26 0 .00222
27 0 .00272
28 0 .00177
29 0 .00165
30 0 .0015
31 0 .00285
32 0 .00134
33 0 .00068
34 0 .0004
35 0 .00029
36 0 .00023
37 0 .00013
38 0 .00016
39 0 .0001
40 0 .00007
41 0 .00004
42 0 .00002
43 0 .00001
44 0 .00001
45 0 0
46 0 0
47 0 0
48 0 0
49 0 0
50 0 0
51 0 0
100 0 0
*parity 0 divorced
birth 1 F divorced 0
14 0 0
15 0 0
16 0 .00001
17 0 .00002
18 0 .0294
19 0 .04301
20 0 .00006
21 0 .01081
22 0 .04628
23 0 .00657
24 0 .00783
25 0 .03542
26 0 .00222
27 0 .00272
28 0 .00177
29 0 .00165
30 0 .0015
31 0 .00285
32 0 .00134
33 0 .00068
34 0 .0004
35 0 .00029
36 0 .00023
37 0 .00013
38 0 .00016
39 0 .0001
40 0 .00007
41 0 .00004
42 0 .00002
43 0 .00001
44 0 .00001
45 0 0
46 0 0
47 0 0
48 0 0
49 0 0
50 0 0
51 0 0
100 0 0
*parity 1 married
birth 1 F married 1
14 0 0
15 0 0
16 0 .00007
17 0 .00026
18 0 .0311
19 0 .02532
20 0 .02
21 0 .03033
22 0 .03024
23 0 .03896
24 0 .04567
25 0 .03783
26 0 .04621
27 0 .03667
28 0 .033
29 0 .04205
30 0 .05408
31 0 .05244
32 0 .04779
33 0 .03543
34 0 .03265
35 0 .02341
36 0 .03312
37 0 .04003
38 0 .03196
39 0 .01417
40 0 .00963
41 0 .01083
42 0 .00865
43 0 .00422
44 0 .00273
45 0 .00451
46 0 .00073
47 0 .0003
48 0 .00008
49 0 .00002
50 0 .00001
51 0 0
100 0 0
*parity 1 single
birth 1 F single 1
14 0 0
15 0 0
16 0 0
17 0 0
18 0 0
19 0 .00001
20 0 .00001
21 0 .00001
22 0 .00001
23 0 .00002
24 0 .01305
25 0 .00002
26 0 .01146
27 0 .00001
28 0 .00001
29 0 .00391
30 0 .00001
31 0 .00001
32 0 .0051
33 0 .00001
34 0 .00186
35 0 0
36 0 0
37 0 0
38 0 .00132
39 0 0
40 0 0
41 0 0
42 0 0
43 0 .0002
44 0 0
45 0 .00003
46 0 .00002
47 0 .00002
48 0 0
49 0 0
50 0 0
51 0 0
100 0 0
*parity 1 widowed
birth 1 F widowed 1
14 0 0
15 0 0
16 0 0
17 0 0
18 0 .00001
19 0 .00001
20 0 .01969
21 0 .02737
22 0 .00744
23 0 .0071
24 0 .00494
25 0 .00431
26 0 .00253
27 0 .00435
28 0 .00772
29 0 .00345
30 0 .00164
31 0 .00131
32 0 .00104
33 0 .00094
34 0 .0014
35 0 .00154
36 0 .00201
37 0 .00095
38 0 .00175
39 0 .00054
40 0 .00092
41 0 .00035
42 0 .00043
43 0 .00008
44 0 .00007
45 0 .00003
46 0 .00001
47 0 0
48 0 0
49 0 0
50 0 0
51 0 0
100 0 0
*parity 1 divorced
birth 1 F divorced 1
14 0 0
15 0 0
16 0 0
17 0 0
18 0 .00001
19 0 .00001
20 0 .01969
21 0 .02737
22 0 .00744
23 0 .0071
24 0 .00494
25 0 .00431
26 0 .00253
27 0 .00435
28 0 .00772
29 0 .00345
30 0 .00164
31 0 .00131
32 0 .00104
33 0 .00094
34 0 .0014
35 0 .00154
36 0 .00201
37 0 .00095
38 0 .00175
39 0 .00054
40 0 .00092
41 0 .00035
42 0 .00043
43 0 .00008
44 0 .00007
45 0 .00003
46 0 .00001
47 0 0
48 0 0
49 0 0
50 0 0
51 0 0
100 0 0
*parity 2 married
birth 1 F married 2
14 0 0
15 0 0
16 0 .00001
17 0 .00002
18 0 .0001
19 0 .04585
20 0 .02265
21 0 .01783
22 0 .0172
23 0 .01805
24 0 .01593
25 0 .016
26 0 .01564
27 0 .01584
28 0 .01518
29 0 .01387
30 0 .01323
31 0 .01093
32 0 .01095
33 0 .00988
34 0 .00968
35 0 .00872
36 0 .00734
37 0 .00682
38 0 .00577
39 0 .00488
40 0 .00457
41 0 .00365
42 0 .00293
43 0 .00213
44 0 .00163
45 0 .00095
46 0 .0006
47 0 .00042
48 0 .00018
49 0 .0001
50 0 .00004
51 0 .00002
100 0 0
*parity 2 single
birth 1 F single 2
14 0 0
15 0 0
16 0 0
17 0 0
18 0 0
19 0 0
20 0 0
21 0 0
22 0 .00001
23 0 .00001
24 0 .00001
25 0 .00002
26 0 .00002
27 0 .00002
28 0 .00002
29 0 .00002
30 0 .00002
31 0 .01209
32 0 .00002
33 0 .00002
34 0 .00002
35 0 .00001
36 0 .00827
37 0 .00001
38 0 .00001
39 0 .00001
40 0 .00442
41 0 .00001
42 0 0
43 0 0
44 0 .00136
45 0 0
46 0 0
47 0 .00011
48 0 .00008
49 0 .00002
50 0 .00001
51 0 0
100 0 0
*parity 2 widowed
birth 1 F widowed 2
14 0 0
15 0 0
16 0 0
17 0 0
18 0 0
19 0 0
20 0 .00001
21 0 .00369
22 0 .01568
23 0 .00339
24 0 .00407
25 0 .00243
26 0 .00217
27 0 .00165
28 0 .0018
29 0 .00142
30 0 .00126
31 0 .00107
32 0 .00076
33 0 .00123
34 0 .00071
35 0 .00065
36 0 .00055
37 0 .00034
38 0 .00029
39 0 .00033
40 0 .00023
41 0 .00015
42 0 .0001
43 0 .00007
44 0 .00004
45 0 .00003
46 0 .00002
47 0 .00001
48 0 .00001
49 0 0
50 0 0
51 0 0
100 0 0
*parity 2 divorced
birth 1 F divorced 2
14 0 0
15 0 0
16 0 0
17 0 0
18 0 0
19 0 0
20 0 .00001
21 0 .00369
22 0 .01568
23 0 .00339
24 0 .00407
25 0 .00243
26 0 .00217
27 0 .00165
28 0 .0018
29 0 .00142
30 0 .00126
31 0 .00107
32 0 .00076
33 0 .00123
34 0 .00071
35 0 .00065
36 0 .00055
37 0 .00034
38 0 .00029
39 0 .00033
40 0 .00023
41 0 .00015
42 0 .0001
43 0 .00007
44 0 .00004
45 0 .00003
46 0 .00002
47 0 .00001
48 0 .00001
49 0 0
50 0 0
51 0 0
100 0 0
