*parity 0 married
birth 1 F married 0
14 0 0
15 0 .00019
16 0 .00078
17 0 .0689
18 0 .05014
19 0 .05256
20 0 .09471
21 0 .10995
22 0 .06425
23 0 .10402
24 0 .18614
25 0 .33192
26 0 .38855
27 0 .25056
28 0 .36538
29 0 .67447
30 0 .1923
31 0 .05403
32 0 .02916
33 0 .01365
34 0 .01081
35 0 .00636
36 0 .00387
37 0 .00349
38 0 .00206
39 0 .00175
40 0 .00133
41 0 .00086
42 0 .00053
43 0 .00028
44 0 .00016
45 0 .00011
46 0 .00006
47 0 .00004
48 0 .00002
49 0 .00001
50 0 0
51 0 0
100 0 0
*parity 0 single
birth 1 F single 0
14 0 0
15 0 .00005
16 0 .00019
17 0 .00037
18 0 .00062
19 0 .00089
20 0 .00104
21 0 .00114
22 0 .00115
23 0 .00114
24 0 .00111
25 0 .00112
26 0 .00108
27 0 .00109
28 0 .00103
29 0 .00105
30 0 .00095
31 0 .00093
32 0 .00103
33 0 .00099
34 0 .00095
35 0 .00088
36 0 .00092
37 0 .00082
38 0 .0008
39 0 .00061
40 0 .00054
41 0 .00051
42 0 .00035
43 0 .00041
44 0 .00025
45 0 .00015
46 0 .00011
47 0 .00005
48 0 .00003
49 0 .00001
50 0 0
51 0 0
100 0 0
*parity 0 widowed
birth 1 F widowed 0
14 0 0
15 0 .00001
16 0 .00005
17 0 .13557
18 0 .20687
19 0 .29022
20 0 .00023
21 0 .00023
22 0 .16311
23 0 .2971
24 0 .00019
25 0 .27387
26 0 .00017
27 0 .00016
28 0 .2319
29 0 .00013
30 0 .00012
31 0 .0001
32 0 .00008
33 0 .00007
34 0 .02076
35 0 .01307
36 0 .00541
37 0 .00579
38 0 .00337
39 0 .00127
40 0 .00061
41 0 .00049
42 0 .00033
43 0 .00014
44 0 .00006
45 0 .00004
46 0 .00002
47 0 .00002
48 0 0
49 0 0
50 0 0
51 0 0
100 0 0
*parity 0 divorced
birth 1 F divorced 0
14 0 0
15 0 .00001
16 0 .00005
17 0 .13557
18 0 .20687
19 0 .29022
20 0 .00023
21 0 .00023
22 0 .16311
23 0 .2971
24 0 .00019
25 0 .27387
26 0 .00017
27 0 .00016
28 0 .2319
29 0 .00013
30 0 .00012
31 0 .0001
32 0 .00008
33 0 .00007
34 0 .02076
35 0 .01307
36 0 .00541
37 0 .00579
38 0 .00337
39 0 .00127
40 0 .00061
41 0 .00049
42 0 .00033
43 0 .00014
44 0 .00006
45 0 .00004
46 0 .00002
47 0 .00002
48 0 0
49 0 0
50 0 0
51 0 0
100 0 0
*parity 1 married
birth 1 F married 1
14 0 0
15 0 0
16 0 .00004
17 0 .00015
18 0 .02568
19 0 .01525
20 0 .01936
21 0 .01624
22 0 .01975
23 0 .01945
24 0 .0206
25 0 .01727
26 0 .02015
27 0 .02358
28 0 .02152
29 0 .01651
30 0 .0176
31 0 .01548
32 0 .01016
33 0 .00834
34 0 .00654
35 0 .0075
36 0 .00584
37 0 .00448
38 0 .00343
39 0 .00265
40 0 .00217
41 0 .00123
42 0 .00082
43 0 .00057
44 0 .00031
45 0 .00017
46 0 .00009
47 0 .00004
48 0 .00002
49 0 .00001
50 0 0
51 0 0
100 0 0
*parity 1 single
birth 1 F single 1
14 0 0
15 0 0
16 0 .00001
17 0 .0134
18 0 .03329
19 0 .03435
20 0 .02417
21 0 .02243
22 0 .02966
23 0 .02029
24 0 .01989
25 0 .02765
26 0 .0281
27 0 .02329
28 0 .0277
29 0 .0273
30 0 .02737
31 0 .02635
32 0 .04
33 0 .03208
34 0 .0517
35 0 .04673
36 0 .31006
37 0 .07699
38 0 .17258
39 0 .00009
40 0 .04472
41 0 .03121
42 0 .04102
43 0 .01285
44 0 .00001
45 0 .00001
46 0 0
47 0 0
48 0 .0002
49 0 .00013
50 0 .00007
51 0 0
100 0 0
*parity 1 widowed
birth 1 F widowed 1
14 0 0
15 0 0
16 0 0
17 0 .00001
18 0 .00002
19 0 .00005
20 0 .01864
21 0 .07784
22 0 .04764
23 0 .01391
24 0 .01125
25 0 .01466
26 0 .01754
27 0 .01625
28 0 .0235
29 0 .03308
30 0 .01919
31 0 .00998
32 0 .00633
33 0 .00876
34 0 .0052
35 0 .0037
36 0 .00185
37 0 .00165
38 0 .00092
39 0 .00077
40 0 .00043
41 0 .00036
42 0 .00017
43 0 .0001
44 0 .00005
45 0 .00003
46 0 .00001
47 0 .00001
48 0 0
49 0 0
50 0 0
51 0 0
100 0 0
*parity 1 divorced
birth 1 F divorced 1
14 0 0
15 0 0
16 0 0
17 0 .00001
18 0 .00002
19 0 .00005
20 0 .01864
21 0 .07784
22 0 .04764
23 0 .01391
24 0 .01125
25 0 .01466
26 0 .01754
27 0 .01625
28 0 .0235
29 0 .03308
30 0 .01919
31 0 .00998
32 0 .00633
33 0 .00876
34 0 .0052
35 0 .0037
36 0 .00185
37 0 .00165
38 0 .00092
39 0 .00077
40 0 .00043
41 0 .00036
42 0 .00017
43 0 .0001
44 0 .00005
45 0 .00003
46 0 .00001
47 0 .00001
48 0 0
49 0 0
50 0 0
51 0 0
100 0 0
*parity 2 married
birth 1 F married 2
14 0 0
15 0 0
16 0 0
17 0 .00001
18 0 .00005
19 0 .01994
20 0 .01529
21 0 .0139
22 0 .01419
23 0 .01301
24 0 .01304
25 0 .01231
26 0 .01077
27 0 .00909
28 0 .00988
29 0 .00879
30 0 .00807
31 0 .00712
32 0 .00599
33 0 .00552
34 0 .00506
35 0 .00399
36 0 .00365
37 0 .00305
38 0 .00266
39 0 .00218
40 0 .00173
41 0 .00133
42 0 .00103
43 0 .00073
44 0 .00056
45 0 .00035
46 0 .00021
47 0 .00011
48 0 .00005
49 0 .00003
50 0 .00001
51 0 0
100 0 0
*parity 2 single
birth 1 F single 2
14 0 0
15 0 0
16 0 0
17 0 0
18 0 .01662
19 0 .04923
20 0 .0151
21 0 .01631
22 0 .01507
23 0 .01532
24 0 .01396
25 0 .01089
26 0 .01377
27 0 .01404
28 0 .01066
29 0 .0101
30 0 .01094
31 0 .0126
32 0 .01238
33 0 .01427
34 0 .01535
35 0 .01298
36 0 .01345
37 0 .01039
38 0 .01172
39 0 .01231
40 0 .01008
41 0 .0128
42 0 .00981
43 0 .00876
44 0 .00595
45 0 .00776
46 0 .00203
47 0 .00285
48 0 .00088
49 0 .00032
50 0 .00012
51 0 .00005
100 0 0
*parity 2 widowed
birth 1 F widowed 2
14 0 0
15 0 0
16 0 0
17 0 0
18 0 0
19 0 .00001
20 0 .01358
21 0 .02515
22 0 .00861
23 0 .01138
24 0 .00807
25 0 .0077
26 0 .00669
27 0 .00541
28 0 .00416
29 0 .00372
30 0 .00353
31 0 .00268
32 0 .00255
33 0 .00202
34 0 .00142
35 0 .00145
36 0 .00112
37 0 .00087
38 0 .00078
39 0 .00055
40 0 .00042
41 0 .0003
42 0 .00022
43 0 .00016
44 0 .00011
45 0 .00006
46 0 .00004
47 0 .00002
48 0 .00001
49 0 0
50 0 0
51 0 0
100 0 0
*parity 2 divorced
birth 1 F divorced 2
14 0 0
15 0 0
16 0 0
17 0 0
18 0 0
19 0 .00001
20 0 .01358
21 0 .02515
22 0 .00861
23 0 .01138
24 0 .00807
25 0 .0077
26 0 .00669
27 0 .00541
28 0 .00416
29 0 .00372
30 0 .00353
31 0 .00268
32 0 .00255
33 0 .00202
34 0 .00142
35 0 .00145
36 0 .00112
37 0 .00087
38 0 .00078
39 0 .00055
40 0 .00042
41 0 .0003
42 0 .00022
43 0 .00016
44 0 .00011
45 0 .00006
46 0 .00004
47 0 .00002
48 0 .00001
49 0 0
50 0 0
51 0 0
100 0 0
