*parity 0 married
birth 1 F married 0
14 0 0
15 0 .00007
16 0 .00028
17 0 .05281
18 0 .03435
19 0 .03448
20 0 .0485
21 0 .04904
22 0 .04903
23 0 .05058
24 0 .05842
25 0 .04067
26 0 .07003
27 0 .04716
28 0 .0347
29 0 .03063
30 0 .0323
31 0 .04605
32 0 .02954
33 0 .02349
34 0 .02823
35 0 .01684
36 0 .00875
37 0 .0045
38 0 .00236
39 0 .00161
40 0 .00096
41 0 .00067
42 0 .00038
43 0 .0002
44 0 .00011
45 0 .00007
46 0 .00004
47 0 .00002
48 0 .00001
49 0 0
50 0 0
51 0 0
100 0 0
*parity 0 single
birth 1 F single 0
14 0 0
15 0 .00017
16 0 .0007
17 0 .00135
18 0 .00226
19 0 .00321
20 0 .00393
21 0 .00424
22 0 .00442
23 0 .00436
24 0 .00437
25 0 .0044
26 0 .00445
27 0 .00447
28 0 .00436
29 0 .0042
30 0 .00391
31 0 .00352
32 0 .00317
33 0 .0028
34 0 .00249
35 0 .00197
36 0 .00172
37 0 .00147
38 0 .00122
39 0 .00102
40 0 .00074
41 0 .00057
42 0 .00043
43 0 .0003
44 0 .00019
45 0 .00013
46 0 .00007
47 0 .00005
48 0 .00002
49 0 .00001
50 0 0
51 0 0
100 0 0
*parity 0 widowed
birth 1 F widowed 0
14 0 0
15 0 .00001
16 0 .00005
17 0 .15757
18 0 .10183
19 0 .13541
20 0 .08713
21 0 .1567
22 0 .18877
23 0 .00024
24 0 .00022
25 0 .09787
26 0 .56617
27 0 .00018
28 0 .12022
29 0 .08607
30 0 .1347
31 0 .32801
32 0 .04644
33 0 .05651
34 0 .00006
35 0 .00005
36 0 .02393
37 0 .00843
38 0 .00375
39 0 .00242
40 0 .00117
41 0 .00078
42 0 .00026
43 0 .0001
44 0 .00005
45 0 .00003
46 0 .00001
47 0 .00001
48 0 0
49 0 0
50 0 0
51 0 0
100 0 0
*parity 0 divorced
birth 1 F divorced 0
14 0 0
15 0 .00001
16 0 .00005
17 0 .15757
18 0 .10183
19 0 .13541
20 0 .08713
21 0 .1567
22 0 .18877
23 0 .00024
24 0 .00022
25 0 .09787
26 0 .56617
27 0 .00018
28 0 .12022
29 0 .08607
30 0 .1347
31 0 .32801
32 0 .04644
33 0 .05651
34 0 .00006
35 0 .00005
36 0 .02393
37 0 .00843
38 0 .00375
39 0 .00242
40 0 .00117
41 0 .00078
42 0 .00026
43 0 .0001
44 0 .00005
45 0 .00003
46 0 .00001
47 0 .00001
48 0 0
49 0 0
50 0 0
51 0 0
100 0 0
*parity 1 married
birth 1 F married 1
14 0 0
15 0 0
16 0 .00002
17 0 .16948
18 0 .02623
19 0 .02563
20 0 .02123
21 0 .01593
22 0 .01695
23 0 .01596
24 0 .01919
25 0 .0168
26 0 .01631
27 0 .01459
28 0 .01727
29 0 .01728
30 0 .01816
31 0 .0175
32 0 .01516
33 0 .01423
34 0 .01055
35 0 .00917
36 0 .0095
37 0 .00789
38 0 .0049
39 0 .00352
40 0 .00261
41 0 .00137
42 0 .00083
43 0 .00067
44 0 .00039
45 0 .00022
46 0 .00011
47 0 .00005
48 0 .00002
49 0 .00001
50 0 0
51 0 0
100 0 0
*parity 1 single
birth 1 F single 1
14 0 0
15 0 0
16 0 .02745
17 0 .0209
18 0 .04229
19 0 .04132
20 0 .02617
21 0 .02879
22 0 .02308
23 0 .02431
24 0 .02434
25 0 .02671
26 0 .02492
27 0 .02739
28 0 .02507
29 0 .02543
30 0 .02964
31 0 .02733
32 0 .02331
33 0 .01843
34 0 .0148
35 0 .01909
36 0 .01429
37 0 .01471
38 0 .01354
39 0 .00845
40 0 .00656
41 0 .0081
42 0 .0055
43 0 .00298
44 0 .00144
45 0 .00104
46 0 .00094
47 0 .00026
48 0 .00008
49 0 .00006
50 0 .00002
51 0 .00001
100 0 0
*parity 1 widowed
birth 1 F widowed 1
14 0 0
15 0 0
16 0 0
17 0 .00001
18 0 .00003
19 0 .08387
20 0 .01172
21 0 .01809
22 0 .01788
23 0 .01536
24 0 .00874
25 0 .00929
26 0 .00573
27 0 .00693
28 0 .00611
29 0 .00562
30 0 .00569
31 0 .00429
32 0 .00471
33 0 .00477
34 0 .0025
35 0 .00185
36 0 .00195
37 0 .00152
38 0 .00134
39 0 .00108
40 0 .0005
41 0 .00023
42 0 .00015
43 0 .00011
44 0 .00006
45 0 .00003
46 0 .00001
47 0 .00001
48 0 0
49 0 0
50 0 0
51 0 0
100 0 0
*parity 1 divorced
birth 1 F divorced 1
14 0 0
15 0 0
16 0 0
17 0 .00001
18 0 .00003
19 0 .08387
20 0 .01172
21 0 .01809
22 0 .01788
23 0 .01536
24 0 .00874
25 0 .00929
26 0 .00573
27 0 .00693
28 0 .00611
29 0 .00562
30 0 .00569
31 0 .00429
32 0 .00471
33 0 .00477
34 0 .0025
35 0 .00185
36 0 .00195
37 0 .00152
38 0 .00134
39 0 .00108
40 0 .0005
41 0 .00023
42 0 .00015
43 0 .00011
44 0 .00006
45 0 .00003
46 0 .00001
47 0 .00001
48 0 0
49 0 0
50 0 0
51 0 0
100 0 0
*parity 2 married
birth 1 F married 2
14 0 0
15 0 0
16 0 0
17 0 0
18 0 .00002
19 0 .00726
20 0 .01001
21 0 .01498
22 0 .01244
23 0 .01328
24 0 .01054
25 0 .01261
26 0 .01216
27 0 .0104
28 0 .01138
29 0 .01043
30 0 .00858
31 0 .00767
32 0 .00697
33 0 .00625
34 0 .0055
35 0 .00479
36 0 .00413
37 0 .0031
38 0 .00257
39 0 .0021
40 0 .0017
41 0 .0012
42 0 .00093
43 0 .00064
44 0 .00048
45 0 .0003
46 0 .00018
47 0 .00009
48 0 .00005
49 0 .00003
50 0 .00001
51 0 0
100 0 0
*parity 2 single
birth 1 F single 2
14 0 0
15 0 0
16 0 0
17 0 .00844
18 0 .00559
19 0 .00743
20 0 .01183
21 0 .01251
22 0 .01275
23 0 .01362
24 0 .01316
25 0 .01203
26 0 .01128
27 0 .01045
28 0 .01028
29 0 .0098
30 0 .00869
31 0 .00797
32 0 .00717
33 0 .00677
34 0 .00648
35 0 .00585
36 0 .00517
37 0 .00484
38 0 .00438
39 0 .00371
40 0 .0036
41 0 .00282
42 0 .00236
43 0 .00186
44 0 .00154
45 0 .001
46 0 .00065
47 0 .00038
48 0 .0002
49 0 .0001
50 0 .00004
51 0 .00002
100 0 0
*parity 2 widowed
birth 1 F widowed 2
14 0 0
15 0 0
16 0 0
17 0 0
18 0 0
19 0 .01024
20 0 .00749
21 0 .00807
22 0 .00631
23 0 .00666
24 0 .00693
25 0 .00549
26 0 .00487
27 0 .00441
28 0 .00323
29 0 .00259
30 0 .00239
31 0 .00209
32 0 .00204
33 0 .0015
34 0 .00124
35 0 .00108
36 0 .00085
37 0 .00067
38 0 .00056
39 0 .00045
40 0 .00035
41 0 .00028
42 0 .00018
43 0 .00013
44 0 .00008
45 0 .00005
46 0 .00003
47 0 .00001
48 0 .00001
49 0 0
50 0 0
51 0 0
100 0 0
*parity 2 divorced
birth 1 F divorced 2
14 0 0
15 0 0
16 0 0
17 0 0
18 0 0
19 0 .01024
20 0 .00749
21 0 .00807
22 0 .00631
23 0 .00666
24 0 .00693
25 0 .00549
26 0 .00487
27 0 .00441
28 0 .00323
29 0 .00259
30 0 .00239
31 0 .00209
32 0 .00204
33 0 .0015
34 0 .00124
35 0 .00108
36 0 .00085
37 0 .00067
38 0 .00056
39 0 .00045
40 0 .00035
41 0 .00028
42 0 .00018
43 0 .00013
44 0 .00008
45 0 .00005
46 0 .00003
47 0 .00001
48 0 .00001
49 0 0
50 0 0
51 0 0
100 0 0
