*parity 0 married
birth 1 F married 0
14 0 0
15 0 .00018
16 0 .00074
17 0 .08333
18 0 .05019
19 0 .08751
20 0 .0832
21 0 .08546
22 0 .10685
23 0 .113
24 0 .10185
25 0 .13991
26 0 .21418
27 0 .20898
28 0 .14722
29 0 1
30 0 1
31 0 1
32 0 .17837
33 0 .04622
34 0 .02228
35 0 .00857
36 0 .00688
37 0 .00572
38 0 .00398
39 0 .00229
40 0 .00144
41 0 .00091
42 0 .0006
43 0 .00041
44 0 .00022
45 0 .00015
46 0 .0001
47 0 .00005
48 0 .00002
49 0 .00001
50 0 0
51 0 0
100 0 0
*parity 0 single
birth 1 F single 0
14 0 0
15 0 .00006
16 0 .00023
17 0 .00043
18 0 .00074
19 0 .00103
20 0 .00125
21 0 .00134
22 0 .00137
23 0 .00134
24 0 .0013
25 0 .00136
26 0 .00131
27 0 .00134
28 0 .00127
29 0 .00118
30 0 .00111
31 0 .00097
32 0 .00088
33 0 .00092
34 0 .00103
35 0 .00092
36 0 .00094
37 0 .00095
38 0 .00078
39 0 .00073
40 0 .00066
41 0 .00047
42 0 .00043
43 0 .00027
44 0 .00022
45 0 .00016
46 0 .00012
47 0 .00009
48 0 .00004
49 0 .00001
50 0 0
51 0 0
100 0 0
*parity 0 widowed
birth 1 F widowed 0
14 0 0
15 0 .00001
16 0 .00005
17 0 .06794
18 0 .05542
19 0 .07581
20 0 .16958
21 0 .11613
22 0 .08349
23 0 .05119
24 0 .03719
25 0 .0713
26 0 .00018
27 0 .12069
28 0 .23006
29 0 .00014
30 0 .00012
31 0 .0001
32 0 .00008
33 0 .10363
34 0 .04238
35 0 .00786
36 0 .00566
37 0 .00491
38 0 .00161
39 0 .0007
40 0 .00031
41 0 .00021
42 0 .00014
43 0 .00008
44 0 .00003
45 0 .00002
46 0 .00001
47 0 .00001
48 0 0
49 0 0
50 0 0
51 0 0
100 0 0
*parity 0 divorced
birth 1 F divorced 0
14 0 0
15 0 .00001
16 0 .00005
17 0 .06794
18 0 .05542
19 0 .07581
20 0 .16958
21 0 .11613
22 0 .08349
23 0 .05119
24 0 .03719
25 0 .0713
26 0 .00018
27 0 .12069
28 0 .23006
29 0 .00014
30 0 .00012
31 0 .0001
32 0 .00008
33 0 .10363
34 0 .04238
35 0 .00786
36 0 .00566
37 0 .00491
38 0 .00161
39 0 .0007
40 0 .00031
41 0 .00021
42 0 .00014
43 0 .00008
44 0 .00003
45 0 .00002
46 0 .00001
47 0 .00001
48 0 0
49 0 0
50 0 0
51 0 0
100 0 0
*parity 1 married
birth 1 F married 1
14 0 0
15 0 0
16 0 .00004
17 0 .00014
18 0 .02347
19 0 .01752
20 0 .0268
21 0 .02565
22 0 .02111
23 0 .02204
24 0 .02995
25 0 .03424
26 0 .03061
27 0 .02627
28 0 .03119
29 0 .03668
30 0 .02889
31 0 .02519
32 0 .02242
33 0 .01416
34 0 .00926
35 0 .008
36 0 .00747
37 0 .00413
38 0 .00336
39 0 .00307
40 0 .00229
41 0 .00184
42 0 .00119
43 0 .00083
44 0 .00042
45 0 .00019
46 0 .0001
47 0 .00005
48 0 .00003
49 0 .00001
50 0 0
51 0 0
100 0 0
*parity 1 single
birth 1 F single 1
14 0 0
15 0 0
16 0 .00001
17 0 .03139
18 0 .02382
19 0 .08389
20 0 .03477
21 0 .05547
22 0 .03548
23 0 .05159
24 0 .03252
25 0 .02776
26 0 .02913
27 0 .03876
28 0 .05887
29 0 .04335
30 0 .03404
31 0 .04113
32 0 .10288
33 0 .21717
34 0 .04625
35 0 .10504
36 0 .17084
37 0 .03738
38 0 .01452
39 0 .07673
40 0 .10973
41 0 .07262
42 0 .01275
43 0 .03143
44 0 .00001
45 0 .00231
46 0 0
47 0 .00214
48 0 0
49 0 .00029
50 0 .00009
51 0 .00002
100 0 0
*parity 1 widowed
birth 1 F widowed 1
14 0 0
15 0 0
16 0 0
17 0 .00001
18 0 .00733
19 0 .00923
20 0 .01043
21 0 .01442
22 0 .00629
23 0 .00744
24 0 .00674
25 0 .00568
26 0 .00431
27 0 .0047
28 0 .00448
29 0 .00477
30 0 .00349
31 0 .00268
32 0 .00288
33 0 .00171
34 0 .00155
35 0 .00095
36 0 .00091
37 0 .00056
38 0 .00038
39 0 .00027
40 0 .00017
41 0 .00012
42 0 .00008
43 0 .00005
44 0 .00003
45 0 .00001
46 0 .00001
47 0 0
48 0 0
49 0 0
50 0 0
51 0 0
100 0 0
*parity 1 divorced
birth 1 F divorced 1
14 0 0
15 0 0
16 0 0
17 0 .00001
18 0 .00733
19 0 .00923
20 0 .01043
21 0 .01442
22 0 .00629
23 0 .00744
24 0 .00674
25 0 .00568
26 0 .00431
27 0 .0047
28 0 .00448
29 0 .00477
30 0 .00349
31 0 .00268
32 0 .00288
33 0 .00171
34 0 .00155
35 0 .00095
36 0 .00091
37 0 .00056
38 0 .00038
39 0 .00027
40 0 .00017
41 0 .00012
42 0 .00008
43 0 .00005
44 0 .00003
45 0 .00001
46 0 .00001
47 0 0
48 0 0
49 0 0
50 0 0
51 0 0
100 0 0
*parity 2 married
birth 1 F married 2
14 0 0
15 0 0
16 0 0
17 0 .00001
18 0 .00005
19 0 .01216
20 0 .00789
21 0 .00867
22 0 .01191
23 0 .01277
24 0 .01321
25 0 .01113
26 0 .01135
27 0 .01015
28 0 .01067
29 0 .00905
30 0 .00976
31 0 .00917
32 0 .00797
33 0 .00646
34 0 .00556
35 0 .00528
36 0 .00423
37 0 .0038
38 0 .00342
39 0 .00277
40 0 .00229
41 0 .0019
42 0 .00137
43 0 .00096
44 0 .00075
45 0 .00047
46 0 .00028
47 0 .00016
48 0 .00008
49 0 .00004
50 0 .00001
51 0 .00001
100 0 0
*parity 2 single
birth 1 F single 2
14 0 0
15 0 0
16 0 0
17 0 0
18 0 .0104
19 0 .01002
20 0 .01408
21 0 .01294
22 0 .01335
23 0 .01458
24 0 .01467
25 0 .01139
26 0 .01343
27 0 .01144
28 0 .01118
29 0 .00952
30 0 .00939
31 0 .01123
32 0 .00823
33 0 .00982
34 0 .00925
35 0 .01072
36 0 .01011
37 0 .01341
38 0 .01187
39 0 .01288
40 0 .01236
41 0 .01577
42 0 .00915
43 0 .00803
44 0 .00553
45 0 .0054
46 0 .00645
47 0 .00278
48 0 .00228
49 0 .00061
50 0 .00049
51 0 .00007
100 0 0
*parity 2 widowed
birth 1 F widowed 2
14 0 0
15 0 0
16 0 0
17 0 0
18 0 0
19 0 .01322
20 0 .00929
21 0 .00854
22 0 .00793
23 0 .00365
24 0 .00315
25 0 .002
26 0 .00249
27 0 .00242
28 0 .00175
29 0 .00199
30 0 .00146
31 0 .00127
32 0 .00119
33 0 .00103
34 0 .00082
35 0 .00073
36 0 .00052
37 0 .00044
38 0 .00038
39 0 .00029
40 0 .00025
41 0 .00016
42 0 .00012
43 0 .00008
44 0 .00006
45 0 .00004
46 0 .00002
47 0 .00001
48 0 .00001
49 0 0
50 0 0
51 0 0
100 0 0
*parity 2 divorced
birth 1 F divorced 2
14 0 0
15 0 0
16 0 0
17 0 0
18 0 0
19 0 .01322
20 0 .00929
21 0 .00854
22 0 .00793
23 0 .00365
24 0 .00315
25 0 .002
26 0 .00249
27 0 .00242
28 0 .00175
29 0 .00199
30 0 .00146
31 0 .00127
32 0 .00119
33 0 .00103
34 0 .00082
35 0 .00073
36 0 .00052
37 0 .00044
38 0 .00038
39 0 .00029
40 0 .00025
41 0 .00016
42 0 .00012
43 0 .00008
44 0 .00006
45 0 .00004
46 0 .00002
47 0 .00001
48 0 .00001
49 0 0
50 0 0
51 0 0
100 0 0
