*parity all married
birth 1 F married 0
14 0 0
15 0 .00881
16 0 .00843
17 0 .00897
18 0 .01074
19 0 .01417
20 0 .01849
21 0 .02217
22 0 .02424
23 0 .02494
24 0 .02481
25 0 .02357
26 0 .02156
27 0 .01913
28 0 .01737
29 0 .01602
30 0 .01543
31 0 .01439
32 0 .01401
33 0 .0138
34 0 .01432
35 0 .01462
36 0 .01489
37 0 .01494
38 0 .015
39 0 .01476
40 0 .01438
41 0 .0133
42 0 .01241
43 0 .01155
44 0 .01097
45 0 .01036
46 0 .00985
47 0 .00956
48 0 .00933
49 0 .00921
50 0 .00913
51 0 .00909
100 0 0
*parity all single
birth 1 F single 0
14 0 0
15 0 .00881
16 0 .00843
17 0 .00897
18 0 .01074
19 0 .01417
20 0 .01849
21 0 .02217
22 0 .02424
23 0 .02494
24 0 .02481
25 0 .02357
26 0 .02156
27 0 .01913
28 0 .01737
29 0 .01602
30 0 .01543
31 0 .01439
32 0 .01401
33 0 .0138
34 0 .01432
35 0 .01462
36 0 .01489
37 0 .01494
38 0 .015
39 0 .01476
40 0 .01438
41 0 .0133
42 0 .01241
43 0 .01155
44 0 .01097
45 0 .01036
46 0 .00985
47 0 .00956
48 0 .00933
49 0 .00921
50 0 .00913
51 0 .00909
100 0 0
*parity all widowed
birth 1 F widowed 0
14 0 0
15 0 .00881
16 0 .00843
17 0 .00897
18 0 .01074
19 0 .01417
20 0 .01849
21 0 .02217
22 0 .02424
23 0 .02494
24 0 .02481
25 0 .02357
26 0 .02156
27 0 .01913
28 0 .01737
29 0 .01602
30 0 .01543
31 0 .01439
32 0 .01401
33 0 .0138
34 0 .01432
35 0 .01462
36 0 .01489
37 0 .01494
38 0 .015
39 0 .01476
40 0 .01438
41 0 .0133
42 0 .01241
43 0 .01155
44 0 .01097
45 0 .01036
46 0 .00985
47 0 .00956
48 0 .00933
49 0 .00921
50 0 .00913
51 0 .00909
100 0 0
*parity all divorced
birth 1 F divorced 0
14 0 0
15 0 .00881
16 0 .00843
17 0 .00897
18 0 .01074
19 0 .01417
20 0 .01849
21 0 .02217
22 0 .02424
23 0 .02494
24 0 .02481
25 0 .02357
26 0 .02156
27 0 .01913
28 0 .01737
29 0 .01602
30 0 .01543
31 0 .01439
32 0 .01401
33 0 .0138
34 0 .01432
35 0 .01462
36 0 .01489
37 0 .01494
38 0 .015
39 0 .01476
40 0 .01438
41 0 .0133
42 0 .01241
43 0 .01155
44 0 .01097
45 0 .01036
46 0 .00985
47 0 .00956
48 0 .00933
49 0 .00921
50 0 .00913
51 0 .00909
100 0 0
