*parity 0 married
birth 1 F married 0
14 0 0
15 0 .00018
16 0 .00088
17 0 .03242
18 0 .03303
19 0 .03592
20 0 .04163
21 0 .054
22 0 .06422
23 0 .06882
24 0 .06948
25 0 .08599
26 0 .07818
27 0 .06515
28 0 .07724
29 0 .05744
30 0 .04299
31 0 .03512
32 0 .03605
33 0 .01901
34 0 .01841
35 0 .02046
36 0 .00929
37 0 .00323
38 0 .00233
39 0 .00224
40 0 .00145
41 0 .00113
42 0 .00096
43 0 .00058
44 0 .00053
45 0 .00042
46 0 .00027
47 0 .00023
48 0 .00021
49 0 .00007
50 0 .00003
51 0 .00003
100 0 0
*parity 0 single
birth 1 F single 0
14 0 0
15 0 .00001
16 0 .00003
17 0 .00008
18 0 .00016
19 0 .00028
20 0 .00041
21 0 .00047
22 0 .00049
23 0 .00048
24 0 .00048
25 0 .00043
26 0 .00045
27 0 .00039
28 0 .00034
29 0 .00033
30 0 .00024
31 0 .00028
32 0 .00023
33 0 .00022
34 0 .00027
35 0 .00021
36 0 .0002
37 0 .00015
38 0 .0001
39 0 .00011
40 0 .00009
41 0 .00008
42 0 .00006
43 0 .00005
44 0 .00002
45 0 .00002
46 0 .00003
47 0 .00004
48 0 .00002
49 0 .00001
50 0 0
51 0 0
100 0 0
*parity 0 widowed
birth 1 F widowed 0
14 0 0
15 0 .00001
16 0 .00004
17 0 .06646
18 0 .13299
19 0 .39395
20 0 .00036
21 0 .15651
22 0 .22843
23 0 .00032
24 0 .00028
25 0 .1678
26 0 .20857
27 0 .1738
28 0 .12974
29 0 .00009
30 0 .08708
31 0 .06592
32 0 .00005
33 0 .01346
34 0 .03183
35 0 .02527
36 0 .0027
37 0 .0029
38 0 .00131
39 0 .00064
40 0 .00055
41 0 .00047
42 0 .00015
43 0 .00027
44 0 .00014
45 0 .00009
46 0 .00004
47 0 .00002
48 0 .00002
49 0 .00002
50 0 0
51 0 0
100 0 0
*parity 0 divorced
birth 1 F divorced 0
14 0 0
15 0 .00001
16 0 .00004
17 0 .06646
18 0 .13299
19 0 .39395
20 0 .00036
21 0 .15651
22 0 .22843
23 0 .00032
24 0 .00028
25 0 .1678
26 0 .20857
27 0 .1738
28 0 .12974
29 0 .00009
30 0 .08708
31 0 .06592
32 0 .00005
33 0 .01346
34 0 .03183
35 0 .02527
36 0 .0027
37 0 .0029
38 0 .00131
39 0 .00064
40 0 .00055
41 0 .00047
42 0 .00015
43 0 .00027
44 0 .00014
45 0 .00009
46 0 .00004
47 0 .00002
48 0 .00002
49 0 .00002
50 0 0
51 0 0
100 0 0
*parity 1 married
birth 1 F married 1
14 0 0
15 0 0
16 0 .00007
17 0 .3771
18 0 .02705
19 0 .02643
20 0 .02609
21 0 .02936
22 0 .03398
23 0 .03609
24 0 .0466
25 0 .05097
26 0 .04974
27 0 .05225
28 0 .04954
29 0 .06933
30 0 .07638
31 0 .16248
32 0 .60713
33 0 1
34 0 .00122
35 0 .45111
36 0 .18912
37 0 .2007
38 0 .12213
39 0 .09072
40 0 .00034
41 0 .0907
42 0 .11977
43 0 .01805
44 0 .00361
45 0 .00299
46 0 .00118
47 0 .0007
48 0 .00034
49 0 .0001
50 0 .00002
51 0 .00001
100 0 0
*parity 1 single
birth 1 F single 1
14 0 0
15 0 0
16 0 0
17 0 .00001
18 0 .00003
19 0 .09036
20 0 .07116
21 0 .0315
22 0 .04647
23 0 .04909
24 0 .12543
25 0 .06767
26 0 .18817
27 0 .00015
28 0 .00013
29 0 .11852
30 0 .03519
31 0 .00008
32 0 .02208
33 0 .02648
34 0 .02087
35 0 .00004
36 0 .00003
37 0 .00003
38 0 .00002
39 0 .00002
40 0 .00974
41 0 .0022
42 0 .00087
43 0 .00038
44 0 .00007
45 0 .00003
46 0 .00002
47 0 .00002
48 0 .00001
49 0 0
50 0 0
51 0 0
100 0 0
*parity 1 widowed
birth 1 F widowed 1
14 0 0
15 0 0
16 0 0
17 0 .00001
18 0 .00004
19 0 .04091
20 0 .03866
21 0 .04279
22 0 .05259
23 0 .02223
24 0 .02434
25 0 .06127
26 0 .06389
27 0 .2349
28 0 .09544
29 0 .04024
30 0 .14338
31 0 .11238
32 0 .00009
33 0 .07192
34 0 .00006
35 0 .01114
36 0 .01869
37 0 .00744
38 0 .02413
39 0 .00002
40 0 .00002
41 0 .00896
42 0 .00001
43 0 .00178
44 0 .00214
45 0 0
46 0 0
47 0 0
48 0 .00001
49 0 .00001
50 0 0
51 0 0
100 0 0
*parity 1 divorced
birth 1 F divorced 1
14 0 0
15 0 0
16 0 0
17 0 .00001
18 0 .00004
19 0 .04091
20 0 .03866
21 0 .04279
22 0 .05259
23 0 .02223
24 0 .02434
25 0 .06127
26 0 .06389
27 0 .2349
28 0 .09544
29 0 .04024
30 0 .14338
31 0 .11238
32 0 .00009
33 0 .07192
34 0 .00006
35 0 .01114
36 0 .01869
37 0 .00744
38 0 .02413
39 0 .00002
40 0 .00002
41 0 .00896
42 0 .00001
43 0 .00178
44 0 .00214
45 0 0
46 0 0
47 0 0
48 0 .00001
49 0 .00001
50 0 0
51 0 0
100 0 0
*parity 2 married
birth 1 F married 2
14 0 0
15 0 0
16 0 .00001
17 0 .00003
18 0 .00013
19 0 .03572
20 0 .02463
21 0 .02263
22 0 .01875
23 0 .01944
24 0 .01706
25 0 .01619
26 0 .01421
27 0 .01416
28 0 .01361
29 0 .01221
30 0 .01286
31 0 .01094
32 0 .01023
33 0 .0095
34 0 .00859
35 0 .00848
36 0 .0081
37 0 .00832
38 0 .00817
39 0 .00682
40 0 .00645
41 0 .00475
42 0 .0037
43 0 .00257
44 0 .00223
45 0 .00136
46 0 .00082
47 0 .00045
48 0 .00024
49 0 .00012
50 0 .00006
51 0 .00002
100 0 0
*parity 2 single
birth 1 F single 2
14 0 0
15 0 0
16 0 0
17 0 0
18 0 0
19 0 .02079
20 0 .01165
21 0 .04322
22 0 .02353
23 0 .02431
24 0 .02115
25 0 .02261
26 0 .02594
27 0 .02605
28 0 .01884
29 0 .02295
30 0 .02393
31 0 .03979
32 0 .03199
33 0 .0775
34 0 .02973
35 0 .04605
36 0 .0346
37 0 .07713
38 0 .02848
39 0 .02382
40 0 .01244
41 0 .00745
42 0 .00702
43 0 .0079
44 0 .0019
45 0 .0021
46 0 .00102
47 0 .00043
48 0 .0003
49 0 .00013
50 0 .00008
51 0 .00001
100 0 0
*parity 2 widowed
birth 1 F widowed 2
14 0 0
15 0 0
16 0 0
17 0 0
18 0 .00001
19 0 .01412
20 0 .01582
21 0 .01067
22 0 .0137
23 0 .01258
24 0 .00733
25 0 .00768
26 0 .00718
27 0 .00537
28 0 .00512
29 0 .00533
30 0 .00459
31 0 .00284
32 0 .00256
33 0 .00216
34 0 .002
35 0 .00149
36 0 .00142
37 0 .00134
38 0 .00125
39 0 .00105
40 0 .0008
41 0 .00065
42 0 .00046
43 0 .00036
44 0 .00023
45 0 .00014
46 0 .00007
47 0 .00005
48 0 .00002
49 0 .00001
50 0 0
51 0 0
100 0 0
*parity 2 divorced
birth 1 F divorced 2
14 0 0
15 0 0
16 0 0
17 0 0
18 0 .00001
19 0 .01412
20 0 .01582
21 0 .01067
22 0 .0137
23 0 .01258
24 0 .00733
25 0 .00768
26 0 .00718
27 0 .00537
28 0 .00512
29 0 .00533
30 0 .00459
31 0 .00284
32 0 .00256
33 0 .00216
34 0 .002
35 0 .00149
36 0 .00142
37 0 .00134
38 0 .00125
39 0 .00105
40 0 .0008
41 0 .00065
42 0 .00046
43 0 .00036
44 0 .00023
45 0 .00014
46 0 .00007
47 0 .00005
48 0 .00002
49 0 .00001
50 0 0
51 0 0
100 0 0
