*parity 0 married
birth 1 F married 0
14 0 0
15 0 .00009
16 0 .00037
17 0 .07738
18 0 .05065
19 0 .04643
20 0 .05898
21 0 .07837
22 0 .11733
23 0 .0972
24 0 .11326
25 0 .10039
26 0 .14043
27 0 .14483
28 0 .14248
29 0 .36458
30 0 .37398
31 0 1
32 0 1
33 0 .07
34 0 .01644
35 0 .00691
36 0 .00374
37 0 .00258
38 0 .00161
39 0 .00098
40 0 .00058
41 0 .00044
42 0 .00027
43 0 .00018
44 0 .0001
45 0 .00005
46 0 .00003
47 0 .00002
48 0 .00001
49 0 0
50 0 0
51 0 0
100 0 0
*parity 0 single
birth 1 F single 0
14 0 0
15 0 .00015
16 0 .00062
17 0 .00119
18 0 .00201
19 0 .00289
20 0 .0035
21 0 .00376
22 0 .00376
23 0 .00382
24 0 .00367
25 0 .00378
26 0 .00371
27 0 .00369
28 0 .00359
29 0 .00342
30 0 .00316
31 0 .00288
32 0 .00264
33 0 .00219
34 0 .00206
35 0 .00188
36 0 .00175
37 0 .00151
38 0 .00126
39 0 .00109
40 0 .00086
41 0 .00072
42 0 .00055
43 0 .0004
44 0 .00029
45 0 .00019
46 0 .00012
47 0 .00007
48 0 .00003
49 0 .00001
50 0 0
51 0 0
100 0 0
*parity 0 widowed
birth 1 F widowed 0
14 0 0
15 0 .00002
16 0 .00006
17 0 .18283
18 0 .0002
19 0 .00027
20 0 .97029
21 0 .00032
22 0 .92405
23 0 .00028
24 0 .00026
25 0 .68524
26 0 .00023
27 0 .00021
28 0 .00019
29 0 .00017
30 0 .00015
31 0 .00013
32 0 .00011
33 0 .00009
34 0 .11938
35 0 .04837
36 0 .15912
37 0 .01734
38 0 .00668
39 0 .00333
40 0 .00183
41 0 .00074
42 0 .00044
43 0 .00026
44 0 .00011
45 0 .00006
46 0 .00003
47 0 .00001
48 0 .00001
49 0 0
50 0 0
51 0 0
100 0 0
*parity 0 divorced
birth 1 F divorced 0
14 0 0
15 0 .00002
16 0 .00006
17 0 .18283
18 0 .0002
19 0 .00027
20 0 .97029
21 0 .00032
22 0 .92405
23 0 .00028
24 0 .00026
25 0 .68524
26 0 .00023
27 0 .00021
28 0 .00019
29 0 .00017
30 0 .00015
31 0 .00013
32 0 .00011
33 0 .00009
34 0 .11938
35 0 .04837
36 0 .15912
37 0 .01734
38 0 .00668
39 0 .00333
40 0 .00183
41 0 .00074
42 0 .00044
43 0 .00026
44 0 .00011
45 0 .00006
46 0 .00003
47 0 .00001
48 0 .00001
49 0 0
50 0 0
51 0 0
100 0 0
*parity 1 married
birth 1 F married 1
14 0 0
15 0 0
16 0 .00002
17 0 .00007
18 0 .01452
19 0 .01477
20 0 .01781
21 0 .01942
22 0 .01943
23 0 .01627
24 0 .0207
25 0 .01684
26 0 .01865
27 0 .01697
28 0 .01671
29 0 .01957
30 0 .0175
31 0 .01384
32 0 .01178
33 0 .01428
34 0 .00883
35 0 .00553
36 0 .00414
37 0 .00321
38 0 .00287
39 0 .00274
40 0 .0016
41 0 .00119
42 0 .00072
43 0 .00049
44 0 .00026
45 0 .00015
46 0 .00007
47 0 .00003
48 0 .00001
49 0 0
50 0 0
51 0 0
100 0 0
*parity 1 single
birth 1 F single 1
14 0 0
15 0 0
16 0 .09791
17 0 .0217
18 0 .04369
19 0 .03205
20 0 .02619
21 0 .02866
22 0 .03299
23 0 .02816
24 0 .02851
25 0 .02489
26 0 .02524
27 0 .03236
28 0 .03235
29 0 .03303
30 0 .0229
31 0 .02335
32 0 .02324
33 0 .01857
34 0 .02465
35 0 .0322
36 0 .02508
37 0 .02037
38 0 .02214
39 0 .01963
40 0 .01429
41 0 .01163
42 0 .00765
43 0 .00496
44 0 .00568
45 0 .00421
46 0 .00197
47 0 .00097
48 0 .00098
49 0 .00008
50 0 .00044
51 0 0
100 0 0
*parity 1 widowed
birth 1 F widowed 1
14 0 0
15 0 0
16 0 0
17 0 .00001
18 0 .00003
19 0 .02327
20 0 .00011
21 0 .07875
22 0 .18359
23 0 .57232
24 0 .59413
25 0 .10021
26 0 .59398
27 0 .00021
28 0 .2851
29 0 .56515
30 0 .53911
31 0 .00016
32 0 .0739
33 0 .00012
34 0 .34761
35 0 .04786
36 0 .01578
37 0 .01056
38 0 .01059
39 0 .00488
40 0 .0037
41 0 .00228
42 0 .00067
43 0 .0004
44 0 .00017
45 0 .0001
46 0 .00004
47 0 .00001
48 0 .00001
49 0 0
50 0 0
51 0 0
100 0 0
*parity 1 divorced
birth 1 F divorced 1
14 0 0
15 0 0
16 0 0
17 0 .00001
18 0 .00003
19 0 .02327
20 0 .00011
21 0 .07875
22 0 .18359
23 0 .57232
24 0 .59413
25 0 .10021
26 0 .59398
27 0 .00021
28 0 .2851
29 0 .56515
30 0 .53911
31 0 .00016
32 0 .0739
33 0 .00012
34 0 .34761
35 0 .04786
36 0 .01578
37 0 .01056
38 0 .01059
39 0 .00488
40 0 .0037
41 0 .00228
42 0 .00067
43 0 .0004
44 0 .00017
45 0 .0001
46 0 .00004
47 0 .00001
48 0 .00001
49 0 0
50 0 0
51 0 0
100 0 0
*parity 2 married
birth 1 F married 2
14 0 0
15 0 0
16 0 0
17 0 .00001
18 0 .00002
19 0 .02218
20 0 .01809
21 0 .01353
22 0 .01248
23 0 .01349
24 0 .01303
25 0 .01092
26 0 .01015
27 0 .00921
28 0 .00877
29 0 .00741
30 0 .00677
31 0 .00619
32 0 .00581
33 0 .0048
34 0 .00397
35 0 .00336
36 0 .00291
37 0 .00244
38 0 .00202
39 0 .00162
40 0 .00137
41 0 .00094
42 0 .00073
43 0 .00049
44 0 .00036
45 0 .00023
46 0 .00014
47 0 .00009
48 0 .00004
49 0 .00002
50 0 .00001
51 0 0
100 0 0
*parity 2 single
birth 1 F single 2
14 0 0
15 0 0
16 0 0
17 0 .01503
18 0 .00992
19 0 .01208
20 0 .0133
21 0 .01327
22 0 .01228
23 0 .01301
24 0 .01332
25 0 .01354
26 0 .01246
27 0 .01045
28 0 .00999
29 0 .00941
30 0 .01025
31 0 .00904
32 0 .00784
33 0 .00797
34 0 .00729
35 0 .00721
36 0 .00694
37 0 .00658
38 0 .0061
39 0 .00534
40 0 .00515
41 0 .0044
42 0 .00352
43 0 .00317
44 0 .00221
45 0 .00177
46 0 .00102
47 0 .00065
48 0 .00034
49 0 .00017
50 0 .00008
51 0 .00003
100 0 0
*parity 2 widowed
birth 1 F widowed 2
14 0 0
15 0 0
16 0 0
17 0 0
18 0 0
19 0 .03882
20 0 .01069
21 0 .01789
22 0 .01701
23 0 .01591
24 0 .01062
25 0 .01315
26 0 .00912
27 0 .00915
28 0 .00772
29 0 .00609
30 0 .00544
31 0 .00481
32 0 .00359
33 0 .00305
34 0 .00272
35 0 .00227
36 0 .0018
37 0 .00143
38 0 .00108
39 0 .00084
40 0 .00069
41 0 .00046
42 0 .00032
43 0 .0002
44 0 .00014
45 0 .00009
46 0 .00005
47 0 .00003
48 0 .00001
49 0 .00001
50 0 0
51 0 0
100 0 0
*parity 2 divorced
birth 1 F divorced 2
14 0 0
15 0 0
16 0 0
17 0 0
18 0 0
19 0 .03882
20 0 .01069
21 0 .01789
22 0 .01701
23 0 .01591
24 0 .01062
25 0 .01315
26 0 .00912
27 0 .00915
28 0 .00772
29 0 .00609
30 0 .00544
31 0 .00481
32 0 .00359
33 0 .00305
34 0 .00272
35 0 .00227
36 0 .0018
37 0 .00143
38 0 .00108
39 0 .00084
40 0 .00069
41 0 .00046
42 0 .00032
43 0 .0002
44 0 .00014
45 0 .00009
46 0 .00005
47 0 .00003
48 0 .00001
49 0 .00001
50 0 0
51 0 0
100 0 0
