*parity 0 married
birth 1 F married 0
14 0 0
15 0 .0002
16 0 .0008
17 0 .10194
18 0 .06641
19 0 .06304
20 0 .07504
21 0 .08012
22 0 .09175
23 0 .06868
24 0 .07156
25 0 .12626
26 0 .11609
27 0 .24136
28 0 .1848
29 0 .25562
30 0 1
31 0 .09322
32 0 .05065
33 0 .01849
34 0 .00797
35 0 .00524
36 0 .00481
37 0 .00365
38 0 .00236
39 0 .00206
40 0 .00174
41 0 .00087
42 0 .0006
43 0 .00035
44 0 .00024
45 0 .00016
46 0 .00009
47 0 .00005
48 0 .00003
49 0 .00001
50 0 0
51 0 0
100 0 0
*parity 0 single
birth 1 F single 0
14 0 0
15 0 .00004
16 0 .00017
17 0 .00032
18 0 .00055
19 0 .00078
20 0 .00093
21 0 .00101
22 0 .00102
23 0 .00102
24 0 .001
25 0 .00097
26 0 .00099
27 0 .00104
28 0 .00096
29 0 .00089
30 0 .0009
31 0 .00097
32 0 .00104
33 0 .00107
34 0 .00094
35 0 .00098
36 0 .00081
37 0 .00086
38 0 .00071
39 0 .00056
40 0 .00076
41 0 .00053
42 0 .00043
43 0 .00042
44 0 .00023
45 0 .00012
46 0 .0001
47 0 .00006
48 0 .00003
49 0 .00001
50 0 0
51 0 0
100 0 0
*parity 0 widowed
birth 1 F widowed 0
14 0 0
15 0 .00001
16 0 .00005
17 0 .00009
18 0 .05351
19 0 .10479
20 0 .12169
21 0 .00023
22 0 .11345
23 0 .04237
24 0 .00019
25 0 .00018
26 0 .00017
27 0 .00016
28 0 .00015
29 0 .00013
30 0 .1721
31 0 .0001
32 0 .06622
33 0 .03336
34 0 .01677
35 0 .00492
36 0 .00495
37 0 .00491
38 0 .00149
39 0 .00203
40 0 .00058
41 0 .0003
42 0 .00017
43 0 .00011
44 0 .00005
45 0 .00003
46 0 .00002
47 0 .00001
48 0 0
49 0 0
50 0 0
51 0 0
100 0 0
*parity 0 divorced
birth 1 F divorced 0
14 0 0
15 0 .00001
16 0 .00005
17 0 .00009
18 0 .05351
19 0 .10479
20 0 .12169
21 0 .00023
22 0 .11345
23 0 .04237
24 0 .00019
25 0 .00018
26 0 .00017
27 0 .00016
28 0 .00015
29 0 .00013
30 0 .1721
31 0 .0001
32 0 .06622
33 0 .03336
34 0 .01677
35 0 .00492
36 0 .00495
37 0 .00491
38 0 .00149
39 0 .00203
40 0 .00058
41 0 .0003
42 0 .00017
43 0 .00011
44 0 .00005
45 0 .00003
46 0 .00002
47 0 .00001
48 0 0
49 0 0
50 0 0
51 0 0
100 0 0
*parity 1 married
birth 1 F married 1
14 0 0
15 0 0
16 0 .00004
17 0 .00015
18 0 .03065
19 0 .02467
20 0 .01829
21 0 .01694
22 0 .01827
23 0 .01861
24 0 .02291
25 0 .02211
26 0 .01981
27 0 .01991
28 0 .0257
29 0 .02066
30 0 .01783
31 0 .01432
32 0 .00972
33 0 .00828
34 0 .00856
35 0 .01074
36 0 .00663
37 0 .00473
38 0 .00435
39 0 .00291
40 0 .00189
41 0 .00168
42 0 .00106
43 0 .00066
44 0 .00037
45 0 .00023
46 0 .00011
47 0 .00006
48 0 .00002
49 0 .00001
50 0 0
51 0 0
100 0 0
*parity 1 single
birth 1 F single 1
14 0 0
15 0 0
16 0 .00001
17 0 .0479
18 0 .02447
19 0 .02938
20 0 .02134
21 0 .02215
22 0 .02369
23 0 .02481
24 0 .02961
25 0 .04004
26 0 .04184
27 0 .043
28 0 .03178
29 0 .03285
30 0 .06233
31 0 .03761
32 0 .04602
33 0 .04783
34 0 .10432
35 0 .06994
36 0 .04621
37 0 .0746
38 0 .09003
39 0 .04093
40 0 .04239
41 0 .01464
42 0 .03535
43 0 .01095
44 0 .00001
45 0 0
46 0 0
47 0 0
48 0 .00033
49 0 0
50 0 0
51 0 .00003
100 0 0
*parity 1 widowed
birth 1 F widowed 1
14 0 0
15 0 0
16 0 0
17 0 .00001
18 0 .00002
19 0 .02551
20 0 .01764
21 0 .01154
22 0 .0117
23 0 .01157
24 0 .00964
25 0 .01014
26 0 .00852
27 0 .00747
28 0 .00569
29 0 .00874
30 0 .0062
31 0 .00435
32 0 .00412
33 0 .00374
34 0 .00263
35 0 .00202
36 0 .00118
37 0 .0011
38 0 .00084
39 0 .00057
40 0 .00034
41 0 .00022
42 0 .00013
43 0 .00009
44 0 .00005
45 0 .00002
46 0 .00001
47 0 .00001
48 0 0
49 0 0
50 0 0
51 0 0
100 0 0
*parity 1 divorced
birth 1 F divorced 1
14 0 0
15 0 0
16 0 0
17 0 .00001
18 0 .00002
19 0 .02551
20 0 .01764
21 0 .01154
22 0 .0117
23 0 .01157
24 0 .00964
25 0 .01014
26 0 .00852
27 0 .00747
28 0 .00569
29 0 .00874
30 0 .0062
31 0 .00435
32 0 .00412
33 0 .00374
34 0 .00263
35 0 .00202
36 0 .00118
37 0 .0011
38 0 .00084
39 0 .00057
40 0 .00034
41 0 .00022
42 0 .00013
43 0 .00009
44 0 .00005
45 0 .00002
46 0 .00001
47 0 .00001
48 0 0
49 0 0
50 0 0
51 0 0
100 0 0
*parity 2 married
birth 1 F married 2
14 0 0
15 0 0
16 0 0
17 0 .00001
18 0 .00346
19 0 .00537
20 0 .01897
21 0 .01672
22 0 .01563
23 0 .01528
24 0 .01241
25 0 .01221
26 0 .01154
27 0 .00908
28 0 .00944
29 0 .00947
30 0 .00795
31 0 .00655
32 0 .00593
33 0 .00541
34 0 .00502
35 0 .00408
36 0 .00377
37 0 .00324
38 0 .00283
39 0 .00232
40 0 .00175
41 0 .0015
42 0 .00106
43 0 .00078
44 0 .00054
45 0 .00034
46 0 .00021
47 0 .00011
48 0 .00006
49 0 .00003
50 0 .00001
51 0 0
100 0 0
*parity 2 single
birth 1 F single 2
14 0 0
15 0 0
16 0 0
17 0 0
18 0 .00001
19 0 .00947
20 0 .01481
21 0 .0161
22 0 .01862
23 0 .01859
24 0 .01311
25 0 .01061
26 0 .01538
27 0 .00978
28 0 .01077
29 0 .01104
30 0 .01062
31 0 .01377
32 0 .01393
33 0 .01411
34 0 .0132
35 0 .0119
36 0 .0132
37 0 .01298
38 0 .0119
39 0 .01348
40 0 .01108
41 0 .00982
42 0 .01015
43 0 .00622
44 0 .00521
45 0 .00711
46 0 .00507
47 0 .00524
48 0 .00116
49 0 .00099
50 0 .00027
51 0 .00017
100 0 0
*parity 2 widowed
birth 1 F widowed 2
14 0 0
15 0 0
16 0 0
17 0 0
18 0 0
19 0 .01371
20 0 .015
21 0 .00932
22 0 .00539
23 0 .00786
24 0 .00553
25 0 .0057
26 0 .00338
27 0 .00403
28 0 .00283
29 0 .0026
30 0 .00207
31 0 .00172
32 0 .00157
33 0 .00129
34 0 .00128
35 0 .001
36 0 .0009
37 0 .00063
38 0 .00051
39 0 .0004
40 0 .00035
41 0 .00021
42 0 .00018
43 0 .00011
44 0 .00008
45 0 .00005
46 0 .00003
47 0 .00001
48 0 .00001
49 0 0
50 0 0
51 0 0
100 0 0
*parity 2 divorced
birth 1 F divorced 2
14 0 0
15 0 0
16 0 0
17 0 0
18 0 0
19 0 .01371
20 0 .015
21 0 .00932
22 0 .00539
23 0 .00786
24 0 .00553
25 0 .0057
26 0 .00338
27 0 .00403
28 0 .00283
29 0 .0026
30 0 .00207
31 0 .00172
32 0 .00157
33 0 .00129
34 0 .00128
35 0 .001
36 0 .0009
37 0 .00063
38 0 .00051
39 0 .0004
40 0 .00035
41 0 .00021
42 0 .00018
43 0 .00011
44 0 .00008
45 0 .00005
46 0 .00003
47 0 .00001
48 0 .00001
49 0 0
50 0 0
51 0 0
100 0 0
