*parity 0 married
birth 1 F married 0
14 0 0
15 0 .00014
16 0 .00057
17 0 .03038
18 0 .0223
19 0 .02092
20 0 .02284
21 0 .02216
22 0 .02152
23 0 .01919
24 0 .01983
25 0 .01805
26 0 .01728
27 0 .01501
28 0 .01159
29 0 .01003
30 0 .00938
31 0 .0088
32 0 .0077
33 0 .00688
34 0 .00636
35 0 .00533
36 0 .0047
37 0 .0053
38 0 .00406
39 0 .00366
40 0 .0017
41 0 .00121
42 0 .00085
43 0 .00036
44 0 .00024
45 0 .00014
46 0 .00006
47 0 .00004
48 0 .00002
49 0 0
50 0 0
51 0 0
100 0 0
*parity 0 single
birth 1 F single 0
14 0 0
15 0 .00009
16 0 .00036
17 0 .00073
18 0 .00131
19 0 .00201
20 0 .00258
21 0 .00293
22 0 .00298
23 0 .00315
24 0 .00324
25 0 .0033
26 0 .00329
27 0 .00371
28 0 .0042
29 0 .00462
30 0 .00422
31 0 .00451
32 0 .00459
33 0 .00505
34 0 .00468
35 0 .00341
36 0 .00417
37 0 .00335
38 0 .00348
39 0 .00254
40 0 .00208
41 0 .00163
42 0 .00128
43 0 .00089
44 0 .00064
45 0 .00072
46 0 .00027
47 0 .00019
48 0 .00008
49 0 .00003
50 0 .00001
51 0 0
100 0 0
*parity 0 widowed
birth 1 F widowed 0
14 0 0
15 0 .00004
16 0 .00015
17 0 .91621
18 0 .17369
19 0 .30669
20 0 .50985
21 0 .00081
22 0 1.19815
23 0 .0007
24 0 .68683
25 0 .23991
26 0 .51807
27 0 .17029
28 0 .00044
29 0 .26499
30 0 .05165
31 0 .04687
32 0 .10801
33 0 .07733
34 0 .04099
35 0 .06871
36 0 .16119
37 0 .06624
38 0 .01255
39 0 .01288
40 0 .01063
41 0 .00447
42 0 .00099
43 0 .00032
44 0 .00031
45 0 .0001
46 0 .00005
47 0 .00002
48 0 .00001
49 0 0
50 0 0
51 0 0
100 0 0
*parity 0 divorced
birth 1 F divorced 0
14 0 0
15 0 .00004
16 0 .00015
17 0 .91621
18 0 .17369
19 0 .30669
20 0 .50985
21 0 .00081
22 0 1.19815
23 0 .0007
24 0 .68683
25 0 .23991
26 0 .51807
27 0 .17029
28 0 .00044
29 0 .26499
30 0 .05165
31 0 .04687
32 0 .10801
33 0 .07733
34 0 .04099
35 0 .06871
36 0 .16119
37 0 .06624
38 0 .01255
39 0 .01288
40 0 .01063
41 0 .00447
42 0 .00099
43 0 .00032
44 0 .00031
45 0 .0001
46 0 .00005
47 0 .00002
48 0 .00001
49 0 0
50 0 0
51 0 0
100 0 0
*parity 1 married
birth 1 F married 1
14 0 0
15 0 0
16 0 .00003
17 0 .00012
18 0 .04709
19 0 .02471
20 0 .02203
21 0 .01905
22 0 .02276
23 0 .02573
24 0 .02152
25 0 .01708
26 0 .01614
27 0 .01313
28 0 .01578
29 0 .01907
30 0 .02134
31 0 .01693
32 0 .01386
33 0 .0128
34 0 .01503
35 0 .01611
36 0 .0197
37 0 .02492
38 0 .01619
39 0 .01396
40 0 .02029
41 0 .11368
42 0 .04365
43 0 .04132
44 0 .00003
45 0 .01209
46 0 .00297
47 0 .00285
48 0 .00222
49 0 .00071
50 0 .00011
51 0 .00008
100 0 0
*parity 1 single
birth 1 F single 1
14 0 0
15 0 0
16 0 .06607
17 0 .02035
18 0 .04844
19 0 .04127
20 0 .04063
21 0 .04119
22 0 .05185
23 0 .04642
24 0 .06164
25 0 .05557
26 0 .08736
27 0 .09703
28 0 .09544
29 0 .15648
30 0 .32569
31 0 .55147
32 0 1
33 0 .00066
34 0 .25888
35 0 .25217
36 0 .00037
37 0 .12095
38 0 .18247
39 0 .27981
40 0 .04765
41 0 .07119
42 0 .08201
43 0 .01725
44 0 .0285
45 0 .00757
46 0 .00001
47 0 .00179
48 0 0
49 0 0
50 0 .00005
51 0 .00009
100 0 0
*parity 1 widowed
birth 1 F widowed 1
14 0 0
15 0 0
16 0 .00001
17 0 .00003
18 0 .05583
19 0 .11211
20 0 .0438
21 0 .02475
22 0 .03425
23 0 .03147
24 0 .02739
25 0 .02322
26 0 .01624
27 0 .01664
28 0 .01699
29 0 .02266
30 0 .04125
31 0 .03948
32 0 .06135
33 0 .27714
34 0 .14208
35 0 .03114
36 0 .01875
37 0 .02213
38 0 .03004
39 0 .03839
40 0 .00981
41 0 .01172
42 0 .00482
43 0 .0071
44 0 .00391
45 0 .00125
46 0 .00306
47 0 .00074
48 0 .00057
49 0 .00009
50 0 .00003
51 0 .00001
100 0 0
*parity 1 divorced
birth 1 F divorced 1
14 0 0
15 0 0
16 0 .00001
17 0 .00003
18 0 .05583
19 0 .11211
20 0 .0438
21 0 .02475
22 0 .03425
23 0 .03147
24 0 .02739
25 0 .02322
26 0 .01624
27 0 .01664
28 0 .01699
29 0 .02266
30 0 .04125
31 0 .03948
32 0 .06135
33 0 .27714
34 0 .14208
35 0 .03114
36 0 .01875
37 0 .02213
38 0 .03004
39 0 .03839
40 0 .00981
41 0 .01172
42 0 .00482
43 0 .0071
44 0 .00391
45 0 .00125
46 0 .00306
47 0 .00074
48 0 .00057
49 0 .00009
50 0 .00003
51 0 .00001
100 0 0
*parity 2 married
birth 1 F married 2
14 0 0
15 0 0
16 0 0
17 0 .00001
18 0 .00468
19 0 .00718
20 0 .00918
21 0 .01101
22 0 .0117
23 0 .00933
24 0 .00988
25 0 .01153
26 0 .01129
27 0 .00902
28 0 .00784
29 0 .00665
30 0 .00606
31 0 .0054
32 0 .00508
33 0 .00448
34 0 .00392
35 0 .0036
36 0 .00309
37 0 .00253
38 0 .00232
39 0 .00189
40 0 .00166
41 0 .00132
42 0 .00101
43 0 .00079
44 0 .00056
45 0 .00037
46 0 .00024
47 0 .00014
48 0 .00008
49 0 .00004
50 0 .00002
51 0 .00001
100 0 0
*parity 2 single
birth 1 F single 2
14 0 0
15 0 0
16 0 0
17 0 .02072
18 0 .03028
19 0 .01561
20 0 .01404
21 0 .02347
22 0 .01702
23 0 .01915
24 0 .0157
25 0 .01659
26 0 .01604
27 0 .01989
28 0 .02113
29 0 .02074
30 0 .02209
31 0 .02034
32 0 .02095
33 0 .022
34 0 .02239
35 0 .02706
36 0 .02141
37 0 .02414
38 0 .0267
39 0 .02822
40 0 .04453
41 0 .02682
42 0 .02657
43 0 .03152
44 0 .02579
45 0 .01857
46 0 .01376
47 0 .01864
48 0 .00448
49 0 .00672
50 0 .00547
51 0 .00114
100 0 0
*parity 2 widowed
birth 1 F widowed 2
14 0 0
15 0 0
16 0 0
17 0 0
18 0 .00001
19 0 .0078
20 0 .00994
21 0 .01513
22 0 .01101
23 0 .01031
24 0 .009
25 0 .00859
26 0 .00784
27 0 .00751
28 0 .00535
29 0 .00443
30 0 .00404
31 0 .00351
32 0 .00281
33 0 .00228
34 0 .00203
35 0 .00175
36 0 .00149
37 0 .00131
38 0 .00103
39 0 .00092
40 0 .00073
41 0 .00052
42 0 .00039
43 0 .00029
44 0 .0002
45 0 .00013
46 0 .00007
47 0 .00004
48 0 .00002
49 0 .00001
50 0 0
51 0 0
100 0 0
*parity 2 divorced
birth 1 F divorced 2
14 0 0
15 0 0
16 0 0
17 0 0
18 0 .00001
19 0 .0078
20 0 .00994
21 0 .01513
22 0 .01101
23 0 .01031
24 0 .009
25 0 .00859
26 0 .00784
27 0 .00751
28 0 .00535
29 0 .00443
30 0 .00404
31 0 .00351
32 0 .00281
33 0 .00228
34 0 .00203
35 0 .00175
36 0 .00149
37 0 .00131
38 0 .00103
39 0 .00092
40 0 .00073
41 0 .00052
42 0 .00039
43 0 .00029
44 0 .0002
45 0 .00013
46 0 .00007
47 0 .00004
48 0 .00002
49 0 .00001
50 0 0
51 0 0
100 0 0
