*parity 0 married
birth 1 F married 0
14 0 0
15 0 .0002
16 0 .00096
17 0 .03363
18 0 .02628
19 0 .04151
20 0 .04892
21 0 .05837
22 0 .06801
23 0 .06249
24 0 .06996
25 0 .05812
26 0 .05219
27 0 .04049
28 0 .04651
29 0 .03983
30 0 .02825
31 0 .02494
32 0 .01823
33 0 .01374
34 0 .00922
35 0 .00972
36 0 .00728
37 0 .00816
38 0 .00531
39 0 .00681
40 0 .0042
41 0 .00206
42 0 .00139
43 0 .0013
44 0 .00101
45 0 .00034
46 0 .00015
47 0 .00011
48 0 .00007
49 0 .00003
50 0 .00001
51 0 .00001
100 0 0
*parity 0 single
birth 1 F single 0
14 0 0
15 0 0
16 0 0
17 0 0
18 0 .00001
19 0 .00002
20 0 .00002
21 0 .00003
22 0 .00003
23 0 .00003
24 0 .00003
25 0 .00002
26 0 .00002
27 0 .00002
28 0 .00002
29 0 .00002
30 0 .00002
31 0 .00002
32 0 .00001
33 0 .00001
34 0 .00001
35 0 .00001
36 0 .00001
37 0 .00001
38 0 .00001
39 0 .00001
40 0 .00001
41 0 .00001
42 0 0
43 0 0
44 0 0
45 0 0
46 0 0
47 0 0
48 0 0
49 0 0
50 0 0
51 0 0
100 0 0
*parity 0 widowed
birth 1 F widowed 0
14 0 0
15 0 0
16 0 .00001
17 0 .0322
18 0 .00957
19 0 .00838
20 0 .03611
21 0 .02392
22 0 .02279
23 0 .00991
24 0 .00613
25 0 .00473
26 0 .00617
27 0 .01211
28 0 .00567
29 0 .00364
30 0 .00166
31 0 .00149
32 0 .00094
33 0 .00081
34 0 .00133
35 0 .00074
36 0 .00043
37 0 .00064
38 0 .00073
39 0 .00043
40 0 .00019
41 0 .00011
42 0 .00007
43 0 .00017
44 0 .00005
45 0 .00002
46 0 .00002
47 0 .00001
48 0 .00001
49 0 0
50 0 0
51 0 0
100 0 0
*parity 0 divorced
birth 1 F divorced 0
14 0 0
15 0 0
16 0 .00001
17 0 .0322
18 0 .00957
19 0 .00838
20 0 .03611
21 0 .02392
22 0 .02279
23 0 .00991
24 0 .00613
25 0 .00473
26 0 .00617
27 0 .01211
28 0 .00567
29 0 .00364
30 0 .00166
31 0 .00149
32 0 .00094
33 0 .00081
34 0 .00133
35 0 .00074
36 0 .00043
37 0 .00064
38 0 .00073
39 0 .00043
40 0 .00019
41 0 .00011
42 0 .00007
43 0 .00017
44 0 .00005
45 0 .00002
46 0 .00002
47 0 .00001
48 0 .00001
49 0 0
50 0 0
51 0 0
100 0 0
*parity 1 married
birth 1 F married 1
14 0 0
15 0 0
16 0 .00008
17 0 .0003
18 0 .03787
19 0 .0269
20 0 .02974
21 0 .03208
22 0 .03219
23 0 .03762
24 0 .03395
25 0 .02796
26 0 .02288
27 0 .02593
28 0 .02093
29 0 .01766
30 0 .01871
31 0 .01348
32 0 .01167
33 0 .01066
34 0 .01244
35 0 .01077
36 0 .00798
37 0 .00597
38 0 .00576
39 0 .0043
40 0 .0031
41 0 .00251
42 0 .0015
43 0 .00102
44 0 .00069
45 0 .00054
46 0 .00038
47 0 .00031
48 0 .00005
49 0 .00004
50 0 .00003
51 0 .00002
100 0 0
*parity 1 single
birth 1 F single 1
14 0 0
15 0 0
16 0 0
17 0 0
18 0 0
19 0 0
20 0 .00001
21 0 .00001
22 0 .00001
23 0 .00001
24 0 .00001
25 0 .00001
26 0 .01006
27 0 .00866
28 0 .00001
29 0 .00676
30 0 .00269
31 0 .00466
32 0 0
33 0 .00304
34 0 0
35 0 .00208
36 0 0
37 0 0
38 0 0
39 0 0
40 0 0
41 0 0
42 0 0
43 0 0
44 0 0
45 0 0
46 0 0
47 0 .00002
48 0 0
49 0 0
50 0 0
51 0 0
100 0 0
*parity 1 widowed
birth 1 F widowed 1
14 0 0
15 0 0
16 0 0
17 0 0
18 0 .00001
19 0 .00003
20 0 .00749
21 0 .01296
22 0 .00975
23 0 .0048
24 0 .00372
25 0 .00291
26 0 .00264
27 0 .00163
28 0 .00194
29 0 .00155
30 0 .00188
31 0 .00095
32 0 .00079
33 0 .00062
34 0 .00084
35 0 .00046
36 0 .00062
37 0 .00033
38 0 .00021
39 0 .00018
40 0 .00012
41 0 .00009
42 0 .00006
43 0 .00003
44 0 .00002
45 0 .00001
46 0 .00001
47 0 .00001
48 0 0
49 0 0
50 0 0
51 0 0
100 0 0
*parity 1 divorced
birth 1 F divorced 1
14 0 0
15 0 0
16 0 0
17 0 0
18 0 .00001
19 0 .00003
20 0 .00749
21 0 .01296
22 0 .00975
23 0 .0048
24 0 .00372
25 0 .00291
26 0 .00264
27 0 .00163
28 0 .00194
29 0 .00155
30 0 .00188
31 0 .00095
32 0 .00079
33 0 .00062
34 0 .00084
35 0 .00046
36 0 .00062
37 0 .00033
38 0 .00021
39 0 .00018
40 0 .00012
41 0 .00009
42 0 .00006
43 0 .00003
44 0 .00002
45 0 .00001
46 0 .00001
47 0 .00001
48 0 0
49 0 0
50 0 0
51 0 0
100 0 0
*parity 2 married
birth 1 F married 2
14 0 0
15 0 0
16 0 .00001
17 0 .00003
18 0 .00014
19 0 .02304
20 0 .02856
21 0 .02382
22 0 .02039
23 0 .02291
24 0 .02501
25 0 .02546
26 0 .02545
27 0 .02246
28 0 .0204
29 0 .01889
30 0 .01707
31 0 .01567
32 0 .01471
33 0 .01321
34 0 .01154
35 0 .01011
36 0 .0096
37 0 .00866
38 0 .00823
39 0 .00682
40 0 .00621
41 0 .00492
42 0 .00394
43 0 .00293
44 0 .00197
45 0 .0014
46 0 .00082
47 0 .00045
48 0 .00024
49 0 .00013
50 0 .00005
51 0 .00002
100 0 0
*parity 2 single
birth 1 F single 2
14 0 0
15 0 0
16 0 0
17 0 0
18 0 0
19 0 0
20 0 0
21 0 0
22 0 .00001
23 0 .00001
24 0 .00001
25 0 .00001
26 0 .00001
27 0 .00002
28 0 .00002
29 0 .00002
30 0 .00002
31 0 .00001
32 0 .00462
33 0 .00001
34 0 .00001
35 0 .00001
36 0 .00001
37 0 .00001
38 0 .00001
39 0 .00001
40 0 .00001
41 0 .00001
42 0 0
43 0 .00247
44 0 .00184
45 0 0
46 0 0
47 0 0
48 0 0
49 0 0
50 0 0
51 0 0
100 0 0
*parity 2 widowed
birth 1 F widowed 2
14 0 0
15 0 0
16 0 0
17 0 0
18 0 0
19 0 .00001
20 0 .00726
21 0 .02922
22 0 .00467
23 0 .00396
24 0 .00735
25 0 .00432
26 0 .00402
27 0 .00263
28 0 .00281
29 0 .00197
30 0 .0021
31 0 .00166
32 0 .00144
33 0 .00124
34 0 .00125
35 0 .0009
36 0 .00087
37 0 .0008
38 0 .00055
39 0 .00047
40 0 .00037
41 0 .00028
42 0 .0002
43 0 .00012
44 0 .00009
45 0 .00005
46 0 .00003
47 0 .00002
48 0 .00001
49 0 0
50 0 0
51 0 0
100 0 0
*parity 2 divorced
birth 1 F divorced 2
14 0 0
15 0 0
16 0 0
17 0 0
18 0 0
19 0 .00001
20 0 .00726
21 0 .02922
22 0 .00467
23 0 .00396
24 0 .00735
25 0 .00432
26 0 .00402
27 0 .00263
28 0 .00281
29 0 .00197
30 0 .0021
31 0 .00166
32 0 .00144
33 0 .00124
34 0 .00125
35 0 .0009
36 0 .00087
37 0 .0008
38 0 .00055
39 0 .00047
40 0 .00037
41 0 .00028
42 0 .0002
43 0 .00012
44 0 .00009
45 0 .00005
46 0 .00003
47 0 .00002
48 0 .00001
49 0 0
50 0 0
51 0 0
100 0 0
