*parity 0 married
birth 1 F married 0
14 0 0
15 0 .00021
16 0 .00099
17 0 .04583
18 0 .03529
19 0 .04847
20 0 .04953
21 0 .05567
22 0 .05017
23 0 .0589
24 0 .04165
25 0 .03115
26 0 .03271
27 0 .02206
28 0 .01832
29 0 .01251
30 0 .01045
31 0 .00975
32 0 .00697
33 0 .00534
34 0 .00405
35 0 .00281
36 0 .00287
37 0 .00201
38 0 .00178
39 0 .00127
40 0 .00111
41 0 .00077
42 0 .00052
43 0 .00045
44 0 .00027
45 0 .0002
46 0 .0001
47 0 .00007
48 0 .00002
49 0 .00001
50 0 0
51 0 0
100 0 0
*parity 0 single
birth 1 F single 0
14 0 0
15 0 0
16 0 0
17 0 0
18 0 .00001
19 0 .00002
20 0 .00002
21 0 .00002
22 0 .00003
23 0 .00002
24 0 .00003
25 0 .00002
26 0 .00002
27 0 .00002
28 0 .00002
29 0 .00002
30 0 .00002
31 0 .00001
32 0 .00001
33 0 .00001
34 0 .00001
35 0 .00001
36 0 .00001
37 0 .00001
38 0 .00001
39 0 .00001
40 0 .00001
41 0 .00001
42 0 .00001
43 0 .00001
44 0 0
45 0 .00001
46 0 .00001
47 0 0
48 0 0
49 0 0
50 0 0
51 0 0
100 0 0
*parity 0 widowed
birth 1 F widowed 0
14 0 0
15 0 0
16 0 .00001
17 0 .0167
18 0 .0315
19 0 .01472
20 0 .02956
21 0 .02611
22 0 .01188
23 0 .01502
24 0 .01201
25 0 .01532
26 0 .00417
27 0 .00304
28 0 .00234
29 0 .00218
30 0 .0012
31 0 .00118
32 0 .00069
33 0 .00051
34 0 .00046
35 0 .00023
36 0 .00018
37 0 .00015
38 0 .00013
39 0 .00009
40 0 .00004
41 0 .00004
42 0 .00003
43 0 .00001
44 0 .00001
45 0 .00001
46 0 0
47 0 0
48 0 0
49 0 0
50 0 0
51 0 0
100 0 0
*parity 0 divorced
birth 1 F divorced 0
14 0 0
15 0 0
16 0 .00001
17 0 .0167
18 0 .0315
19 0 .01472
20 0 .02956
21 0 .02611
22 0 .01188
23 0 .01502
24 0 .01201
25 0 .01532
26 0 .00417
27 0 .00304
28 0 .00234
29 0 .00218
30 0 .0012
31 0 .00118
32 0 .00069
33 0 .00051
34 0 .00046
35 0 .00023
36 0 .00018
37 0 .00015
38 0 .00013
39 0 .00009
40 0 .00004
41 0 .00004
42 0 .00003
43 0 .00001
44 0 .00001
45 0 .00001
46 0 0
47 0 0
48 0 0
49 0 0
50 0 0
51 0 0
100 0 0
*parity 1 married
birth 1 F married 1
14 0 0
15 0 0
16 0 .00008
17 0 .24706
18 0 .0247
19 0 .02632
20 0 .03255
21 0 .04344
22 0 .0507
23 0 .0476
24 0 .05842
25 0 .05197
26 0 .06484
27 0 .06999
28 0 .06557
29 0 .05313
30 0 .06745
31 0 .04679
32 0 .05951
33 0 .03382
34 0 .03452
35 0 .03235
36 0 .02371
37 0 .02716
38 0 .04388
39 0 .01466
40 0 .01206
41 0 .00587
42 0 .00316
43 0 .00155
44 0 .00079
45 0 .00043
46 0 .00018
47 0 .00011
48 0 .00006
49 0 .00002
50 0 0
51 0 0
100 0 0
*parity 1 single
birth 1 F single 1
14 0 0
15 0 0
16 0 0
17 0 0
18 0 0
19 0 0
20 0 .00001
21 0 .00001
22 0 .00718
23 0 .0041
24 0 .00757
25 0 .00726
26 0 .00001
27 0 .00305
28 0 .00504
29 0 .00001
30 0 .00369
31 0 0
32 0 0
33 0 .00192
34 0 .00175
35 0 0
36 0 .00038
37 0 .00088
38 0 .00012
39 0 .00018
40 0 .00007
41 0 .00002
42 0 .00001
43 0 .00001
44 0 .00001
45 0 0
46 0 0
47 0 0
48 0 0
49 0 0
50 0 0
51 0 0
100 0 0
*parity 1 widowed
birth 1 F widowed 1
14 0 0
15 0 0
16 0 0
17 0 0
18 0 .00001
19 0 .00002
20 0 .01216
21 0 .01405
22 0 .01078
23 0 .00527
24 0 .00681
25 0 .00653
26 0 .00369
27 0 .00685
28 0 .00567
29 0 .00484
30 0 .00276
31 0 .00661
32 0 .0019
33 0 .00216
34 0 .00262
35 0 .00309
36 0 .00065
37 0 .00099
38 0 .00053
39 0 .00034
40 0 .00023
41 0 .00026
42 0 .00016
43 0 .00007
44 0 .00003
45 0 .00001
46 0 .00001
47 0 0
48 0 0
49 0 0
50 0 0
51 0 0
100 0 0
*parity 1 divorced
birth 1 F divorced 1
14 0 0
15 0 0
16 0 0
17 0 0
18 0 .00001
19 0 .00002
20 0 .01216
21 0 .01405
22 0 .01078
23 0 .00527
24 0 .00681
25 0 .00653
26 0 .00369
27 0 .00685
28 0 .00567
29 0 .00484
30 0 .00276
31 0 .00661
32 0 .0019
33 0 .00216
34 0 .00262
35 0 .00309
36 0 .00065
37 0 .00099
38 0 .00053
39 0 .00034
40 0 .00023
41 0 .00026
42 0 .00016
43 0 .00007
44 0 .00003
45 0 .00001
46 0 .00001
47 0 0
48 0 0
49 0 0
50 0 0
51 0 0
100 0 0
*parity 2 married
birth 1 F married 2
14 0 0
15 0 0
16 0 .00001
17 0 .00003
18 0 .00013
19 0 .04156
20 0 .03288
21 0 .02647
22 0 .02208
23 0 .02402
24 0 .01963
25 0 .0213
26 0 .0201
27 0 .01909
28 0 .01873
29 0 .01678
30 0 .0156
31 0 .01416
32 0 .01301
33 0 .01286
34 0 .01214
35 0 .01156
36 0 .01016
37 0 .0099
38 0 .00806
39 0 .00766
40 0 .00696
41 0 .00478
42 0 .00406
43 0 .00273
44 0 .00217
45 0 .00137
46 0 .00084
47 0 .00048
48 0 .00026
49 0 .00013
50 0 .00006
51 0 .00003
100 0 0
*parity 2 single
birth 1 F single 2
14 0 0
15 0 0
16 0 0
17 0 0
18 0 0
19 0 0
20 0 0
21 0 0
22 0 .00001
23 0 .00001
24 0 .00001
25 0 .00001
26 0 .00001
27 0 .00001
28 0 .00002
29 0 .00985
30 0 .00002
31 0 .00001
32 0 .00001
33 0 .00001
34 0 .00001
35 0 .00001
36 0 .00001
37 0 .00547
38 0 .00001
39 0 .00001
40 0 .00095
41 0 .00146
42 0 .00042
43 0 .00036
44 0 .00024
45 0 .00011
46 0 .00004
47 0 .00008
48 0 .00002
49 0 .00001
50 0 0
51 0 0
100 0 0
*parity 2 widowed
birth 1 F widowed 2
14 0 0
15 0 0
16 0 0
17 0 0
18 0 0
19 0 0
20 0 .00001
21 0 .00002
22 0 .00637
23 0 .01411
24 0 .00551
25 0 .0039
26 0 .00529
27 0 .00272
28 0 .00236
29 0 .00261
30 0 .00209
31 0 .0012
32 0 .00133
33 0 .00103
34 0 .00095
35 0 .00076
36 0 .00075
37 0 .0004
38 0 .00041
39 0 .00037
40 0 .00025
41 0 .00031
42 0 .00015
43 0 .00011
44 0 .00007
45 0 .00005
46 0 .00004
47 0 .00001
48 0 .00001
49 0 0
50 0 0
51 0 0
100 0 0
*parity 2 divorced
birth 1 F divorced 2
14 0 0
15 0 0
16 0 0
17 0 0
18 0 0
19 0 0
20 0 .00001
21 0 .00002
22 0 .00637
23 0 .01411
24 0 .00551
25 0 .0039
26 0 .00529
27 0 .00272
28 0 .00236
29 0 .00261
30 0 .00209
31 0 .0012
32 0 .00133
33 0 .00103
34 0 .00095
35 0 .00076
36 0 .00075
37 0 .0004
38 0 .00041
39 0 .00037
40 0 .00025
41 0 .00031
42 0 .00015
43 0 .00011
44 0 .00007
45 0 .00005
46 0 .00004
47 0 .00001
48 0 .00001
49 0 0
50 0 0
51 0 0
100 0 0
