*parity 0 married
birth 1 F married 0
14 0 0
15 0 .00021
16 0 .00097
17 0 .03706
18 0 .02861
19 0 .03776
20 0 .04334
21 0 .045
22 0 .04654
23 0 .05139
24 0 .05125
25 0 .05531
26 0 .05114
27 0 .05343
28 0 .05253
29 0 .03433
30 0 .03706
31 0 .0258
32 0 .03241
33 0 .02809
34 0 .02128
35 0 .01318
36 0 .0182
37 0 .01409
38 0 .00937
39 0 .00523
40 0 .00378
41 0 .0025
42 0 .00197
43 0 .00104
44 0 .00087
45 0 .00041
46 0 .0002
47 0 .00006
48 0 .00002
49 0 .00001
50 0 0
51 0 0
100 0 0
*parity 0 single
birth 1 F single 0
14 0 0
15 0 .00001
16 0 .00003
17 0 .00007
18 0 .00015
19 0 .00024
20 0 .00032
21 0 .00038
22 0 .00039
23 0 .0004
24 0 .00039
25 0 .00038
26 0 .00039
27 0 .00041
28 0 .00039
29 0 .00037
30 0 .00037
31 0 .00035
32 0 .0003
33 0 .00031
34 0 .00029
35 0 .00023
36 0 .00031
37 0 .00027
38 0 .00023
39 0 .00025
40 0 .00011
41 0 .00015
42 0 .00009
43 0 .00009
44 0 .00007
45 0 .00009
46 0 .00002
47 0 .00001
48 0 0
49 0 0
50 0 0
51 0 0
100 0 0
*parity 0 widowed
birth 1 F widowed 0
14 0 0
15 0 .00001
16 0 .00004
17 0 .04757
18 0 .00017
19 0 .17792
20 0 .43394
21 0 .14747
22 0 .47861
23 0 .07776
24 0 .10992
25 0 .0002
26 0 .00017
27 0 .00015
28 0 .16659
29 0 .13377
30 0 .10578
31 0 .01683
32 0 .07048
33 0 .00005
34 0 .02362
35 0 .04419
36 0 .01402
37 0 .00787
38 0 .0029
39 0 .00265
40 0 .00131
41 0 .00088
42 0 .00051
43 0 .00033
44 0 .00015
45 0 .00009
46 0 .00002
47 0 .00001
48 0 0
49 0 0
50 0 0
51 0 0
100 0 0
*parity 0 divorced
birth 1 F divorced 0
14 0 0
15 0 .00001
16 0 .00004
17 0 .04757
18 0 .00017
19 0 .17792
20 0 .43394
21 0 .14747
22 0 .47861
23 0 .07776
24 0 .10992
25 0 .0002
26 0 .00017
27 0 .00015
28 0 .16659
29 0 .13377
30 0 .10578
31 0 .01683
32 0 .07048
33 0 .00005
34 0 .02362
35 0 .04419
36 0 .01402
37 0 .00787
38 0 .0029
39 0 .00265
40 0 .00131
41 0 .00088
42 0 .00051
43 0 .00033
44 0 .00015
45 0 .00009
46 0 .00002
47 0 .00001
48 0 0
49 0 0
50 0 0
51 0 0
100 0 0
*parity 1 married
birth 1 F married 1
14 0 0
15 0 0
16 0 .00007
17 0 .00026
18 0 .02646
19 0 .02361
20 0 .02777
21 0 .02898
22 0 .03029
23 0 .03968
24 0 .03934
25 0 .03416
26 0 .02917
27 0 .02118
28 0 .02467
29 0 .02372
30 0 .0229
31 0 .01764
32 0 .02013
33 0 .0159
34 0 .01791
35 0 .033
36 0 .04161
37 0 .02386
38 0 .01741
39 0 .03832
40 0 .05938
41 0 .03927
42 0 .05056
43 0 .03084
44 0 .00006
45 0 .01303
46 0 .01329
47 0 .00656
48 0 .00255
49 0 .00078
50 0 .00006
51 0 .00009
100 0 0
*parity 1 single
birth 1 F single 1
14 0 0
15 0 0
16 0 0
17 0 .00001
18 0 .0354
19 0 .01094
20 0 .04241
21 0 .02132
22 0 .02924
23 0 .04565
24 0 .11117
25 0 .05369
26 0 .00014
27 0 .08108
28 0 .07836
29 0 .0001
30 0 .11029
31 0 .00008
32 0 .00007
33 0 .06541
34 0 .00005
35 0 .05298
36 0 .0334
37 0 .00003
38 0 .02037
39 0 .00769
40 0 .00001
41 0 .00001
42 0 .00507
43 0 0
44 0 0
45 0 0
46 0 0
47 0 0
48 0 0
49 0 0
50 0 0
51 0 0
100 0 0
*parity 1 widowed
birth 1 F widowed 1
14 0 0
15 0 0
16 0 0
17 0 .00001
18 0 .01199
19 0 .05187
20 0 .01326
21 0 .03852
22 0 .0317
23 0 .02379
24 0 .01883
25 0 .07274
26 0 .04119
27 0 .01465
28 0 .01327
29 0 .00903
30 0 .00996
31 0 .00953
32 0 .00489
33 0 .00422
34 0 .00449
35 0 .00653
36 0 .00004
37 0 .0054
38 0 .0046
39 0 .00695
40 0 .00538
41 0 .01068
42 0 .00687
43 0 0
44 0 .00226
45 0 .00059
46 0 .0003
47 0 .00006
48 0 .00006
49 0 0
50 0 .00001
51 0 0
100 0 0
*parity 1 divorced
birth 1 F divorced 1
14 0 0
15 0 0
16 0 0
17 0 .00001
18 0 .01199
19 0 .05187
20 0 .01326
21 0 .03852
22 0 .0317
23 0 .02379
24 0 .01883
25 0 .07274
26 0 .04119
27 0 .01465
28 0 .01327
29 0 .00903
30 0 .00996
31 0 .00953
32 0 .00489
33 0 .00422
34 0 .00449
35 0 .00653
36 0 .00004
37 0 .0054
38 0 .0046
39 0 .00695
40 0 .00538
41 0 .01068
42 0 .00687
43 0 0
44 0 .00226
45 0 .00059
46 0 .0003
47 0 .00006
48 0 .00006
49 0 0
50 0 .00001
51 0 0
100 0 0
*parity 2 married
birth 1 F married 2
14 0 0
15 0 0
16 0 .00001
17 0 .00002
18 0 .00011
19 0 .03559
20 0 .02128
21 0 .01699
22 0 .01903
23 0 .01518
24 0 .01496
25 0 .01501
26 0 .01465
27 0 .01381
28 0 .01274
29 0 .01241
30 0 .01148
31 0 .01102
32 0 .00959
33 0 .00877
34 0 .00865
35 0 .00735
36 0 .00616
37 0 .00585
38 0 .0054
39 0 .00466
40 0 .00419
41 0 .00341
42 0 .00261
43 0 .002
44 0 .00141
45 0 .00102
46 0 .0006
47 0 .00041
48 0 .00023
49 0 .00011
50 0 .00005
51 0 .00002
100 0 0
*parity 2 single
birth 1 F single 2
14 0 0
15 0 0
16 0 0
17 0 0
18 0 0
19 0 .01666
20 0 .00003
21 0 .00005
22 0 .02185
23 0 .01822
24 0 .03334
25 0 .01379
26 0 .01568
27 0 .0242
28 0 .02444
29 0 .02361
30 0 .02219
31 0 .01405
32 0 .02433
33 0 .04032
34 0 .01639
35 0 .02089
36 0 .02484
37 0 .04711
38 0 .02973
39 0 .05131
40 0 .02288
41 0 .06762
42 0 .05032
43 0 .03612
44 0 .00597
45 0 .0151
46 0 .00919
47 0 .00544
48 0 .00141
49 0 .00045
50 0 .00056
51 0 .0001
100 0 0
*parity 2 widowed
birth 1 F widowed 2
14 0 0
15 0 0
16 0 0
17 0 0
18 0 .00001
19 0 .00002
20 0 .0106
21 0 .01231
22 0 .01045
23 0 .00823
24 0 .00903
25 0 .00623
26 0 .00498
27 0 .00546
28 0 .00383
29 0 .00382
30 0 .00301
31 0 .00277
32 0 .00234
33 0 .00191
34 0 .00127
35 0 .00132
36 0 .0011
37 0 .00088
38 0 .00079
39 0 .00065
40 0 .00056
41 0 .00034
42 0 .00026
43 0 .00017
44 0 .00013
45 0 .00007
46 0 .00005
47 0 .00003
48 0 .00002
49 0 .00001
50 0 0
51 0 0
100 0 0
*parity 2 divorced
birth 1 F divorced 2
14 0 0
15 0 0
16 0 0
17 0 0
18 0 .00001
19 0 .00002
20 0 .0106
21 0 .01231
22 0 .01045
23 0 .00823
24 0 .00903
25 0 .00623
26 0 .00498
27 0 .00546
28 0 .00383
29 0 .00382
30 0 .00301
31 0 .00277
32 0 .00234
33 0 .00191
34 0 .00127
35 0 .00132
36 0 .0011
37 0 .00088
38 0 .00079
39 0 .00065
40 0 .00056
41 0 .00034
42 0 .00026
43 0 .00017
44 0 .00013
45 0 .00007
46 0 .00005
47 0 .00003
48 0 .00002
49 0 .00001
50 0 0
51 0 0
100 0 0
