*parity 0 married
birth 1 F married 0
14 0 0
15 0 .00018
16 0 .00072
17 0 .05655
18 0 .04348
19 0 .06212
20 0 .09365
21 0 .10078
22 0 .16328
23 0 .17046
24 0 .11025
25 0 .1484
26 0 .23824
27 0 1
28 0 1
29 0 1
30 0 .83931
31 0 1
32 0 .00121
33 0 .05254
34 0 .06354
35 0 .01987
36 0 .00704
37 0 .00504
38 0 .00273
39 0 .00162
40 0 .00092
41 0 .00049
42 0 .00035
43 0 .00025
44 0 .00017
45 0 .00009
46 0 .00005
47 0 .00004
48 0 .00002
49 0 .00001
50 0 0
51 0 0
100 0 0
*parity 0 single
birth 1 F single 0
14 0 0
15 0 .00006
16 0 .00024
17 0 .00047
18 0 .00079
19 0 .00111
20 0 .00132
21 0 .0014
22 0 .00141
23 0 .00145
24 0 .00144
25 0 .0014
26 0 .0014
27 0 .00136
28 0 .00136
29 0 .00133
30 0 .00118
31 0 .00101
32 0 .00092
33 0 .0009
34 0 .00094
35 0 .00083
36 0 .00082
37 0 .00081
38 0 .00067
39 0 .00072
40 0 .00054
41 0 .00042
42 0 .00049
43 0 .0004
44 0 .00026
45 0 .00015
46 0 .00009
47 0 .00005
48 0 .00003
49 0 .00001
50 0 0
51 0 0
100 0 0
*parity 0 widowed
birth 1 F widowed 0
14 0 0
15 0 .00001
16 0 .00005
17 0 .00009
18 0 .00015
19 0 .1522
20 0 .17046
21 0 .00024
22 0 .29718
23 0 .29832
24 0 .0002
25 0 .00019
26 0 .00018
27 0 .00017
28 0 .00015
29 0 .00014
30 0 .00012
31 0 .0001
32 0 .00008
33 0 .00007
34 0 .00006
35 0 .00004
36 0 .02564
37 0 .01014
38 0 .0073
39 0 .00452
40 0 .00101
41 0 .0005
42 0 .00036
43 0 .00018
44 0 .00009
45 0 .00006
46 0 .00003
47 0 .00002
48 0 .00001
49 0 0
50 0 0
51 0 0
100 0 0
*parity 0 divorced
birth 1 F divorced 0
14 0 0
15 0 .00001
16 0 .00005
17 0 .00009
18 0 .00015
19 0 .1522
20 0 .17046
21 0 .00024
22 0 .29718
23 0 .29832
24 0 .0002
25 0 .00019
26 0 .00018
27 0 .00017
28 0 .00015
29 0 .00014
30 0 .00012
31 0 .0001
32 0 .00008
33 0 .00007
34 0 .00006
35 0 .00004
36 0 .02564
37 0 .01014
38 0 .0073
39 0 .00452
40 0 .00101
41 0 .0005
42 0 .00036
43 0 .00018
44 0 .00009
45 0 .00006
46 0 .00003
47 0 .00002
48 0 .00001
49 0 0
50 0 0
51 0 0
100 0 0
*parity 1 married
birth 1 F married 1
14 0 0
15 0 0
16 0 .00004
17 0 .00014
18 0 .04496
19 0 .02252
20 0 .01771
21 0 .02479
22 0 .0248
23 0 .02022
24 0 .01932
25 0 .01995
26 0 .01949
27 0 .02042
28 0 .02032
29 0 .01957
30 0 .01873
31 0 .01843
32 0 .01734
33 0 .01197
34 0 .00644
35 0 .00537
36 0 .00493
37 0 .00341
38 0 .00323
39 0 .00249
40 0 .00189
41 0 .00176
42 0 .00108
43 0 .00055
44 0 .00024
45 0 .00015
46 0 .00008
47 0 .00003
48 0 .00001
49 0 0
50 0 0
51 0 0
100 0 0
*parity 1 single
birth 1 F single 1
14 0 0
15 0 0
16 0 .00001
17 0 .01697
18 0 .02601
19 0 .03571
20 0 .04275
21 0 .02347
22 0 .02146
23 0 .01835
24 0 .02796
25 0 .02271
26 0 .02799
27 0 .0232
28 0 .02337
29 0 .0222
30 0 .02177
31 0 .0311
32 0 .03537
33 0 .03091
34 0 .02223
35 0 .01971
36 0 .03644
37 0 .02205
38 0 .0343
39 0 .05291
40 0 .00008
41 0 .01567
42 0 .05077
43 0 .01002
44 0 .00001
45 0 .00475
46 0 .00507
47 0 0
48 0 .0005
49 0 .00033
50 0 .0001
51 0 .00003
100 0 0
*parity 1 widowed
birth 1 F widowed 1
14 0 0
15 0 0
16 0 0
17 0 .00001
18 0 .00003
19 0 .03705
20 0 .00008
21 0 .03019
22 0 .05787
23 0 .05236
24 0 .05511
25 0 .04004
26 0 .03774
27 0 .01572
28 0 .0396
29 0 .02705
30 0 .06774
31 0 .09033
32 0 .04036
33 0 .00983
34 0 .00824
35 0 .00892
36 0 .0054
37 0 .0033
38 0 .00164
39 0 .0011
40 0 .00112
41 0 .00063
42 0 .00034
43 0 .00016
44 0 .00008
45 0 .00003
46 0 .00002
47 0 .00001
48 0 0
49 0 0
50 0 0
51 0 0
100 0 0
*parity 1 divorced
birth 1 F divorced 1
14 0 0
15 0 0
16 0 0
17 0 .00001
18 0 .00003
19 0 .03705
20 0 .00008
21 0 .03019
22 0 .05787
23 0 .05236
24 0 .05511
25 0 .04004
26 0 .03774
27 0 .01572
28 0 .0396
29 0 .02705
30 0 .06774
31 0 .09033
32 0 .04036
33 0 .00983
34 0 .00824
35 0 .00892
36 0 .0054
37 0 .0033
38 0 .00164
39 0 .0011
40 0 .00112
41 0 .00063
42 0 .00034
43 0 .00016
44 0 .00008
45 0 .00003
46 0 .00002
47 0 .00001
48 0 0
49 0 0
50 0 0
51 0 0
100 0 0
*parity 2 married
birth 1 F married 2
14 0 0
15 0 0
16 0 0
17 0 .00001
18 0 .00481
19 0 .00903
20 0 .01334
21 0 .01181
22 0 .00998
23 0 .01034
24 0 .01238
25 0 .01251
26 0 .01029
27 0 .0097
28 0 .0089
29 0 .00812
30 0 .00806
31 0 .00693
32 0 .00607
33 0 .0052
34 0 .00465
35 0 .00396
36 0 .00338
37 0 .00288
38 0 .00244
39 0 .00192
40 0 .00174
41 0 .00135
42 0 .00095
43 0 .00066
44 0 .00049
45 0 .00033
46 0 .00019
47 0 .0001
48 0 .00005
49 0 .00003
50 0 .00001
51 0 0
100 0 0
*parity 2 single
birth 1 F single 2
14 0 0
15 0 0
16 0 0
17 0 0
18 0 .02272
19 0 .01279
20 0 .01228
21 0 .01469
22 0 .017
23 0 .01502
24 0 .01034
25 0 .01226
26 0 .01198
27 0 .01135
28 0 .00995
29 0 .00914
30 0 .00929
31 0 .01095
32 0 .00851
33 0 .00957
34 0 .01014
35 0 .01549
36 0 .01002
37 0 .0117
38 0 .00975
39 0 .00871
40 0 .0084
41 0 .00904
42 0 .00874
43 0 .00465
44 0 .00844
45 0 .00381
46 0 .00279
47 0 .00136
48 0 .0012
49 0 .00057
50 0 .00015
51 0 .00009
100 0 0
*parity 2 widowed
birth 1 F widowed 2
14 0 0
15 0 0
16 0 0
17 0 0
18 0 0
19 0 .01327
20 0 .02801
21 0 .02439
22 0 .00882
23 0 .02056
24 0 .00703
25 0 .00606
26 0 .00757
27 0 .00908
28 0 .00585
29 0 .00509
30 0 .00382
31 0 .00376
32 0 .00317
33 0 .00288
34 0 .00203
35 0 .00158
36 0 .00139
37 0 .00105
38 0 .00092
39 0 .0008
40 0 .0005
41 0 .00039
42 0 .00025
43 0 .0002
44 0 .00012
45 0 .00007
46 0 .00004
47 0 .00003
48 0 .00001
49 0 .00001
50 0 0
51 0 0
100 0 0
*parity 2 divorced
birth 1 F divorced 2
14 0 0
15 0 0
16 0 0
17 0 0
18 0 0
19 0 .01327
20 0 .02801
21 0 .02439
22 0 .00882
23 0 .02056
24 0 .00703
25 0 .00606
26 0 .00757
27 0 .00908
28 0 .00585
29 0 .00509
30 0 .00382
31 0 .00376
32 0 .00317
33 0 .00288
34 0 .00203
35 0 .00158
36 0 .00139
37 0 .00105
38 0 .00092
39 0 .0008
40 0 .0005
41 0 .00039
42 0 .00025
43 0 .0002
44 0 .00012
45 0 .00007
46 0 .00004
47 0 .00003
48 0 .00001
49 0 .00001
50 0 0
51 0 0
100 0 0
