*parity all married
birth 1 F married 0
14 0 0
15 0 .00969
16 0 .00923
17 0 .0097
18 0 .01138
19 0 .01475
20 0 .01905
21 0 .02274
22 0 .0248
23 0 .02548
24 0 .02533
25 0 .02404
26 0 .02199
27 0 .01951
28 0 .01772
29 0 .01637
30 0 .01581
31 0 .01479
32 0 .01447
33 0 .01432
34 0 .01491
35 0 .01527
36 0 .01561
37 0 .01572
38 0 .01583
39 0 .01563
40 0 .01528
41 0 .0142
42 0 .01332
43 0 .01246
44 0 .01189
45 0 .01128
46 0 .01076
47 0 .01047
48 0 .01024
49 0 .01011
50 0 .01004
51 0 .01
100 0 0
*parity all single
birth 1 F single 0
14 0 0
15 0 .00969
16 0 .00923
17 0 .0097
18 0 .01138
19 0 .01475
20 0 .01905
21 0 .02274
22 0 .0248
23 0 .02548
24 0 .02533
25 0 .02404
26 0 .02199
27 0 .01951
28 0 .01772
29 0 .01637
30 0 .01581
31 0 .01479
32 0 .01447
33 0 .01432
34 0 .01491
35 0 .01527
36 0 .01561
37 0 .01572
38 0 .01583
39 0 .01563
40 0 .01528
41 0 .0142
42 0 .01332
43 0 .01246
44 0 .01189
45 0 .01128
46 0 .01076
47 0 .01047
48 0 .01024
49 0 .01011
50 0 .01004
51 0 .01
100 0 0
*parity all widowed
birth 1 F widowed 0
14 0 0
15 0 .00969
16 0 .00923
17 0 .0097
18 0 .01138
19 0 .01475
20 0 .01905
21 0 .02274
22 0 .0248
23 0 .02548
24 0 .02533
25 0 .02404
26 0 .02199
27 0 .01951
28 0 .01772
29 0 .01637
30 0 .01581
31 0 .01479
32 0 .01447
33 0 .01432
34 0 .01491
35 0 .01527
36 0 .01561
37 0 .01572
38 0 .01583
39 0 .01563
40 0 .01528
41 0 .0142
42 0 .01332
43 0 .01246
44 0 .01189
45 0 .01128
46 0 .01076
47 0 .01047
48 0 .01024
49 0 .01011
50 0 .01004
51 0 .01
100 0 0
*parity all divorced
birth 1 F divorced 0
14 0 0
15 0 .00969
16 0 .00923
17 0 .0097
18 0 .01138
19 0 .01475
20 0 .01905
21 0 .02274
22 0 .0248
23 0 .02548
24 0 .02533
25 0 .02404
26 0 .02199
27 0 .01951
28 0 .01772
29 0 .01637
30 0 .01581
31 0 .01479
32 0 .01447
33 0 .01432
34 0 .01491
35 0 .01527
36 0 .01561
37 0 .01572
38 0 .01583
39 0 .01563
40 0 .01528
41 0 .0142
42 0 .01332
43 0 .01246
44 0 .01189
45 0 .01128
46 0 .01076
47 0 .01047
48 0 .01024
49 0 .01011
50 0 .01004
51 0 .01
100 0 0
