*parity 0 married
birth 1 F married 0
14 0 0
15 0 .0002
16 0 .00097
17 0 .04368
18 0 .04291
19 0 .05191
20 0 .05465
21 0 .07501
22 0 .10328
23 0 .28785
24 0 .15704
25 0 .69447
26 0 .43031
27 0 .26235
28 0 .06936
29 0 .24106
30 0 .10012
31 0 .04412
32 0 .06345
33 0 .11897
34 0 .25407
35 0 .09536
36 0 .02
37 0 .02415
38 0 .01278
39 0 .04252
40 0 .03975
41 0 .03896
42 0 .00011
43 0 .00654
44 0 .00005
45 0 .00434
46 0 .0018
47 0 .00325
48 0 0
49 0 0
50 0 .00013
51 0 .00002
100 0 0
*parity 0 single
birth 1 F single 0
14 0 0
15 0 0
16 0 0
17 0 0
18 0 .00001
19 0 .00002
20 0 .00002
21 0 .00003
22 0 .00003
23 0 .00002
24 0 .00002
25 0 .00002
26 0 .00002
27 0 .00002
28 0 .00001
29 0 .00001
30 0 .00001
31 0 .00001
32 0 .00001
33 0 .00001
34 0 .00001
35 0 .00001
36 0 .00001
37 0 .00001
38 0 .00001
39 0 .00001
40 0 .00001
41 0 .00001
42 0 .00002
43 0 .00001
44 0 .00002
45 0 .00001
46 0 .00001
47 0 0
48 0 0
49 0 0
50 0 0
51 0 0
100 0 0
*parity 0 widowed
birth 1 F widowed 0
14 0 0
15 0 0
16 0 .00001
17 0 .00002
18 0 .03712
19 0 .01529
20 0 .01875
21 0 .01776
22 0 .0254
23 0 .01573
24 0 .02002
25 0 .01581
26 0 .00004
27 0 .00003
28 0 .00411
29 0 .00659
30 0 .01003
31 0 .00462
32 0 .00693
33 0 .00542
34 0 .00463
35 0 .00001
36 0 .00001
37 0 .00121
38 0 .00105
39 0 .00026
40 0 .00027
41 0 .00035
42 0 .00027
43 0 .00018
44 0 0
45 0 .00012
46 0 .00001
47 0 .00001
48 0 0
49 0 0
50 0 0
51 0 0
100 0 0
*parity 0 divorced
birth 1 F divorced 0
14 0 0
15 0 0
16 0 .00001
17 0 .00002
18 0 .03712
19 0 .01529
20 0 .01875
21 0 .01776
22 0 .0254
23 0 .01573
24 0 .02002
25 0 .01581
26 0 .00004
27 0 .00003
28 0 .00411
29 0 .00659
30 0 .01003
31 0 .00462
32 0 .00693
33 0 .00542
34 0 .00463
35 0 .00001
36 0 .00001
37 0 .00121
38 0 .00105
39 0 .00026
40 0 .00027
41 0 .00035
42 0 .00027
43 0 .00018
44 0 0
45 0 .00012
46 0 .00001
47 0 .00001
48 0 0
49 0 0
50 0 0
51 0 0
100 0 0
*parity 1 married
birth 1 F married 1
14 0 0
15 0 0
16 0 .00008
17 0 .0003
18 0 .03045
19 0 .02663
20 0 .03411
21 0 .0386
22 0 .03437
23 0 .04262
24 0 .03243
25 0 .04199
26 0 .04093
27 0 .04233
28 0 .09455
29 0 .05077
30 0 .031
31 0 .02474
32 0 .02058
33 0 .03299
34 0 .02664
35 0 .01728
36 0 .01598
37 0 .01594
38 0 .01654
39 0 .01108
40 0 .00462
41 0 .00249
42 0 .00157
43 0 .00114
44 0 .00069
45 0 .00036
46 0 .00019
47 0 .00012
48 0 .00004
49 0 .00001
50 0 .00001
51 0 0
100 0 0
*parity 1 single
birth 1 F single 1
14 0 0
15 0 0
16 0 0
17 0 0
18 0 0
19 0 0
20 0 .00518
21 0 .00641
22 0 .00001
23 0 .00863
24 0 .00001
25 0 .00001
26 0 .00001
27 0 .00001
28 0 .00258
29 0 .00001
30 0 .00001
31 0 0
32 0 .00258
33 0 0
34 0 .00089
35 0 .00133
36 0 .00037
37 0 .00013
38 0 .00004
39 0 .00002
40 0 .00003
41 0 .00002
42 0 .00002
43 0 .00001
44 0 .00001
45 0 0
46 0 0
47 0 0
48 0 0
49 0 0
50 0 0
51 0 0
100 0 0
*parity 1 widowed
birth 1 F widowed 1
14 0 0
15 0 0
16 0 0
17 0 0
18 0 .00001
19 0 .00002
20 0 .01165
21 0 .00004
22 0 .00695
23 0 .00776
24 0 .00762
25 0 .01702
26 0 .00547
27 0 .00352
28 0 .00465
29 0 .00497
30 0 .00316
31 0 .00252
32 0 .00145
33 0 .00116
34 0 .002
35 0 .00085
36 0 .00124
37 0 .00136
38 0 .00058
39 0 .00084
40 0 .00017
41 0 .00009
42 0 .00006
43 0 .00004
44 0 .00002
45 0 .00001
46 0 .00001
47 0 0
48 0 0
49 0 0
50 0 0
51 0 0
100 0 0
*parity 1 divorced
birth 1 F divorced 1
14 0 0
15 0 0
16 0 0
17 0 0
18 0 .00001
19 0 .00002
20 0 .01165
21 0 .00004
22 0 .00695
23 0 .00776
24 0 .00762
25 0 .01702
26 0 .00547
27 0 .00352
28 0 .00465
29 0 .00497
30 0 .00316
31 0 .00252
32 0 .00145
33 0 .00116
34 0 .002
35 0 .00085
36 0 .00124
37 0 .00136
38 0 .00058
39 0 .00084
40 0 .00017
41 0 .00009
42 0 .00006
43 0 .00004
44 0 .00002
45 0 .00001
46 0 .00001
47 0 0
48 0 0
49 0 0
50 0 0
51 0 0
100 0 0
*parity 2 married
birth 1 F married 2
14 0 0
15 0 0
16 0 .00001
17 0 .00003
18 0 .00014
19 0 .02924
20 0 .01921
21 0 .01601
22 0 .01867
23 0 .01816
24 0 .02148
25 0 .01869
26 0 .01847
27 0 .016
28 0 .01519
29 0 .01412
30 0 .01318
31 0 .01244
32 0 .01192
33 0 .01009
34 0 .00858
35 0 .00844
36 0 .0076
37 0 .00718
38 0 .00663
39 0 .00552
40 0 .00522
41 0 .004
42 0 .00314
43 0 .00233
44 0 .00169
45 0 .00116
46 0 .00071
47 0 .00042
48 0 .00023
49 0 .00012
50 0 .00005
51 0 .00002
100 0 0
*parity 2 single
birth 1 F single 2
14 0 0
15 0 0
16 0 0
17 0 0
18 0 0
19 0 0
20 0 0
21 0 0
22 0 .00001
23 0 .00001
24 0 .00001
25 0 .00001
26 0 .00001
27 0 .00002
28 0 .00002
29 0 .00002
30 0 .00002
31 0 .00001
32 0 .00001
33 0 .00831
34 0 .00001
35 0 .00683
36 0 .00635
37 0 .00293
38 0 .00286
39 0 .00001
40 0 .00052
41 0 .00043
42 0 .00028
43 0 .00015
44 0 .00017
45 0 .0001
46 0 .00006
47 0 .00002
48 0 .00001
49 0 .00001
50 0 0
51 0 0
100 0 0
*parity 2 widowed
birth 1 F widowed 2
14 0 0
15 0 0
16 0 0
17 0 0
18 0 0
19 0 0
20 0 .00752
21 0 .01298
22 0 .00346
23 0 .00602
24 0 .00751
25 0 .00414
26 0 .00208
27 0 .00232
28 0 .00206
29 0 .00181
30 0 .00167
31 0 .00138
32 0 .00101
33 0 .00072
34 0 .00083
35 0 .0006
36 0 .0006
37 0 .00038
38 0 .00037
39 0 .00031
40 0 .00022
41 0 .0002
42 0 .00012
43 0 .00009
44 0 .00006
45 0 .00004
46 0 .00002
47 0 .00001
48 0 .00001
49 0 0
50 0 0
51 0 0
100 0 0
*parity 2 divorced
birth 1 F divorced 2
14 0 0
15 0 0
16 0 0
17 0 0
18 0 0
19 0 0
20 0 .00752
21 0 .01298
22 0 .00346
23 0 .00602
24 0 .00751
25 0 .00414
26 0 .00208
27 0 .00232
28 0 .00206
29 0 .00181
30 0 .00167
31 0 .00138
32 0 .00101
33 0 .00072
34 0 .00083
35 0 .0006
36 0 .0006
37 0 .00038
38 0 .00037
39 0 .00031
40 0 .00022
41 0 .0002
42 0 .00012
43 0 .00009
44 0 .00006
45 0 .00004
46 0 .00002
47 0 .00001
48 0 .00001
49 0 0
50 0 0
51 0 0
100 0 0
