*parity 0 married
birth 1 F married 0
14 0 0
15 0 .0002
16 0 .00093
17 0 .03416
18 0 .03713
19 0 .03298
20 0 .0435
21 0 .04089
22 0 .04158
23 0 .03938
24 0 .03276
25 0 .0266
26 0 .02183
27 0 .01814
28 0 .01527
29 0 .01041
30 0 .00964
31 0 .00735
32 0 .00558
33 0 .00454
34 0 .0036
35 0 .00349
36 0 .00256
37 0 .00192
38 0 .00145
39 0 .001
40 0 .00082
41 0 .00062
42 0 .00041
43 0 .00027
44 0 .00015
45 0 .00013
46 0 .00007
47 0 .00004
48 0 .00002
49 0 .00001
50 0 0
51 0 0
100 0 0
*parity 0 single
birth 1 F single 0
14 0 0
15 0 .00001
16 0 .00003
17 0 .00008
18 0 .00016
19 0 .00027
20 0 .00035
21 0 .00042
22 0 .00043
23 0 .00045
24 0 .00044
25 0 .00046
26 0 .00038
27 0 .00036
28 0 .00034
29 0 .00032
30 0 .0003
31 0 .0003
32 0 .00025
33 0 .00026
34 0 .00024
35 0 .00019
36 0 .00015
37 0 .00022
38 0 .00017
39 0 .00013
40 0 .00007
41 0 .00004
42 0 .00005
43 0 .00004
44 0 .00002
45 0 .00002
46 0 .00001
47 0 0
48 0 0
49 0 0
50 0 0
51 0 0
100 0 0
*parity 0 widowed
birth 1 F widowed 0
14 0 0
15 0 .00001
16 0 .00005
17 0 .00011
18 0 .122
19 0 .19203
20 0 .15084
21 0 .00038
22 0 .21626
23 0 .06318
24 0 .05425
25 0 .03875
26 0 .02214
27 0 .02589
28 0 .01245
29 0 .00582
30 0 .00438
31 0 .00322
32 0 .00452
33 0 .00252
34 0 .00146
35 0 .00136
36 0 .00099
37 0 .00084
38 0 .00037
39 0 .00029
40 0 .00019
41 0 .00013
42 0 .0001
43 0 .00006
44 0 .00003
45 0 .00002
46 0 .00001
47 0 .00001
48 0 0
49 0 0
50 0 0
51 0 0
100 0 0
*parity 0 divorced
birth 1 F divorced 0
14 0 0
15 0 .00001
16 0 .00005
17 0 .00011
18 0 .122
19 0 .19203
20 0 .15084
21 0 .00038
22 0 .21626
23 0 .06318
24 0 .05425
25 0 .03875
26 0 .02214
27 0 .02589
28 0 .01245
29 0 .00582
30 0 .00438
31 0 .00322
32 0 .00452
33 0 .00252
34 0 .00146
35 0 .00136
36 0 .00099
37 0 .00084
38 0 .00037
39 0 .00029
40 0 .00019
41 0 .00013
42 0 .0001
43 0 .00006
44 0 .00003
45 0 .00002
46 0 .00001
47 0 .00001
48 0 0
49 0 0
50 0 0
51 0 0
100 0 0
*parity 1 married
birth 1 F married 1
14 0 0
15 0 0
16 0 .00007
17 0 .36714
18 0 .02036
19 0 .0251
20 0 .02948
21 0 .03781
22 0 .04036
23 0 .04049
24 0 .03904
25 0 .04154
26 0 .03947
27 0 .06317
28 0 .0472
29 0 .0484
30 0 .06126
31 0 .04129
32 0 .04102
33 0 .04395
34 0 .02968
35 0 .03075
36 0 .02756
37 0 .02578
38 0 .0189
39 0 .01749
40 0 .02333
41 0 .01153
42 0 .01031
43 0 .00809
44 0 .00486
45 0 .00156
46 0 .00064
47 0 .00036
48 0 .0001
49 0 .00003
50 0 .00001
51 0 .00002
100 0 0
*parity 1 single
birth 1 F single 1
14 0 0
15 0 0
16 0 0
17 0 .01301
18 0 .01768
19 0 .07918
20 0 .12643
21 0 .02903
22 0 .03337
23 0 .05273
24 0 .03482
25 0 .02448
26 0 .03526
27 0 .07836
28 0 .01736
29 0 .05747
30 0 .05428
31 0 .01439
32 0 .06979
33 0 .00006
34 0 .04524
35 0 .00004
36 0 .00003
37 0 .02376
38 0 .00002
39 0 .01364
40 0 .00001
41 0 .00001
42 0 .00001
43 0 .00258
44 0 .00078
45 0 .00021
46 0 .00006
47 0 .00001
48 0 .00001
49 0 0
50 0 .00001
51 0 0
100 0 0
*parity 1 widowed
birth 1 F widowed 1
14 0 0
15 0 0
16 0 0
17 0 .00001
18 0 .05162
19 0 .11561
20 0 .03692
21 0 .01957
22 0 .02088
23 0 .02053
24 0 .04358
25 0 .02859
26 0 .0286
27 0 .04577
28 0 .05069
29 0 .03356
30 0 .01441
31 0 .03152
32 0 .03397
33 0 .00884
34 0 .00389
35 0 .00441
36 0 .00737
37 0 .00434
38 0 .00249
39 0 .00398
40 0 .00483
41 0 .00145
42 0 .00128
43 0 .00031
44 0 .00023
45 0 .00017
46 0 .00009
47 0 .0001
48 0 .00005
49 0 0
50 0 0
51 0 0
100 0 0
*parity 1 divorced
birth 1 F divorced 1
14 0 0
15 0 0
16 0 0
17 0 .00001
18 0 .05162
19 0 .11561
20 0 .03692
21 0 .01957
22 0 .02088
23 0 .02053
24 0 .04358
25 0 .02859
26 0 .0286
27 0 .04577
28 0 .05069
29 0 .03356
30 0 .01441
31 0 .03152
32 0 .03397
33 0 .00884
34 0 .00389
35 0 .00441
36 0 .00737
37 0 .00434
38 0 .00249
39 0 .00398
40 0 .00483
41 0 .00145
42 0 .00128
43 0 .00031
44 0 .00023
45 0 .00017
46 0 .00009
47 0 .0001
48 0 .00005
49 0 0
50 0 0
51 0 0
100 0 0
*parity 2 married
birth 1 F married 2
14 0 0
15 0 0
16 0 .00001
17 0 .00003
18 0 .05052
19 0 .02083
20 0 .02633
21 0 .02149
22 0 .02275
23 0 .02061
24 0 .02107
25 0 .0194
26 0 .02044
27 0 .01701
28 0 .01672
29 0 .01709
30 0 .01514
31 0 .0138
32 0 .01357
33 0 .0118
34 0 .0113
35 0 .01083
36 0 .01029
37 0 .00883
38 0 .00869
39 0 .00804
40 0 .00766
41 0 .00622
42 0 .00431
43 0 .00326
44 0 .00266
45 0 .0016
46 0 .00095
47 0 .00059
48 0 .0003
49 0 .00016
50 0 .00006
51 0 .00003
100 0 0
*parity 2 single
birth 1 F single 2
14 0 0
15 0 0
16 0 0
17 0 0
18 0 0
19 0 .00001
20 0 .00003
21 0 .07693
22 0 .03897
23 0 .05307
24 0 .03323
25 0 .0229
26 0 .03519
27 0 .04281
28 0 .02654
29 0 .03617
30 0 .02294
31 0 .041
32 0 .02046
33 0 .03958
34 0 .02661
35 0 .01302
36 0 .05287
37 0 .02007
38 0 .01818
39 0 .02629
40 0 .01093
41 0 .01703
42 0 .04945
43 0 .00682
44 0 .00226
45 0 .00807
46 0 .00069
47 0 .00028
48 0 .00053
49 0 .00049
50 0 .00009
51 0 .00003
100 0 0
*parity 2 widowed
birth 1 F widowed 2
14 0 0
15 0 0
16 0 0
17 0 0
18 0 .00001
19 0 .00002
20 0 .00005
21 0 .05617
22 0 .02438
23 0 .01057
24 0 .0112
25 0 .00778
26 0 .01058
27 0 .00625
28 0 .00625
29 0 .00552
30 0 .00502
31 0 .00438
32 0 .00332
33 0 .00283
34 0 .0034
35 0 .002
36 0 .002
37 0 .00163
38 0 .0016
39 0 .00144
40 0 .00109
41 0 .00088
42 0 .00055
43 0 .0004
44 0 .00034
45 0 .00015
46 0 .00009
47 0 .00006
48 0 .00003
49 0 .00001
50 0 .00001
51 0 0
100 0 0
*parity 2 divorced
birth 1 F divorced 2
14 0 0
15 0 0
16 0 0
17 0 0
18 0 .00001
19 0 .00002
20 0 .00005
21 0 .05617
22 0 .02438
23 0 .01057
24 0 .0112
25 0 .00778
26 0 .01058
27 0 .00625
28 0 .00625
29 0 .00552
30 0 .00502
31 0 .00438
32 0 .00332
33 0 .00283
34 0 .0034
35 0 .002
36 0 .002
37 0 .00163
38 0 .0016
39 0 .00144
40 0 .00109
41 0 .00088
42 0 .00055
43 0 .0004
44 0 .00034
45 0 .00015
46 0 .00009
47 0 .00006
48 0 .00003
49 0 .00001
50 0 .00001
51 0 0
100 0 0
