*parity 0 married
birth 1 F married 0
14 0 0
15 0 .00019
16 0 .00089
17 0 .03433
18 0 .02836
19 0 .03357
20 0 .03681
21 0 .03788
22 0 .05685
23 0 .05625
24 0 .0535
25 0 .04524
26 0 .03782
27 0 .03209
28 0 .03343
29 0 .03605
30 0 .03092
31 0 .0242
32 0 .01811
33 0 .01922
34 0 .0165
35 0 .01111
36 0 .01253
37 0 .00697
38 0 .00538
39 0 .00506
40 0 .00481
41 0 .00272
42 0 .00205
43 0 .00119
44 0 .00079
45 0 .00056
46 0 .00024
47 0 .00011
48 0 .00005
49 0 .00003
50 0 .00001
51 0 .00001
100 0 0
*parity 0 single
birth 1 F single 0
14 0 0
15 0 .00001
16 0 .00003
17 0 .00007
18 0 .00014
19 0 .00023
20 0 .00033
21 0 .00039
22 0 .00037
23 0 .00038
24 0 .00037
25 0 .00039
26 0 .00035
27 0 .00033
28 0 .00029
29 0 .00027
30 0 .00026
31 0 .00027
32 0 .00024
33 0 .00021
34 0 .00024
35 0 .00022
36 0 .00019
37 0 .00015
38 0 .00012
39 0 .00013
40 0 .00013
41 0 .00014
42 0 .00011
43 0 .00008
44 0 .00005
45 0 .00002
46 0 .00002
47 0 .00001
48 0 0
49 0 0
50 0 0
51 0 0
100 0 0
*parity 0 widowed
birth 1 F widowed 0
14 0 0
15 0 .00002
16 0 .00009
17 0 .14891
18 0 .07379
19 0 .15144
20 0 .12464
21 0 1.02956
22 0 .00065
23 0 .00058
24 0 .75289
25 0 .20642
26 0 .00035
27 0 .20417
28 0 .05586
29 0 .0002
30 0 .23546
31 0 .00013
32 0 .1484
33 0 .02297
34 0 .02035
35 0 .02748
36 0 .0326
37 0 .00482
38 0 .00674
39 0 .00624
40 0 .0029
41 0 .00262
42 0 .00136
43 0 .00045
44 0 .00043
45 0 .00015
46 0 .00008
47 0 .00006
48 0 .00001
49 0 .00001
50 0 0
51 0 0
100 0 0
*parity 0 divorced
birth 1 F divorced 0
14 0 0
15 0 .00002
16 0 .00009
17 0 .14891
18 0 .07379
19 0 .15144
20 0 .12464
21 0 1.02956
22 0 .00065
23 0 .00058
24 0 .75289
25 0 .20642
26 0 .00035
27 0 .20417
28 0 .05586
29 0 .0002
30 0 .23546
31 0 .00013
32 0 .1484
33 0 .02297
34 0 .02035
35 0 .02748
36 0 .0326
37 0 .00482
38 0 .00674
39 0 .00624
40 0 .0029
41 0 .00262
42 0 .00136
43 0 .00045
44 0 .00043
45 0 .00015
46 0 .00008
47 0 .00006
48 0 .00001
49 0 .00001
50 0 0
51 0 0
100 0 0
*parity 1 married
birth 1 F married 1
14 0 0
15 0 0
16 0 .00007
17 0 .00026
18 0 .11415
19 0 .04323
20 0 .03503
21 0 .04474
22 0 .04008
23 0 .03945
24 0 .03732
25 0 .02382
26 0 .0224
27 0 .02242
28 0 .01965
29 0 .01983
30 0 .01791
31 0 .02046
32 0 .02387
33 0 .01883
34 0 .01582
35 0 .01291
36 0 .01098
37 0 .00821
38 0 .00761
39 0 .00815
40 0 .00611
41 0 .00665
42 0 .00379
43 0 .00226
44 0 .00162
45 0 .00186
46 0 .00108
47 0 .00053
48 0 .00021
49 0 .00012
50 0 .00007
51 0 .00002
100 0 0
*parity 1 single
birth 1 F single 1
14 0 0
15 0 0
16 0 0
17 0 .00001
18 0 .03685
19 0 .00005
20 0 .00009
21 0 .18486
22 0 .04605
23 0 .08192
24 0 .23734
25 0 .21991
26 0 .09871
27 0 .0436
28 0 .15413
29 0 .02753
30 0 .06013
31 0 .09641
32 0 .00006
33 0 .00005
34 0 .00004
35 0 .00003
36 0 .0365
37 0 .00002
38 0 .00002
39 0 .01683
40 0 .00612
41 0 .00001
42 0 0
43 0 0
44 0 .00235
45 0 0
46 0 0
47 0 0
48 0 0
49 0 0
50 0 0
51 0 0
100 0 0
*parity 1 widowed
birth 1 F widowed 1
14 0 0
15 0 0
16 0 .00001
17 0 .00003
18 0 .00007
19 0 .07638
20 0 .04086
21 0 .03247
22 0 .0382
23 0 .04892
24 0 .03937
25 0 .04378
26 0 .02267
27 0 .02003
28 0 .02092
29 0 .01142
30 0 .0399
31 0 .01309
32 0 .01272
33 0 .00583
34 0 .00862
35 0 .00581
36 0 .00266
37 0 .00213
38 0 .00174
39 0 .00219
40 0 .00203
41 0 .00122
42 0 .00075
43 0 .00044
44 0 .00029
45 0 .00019
46 0 .00008
47 0 .00008
48 0 .00004
49 0 .00002
50 0 .00001
51 0 0
100 0 0
*parity 1 divorced
birth 1 F divorced 1
14 0 0
15 0 0
16 0 .00001
17 0 .00003
18 0 .00007
19 0 .07638
20 0 .04086
21 0 .03247
22 0 .0382
23 0 .04892
24 0 .03937
25 0 .04378
26 0 .02267
27 0 .02003
28 0 .02092
29 0 .01142
30 0 .0399
31 0 .01309
32 0 .01272
33 0 .00583
34 0 .00862
35 0 .00581
36 0 .00266
37 0 .00213
38 0 .00174
39 0 .00219
40 0 .00203
41 0 .00122
42 0 .00075
43 0 .00044
44 0 .00029
45 0 .00019
46 0 .00008
47 0 .00008
48 0 .00004
49 0 .00002
50 0 .00001
51 0 0
100 0 0
*parity 2 married
birth 1 F married 2
14 0 0
15 0 0
16 0 .00001
17 0 .00003
18 0 .00458
19 0 .00822
20 0 .01649
21 0 .0163
22 0 .01914
23 0 .0181
24 0 .01864
25 0 .02109
26 0 .02112
27 0 .01839
28 0 .0174
29 0 .01554
30 0 .01409
31 0 .01182
32 0 .01106
33 0 .01038
34 0 .00915
35 0 .00862
36 0 .00802
37 0 .00772
38 0 .00693
39 0 .00572
40 0 .00508
41 0 .00386
42 0 .00297
43 0 .0023
44 0 .00164
45 0 .00115
46 0 .00067
47 0 .00043
48 0 .00022
49 0 .00012
50 0 .00005
51 0 .00002
100 0 0
*parity 2 single
birth 1 F single 2
14 0 0
15 0 0
16 0 0
17 0 0
18 0 0
19 0 .00001
20 0 .04364
21 0 .02052
22 0 .02706
23 0 .02077
24 0 .0254
25 0 .02167
26 0 .01996
27 0 .02073
28 0 .03749
29 0 .06189
30 0 .03466
31 0 .04023
32 0 .03351
33 0 .0401
34 0 .04891
35 0 .05578
36 0 .01965
37 0 .03244
38 0 .03849
39 0 .03324
40 0 .01839
41 0 .02724
42 0 .03169
43 0 .04125
44 0 .00963
45 0 .02139
46 0 .00659
47 0 .00267
48 0 .00199
49 0 .00097
50 0 .00028
51 0 0
100 0 0
*parity 2 widowed
birth 1 F widowed 2
14 0 0
15 0 0
16 0 0
17 0 0
18 0 .01679
19 0 .02575
20 0 .02172
21 0 .0129
22 0 .01122
23 0 .01188
24 0 .01138
25 0 .00935
26 0 .0107
27 0 .00942
28 0 .00878
29 0 .0069
30 0 .00593
31 0 .00507
32 0 .00385
33 0 .00328
34 0 .00309
35 0 .00282
36 0 .00261
37 0 .00236
38 0 .00207
39 0 .00159
40 0 .00119
41 0 .00087
42 0 .00067
43 0 .00045
44 0 .00035
45 0 .0002
46 0 .00013
47 0 .00007
48 0 .00004
49 0 .00002
50 0 .00001
51 0 0
100 0 0
*parity 2 divorced
birth 1 F divorced 2
14 0 0
15 0 0
16 0 0
17 0 0
18 0 .01679
19 0 .02575
20 0 .02172
21 0 .0129
22 0 .01122
23 0 .01188
24 0 .01138
25 0 .00935
26 0 .0107
27 0 .00942
28 0 .00878
29 0 .0069
30 0 .00593
31 0 .00507
32 0 .00385
33 0 .00328
34 0 .00309
35 0 .00282
36 0 .00261
37 0 .00236
38 0 .00207
39 0 .00159
40 0 .00119
41 0 .00087
42 0 .00067
43 0 .00045
44 0 .00035
45 0 .0002
46 0 .00013
47 0 .00007
48 0 .00004
49 0 .00002
50 0 .00001
51 0 0
100 0 0
