*parity 0 married
birth 1 F married 0
14 0 0
15 0 .0001
16 0 .00042
17 0 .06559
18 0 .03328
19 0 .04484
20 0 .04961
21 0 .0624
22 0 .05677
23 0 .05602
24 0 .05199
25 0 .04359
26 0 .04211
27 0 .03374
28 0 .02923
29 0 .03533
30 0 .04192
31 0 .0224
32 0 .0109
33 0 .00645
34 0 .00501
35 0 .00347
36 0 .00249
37 0 .00178
38 0 .00126
39 0 .00096
40 0 .00063
41 0 .00044
42 0 .00029
43 0 .00019
44 0 .00011
45 0 .00007
46 0 .00004
47 0 .00002
48 0 .00001
49 0 0
50 0 0
51 0 0
100 0 0
*parity 0 single
birth 1 F single 0
14 0 0
15 0 .00014
16 0 .00057
17 0 .00111
18 0 .00193
19 0 .00278
20 0 .00339
21 0 .00369
22 0 .00384
23 0 .00373
24 0 .00389
25 0 .00375
26 0 .00378
27 0 .00377
28 0 .00364
29 0 .00343
30 0 .00332
31 0 .00326
32 0 .00329
33 0 .00294
34 0 .00323
35 0 .0029
36 0 .00321
37 0 .00312
38 0 .00366
39 0 .00266
40 0 .00239
41 0 .00231
42 0 .00188
43 0 .00165
44 0 .00102
45 0 .00104
46 0 .0006
47 0 .00031
48 0 .00016
49 0 .00005
50 0 .00001
51 0 .00002
100 0 0
*parity 0 widowed
birth 1 F widowed 0
14 0 0
15 0 .00002
16 0 .00008
17 0 .55295
18 0 .00025
19 0 1.23482
20 0 .34388
21 0 .26652
22 0 1.20181
23 0 .19417
24 0 .00034
25 0 .00031
26 0 .8757
27 0 .00026
28 0 .23184
29 0 .62216
30 0 .5262
31 0 .00015
32 0 .08577
33 0 .05362
34 0 .02334
35 0 .00007
36 0 .04784
37 0 .00827
38 0 .00239
39 0 .00121
40 0 .00074
41 0 .00044
42 0 .00024
43 0 .00014
44 0 .00006
45 0 .00004
46 0 .00002
47 0 .00001
48 0 0
49 0 0
50 0 0
51 0 0
100 0 0
*parity 0 divorced
birth 1 F divorced 0
14 0 0
15 0 .00002
16 0 .00008
17 0 .55295
18 0 .00025
19 0 1.23482
20 0 .34388
21 0 .26652
22 0 1.20181
23 0 .19417
24 0 .00034
25 0 .00031
26 0 .8757
27 0 .00026
28 0 .23184
29 0 .62216
30 0 .5262
31 0 .00015
32 0 .08577
33 0 .05362
34 0 .02334
35 0 .00007
36 0 .04784
37 0 .00827
38 0 .00239
39 0 .00121
40 0 .00074
41 0 .00044
42 0 .00024
43 0 .00014
44 0 .00006
45 0 .00004
46 0 .00002
47 0 .00001
48 0 0
49 0 0
50 0 0
51 0 0
100 0 0
*parity 1 married
birth 1 F married 1
14 0 0
15 0 0
16 0 .00002
17 0 .00009
18 0 .05942
19 0 .03926
20 0 .0274
21 0 .02057
22 0 .01897
23 0 .02321
24 0 .02155
25 0 .02167
26 0 .01847
27 0 .01384
28 0 .01492
29 0 .0158
30 0 .01208
31 0 .00959
32 0 .00909
33 0 .00789
34 0 .00679
35 0 .0055
36 0 .00471
37 0 .004
38 0 .00312
39 0 .0024
40 0 .00248
41 0 .00189
42 0 .00136
43 0 .00075
44 0 .00047
45 0 .00029
46 0 .00011
47 0 .00005
48 0 .00002
49 0 .00001
50 0 0
51 0 0
100 0 0
*parity 1 single
birth 1 F single 1
14 0 0
15 0 0
16 0 .03746
17 0 .07086
18 0 .03986
19 0 .0319
20 0 .03459
21 0 .03101
22 0 .02852
23 0 .03551
24 0 .02772
25 0 .03157
26 0 .03047
27 0 .02946
28 0 .03138
29 0 .03709
30 0 .04568
31 0 .05096
32 0 .0551
33 0 .04462
34 0 .03629
35 0 .0506
36 0 .04975
37 0 .06021
38 0 .0372
39 0 .07846
40 0 .15533
41 0 .11382
42 0 .07354
43 0 .071
44 0 .00003
45 0 .04758
46 0 .00518
47 0 .0061
48 0 0
49 0 0
50 0 .0005
51 0 .00015
100 0 0
*parity 1 widowed
birth 1 F widowed 1
14 0 0
15 0 0
16 0 0
17 0 .00002
18 0 .05195
19 0 .06325
20 0 .12193
21 0 .05746
22 0 .12144
23 0 .14131
24 0 .84377
25 0 .27331
26 0 .27793
27 0 .03101
28 0 .02314
29 0 .05031
30 0 .07893
31 0 .07623
32 0 .02885
33 0 .03167
34 0 .01344
35 0 .00439
36 0 .00365
37 0 .00243
38 0 .00152
39 0 .00111
40 0 .0009
41 0 .00054
42 0 .00038
43 0 .00021
44 0 .00013
45 0 .00005
46 0 .00002
47 0 .00001
48 0 0
49 0 0
50 0 0
51 0 0
100 0 0
*parity 1 divorced
birth 1 F divorced 1
14 0 0
15 0 0
16 0 0
17 0 .00002
18 0 .05195
19 0 .06325
20 0 .12193
21 0 .05746
22 0 .12144
23 0 .14131
24 0 .84377
25 0 .27331
26 0 .27793
27 0 .03101
28 0 .02314
29 0 .05031
30 0 .07893
31 0 .07623
32 0 .02885
33 0 .03167
34 0 .01344
35 0 .00439
36 0 .00365
37 0 .00243
38 0 .00152
39 0 .00111
40 0 .0009
41 0 .00054
42 0 .00038
43 0 .00021
44 0 .00013
45 0 .00005
46 0 .00002
47 0 .00001
48 0 0
49 0 0
50 0 0
51 0 0
100 0 0
*parity 2 married
birth 1 F married 2
14 0 0
15 0 0
16 0 0
17 0 .00001
18 0 .00497
19 0 .00467
20 0 .00845
21 0 .0148
22 0 .01226
23 0 .01091
24 0 .01018
25 0 .01106
26 0 .01039
27 0 .01181
28 0 .01035
29 0 .00856
30 0 .00776
31 0 .00657
32 0 .00575
33 0 .00536
34 0 .00424
35 0 .00376
36 0 .00312
37 0 .00269
38 0 .00229
39 0 .00189
40 0 .0016
41 0 .00119
42 0 .00091
43 0 .00068
44 0 .00049
45 0 .00033
46 0 .0002
47 0 .00013
48 0 .00007
49 0 .00004
50 0 .00001
51 0 .00001
100 0 0
*parity 2 single
birth 1 F single 2
14 0 0
15 0 0
16 0 0
17 0 .00443
18 0 .00524
19 0 .01309
20 0 .01584
21 0 .01577
22 0 .01601
23 0 .01674
24 0 .01532
25 0 .01493
26 0 .01476
27 0 .01373
28 0 .01366
29 0 .01162
30 0 .01145
31 0 .01059
32 0 .01039
33 0 .01011
34 0 .01092
35 0 .01045
36 0 .01007
37 0 .00954
38 0 .00924
39 0 .00977
40 0 .0083
41 0 .0076
42 0 .00684
43 0 .00523
44 0 .00474
45 0 .00371
46 0 .0028
47 0 .00182
48 0 .00079
49 0 .00058
50 0 .00022
51 0 .00008
100 0 0
*parity 2 widowed
birth 1 F widowed 2
14 0 0
15 0 0
16 0 0
17 0 0
18 0 .00001
19 0 .0201
20 0 .02138
21 0 .02246
22 0 .01575
23 0 .01078
24 0 .00807
25 0 .00717
26 0 .00618
27 0 .00687
28 0 .0056
29 0 .00552
30 0 .00368
31 0 .00352
32 0 .00266
33 0 .00241
34 0 .00173
35 0 .00162
36 0 .00127
37 0 .00104
38 0 .00087
39 0 .0007
40 0 .00051
41 0 .00037
42 0 .00026
43 0 .00018
44 0 .00013
45 0 .00007
46 0 .00004
47 0 .00003
48 0 .00001
49 0 .00001
50 0 0
51 0 0
100 0 0
*parity 2 divorced
birth 1 F divorced 2
14 0 0
15 0 0
16 0 0
17 0 0
18 0 .00001
19 0 .0201
20 0 .02138
21 0 .02246
22 0 .01575
23 0 .01078
24 0 .00807
25 0 .00717
26 0 .00618
27 0 .00687
28 0 .0056
29 0 .00552
30 0 .00368
31 0 .00352
32 0 .00266
33 0 .00241
34 0 .00173
35 0 .00162
36 0 .00127
37 0 .00104
38 0 .00087
39 0 .0007
40 0 .00051
41 0 .00037
42 0 .00026
43 0 .00018
44 0 .00013
45 0 .00007
46 0 .00004
47 0 .00003
48 0 .00001
49 0 .00001
50 0 0
51 0 0
100 0 0
