*parity 0 married
birth 1 F married 0
14 0 0
15 0 .00011
16 0 .00052
17 0 .02644
18 0 .02812
19 0 .03009
20 0 .03843
21 0 .04831
22 0 .05131
23 0 .0498
24 0 .05658
25 0 .06325
26 0 .03832
27 0 .0246
28 0 .0099
29 0 .00516
30 0 .00189
31 0 .00039
32 0 .00004
33 0 0
34 0 .00045
35 0 .00079
36 0 .00123
37 0 .00159
38 0 .00191
39 0 .0022
40 0 .00225
41 0 .00214
42 0 .00222
43 0 .00178
44 0 .00137
45 0 .00163
46 0 .0013
47 0 .00117
48 0 .00119
49 0 .00112
50 0 .00107
51 0 .00111
100 0 0
*parity 0 single
birth 1 F single 0
14 0 0
15 0 0
16 0 .00002
17 0 .00008
18 0 .00019
19 0 .00038
20 0 .00057
21 0 .00072
22 0 .00076
23 0 .0008
24 0 .00072
25 0 .0006
26 0 .00044
27 0 .00031
28 0 .0002
29 0 .00008
30 0 .00005
31 0 .00001
32 0 0
33 0 0
34 0 .00003
35 0 .00005
36 0 .00008
37 0 .00011
38 0 .00012
39 0 .00016
40 0 .00018
41 0 .00017
42 0 .00016
43 0 .00017
44 0 .0002
45 0 .00017
46 0 .00024
47 0 .00026
48 0 .00019
49 0 .00015
50 0 .00022
51 0 .00017
100 0 0
*parity 0 widowed
birth 1 F widowed 0
14 0 0
15 0 .00001
16 0 .00007
17 0 .00022
18 0 .27344
19 0 .66564
20 0 .58607
21 0 .36658
22 0 .00112
23 0 1.43935
24 0 .00078
25 0 .85772
26 0 .3044
27 0 .17857
28 0 .06461
29 0 .01839
30 0 .01409
31 0 .00331
32 0 .00012
33 0 0
34 0 .00142
35 0 .00123
36 0 .00222
37 0 .00211
38 0 .00184
39 0 .00568
40 0 .00466
41 0 .00244
42 0 .0024
43 0 .00112
44 0 .00118
45 0 .00052
46 0 .00084
47 0 .00067
48 0 .00041
49 0 .00043
50 0 .00039
51 0 .00022
100 0 0
*parity 0 divorced
birth 1 F divorced 0
14 0 0
15 0 .00001
16 0 .00007
17 0 .00022
18 0 .27344
19 0 .66564
20 0 .58607
21 0 .36658
22 0 .00112
23 0 1.43935
24 0 .00078
25 0 .85772
26 0 .3044
27 0 .17857
28 0 .06461
29 0 .01839
30 0 .01409
31 0 .00331
32 0 .00012
33 0 0
34 0 .00142
35 0 .00123
36 0 .00222
37 0 .00211
38 0 .00184
39 0 .00568
40 0 .00466
41 0 .00244
42 0 .0024
43 0 .00112
44 0 .00118
45 0 .00052
46 0 .00084
47 0 .00067
48 0 .00041
49 0 .00043
50 0 .00039
51 0 .00022
100 0 0
*parity 1 married
birth 1 F married 1
14 0 0
15 0 .00007
16 0 .00013
17 0 .00036
18 0 .04109
19 0 .03676
20 0 .08753
21 0 .08269
22 0 .05085
23 0 .04949
24 0 .04905
25 0 .04807
26 0 .04067
27 0 .04894
28 0 .04636
29 0 .04291
30 0 .0277
31 0 .01724
32 0 .01123
33 0 .00645
34 0 .00514
35 0 .00521
36 0 .00558
37 0 .00475
38 0 .0049
39 0 .0042
40 0 .00402
41 0 .00382
42 0 .00468
43 0 .00385
44 0 .00372
45 0 .00417
46 0 .00217
47 0 .00192
48 0 .00184
49 0 .00169
50 0 .00162
51 0 .00165
100 0 0
*parity 1 single
birth 1 F single 1
14 0 0
15 0 0
16 0 .00001
17 0 .00002
18 0 .0396
19 0 .05511
20 0 .1406
21 0 .07438
22 0 .11027
23 0 .05536
24 0 .14033
25 0 .07633
26 0 .16891
27 0 .04343
28 0 .04947
29 0 .14574
30 0 .00007
31 0 .036
32 0 .00004
33 0 .03524
34 0 .03163
35 0 .01363
36 0 .00002
37 0 .00002
38 0 .00002
39 0 .00002
40 0 .0177
41 0 .01611
42 0 .00001
43 0 .00001
44 0 .00001
45 0 0
46 0 0
47 0 0
48 0 .00168
49 0 0
50 0 .00073
51 0 0
100 0 0
*parity 1 widowed
birth 1 F widowed 1
14 0 0
15 0 .00001
16 0 .00002
17 0 .00005
18 0 .00014
19 0 .16448
20 0 .08393
21 0 .06529
22 0 .13164
23 0 .33045
24 0 .1795
25 0 .00077
26 0 .00065
27 0 .00052
28 0 .14764
29 0 .0725
30 0 .03984
31 0 .01791
32 0 .00863
33 0 .00554
34 0 .00197
35 0 .00153
36 0 .00133
37 0 .00108
38 0 .00109
39 0 .00111
40 0 .00088
41 0 .00086
42 0 .00062
43 0 .00077
44 0 .00083
45 0 .00059
46 0 .00044
47 0 .00024
48 0 .0002
49 0 .00022
50 0 .00018
51 0 .00025
100 0 0
*parity 1 divorced
birth 1 F divorced 1
14 0 0
15 0 .00001
16 0 .00002
17 0 .00005
18 0 .00014
19 0 .16448
20 0 .08393
21 0 .06529
22 0 .13164
23 0 .33045
24 0 .1795
25 0 .00077
26 0 .00065
27 0 .00052
28 0 .14764
29 0 .0725
30 0 .03984
31 0 .01791
32 0 .00863
33 0 .00554
34 0 .00197
35 0 .00153
36 0 .00133
37 0 .00108
38 0 .00109
39 0 .00111
40 0 .00088
41 0 .00086
42 0 .00062
43 0 .00077
44 0 .00083
45 0 .00059
46 0 .00044
47 0 .00024
48 0 .0002
49 0 .00022
50 0 .00018
51 0 .00025
100 0 0
*parity 2 married
birth 1 F married 2
14 0 0
15 0 .00006
16 0 .00007
17 0 .0001
18 0 .00023
19 0 .04539
20 0 .01512
21 0 .0163
22 0 .02287
23 0 .02344
24 0 .02322
25 0 .0219
26 0 .02365
27 0 .02133
28 0 .02173
29 0 .02202
30 0 .0214
31 0 .01986
32 0 .01863
33 0 .01905
34 0 .0189
35 0 .01783
36 0 .01578
37 0 .01422
38 0 .0128
39 0 .01104
40 0 .00989
41 0 .00739
42 0 .00562
43 0 .00415
44 0 .0031
45 0 .00217
46 0 .00137
47 0 .00091
48 0 .00057
49 0 .00036
50 0 .00024
51 0 .00019
100 0 0
*parity 2 single
birth 1 F single 2
14 0 0
15 0 0
16 0 0
17 0 0
18 0 .00001
19 0 .04583
20 0 .02654
21 0 .03254
22 0 .06235
23 0 .03815
24 0 .0311
25 0 .04141
26 0 .04156
27 0 .05443
28 0 .05461
29 0 .04371
30 0 .05289
31 0 .08996
32 0 .10259
33 0 .06766
34 0 .07656
35 0 .16069
36 0 .15424
37 0 .39277
38 0 .37646
39 0 .1708
40 0 .0982
41 0 .03303
42 0 .04607
43 0 .1296
44 0 .03238
45 0 .01552
46 0 .0376
47 0 .013
48 0 .00729
49 0 .00001
50 0 .00001
51 0 .00377
100 0 0
*parity 2 widowed
birth 1 F widowed 2
14 0 0
15 0 .00001
16 0 .00001
17 0 .00001
18 0 .00003
19 0 .13679
20 0 .0288
21 0 .02914
22 0 .03101
23 0 .01927
24 0 .02104
25 0 .02155
26 0 .01934
27 0 .01467
28 0 .01308
29 0 .01288
30 0 .01251
31 0 .01086
32 0 .00928
33 0 .00709
34 0 .00695
35 0 .0062
36 0 .00513
37 0 .00465
38 0 .00427
39 0 .00355
40 0 .00295
41 0 .00227
42 0 .00158
43 0 .00109
44 0 .0008
45 0 .0005
46 0 .00031
47 0 .00021
48 0 .00012
49 0 .00007
50 0 .00004
51 0 .00003
100 0 0
*parity 2 divorced
birth 1 F divorced 2
14 0 0
15 0 .00001
16 0 .00001
17 0 .00001
18 0 .00003
19 0 .13679
20 0 .0288
21 0 .02914
22 0 .03101
23 0 .01927
24 0 .02104
25 0 .02155
26 0 .01934
27 0 .01467
28 0 .01308
29 0 .01288
30 0 .01251
31 0 .01086
32 0 .00928
33 0 .00709
34 0 .00695
35 0 .0062
36 0 .00513
37 0 .00465
38 0 .00427
39 0 .00355
40 0 .00295
41 0 .00227
42 0 .00158
43 0 .00109
44 0 .0008
45 0 .0005
46 0 .00031
47 0 .00021
48 0 .00012
49 0 .00007
50 0 .00004
51 0 .00003
100 0 0
