*parity 0 married
birth 1 F married 0
14 0 0
15 0 .00015
16 0 .00071
17 0 .03285
18 0 .03019
19 0 .03361
20 0 .04129
21 0 .04017
22 0 .03535
23 0 .03621
24 0 .05361
25 0 .04965
26 0 .03903
27 0 .03426
28 0 .03331
29 0 .02168
30 0 .01755
31 0 .01038
32 0 .00724
33 0 .00635
34 0 .00522
35 0 .00366
36 0 .00282
37 0 .00229
38 0 .00171
39 0 .00133
40 0 .00099
41 0 .00064
42 0 .00046
43 0 .00027
44 0 .00019
45 0 .00011
46 0 .00006
47 0 .00003
48 0 .00001
49 0 .00001
50 0 0
51 0 0
100 0 0
*parity 0 single
birth 1 F single 0
14 0 0
15 0 .00004
16 0 .00016
17 0 .00038
18 0 .00075
19 0 .00123
20 0 .00167
21 0 .00201
22 0 .00219
23 0 .00219
24 0 .00206
25 0 .00207
26 0 .00212
27 0 .00209
28 0 .00199
29 0 .00199
30 0 .00188
31 0 .00172
32 0 .00173
33 0 .00157
34 0 .00153
35 0 .00178
36 0 .00141
37 0 .00144
38 0 .00112
39 0 .00094
40 0 .00091
41 0 .0006
42 0 .00041
43 0 .00033
44 0 .00022
45 0 .00017
46 0 .00016
47 0 .00004
48 0 .00002
49 0 .00001
50 0 0
51 0 0
100 0 0
*parity 0 widowed
birth 1 F widowed 0
14 0 0
15 0 .00003
16 0 .00014
17 0 .44237
18 0 .00057
19 0 .00085
20 0 .00105
21 0 .00111
22 0 .75312
23 0 .00094
24 0 .00082
25 0 .0007
26 0 .00058
27 0 .00048
28 0 .66955
29 0 .5751
30 0 .22226
31 0 .07384
32 0 .2954
33 0 .0574
34 0 .03427
35 0 .00791
36 0 .00669
37 0 .00393
38 0 .00308
39 0 .00179
40 0 .00161
41 0 .00069
42 0 .00043
43 0 .00025
44 0 .00013
45 0 .00008
46 0 .00005
47 0 .00002
48 0 .00001
49 0 0
50 0 0
51 0 0
100 0 0
*parity 0 divorced
birth 1 F divorced 0
14 0 0
15 0 .00003
16 0 .00014
17 0 .44237
18 0 .00057
19 0 .00085
20 0 .00105
21 0 .00111
22 0 .75312
23 0 .00094
24 0 .00082
25 0 .0007
26 0 .00058
27 0 .00048
28 0 .66955
29 0 .5751
30 0 .22226
31 0 .07384
32 0 .2954
33 0 .0574
34 0 .03427
35 0 .00791
36 0 .00669
37 0 .00393
38 0 .00308
39 0 .00179
40 0 .00161
41 0 .00069
42 0 .00043
43 0 .00025
44 0 .00013
45 0 .00008
46 0 .00005
47 0 .00002
48 0 .00001
49 0 0
50 0 0
51 0 0
100 0 0
*parity 1 married
birth 1 F married 1
14 0 0
15 0 0
16 0 .00005
17 0 .00021
18 0 .02608
19 0 .0243
20 0 .02495
21 0 .02787
22 0 .03048
23 0 .03543
24 0 .04685
25 0 .2197
26 0 .84024
27 0 .73259
28 0 1
29 0 .00234
30 0 1
31 0 .47662
32 0 .00144
33 0 .0012
34 0 1
35 0 .65989
36 0 .00069
37 0 .20919
38 0 .64694
39 0 .00034
40 0 .11707
41 0 .08709
42 0 .08453
43 0 .02228
44 0 .02181
45 0 .00499
46 0 .00114
47 0 .00035
48 0 .00008
49 0 .00002
50 0 .00001
51 0 .00001
100 0 0
*parity 1 single
birth 1 F single 1
14 0 0
15 0 0
16 0 .00001
17 0 .04513
18 0 .19401
19 0 .05852
20 0 .07942
21 0 .07497
22 0 .07059
23 0 .09885
24 0 .1646
25 0 .18518
26 0 .07198
27 0 1
28 0 .00062
29 0 .09551
30 0 .38558
31 0 .33246
32 0 .5484
33 0 .43934
34 0 .00024
35 0 .30686
36 0 .24379
37 0 .19456
38 0 .0001
39 0 .10972
40 0 .08166
41 0 .02025
42 0 .00003
43 0 .00002
44 0 .01521
45 0 .00001
46 0 .00398
47 0 0
48 0 .00075
49 0 .00008
50 0 0
51 0 0
100 0 0
*parity 1 widowed
birth 1 F widowed 1
14 0 0
15 0 0
16 0 .00001
17 0 .00004
18 0 .0559
19 0 .10116
20 0 .08449
21 0 .12371
22 0 1.52531
23 0 .4842
24 0 .64022
25 0 1.2805
26 0 .00067
27 0 1.03062
28 0 .00054
29 0 .41278
30 0 .00041
31 0 .00034
32 0 .00029
33 0 .04747
34 0 .0002
35 0 .13262
36 0 .10536
37 0 .16817
38 0 .06501
39 0 .04742
40 0 .00005
41 0 .05251
42 0 .00002
43 0 .0056
44 0 .01315
45 0 .00351
46 0 .00086
47 0 .00011
48 0 .00003
49 0 0
50 0 0
51 0 0
100 0 0
*parity 1 divorced
birth 1 F divorced 1
14 0 0
15 0 0
16 0 .00001
17 0 .00004
18 0 .0559
19 0 .10116
20 0 .08449
21 0 .12371
22 0 1.52531
23 0 .4842
24 0 .64022
25 0 1.2805
26 0 .00067
27 0 1.03062
28 0 .00054
29 0 .41278
30 0 .00041
31 0 .00034
32 0 .00029
33 0 .04747
34 0 .0002
35 0 .13262
36 0 .10536
37 0 .16817
38 0 .06501
39 0 .04742
40 0 .00005
41 0 .05251
42 0 .00002
43 0 .0056
44 0 .01315
45 0 .00351
46 0 .00086
47 0 .00011
48 0 .00003
49 0 0
50 0 0
51 0 0
100 0 0
*parity 2 married
birth 1 F married 2
14 0 0
15 0 0
16 0 0
17 0 .00002
18 0 .00009
19 0 .03935
20 0 .01822
21 0 .01695
22 0 .01607
23 0 .01478
24 0 .01231
25 0 .01007
26 0 .00961
27 0 .00895
28 0 .00882
29 0 .00854
30 0 .00856
31 0 .00811
32 0 .00781
33 0 .00734
34 0 .00678
35 0 .00669
36 0 .00648
37 0 .0058
38 0 .00544
39 0 .00487
40 0 .00413
41 0 .00354
42 0 .00268
43 0 .00217
44 0 .00156
45 0 .00101
46 0 .00066
47 0 .00041
48 0 .00022
49 0 .00011
50 0 .00005
51 0 .00002
100 0 0
*parity 2 single
birth 1 F single 2
14 0 0
15 0 0
16 0 0
17 0 0
18 0 .00981
19 0 .0183
20 0 .02367
21 0 .02238
22 0 .02015
23 0 .02107
24 0 .02071
25 0 .0227
26 0 .02291
27 0 .02312
28 0 .02685
29 0 .03478
30 0 .04968
31 0 .08155
32 0 .04487
33 0 .08301
34 0 .06011
35 0 .10846
36 0 .10529
37 0 .05693
38 0 .20208
39 0 .1676
40 0 .00053
41 0 .19676
42 0 .07325
43 0 .08486
44 0 .24248
45 0 .03127
46 0 .04587
47 0 .02709
48 0 .00933
49 0 .00001
50 0 .00208
51 0 .00125
100 0 0
*parity 2 widowed
birth 1 F widowed 2
14 0 0
15 0 0
16 0 0
17 0 0
18 0 .00002
19 0 .00006
20 0 .03162
21 0 .02306
22 0 .02337
23 0 .01792
24 0 .01902
25 0 .01569
26 0 .01536
27 0 .01486
28 0 .01115
29 0 .0108
30 0 .0079
31 0 .00765
32 0 .00663
33 0 .00511
34 0 .00501
35 0 .00388
36 0 .0034
37 0 .00321
38 0 .00272
39 0 .00238
40 0 .00207
41 0 .00152
42 0 .00118
43 0 .00077
44 0 .00056
45 0 .00038
46 0 .00019
47 0 .00012
48 0 .00006
49 0 .00003
50 0 .00001
51 0 0
100 0 0
*parity 2 divorced
birth 1 F divorced 2
14 0 0
15 0 0
16 0 0
17 0 0
18 0 .00002
19 0 .00006
20 0 .03162
21 0 .02306
22 0 .02337
23 0 .01792
24 0 .01902
25 0 .01569
26 0 .01536
27 0 .01486
28 0 .01115
29 0 .0108
30 0 .0079
31 0 .00765
32 0 .00663
33 0 .00511
34 0 .00501
35 0 .00388
36 0 .0034
37 0 .00321
38 0 .00272
39 0 .00238
40 0 .00207
41 0 .00152
42 0 .00118
43 0 .00077
44 0 .00056
45 0 .00038
46 0 .00019
47 0 .00012
48 0 .00006
49 0 .00003
50 0 .00001
51 0 0
100 0 0
