*parity 0 married
birth 1 F married 0
14 0 0
15 0 .00025
16 0 .00107
17 0 .03802
18 0 .03663
19 0 .03625
20 0 .04236
21 0 .04931
22 0 .0497
23 0 .05765
24 0 .04884
25 0 .04575
26 0 .0484
27 0 .04821
28 0 .05499
29 0 .07322
30 0 .06204
31 0 .05108
32 0 .06465
33 0 .04318
34 0 .05868
35 0 .04311
36 0 .02804
37 0 .03437
38 0 .0227
39 0 .00868
40 0 .00734
41 0 .00464
42 0 .00589
43 0 .00137
44 0 .00074
45 0 .00048
46 0 .00026
47 0 .00011
48 0 .00004
49 0 .00002
50 0 .00001
51 0 .00001
100 0 0
*parity 0 single
birth 1 F single 0
14 0 0
15 0 0
16 0 0
17 0 .00001
18 0 .00001
19 0 .00002
20 0 .00003
21 0 .00003
22 0 .00003
23 0 .00003
24 0 .00003
25 0 .00004
26 0 .00003
27 0 .00003
28 0 .00003
29 0 .00003
30 0 .00003
31 0 .00003
32 0 .00003
33 0 .00002
34 0 .00002
35 0 .00002
36 0 .00002
37 0 .00002
38 0 .00001
39 0 .00001
40 0 .00001
41 0 .00001
42 0 0
43 0 0
44 0 0
45 0 0
46 0 0
47 0 0
48 0 0
49 0 0
50 0 0
51 0 0
100 0 0
*parity 0 widowed
birth 1 F widowed 0
14 0 0
15 0 0
16 0 .00001
17 0 .01797
18 0 .02826
19 0 .03969
20 0 .01523
21 0 .01595
22 0 .00849
23 0 .00669
24 0 .01256
25 0 .00254
26 0 .00508
27 0 .00284
28 0 .00224
29 0 .00972
30 0 .00002
31 0 .00226
32 0 .0059
33 0 .00484
34 0 .00175
35 0 .00143
36 0 .00442
37 0 .00157
38 0 0
39 0 0
40 0 0
41 0 .00031
42 0 .00032
43 0 0
44 0 .00012
45 0 .00002
46 0 .00001
47 0 0
48 0 0
49 0 0
50 0 0
51 0 0
100 0 0
*parity 0 divorced
birth 1 F divorced 0
14 0 0
15 0 0
16 0 .00001
17 0 .01797
18 0 .02826
19 0 .03969
20 0 .01523
21 0 .01595
22 0 .00849
23 0 .00669
24 0 .01256
25 0 .00254
26 0 .00508
27 0 .00284
28 0 .00224
29 0 .00972
30 0 .00002
31 0 .00226
32 0 .0059
33 0 .00484
34 0 .00175
35 0 .00143
36 0 .00442
37 0 .00157
38 0 0
39 0 0
40 0 0
41 0 .00031
42 0 .00032
43 0 0
44 0 .00012
45 0 .00002
46 0 .00001
47 0 0
48 0 0
49 0 0
50 0 0
51 0 0
100 0 0
*parity 1 married
birth 1 F married 1
14 0 0
15 0 0
16 0 .00006
17 0 .00024
18 0 .03261
19 0 .02442
20 0 .0288
21 0 .02704
22 0 .02587
23 0 .02272
24 0 .02469
25 0 .01921
26 0 .01925
27 0 .02082
28 0 .02315
29 0 .02102
30 0 .02001
31 0 .02549
32 0 .02181
33 0 .01964
34 0 .01684
35 0 .01641
36 0 .02536
37 0 .02045
38 0 .00946
39 0 .01255
40 0 .00677
41 0 .00333
42 0 .00332
43 0 .00187
44 0 .00129
45 0 .00106
46 0 .00064
47 0 .00035
48 0 .00011
49 0 .00003
50 0 .00002
51 0 .00001
100 0 0
*parity 1 single
birth 1 F single 1
14 0 0
15 0 0
16 0 0
17 0 0
18 0 0
19 0 0
20 0 .00653
21 0 .00001
22 0 .00001
23 0 .00001
24 0 .00001
25 0 .00001
26 0 .00001
27 0 .00522
28 0 .00001
29 0 .00001
30 0 .00823
31 0 .00001
32 0 .00635
33 0 .00273
34 0 .00512
35 0 0
36 0 0
37 0 .00185
38 0 0
39 0 0
40 0 0
41 0 0
42 0 0
43 0 0
44 0 .00012
45 0 0
46 0 0
47 0 0
48 0 0
49 0 0
50 0 0
51 0 0
100 0 0
*parity 1 widowed
birth 1 F widowed 1
14 0 0
15 0 0
16 0 0
17 0 0
18 0 .00001
19 0 .01053
20 0 .00557
21 0 .00467
22 0 .02639
23 0 .00749
24 0 .00639
25 0 .00437
26 0 .00232
27 0 .00127
28 0 .00177
29 0 .0019
30 0 .00084
31 0 .00111
32 0 .00109
33 0 .00061
34 0 .00069
35 0 .00062
36 0 .00056
37 0 .00059
38 0 .00053
39 0 .00024
40 0 .00013
41 0 .00017
42 0 .00009
43 0 .00007
44 0 .00005
45 0 .00002
46 0 .00002
47 0 .00001
48 0 0
49 0 0
50 0 0
51 0 0
100 0 0
*parity 1 divorced
birth 1 F divorced 1
14 0 0
15 0 0
16 0 0
17 0 0
18 0 .00001
19 0 .01053
20 0 .00557
21 0 .00467
22 0 .02639
23 0 .00749
24 0 .00639
25 0 .00437
26 0 .00232
27 0 .00127
28 0 .00177
29 0 .0019
30 0 .00084
31 0 .00111
32 0 .00109
33 0 .00061
34 0 .00069
35 0 .00062
36 0 .00056
37 0 .00059
38 0 .00053
39 0 .00024
40 0 .00013
41 0 .00017
42 0 .00009
43 0 .00007
44 0 .00005
45 0 .00002
46 0 .00002
47 0 .00001
48 0 0
49 0 0
50 0 0
51 0 0
100 0 0
*parity 2 married
birth 1 F married 2
14 0 0
15 0 0
16 0 0
17 0 .00002
18 0 .00009
19 0 .0063
20 0 .00898
21 0 .0149
22 0 .01297
23 0 .01249
24 0 .01203
25 0 .01326
26 0 .01313
27 0 .01153
28 0 .01077
29 0 .00913
30 0 .00908
31 0 .00774
32 0 .00724
33 0 .00646
34 0 .00613
35 0 .00533
36 0 .00471
37 0 .00391
38 0 .00359
39 0 .00316
40 0 .00271
41 0 .00221
42 0 .00157
43 0 .00116
44 0 .00086
45 0 .00054
46 0 .00032
47 0 .0002
48 0 .00011
49 0 .00006
50 0 .00002
51 0 .00001
100 0 0
*parity 2 single
birth 1 F single 2
14 0 0
15 0 0
16 0 0
17 0 0
18 0 0
19 0 0
20 0 0
21 0 0
22 0 .00001
23 0 .00001
24 0 .00001
25 0 .00001
26 0 .00001
27 0 .00001
28 0 .00001
29 0 .00001
30 0 .00001
31 0 .00001
32 0 .01148
33 0 .00001
34 0 .00001
35 0 .00001
36 0 .00001
37 0 .00303
38 0 .00001
39 0 .00001
40 0 .00001
41 0 0
42 0 0
43 0 0
44 0 0
45 0 0
46 0 0
47 0 0
48 0 0
49 0 0
50 0 .00003
51 0 0
100 0 0
*parity 2 widowed
birth 1 F widowed 2
14 0 0
15 0 0
16 0 0
17 0 0
18 0 0
19 0 0
20 0 .00462
21 0 .00878
22 0 .0064
23 0 .00363
24 0 .00234
25 0 .0033
26 0 .00213
27 0 .00185
28 0 .00161
29 0 .00141
30 0 .00099
31 0 .00073
32 0 .00052
33 0 .00061
34 0 .0004
35 0 .00036
36 0 .00024
37 0 .00027
38 0 .0002
39 0 .00014
40 0 .00012
41 0 .00008
42 0 .00006
43 0 .00004
44 0 .00003
45 0 .00002
46 0 .00001
47 0 .00001
48 0 0
49 0 0
50 0 0
51 0 0
100 0 0
*parity 2 divorced
birth 1 F divorced 2
14 0 0
15 0 0
16 0 0
17 0 0
18 0 0
19 0 0
20 0 .00462
21 0 .00878
22 0 .0064
23 0 .00363
24 0 .00234
25 0 .0033
26 0 .00213
27 0 .00185
28 0 .00161
29 0 .00141
30 0 .00099
31 0 .00073
32 0 .00052
33 0 .00061
34 0 .0004
35 0 .00036
36 0 .00024
37 0 .00027
38 0 .0002
39 0 .00014
40 0 .00012
41 0 .00008
42 0 .00006
43 0 .00004
44 0 .00003
45 0 .00002
46 0 .00001
47 0 .00001
48 0 0
49 0 0
50 0 0
51 0 0
100 0 0
