*parity 0 married
birth 1 F married 0
14 0 0
15 0 .00018
16 0 .00072
17 0 .05225
18 0 .04955
19 0 .09527
20 0 .09343
21 0 .15384
22 0 .27933
23 0 .18643
24 0 .40986
25 0 .39144
26 0 .235
27 0 .28619
28 0 .18811
29 0 .48269
30 0 1
31 0 1
32 0 1
33 0 .03631
34 0 .01197
35 0 .00764
36 0 .00764
37 0 .00517
38 0 .00321
39 0 .00195
40 0 .00141
41 0 .00105
42 0 .00058
43 0 .00046
44 0 .00029
45 0 .00015
46 0 .00008
47 0 .00005
48 0 .00002
49 0 .00001
50 0 0
51 0 0
100 0 0
*parity 0 single
birth 1 F single 0
14 0 0
15 0 .00006
16 0 .00025
17 0 .00047
18 0 .0008
19 0 .00111
20 0 .00137
21 0 .00143
22 0 .00145
23 0 .00143
24 0 .0014
25 0 .0014
26 0 .00143
27 0 .0014
28 0 .00135
29 0 .00132
30 0 .00119
31 0 .00107
32 0 .00097
33 0 .00087
34 0 .00095
35 0 .00096
36 0 .00082
37 0 .00085
38 0 .00083
39 0 .00064
40 0 .00054
41 0 .00056
42 0 .00041
43 0 .00027
44 0 .00025
45 0 .00019
46 0 .00011
47 0 .00007
48 0 .00004
49 0 .00001
50 0 0
51 0 0
100 0 0
*parity 0 widowed
birth 1 F widowed 0
14 0 0
15 0 .00001
16 0 .00005
17 0 .13969
18 0 .11331
19 0 .09831
20 0 .04789
21 0 .04948
22 0 .08352
23 0 .15084
24 0 .28836
25 0 .00019
26 0 .26454
27 0 .00017
28 0 .22499
29 0 .00014
30 0 .00012
31 0 .0001
32 0 .00008
33 0 .05109
34 0 .00898
35 0 .02239
36 0 .00292
37 0 .00204
38 0 .00115
39 0 .00068
40 0 .00036
41 0 .0002
42 0 .00009
43 0 .00006
44 0 .00005
45 0 .00002
46 0 .00001
47 0 0
48 0 0
49 0 0
50 0 0
51 0 0
100 0 0
*parity 0 divorced
birth 1 F divorced 0
14 0 0
15 0 .00001
16 0 .00005
17 0 .13969
18 0 .11331
19 0 .09831
20 0 .04789
21 0 .04948
22 0 .08352
23 0 .15084
24 0 .28836
25 0 .00019
26 0 .26454
27 0 .00017
28 0 .22499
29 0 .00014
30 0 .00012
31 0 .0001
32 0 .00008
33 0 .05109
34 0 .00898
35 0 .02239
36 0 .00292
37 0 .00204
38 0 .00115
39 0 .00068
40 0 .00036
41 0 .0002
42 0 .00009
43 0 .00006
44 0 .00005
45 0 .00002
46 0 .00001
47 0 0
48 0 0
49 0 0
50 0 0
51 0 0
100 0 0
*parity 1 married
birth 1 F married 1
14 0 0
15 0 0
16 0 .00004
17 0 .00014
18 0 .02317
19 0 .01594
20 0 .01733
21 0 .02019
22 0 .02202
23 0 .02281
24 0 .02339
25 0 .03104
26 0 .02986
27 0 .02663
28 0 .03904
29 0 .03916
30 0 .03675
31 0 .02616
32 0 .03744
33 0 .02954
34 0 .0197
35 0 .0115
36 0 .00943
37 0 .00663
38 0 .00439
39 0 .00374
40 0 .00254
41 0 .00205
42 0 .00134
43 0 .00091
44 0 .00039
45 0 .00022
46 0 .00013
47 0 .00006
48 0 .00003
49 0 .00001
50 0 0
51 0 0
100 0 0
*parity 1 single
birth 1 F single 1
14 0 0
15 0 0
16 0 .00001
17 0 .02302
18 0 .0114
19 0 .0194
20 0 .0178
21 0 .02951
22 0 .01938
23 0 .0322
24 0 .0265
25 0 .01945
26 0 .0182
27 0 .04484
28 0 .05837
29 0 .03459
30 0 .02726
31 0 .04808
32 0 .04557
33 0 .02989
34 0 .03332
35 0 .06863
36 0 .05395
37 0 .07262
38 0 .03828
39 0 .04005
40 0 .00008
41 0 .0833
42 0 .04971
43 0 .00002
44 0 .00001
45 0 .00946
46 0 0
47 0 0
48 0 .00094
49 0 .00033
50 0 0
51 0 .00006
100 0 0
*parity 1 widowed
birth 1 F widowed 1
14 0 0
15 0 0
16 0 0
17 0 .00001
18 0 .01874
19 0 .01436
20 0 .0063
21 0 .00584
22 0 .00558
23 0 .00517
24 0 .00424
25 0 .00491
26 0 .0042
27 0 .00391
28 0 .00356
29 0 .00319
30 0 .0032
31 0 .00268
32 0 .00241
33 0 .00205
34 0 .00151
35 0 .00112
36 0 .00076
37 0 .00057
38 0 .00032
39 0 .00028
40 0 .00019
41 0 .00012
42 0 .00007
43 0 .00005
44 0 .00002
45 0 .00001
46 0 .00001
47 0 0
48 0 0
49 0 0
50 0 0
51 0 0
100 0 0
*parity 1 divorced
birth 1 F divorced 1
14 0 0
15 0 0
16 0 0
17 0 .00001
18 0 .01874
19 0 .01436
20 0 .0063
21 0 .00584
22 0 .00558
23 0 .00517
24 0 .00424
25 0 .00491
26 0 .0042
27 0 .00391
28 0 .00356
29 0 .00319
30 0 .0032
31 0 .00268
32 0 .00241
33 0 .00205
34 0 .00151
35 0 .00112
36 0 .00076
37 0 .00057
38 0 .00032
39 0 .00028
40 0 .00019
41 0 .00012
42 0 .00007
43 0 .00005
44 0 .00002
45 0 .00001
46 0 .00001
47 0 0
48 0 0
49 0 0
50 0 0
51 0 0
100 0 0
*parity 2 married
birth 1 F married 2
14 0 0
15 0 0
16 0 0
17 0 .00001
18 0 .00004
19 0 .02285
20 0 .01702
21 0 .01509
22 0 .01544
23 0 .01493
24 0 .01518
25 0 .0131
26 0 .01203
27 0 .01152
28 0 .01096
29 0 .01083
30 0 .00977
31 0 .0096
32 0 .0083
33 0 .00747
34 0 .00623
35 0 .00546
36 0 .00456
37 0 .00422
38 0 .00366
39 0 .00312
40 0 .0026
41 0 .00191
42 0 .00152
43 0 .00104
44 0 .00075
45 0 .00055
46 0 .00031
47 0 .00017
48 0 .00009
49 0 .00004
50 0 .00002
51 0 .00001
100 0 0
*parity 2 single
birth 1 F single 2
14 0 0
15 0 0
16 0 0
17 0 0
18 0 .02276
19 0 .01251
20 0 .01675
21 0 .01653
22 0 .01331
23 0 .01076
24 0 .01452
25 0 .01321
26 0 .01586
27 0 .01148
28 0 .01024
29 0 .01034
30 0 .01111
31 0 .00925
32 0 .00889
33 0 .00851
34 0 .01058
35 0 .01127
36 0 .01229
37 0 .00902
38 0 .01228
39 0 .01039
40 0 .01096
41 0 .00732
42 0 .00856
43 0 .00604
44 0 .00723
45 0 .00343
46 0 .00539
47 0 .00394
48 0 .00143
49 0 .0007
50 0 .00033
51 0 .00008
100 0 0
*parity 2 widowed
birth 1 F widowed 2
14 0 0
15 0 0
16 0 0
17 0 0
18 0 0
19 0 .00001
20 0 .00689
21 0 .01019
22 0 .00361
23 0 .0052
24 0 .00398
25 0 .00281
26 0 .00244
27 0 .00222
28 0 .00174
29 0 .00124
30 0 .00134
31 0 .00115
32 0 .00087
33 0 .00085
34 0 .00068
35 0 .00055
36 0 .0005
37 0 .00037
38 0 .00033
39 0 .00026
40 0 .00021
41 0 .00014
42 0 .00012
43 0 .00007
44 0 .00005
45 0 .00003
46 0 .00002
47 0 .00001
48 0 0
49 0 0
50 0 0
51 0 0
100 0 0
*parity 2 divorced
birth 1 F divorced 2
14 0 0
15 0 0
16 0 0
17 0 0
18 0 0
19 0 .00001
20 0 .00689
21 0 .01019
22 0 .00361
23 0 .0052
24 0 .00398
25 0 .00281
26 0 .00244
27 0 .00222
28 0 .00174
29 0 .00124
30 0 .00134
31 0 .00115
32 0 .00087
33 0 .00085
34 0 .00068
35 0 .00055
36 0 .0005
37 0 .00037
38 0 .00033
39 0 .00026
40 0 .00021
41 0 .00014
42 0 .00012
43 0 .00007
44 0 .00005
45 0 .00003
46 0 .00002
47 0 .00001
48 0 0
49 0 0
50 0 0
51 0 0
100 0 0
