*parity all married
birth 1 F married 0
14 0 0
15 0 .00929
16 0 .00886
17 0 .00937
18 0 .01109
19 0 .01448
20 0 .01879
21 0 .02247
22 0 .02454
23 0 .02523
24 0 .02509
25 0 .02382
26 0 .02179
27 0 .01933
28 0 .01755
29 0 .01621
30 0 .01563
31 0 .0146
32 0 .01426
33 0 .01408
34 0 .01464
35 0 .01497
36 0 .01528
37 0 .01536
38 0 .01545
39 0 .01523
40 0 .01487
41 0 .01379
42 0 .0129
43 0 .01205
44 0 .01147
45 0 .01086
46 0 .01035
47 0 .01006
48 0 .00983
49 0 .0097
50 0 .00963
51 0 .00959
100 0 0
*parity all single
birth 1 F single 0
14 0 0
15 0 .00929
16 0 .00886
17 0 .00937
18 0 .01109
19 0 .01448
20 0 .01879
21 0 .02247
22 0 .02454
23 0 .02523
24 0 .02509
25 0 .02382
26 0 .02179
27 0 .01933
28 0 .01755
29 0 .01621
30 0 .01563
31 0 .0146
32 0 .01426
33 0 .01408
34 0 .01464
35 0 .01497
36 0 .01528
37 0 .01536
38 0 .01545
39 0 .01523
40 0 .01487
41 0 .01379
42 0 .0129
43 0 .01205
44 0 .01147
45 0 .01086
46 0 .01035
47 0 .01006
48 0 .00983
49 0 .0097
50 0 .00963
51 0 .00959
100 0 0
*parity all widowed
birth 1 F widowed 0
14 0 0
15 0 .00929
16 0 .00886
17 0 .00937
18 0 .01109
19 0 .01448
20 0 .01879
21 0 .02247
22 0 .02454
23 0 .02523
24 0 .02509
25 0 .02382
26 0 .02179
27 0 .01933
28 0 .01755
29 0 .01621
30 0 .01563
31 0 .0146
32 0 .01426
33 0 .01408
34 0 .01464
35 0 .01497
36 0 .01528
37 0 .01536
38 0 .01545
39 0 .01523
40 0 .01487
41 0 .01379
42 0 .0129
43 0 .01205
44 0 .01147
45 0 .01086
46 0 .01035
47 0 .01006
48 0 .00983
49 0 .0097
50 0 .00963
51 0 .00959
100 0 0
*parity all divorced
birth 1 F divorced 0
14 0 0
15 0 .00929
16 0 .00886
17 0 .00937
18 0 .01109
19 0 .01448
20 0 .01879
21 0 .02247
22 0 .02454
23 0 .02523
24 0 .02509
25 0 .02382
26 0 .02179
27 0 .01933
28 0 .01755
29 0 .01621
30 0 .01563
31 0 .0146
32 0 .01426
33 0 .01408
34 0 .01464
35 0 .01497
36 0 .01528
37 0 .01536
38 0 .01545
39 0 .01523
40 0 .01487
41 0 .01379
42 0 .0129
43 0 .01205
44 0 .01147
45 0 .01086
46 0 .01035
47 0 .01006
48 0 .00983
49 0 .0097
50 0 .00963
51 0 .00959
100 0 0
