*parity 0 married
birth 1 F married 0
14 0 0
15 0 .00026
16 0 .00107
17 0 .04623
18 0 .0314
19 0 .04156
20 0 .04636
21 0 .04155
22 0 .04111
23 0 .04002
24 0 .03011
25 0 .03689
26 0 .03606
27 0 .03858
28 0 .03119
29 0 .04119
30 0 .05016
31 0 .0464
32 0 .04043
33 0 .02091
34 0 .01856
35 0 .01604
36 0 .02274
37 0 .01532
38 0 .00716
39 0 .00545
40 0 .00456
41 0 .00514
42 0 .00335
43 0 .00198
44 0 .00089
45 0 .00039
46 0 .00018
47 0 .00016
48 0 .00011
49 0 .00003
50 0 .00001
51 0 .00001
100 0 0
*parity 0 single
birth 1 F single 0
14 0 0
15 0 0
16 0 0
17 0 0
18 0 .00001
19 0 .00001
20 0 .00002
21 0 .00002
22 0 .00002
23 0 .00002
24 0 .00002
25 0 .00002
26 0 .00002
27 0 .00002
28 0 .00002
29 0 .00002
30 0 .00002
31 0 .00002
32 0 .00002
33 0 .00002
34 0 .00002
35 0 .00001
36 0 .00001
37 0 .00001
38 0 .00001
39 0 .00001
40 0 .00001
41 0 .00001
42 0 0
43 0 0
44 0 0
45 0 0
46 0 0
47 0 0
48 0 0
49 0 0
50 0 0
51 0 0
100 0 0
*parity 0 widowed
birth 1 F widowed 0
14 0 0
15 0 0
16 0 .00001
17 0 .00001
18 0 .01264
19 0 .01732
20 0 .00991
21 0 .02055
22 0 .00568
23 0 .00485
24 0 .00296
25 0 .00229
26 0 .00216
27 0 .00257
28 0 .0023
29 0 .0015
30 0 .00298
31 0 .00236
32 0 .00155
33 0 .00092
34 0 .00057
35 0 .00058
36 0 .00418
37 0 .00112
38 0 .00032
39 0 .00038
40 0 .00171
41 0 .0008
42 0 .00057
43 0 .00017
44 0 .00007
45 0 .00002
46 0 .00001
47 0 .00001
48 0 0
49 0 0
50 0 0
51 0 0
100 0 0
*parity 0 divorced
birth 1 F divorced 0
14 0 0
15 0 0
16 0 .00001
17 0 .00001
18 0 .01264
19 0 .01732
20 0 .00991
21 0 .02055
22 0 .00568
23 0 .00485
24 0 .00296
25 0 .00229
26 0 .00216
27 0 .00257
28 0 .0023
29 0 .0015
30 0 .00298
31 0 .00236
32 0 .00155
33 0 .00092
34 0 .00057
35 0 .00058
36 0 .00418
37 0 .00112
38 0 .00032
39 0 .00038
40 0 .00171
41 0 .0008
42 0 .00057
43 0 .00017
44 0 .00007
45 0 .00002
46 0 .00001
47 0 .00001
48 0 0
49 0 0
50 0 0
51 0 0
100 0 0
*parity 1 married
birth 1 F married 1
14 0 0
15 0 0
16 0 .00006
17 0 .00023
18 0 .02353
19 0 .01654
20 0 .01481
21 0 .0169
22 0 .01915
23 0 .02178
24 0 .01921
25 0 .0222
26 0 .01931
27 0 .01944
28 0 .0179
29 0 .01619
30 0 .01438
31 0 .01627
32 0 .01469
33 0 .0136
34 0 .01144
35 0 .00869
36 0 .00841
37 0 .00758
38 0 .00797
39 0 .00722
40 0 .00989
41 0 .00374
42 0 .00439
43 0 .00493
44 0 .00478
45 0 .00221
46 0 .00197
47 0 .00019
48 0 .00005
49 0 .00001
50 0 .00001
51 0 .00001
100 0 0
*parity 1 single
birth 1 F single 1
14 0 0
15 0 0
16 0 0
17 0 0
18 0 0
19 0 0
20 0 0
21 0 .00001
22 0 .00348
23 0 .00001
24 0 .00775
25 0 .00193
26 0 .00001
27 0 .00001
28 0 .00639
29 0 .00296
30 0 .00001
31 0 .00433
32 0 .00421
33 0 0
34 0 .00096
35 0 0
36 0 0
37 0 0
38 0 0
39 0 .0004
40 0 .00072
41 0 0
42 0 0
43 0 0
44 0 0
45 0 .00004
46 0 0
47 0 0
48 0 0
49 0 0
50 0 0
51 0 0
100 0 0
*parity 1 widowed
birth 1 F widowed 1
14 0 0
15 0 0
16 0 0
17 0 0
18 0 0
19 0 .00899
20 0 .00356
21 0 .00246
22 0 .00221
23 0 .00415
24 0 .00301
25 0 .00135
26 0 .00157
27 0 .00169
28 0 .00107
29 0 .00173
30 0 .0009
31 0 .00058
32 0 .00057
33 0 .00041
34 0 .00039
35 0 .0003
36 0 .0002
37 0 .00019
38 0 .00015
39 0 .00013
40 0 .0001
41 0 .00013
42 0 .00005
43 0 .00005
44 0 .00003
45 0 .00002
46 0 .00001
47 0 0
48 0 0
49 0 0
50 0 0
51 0 0
100 0 0
*parity 1 divorced
birth 1 F divorced 1
14 0 0
15 0 0
16 0 0
17 0 0
18 0 0
19 0 .00899
20 0 .00356
21 0 .00246
22 0 .00221
23 0 .00415
24 0 .00301
25 0 .00135
26 0 .00157
27 0 .00169
28 0 .00107
29 0 .00173
30 0 .0009
31 0 .00058
32 0 .00057
33 0 .00041
34 0 .00039
35 0 .0003
36 0 .0002
37 0 .00019
38 0 .00015
39 0 .00013
40 0 .0001
41 0 .00013
42 0 .00005
43 0 .00005
44 0 .00003
45 0 .00002
46 0 .00001
47 0 0
48 0 0
49 0 0
50 0 0
51 0 0
100 0 0
*parity 2 married
birth 1 F married 2
14 0 0
15 0 0
16 0 0
17 0 .00002
18 0 .00008
19 0 .01897
20 0 .01687
21 0 .0181
22 0 .01728
23 0 .0152
24 0 .01403
25 0 .01219
26 0 .01155
27 0 .01146
28 0 .0101
29 0 .00963
30 0 .00901
31 0 .00815
32 0 .00696
33 0 .00669
34 0 .0062
35 0 .00584
36 0 .005
37 0 .00419
38 0 .00372
39 0 .00315
40 0 .00243
41 0 .00183
42 0 .00145
43 0 .00102
44 0 .00075
45 0 .0005
46 0 .00031
47 0 .00018
48 0 .00009
49 0 .00005
50 0 .00002
51 0 .00001
100 0 0
*parity 2 single
birth 1 F single 2
14 0 0
15 0 0
16 0 0
17 0 0
18 0 0
19 0 0
20 0 0
21 0 0
22 0 0
23 0 0
24 0 .00001
25 0 .00001
26 0 .00001
27 0 .00001
28 0 .00001
29 0 .00739
30 0 .00711
31 0 .00001
32 0 .00001
33 0 .00001
34 0 .00001
35 0 .00001
36 0 .0047
37 0 .00426
38 0 0
39 0 0
40 0 0
41 0 0
42 0 0
43 0 0
44 0 0
45 0 0
46 0 0
47 0 0
48 0 0
49 0 0
50 0 0
51 0 0
100 0 0
*parity 2 widowed
birth 1 F widowed 2
14 0 0
15 0 0
16 0 0
17 0 0
18 0 0
19 0 0
20 0 0
21 0 .00716
22 0 .00227
23 0 .00144
24 0 .00188
25 0 .00137
26 0 .00154
27 0 .00135
28 0 .00098
29 0 .00092
30 0 .00092
31 0 .00069
32 0 .00059
33 0 .00043
34 0 .00036
35 0 .00028
36 0 .00023
37 0 .00017
38 0 .00013
39 0 .0001
40 0 .00007
41 0 .00006
42 0 .00003
43 0 .00002
44 0 .00002
45 0 .00001
46 0 .00001
47 0 0
48 0 0
49 0 0
50 0 0
51 0 0
100 0 0
*parity 2 divorced
birth 1 F divorced 2
14 0 0
15 0 0
16 0 0
17 0 0
18 0 0
19 0 0
20 0 0
21 0 .00716
22 0 .00227
23 0 .00144
24 0 .00188
25 0 .00137
26 0 .00154
27 0 .00135
28 0 .00098
29 0 .00092
30 0 .00092
31 0 .00069
32 0 .00059
33 0 .00043
34 0 .00036
35 0 .00028
36 0 .00023
37 0 .00017
38 0 .00013
39 0 .0001
40 0 .00007
41 0 .00006
42 0 .00003
43 0 .00002
44 0 .00002
45 0 .00001
46 0 .00001
47 0 0
48 0 0
49 0 0
50 0 0
51 0 0
100 0 0
