*parity all married
birth 1 F married 0
14 0 0
15 0 .00704
16 0 .00682
17 0 .00753
18 0 .00951
19 0 .01312
20 0 .01753
21 0 .02125
22 0 .02335
23 0 .0241
24 0 .02403
25 0 .02285
26 0 .02093
27 0 .01857
28 0 .01685
29 0 .01549
30 0 .01484
31 0 .0137
32 0 .01321
33 0 .01287
34 0 .01324
35 0 .01339
36 0 .01354
37 0 .01347
38 0 .01343
39 0 .0131
40 0 .01266
41 0 .01153
42 0 .01062
43 0 .00974
44 0 .00915
45 0 .00854
46 0 .00803
47 0 .00774
48 0 .00751
49 0 .00738
50 0 .00731
51 0 .00727
100 0 0
*parity all single
birth 1 F single 0
14 0 0
15 0 .00704
16 0 .00682
17 0 .00753
18 0 .00951
19 0 .01312
20 0 .01753
21 0 .02125
22 0 .02335
23 0 .0241
24 0 .02403
25 0 .02285
26 0 .02093
27 0 .01857
28 0 .01685
29 0 .01549
30 0 .01484
31 0 .0137
32 0 .01321
33 0 .01287
34 0 .01324
35 0 .01339
36 0 .01354
37 0 .01347
38 0 .01343
39 0 .0131
40 0 .01266
41 0 .01153
42 0 .01062
43 0 .00974
44 0 .00915
45 0 .00854
46 0 .00803
47 0 .00774
48 0 .00751
49 0 .00738
50 0 .00731
51 0 .00727
100 0 0
*parity all widowed
birth 1 F widowed 0
14 0 0
15 0 .00704
16 0 .00682
17 0 .00753
18 0 .00951
19 0 .01312
20 0 .01753
21 0 .02125
22 0 .02335
23 0 .0241
24 0 .02403
25 0 .02285
26 0 .02093
27 0 .01857
28 0 .01685
29 0 .01549
30 0 .01484
31 0 .0137
32 0 .01321
33 0 .01287
34 0 .01324
35 0 .01339
36 0 .01354
37 0 .01347
38 0 .01343
39 0 .0131
40 0 .01266
41 0 .01153
42 0 .01062
43 0 .00974
44 0 .00915
45 0 .00854
46 0 .00803
47 0 .00774
48 0 .00751
49 0 .00738
50 0 .00731
51 0 .00727
100 0 0
*parity all divorced
birth 1 F divorced 0
14 0 0
15 0 .00704
16 0 .00682
17 0 .00753
18 0 .00951
19 0 .01312
20 0 .01753
21 0 .02125
22 0 .02335
23 0 .0241
24 0 .02403
25 0 .02285
26 0 .02093
27 0 .01857
28 0 .01685
29 0 .01549
30 0 .01484
31 0 .0137
32 0 .01321
33 0 .01287
34 0 .01324
35 0 .01339
36 0 .01354
37 0 .01347
38 0 .01343
39 0 .0131
40 0 .01266
41 0 .01153
42 0 .01062
43 0 .00974
44 0 .00915
45 0 .00854
46 0 .00803
47 0 .00774
48 0 .00751
49 0 .00738
50 0 .00731
51 0 .00727
100 0 0
