*parity 0 married
birth 1 F married 0
14 0 0
15 0 .00022
16 0 .00102
17 0 .05364
18 0 .03439
19 0 .0437
20 0 .04905
21 0 .05679
22 0 .0494
23 0 .04761
24 0 .03731
25 0 .03767
26 0 .02906
27 0 .02286
28 0 .01817
29 0 .01416
30 0 .01076
31 0 .00786
32 0 .00665
33 0 .00633
34 0 .00483
35 0 .00342
36 0 .00276
37 0 .00189
38 0 .00191
39 0 .00131
40 0 .00114
41 0 .0007
42 0 .00054
43 0 .00033
44 0 .00023
45 0 .00019
46 0 .00009
47 0 .00006
48 0 .00002
49 0 .00001
50 0 0
51 0 0
100 0 0
*parity 0 single
birth 1 F single 0
14 0 0
15 0 0
16 0 0
17 0 .00001
18 0 .00001
19 0 .00002
20 0 .00003
21 0 .00003
22 0 .00003
23 0 .00003
24 0 .00003
25 0 .00003
26 0 .00003
27 0 .00002
28 0 .00002
29 0 .00002
30 0 .00002
31 0 .00002
32 0 .00002
33 0 .00001
34 0 .00001
35 0 .00001
36 0 .00001
37 0 .00001
38 0 .00001
39 0 .00001
40 0 .00001
41 0 .00001
42 0 0
43 0 .00001
44 0 .00001
45 0 0
46 0 0
47 0 0
48 0 0
49 0 0
50 0 0
51 0 0
100 0 0
*parity 0 widowed
birth 1 F widowed 0
14 0 0
15 0 0
16 0 .00001
17 0 .00002
18 0 .03164
19 0 .01486
20 0 .05631
21 0 .00692
22 0 .00938
23 0 .01402
24 0 .03569
25 0 .03226
26 0 .00419
27 0 .00701
28 0 .0029
29 0 .00189
30 0 .00169
31 0 .00118
32 0 .00055
33 0 .00059
34 0 .00036
35 0 .00031
36 0 .00023
37 0 .00015
38 0 .0001
39 0 .00007
40 0 .00006
41 0 .00004
42 0 .00002
43 0 .00001
44 0 .00001
45 0 0
46 0 0
47 0 0
48 0 0
49 0 0
50 0 0
51 0 0
100 0 0
*parity 0 divorced
birth 1 F divorced 0
14 0 0
15 0 0
16 0 .00001
17 0 .00002
18 0 .03164
19 0 .01486
20 0 .05631
21 0 .00692
22 0 .00938
23 0 .01402
24 0 .03569
25 0 .03226
26 0 .00419
27 0 .00701
28 0 .0029
29 0 .00189
30 0 .00169
31 0 .00118
32 0 .00055
33 0 .00059
34 0 .00036
35 0 .00031
36 0 .00023
37 0 .00015
38 0 .0001
39 0 .00007
40 0 .00006
41 0 .00004
42 0 .00002
43 0 .00001
44 0 .00001
45 0 0
46 0 0
47 0 0
48 0 0
49 0 0
50 0 0
51 0 0
100 0 0
*parity 1 married
birth 1 F married 1
14 0 0
15 0 0
16 0 .00007
17 0 .00029
18 0 .03005
19 0 .0238
20 0 .02541
21 0 .03418
22 0 .03596
23 0 .04531
24 0 .04774
25 0 .05482
26 0 .05152
27 0 .04506
28 0 .05463
29 0 .0551
30 0 .04874
31 0 .04499
32 0 .07417
33 0 .08811
34 0 .04124
35 0 .04277
36 0 .03217
37 0 .02321
38 0 .01767
39 0 .0227
40 0 .04139
41 0 .00992
42 0 .00559
43 0 .00261
44 0 .0012
45 0 .0005
46 0 .00022
47 0 .00011
48 0 .00004
49 0 .00001
50 0 .00001
51 0 0
100 0 0
*parity 1 single
birth 1 F single 1
14 0 0
15 0 0
16 0 0
17 0 0
18 0 0
19 0 0
20 0 .00001
21 0 .00001
22 0 .00001
23 0 .00001
24 0 .00001
25 0 .00446
26 0 .00764
27 0 .00345
28 0 .00001
29 0 .00281
30 0 .00462
31 0 .00001
32 0 .00001
33 0 0
34 0 0
35 0 .00166
36 0 .00149
37 0 0
38 0 .00045
39 0 .00066
40 0 .00013
41 0 .00011
42 0 .00008
43 0 .00001
44 0 .00001
45 0 .00001
46 0 0
47 0 0
48 0 0
49 0 0
50 0 0
51 0 0
100 0 0
*parity 1 widowed
birth 1 F widowed 1
14 0 0
15 0 0
16 0 0
17 0 0
18 0 .00001
19 0 .01323
20 0 .01135
21 0 .02928
22 0 .00628
23 0 .00846
24 0 .00472
25 0 .00418
26 0 .00477
27 0 .00287
28 0 .00327
29 0 .00351
30 0 .00289
31 0 .00359
32 0 .00174
33 0 .00482
34 0 .00138
35 0 .00156
36 0 .00186
37 0 .00211
38 0 .00038
39 0 .0005
40 0 .00027
41 0 .00018
42 0 .00011
43 0 .0001
44 0 .00005
45 0 .00003
46 0 .00001
47 0 0
48 0 0
49 0 0
50 0 0
51 0 0
100 0 0
*parity 1 divorced
birth 1 F divorced 1
14 0 0
15 0 0
16 0 0
17 0 0
18 0 .00001
19 0 .01323
20 0 .01135
21 0 .02928
22 0 .00628
23 0 .00846
24 0 .00472
25 0 .00418
26 0 .00477
27 0 .00287
28 0 .00327
29 0 .00351
30 0 .00289
31 0 .00359
32 0 .00174
33 0 .00482
34 0 .00138
35 0 .00156
36 0 .00186
37 0 .00211
38 0 .00038
39 0 .0005
40 0 .00027
41 0 .00018
42 0 .00011
43 0 .0001
44 0 .00005
45 0 .00003
46 0 .00001
47 0 0
48 0 0
49 0 0
50 0 0
51 0 0
100 0 0
*parity 2 married
birth 1 F married 2
14 0 0
15 0 0
16 0 .00001
17 0 .00003
18 0 .00012
19 0 .04009
20 0 .02783
21 0 .02289
22 0 .02443
23 0 .0211
24 0 .02263
25 0 .02061
26 0 .01779
27 0 .0179
28 0 .01737
29 0 .01678
30 0 .01599
31 0 .0136
32 0 .01262
33 0 .011
34 0 .01051
35 0 .01033
36 0 .00955
37 0 .00899
38 0 .00788
39 0 .00744
40 0 .00571
41 0 .00469
42 0 .0039
43 0 .00249
44 0 .00201
45 0 .00124
46 0 .00079
47 0 .00048
48 0 .00024
49 0 .00012
50 0 .00005
51 0 .00002
100 0 0
*parity 2 single
birth 1 F single 2
14 0 0
15 0 0
16 0 0
17 0 0
18 0 0
19 0 0
20 0 0
21 0 0
22 0 .00001
23 0 .00001
24 0 .00001
25 0 .00001
26 0 .00002
27 0 .00002
28 0 .00002
29 0 .00002
30 0 .00002
31 0 .01017
32 0 .00002
33 0 .00001
34 0 .00001
35 0 .00001
36 0 .00001
37 0 .00001
38 0 .00001
39 0 .00477
40 0 .00001
41 0 .00001
42 0 .00082
43 0 .00087
44 0 .0003
45 0 .00025
46 0 .00017
47 0 .00004
48 0 .00001
49 0 .00002
50 0 0
51 0 0
100 0 0
*parity 2 widowed
birth 1 F widowed 2
14 0 0
15 0 0
16 0 0
17 0 0
18 0 0
19 0 0
20 0 .00001
21 0 .00002
22 0 .0108
23 0 .00625
24 0 .00341
25 0 .00379
26 0 .00276
27 0 .00239
28 0 .0032
29 0 .00176
30 0 .00165
31 0 .00166
32 0 .00101
33 0 .00079
34 0 .0009
35 0 .00071
36 0 .00062
37 0 .00047
38 0 .00042
39 0 .00025
40 0 .00024
41 0 .0002
42 0 .00011
43 0 .00013
44 0 .00006
45 0 .00004
46 0 .00002
47 0 .00001
48 0 .00001
49 0 0
50 0 0
51 0 0
100 0 0
*parity 2 divorced
birth 1 F divorced 2
14 0 0
15 0 0
16 0 0
17 0 0
18 0 0
19 0 0
20 0 .00001
21 0 .00002
22 0 .0108
23 0 .00625
24 0 .00341
25 0 .00379
26 0 .00276
27 0 .00239
28 0 .0032
29 0 .00176
30 0 .00165
31 0 .00166
32 0 .00101
33 0 .00079
34 0 .0009
35 0 .00071
36 0 .00062
37 0 .00047
38 0 .00042
39 0 .00025
40 0 .00024
41 0 .0002
42 0 .00011
43 0 .00013
44 0 .00006
45 0 .00004
46 0 .00002
47 0 .00001
48 0 .00001
49 0 0
50 0 0
51 0 0
100 0 0
