*parity 0 married
birth 1 F married 0
14 0 0
15 0 .00009
16 0 .00038
17 0 .04354
18 0 .04082
19 0 .04121
20 0 .04333
21 0 .04327
22 0 .04004
23 0 .03699
24 0 .04244
25 0 .03798
26 0 .03339
27 0 .02637
28 0 .02408
29 0 .01929
30 0 .0152
31 0 .01078
32 0 .00854
33 0 .00505
34 0 .0031
35 0 .00215
36 0 .00148
37 0 .00106
38 0 .0007
39 0 .00054
40 0 .0004
41 0 .00025
42 0 .00018
43 0 .0001
44 0 .00006
45 0 .00004
46 0 .00002
47 0 .00001
48 0 .00001
49 0 0
50 0 0
51 0 0
100 0 0
*parity 0 single
birth 1 F single 0
14 0 0
15 0 .00015
16 0 .0006
17 0 .00117
18 0 .00198
19 0 .00283
20 0 .00345
21 0 .00365
22 0 .00371
23 0 .00371
24 0 .00358
25 0 .00353
26 0 .00356
27 0 .00359
28 0 .00328
29 0 .00321
30 0 .00284
31 0 .00268
32 0 .00235
33 0 .00207
34 0 .00206
35 0 .00178
36 0 .00151
37 0 .00148
38 0 .00139
39 0 .00129
40 0 .00098
41 0 .00077
42 0 .00057
43 0 .00048
44 0 .00036
45 0 .00024
46 0 .00015
47 0 .0001
48 0 .00005
49 0 .00002
50 0 0
51 0 0
100 0 0
*parity 0 widowed
birth 1 F widowed 0
14 0 0
15 0 .00002
16 0 .00007
17 0 .00013
18 0 .42945
19 0 .29856
20 0 .22423
21 0 .36567
22 0 .69758
23 0 .21692
24 0 .20495
25 0 .11398
26 0 .26207
27 0 .48676
28 0 .09305
29 0 .07707
30 0 .04543
31 0 .01735
32 0 .01879
33 0 .01077
34 0 .01047
35 0 .00341
36 0 .00219
37 0 .00258
38 0 .001
39 0 .00047
40 0 .00039
41 0 .00021
42 0 .00012
43 0 .00007
44 0 .00004
45 0 .00002
46 0 .00001
47 0 .00001
48 0 0
49 0 0
50 0 0
51 0 0
100 0 0
*parity 0 divorced
birth 1 F divorced 0
14 0 0
15 0 .00002
16 0 .00007
17 0 .00013
18 0 .42945
19 0 .29856
20 0 .22423
21 0 .36567
22 0 .69758
23 0 .21692
24 0 .20495
25 0 .11398
26 0 .26207
27 0 .48676
28 0 .09305
29 0 .07707
30 0 .04543
31 0 .01735
32 0 .01879
33 0 .01077
34 0 .01047
35 0 .00341
36 0 .00219
37 0 .00258
38 0 .001
39 0 .00047
40 0 .00039
41 0 .00021
42 0 .00012
43 0 .00007
44 0 .00004
45 0 .00002
46 0 .00001
47 0 .00001
48 0 0
49 0 0
50 0 0
51 0 0
100 0 0
*parity 1 married
birth 1 F married 1
14 0 0
15 0 0
16 0 .00002
17 0 .00008
18 0 .02499
19 0 .01735
20 0 .02186
21 0 .04033
22 0 .03017
23 0 .04159
24 0 .03323
25 0 .03675
26 0 .041
27 0 .04858
28 0 .03795
29 0 .03303
30 0 .02793
31 0 .02971
32 0 .0317
33 0 .0283
34 0 .01895
35 0 .01164
36 0 .00891
37 0 .00828
38 0 .00464
39 0 .00452
40 0 .00316
41 0 .0016
42 0 .0011
43 0 .00062
44 0 .00038
45 0 .00018
46 0 .0001
47 0 .00004
48 0 .00002
49 0 .00001
50 0 0
51 0 0
100 0 0
*parity 1 single
birth 1 F single 1
14 0 0
15 0 0
16 0 .02609
17 0 .04432
18 0 .01809
19 0 .0224
20 0 .02512
21 0 .02491
22 0 .02622
23 0 .02302
24 0 .02462
25 0 .0257
26 0 .02669
27 0 .02048
28 0 .02602
29 0 .02178
30 0 .02514
31 0 .01947
32 0 .01981
33 0 .02181
34 0 .0209
35 0 .02259
36 0 .02706
37 0 .02328
38 0 .03375
39 0 .01789
40 0 .01294
41 0 .012
42 0 .00767
43 0 .0054
44 0 .00566
45 0 .00327
46 0 .00193
47 0 .00085
48 0 .00036
49 0 .00025
50 0 .00005
51 0 .00005
100 0 0
*parity 1 widowed
birth 1 F widowed 1
14 0 0
15 0 0
16 0 0
17 0 .00001
18 0 .00003
19 0 .07481
20 0 .03339
21 0 .0487
22 0 .05203
23 0 .11658
24 0 .03836
25 0 .03852
26 0 .02568
27 0 .05307
28 0 .06054
29 0 .10254
30 0 .04817
31 0 .04561
32 0 .09978
33 0 .02554
34 0 .01307
35 0 .01013
36 0 .00664
37 0 .005
38 0 .0031
39 0 .00208
40 0 .00261
41 0 .00091
42 0 .00058
43 0 .00021
44 0 .00012
45 0 .00008
46 0 .00003
47 0 .00001
48 0 0
49 0 0
50 0 0
51 0 0
100 0 0
*parity 1 divorced
birth 1 F divorced 1
14 0 0
15 0 0
16 0 0
17 0 .00001
18 0 .00003
19 0 .07481
20 0 .03339
21 0 .0487
22 0 .05203
23 0 .11658
24 0 .03836
25 0 .03852
26 0 .02568
27 0 .05307
28 0 .06054
29 0 .10254
30 0 .04817
31 0 .04561
32 0 .09978
33 0 .02554
34 0 .01307
35 0 .01013
36 0 .00664
37 0 .005
38 0 .0031
39 0 .00208
40 0 .00261
41 0 .00091
42 0 .00058
43 0 .00021
44 0 .00012
45 0 .00008
46 0 .00003
47 0 .00001
48 0 0
49 0 0
50 0 0
51 0 0
100 0 0
*parity 2 married
birth 1 F married 2
14 0 0
15 0 0
16 0 0
17 0 .00001
18 0 .00003
19 0 .03223
20 0 .0115
21 0 .01274
22 0 .01218
23 0 .01156
24 0 .01136
25 0 .01064
26 0 .00926
27 0 .00924
28 0 .00969
29 0 .00927
30 0 .00878
31 0 .00838
32 0 .0068
33 0 .00652
34 0 .00542
35 0 .00445
36 0 .004
37 0 .00286
38 0 .00246
39 0 .00183
40 0 .00149
41 0 .00123
42 0 .00089
43 0 .00067
44 0 .00046
45 0 .00031
46 0 .00017
47 0 .0001
48 0 .00005
49 0 .00003
50 0 .00001
51 0 0
100 0 0
*parity 2 single
birth 1 F single 2
14 0 0
15 0 0
16 0 0
17 0 .00001
18 0 .08608
19 0 .03173
20 0 .0247
21 0 .01935
22 0 .02012
23 0 .01569
24 0 .01835
25 0 .01573
26 0 .0147
27 0 .0137
28 0 .01317
29 0 .01176
30 0 .01222
31 0 .0103
32 0 .0097
33 0 .00895
34 0 .00832
35 0 .00852
36 0 .00873
37 0 .0082
38 0 .00769
39 0 .00815
40 0 .00716
41 0 .00601
42 0 .00489
43 0 .0038
44 0 .00388
45 0 .00234
46 0 .00198
47 0 .00095
48 0 .00052
49 0 .0003
50 0 .0001
51 0 .00005
100 0 0
*parity 2 widowed
birth 1 F widowed 2
14 0 0
15 0 0
16 0 0
17 0 0
18 0 0
19 0 .00001
20 0 .00003
21 0 .11651
22 0 .02007
23 0 .02473
24 0 .01741
25 0 .02271
26 0 .01051
27 0 .00815
28 0 .00789
29 0 .00806
30 0 .00643
31 0 .0056
32 0 .00464
33 0 .00344
34 0 .00259
35 0 .00287
36 0 .00203
37 0 .00155
38 0 .00146
39 0 .00097
40 0 .0007
41 0 .00054
42 0 .00036
43 0 .00025
44 0 .00016
45 0 .0001
46 0 .00006
47 0 .00003
48 0 .00001
49 0 .00001
50 0 0
51 0 0
100 0 0
*parity 2 divorced
birth 1 F divorced 2
14 0 0
15 0 0
16 0 0
17 0 0
18 0 0
19 0 .00001
20 0 .00003
21 0 .11651
22 0 .02007
23 0 .02473
24 0 .01741
25 0 .02271
26 0 .01051
27 0 .00815
28 0 .00789
29 0 .00806
30 0 .00643
31 0 .0056
32 0 .00464
33 0 .00344
34 0 .00259
35 0 .00287
36 0 .00203
37 0 .00155
38 0 .00146
39 0 .00097
40 0 .0007
41 0 .00054
42 0 .00036
43 0 .00025
44 0 .00016
45 0 .0001
46 0 .00006
47 0 .00003
48 0 .00001
49 0 .00001
50 0 0
51 0 0
100 0 0
