*parity 0 married
birth 1 F married 0
14 0 0
15 0 .00017
16 0 .00088
17 0 .04375
18 0 .04862
19 0 .05093
20 0 .07608
21 0 .07817
22 0 .07027
23 0 .05767
24 0 .03478
25 0 .03711
26 0 .0221
27 0 .01614
28 0 .01535
29 0 .0128
30 0 .00899
31 0 .00972
32 0 .00606
33 0 .00502
34 0 .00442
35 0 .00371
36 0 .00423
37 0 .00277
38 0 .0024
39 0 .00233
40 0 .00168
41 0 .0015
42 0 .00166
43 0 .00092
44 0 .00045
45 0 .00029
46 0 .00017
47 0 .00006
48 0 .00002
49 0 .00001
50 0 0
51 0 0
100 0 0
*parity 0 single
birth 1 F single 0
14 0 0
15 0 0
16 0 0
17 0 0
18 0 .00001
19 0 .00002
20 0 .00002
21 0 .00003
22 0 .00003
23 0 .00003
24 0 .00003
25 0 .00003
26 0 .00004
27 0 .00004
28 0 .00003
29 0 .00005
30 0 .00004
31 0 .00003
32 0 .00003
33 0 .00005
34 0 .00005
35 0 .00006
36 0 .00004
37 0 .00003
38 0 .00008
39 0 .00024
40 0 .00009
41 0 .00003
42 0 .00004
43 0 .00002
44 0 .00002
45 0 .00001
46 0 .00001
47 0 0
48 0 0
49 0 0
50 0 0
51 0 0
100 0 0
*parity 0 widowed
birth 1 F widowed 0
14 0 0
15 0 0
16 0 .00001
17 0 .00002
18 0 .00004
19 0 .00006
20 0 .02586
21 0 .01272
22 0 .01246
23 0 .02129
24 0 .00736
25 0 .00985
26 0 .00276
27 0 .00194
28 0 .00259
29 0 .00194
30 0 .00098
31 0 .00077
32 0 .00077
33 0 .00056
34 0 .0003
35 0 .00016
36 0 .00035
37 0 .00019
38 0 .00019
39 0 .0001
40 0 .00012
41 0 .00005
42 0 .00005
43 0 .00004
44 0 .00002
45 0 .00001
46 0 0
47 0 0
48 0 0
49 0 0
50 0 0
51 0 0
100 0 0
*parity 0 divorced
birth 1 F divorced 0
14 0 0
15 0 0
16 0 .00001
17 0 .00002
18 0 .00004
19 0 .00006
20 0 .02586
21 0 .01272
22 0 .01246
23 0 .02129
24 0 .00736
25 0 .00985
26 0 .00276
27 0 .00194
28 0 .00259
29 0 .00194
30 0 .00098
31 0 .00077
32 0 .00077
33 0 .00056
34 0 .0003
35 0 .00016
36 0 .00035
37 0 .00019
38 0 .00019
39 0 .0001
40 0 .00012
41 0 .00005
42 0 .00005
43 0 .00004
44 0 .00002
45 0 .00001
46 0 0
47 0 0
48 0 0
49 0 0
50 0 0
51 0 0
100 0 0
*parity 1 married
birth 1 F married 1
14 0 0
15 0 0
16 0 .00008
17 0 .00032
18 0 .04007
19 0 .04289
20 0 .04175
21 0 .03571
22 0 .0532
23 0 .06207
24 0 .06591
25 0 .05878
26 0 .06865
27 0 .05306
28 0 .03386
29 0 .02591
30 0 .02143
31 0 .02175
32 0 .01796
33 0 .01291
34 0 .0095
35 0 .00723
36 0 .00628
37 0 .00508
38 0 .00556
39 0 .0046
40 0 .00271
41 0 .00248
42 0 .00176
43 0 .00144
44 0 .00056
45 0 .0003
46 0 .00016
47 0 .0001
48 0 .00003
49 0 .00001
50 0 0
51 0 0
100 0 0
*parity 1 single
birth 1 F single 1
14 0 0
15 0 0
16 0 0
17 0 0
18 0 0
19 0 .00135
20 0 .00093
21 0 .00066
22 0 .00026
23 0 .00016
24 0 .00011
25 0 .00007
26 0 .00007
27 0 .00009
28 0 .00007
29 0 .00006
30 0 .00009
31 0 .00007
32 0 .00008
33 0 .00009
34 0 .00007
35 0 .00006
36 0 .00007
37 0 .00016
38 0 .00009
39 0 .00041
40 0 .00005
41 0 .00005
42 0 .00004
43 0 .00003
44 0 .00002
45 0 0
46 0 0
47 0 0
48 0 0
49 0 0
50 0 0
51 0 0
100 0 0
*parity 1 widowed
birth 1 F widowed 1
14 0 0
15 0 0
16 0 0
17 0 0
18 0 .00001
19 0 .00002
20 0 .00003
21 0 .02844
22 0 .01171
23 0 .00603
24 0 .0073
25 0 .03369
26 0 .00573
27 0 .00567
28 0 .00351
29 0 .00214
30 0 .00291
31 0 .00172
32 0 .00091
33 0 .00166
34 0 .00197
35 0 .00091
36 0 .00064
37 0 .00038
38 0 .00019
39 0 .00018
40 0 .00012
41 0 .0001
42 0 .00005
43 0 .00005
44 0 .00002
45 0 .00001
46 0 .00001
47 0 .00001
48 0 0
49 0 0
50 0 0
51 0 0
100 0 0
*parity 1 divorced
birth 1 F divorced 1
14 0 0
15 0 0
16 0 0
17 0 0
18 0 .00001
19 0 .00002
20 0 .00003
21 0 .02844
22 0 .01171
23 0 .00603
24 0 .0073
25 0 .03369
26 0 .00573
27 0 .00567
28 0 .00351
29 0 .00214
30 0 .00291
31 0 .00172
32 0 .00091
33 0 .00166
34 0 .00197
35 0 .00091
36 0 .00064
37 0 .00038
38 0 .00019
39 0 .00018
40 0 .00012
41 0 .0001
42 0 .00005
43 0 .00005
44 0 .00002
45 0 .00001
46 0 .00001
47 0 .00001
48 0 0
49 0 0
50 0 0
51 0 0
100 0 0
*parity 2 married
birth 1 F married 2
14 0 0
15 0 0
16 0 .00001
17 0 .00003
18 0 .05137
19 0 .03925
20 0 .02417
21 0 .03456
22 0 .02816
23 0 .0273
24 0 .03428
25 0 .03287
26 0 .02702
27 0 .02441
28 0 .02714
29 0 .02199
30 0 .02162
31 0 .01815
32 0 .01662
33 0 .01398
34 0 .01461
35 0 .01368
36 0 .01169
37 0 .01117
38 0 .00956
39 0 .00825
40 0 .00731
41 0 .00556
42 0 .00395
43 0 .00289
44 0 .00246
45 0 .00168
46 0 .001
47 0 .00064
48 0 .00036
49 0 .00021
50 0 .00009
51 0 .00004
100 0 0
*parity 2 single
birth 1 F single 2
14 0 0
15 0 0
16 0 0
17 0 0
18 0 0
19 0 0
20 0 0
21 0 .00093
22 0 .00462
23 0 .00624
24 0 .00051
25 0 .00043
26 0 .00029
27 0 .00019
28 0 .00017
29 0 .00018
30 0 .00015
31 0 .00014
32 0 .00016
33 0 .00018
34 0 .00013
35 0 .00018
36 0 .00017
37 0 .0002
38 0 .00021
39 0 .00015
40 0 .0005
41 0 .00017
42 0 .00013
43 0 .00009
44 0 .00008
45 0 .0001
46 0 .00003
47 0 .00001
48 0 .00002
49 0 0
50 0 0
51 0 0
100 0 0
*parity 2 widowed
birth 1 F widowed 2
14 0 0
15 0 0
16 0 0
17 0 0
18 0 0
19 0 0
20 0 .00001
21 0 .01343
22 0 .00738
23 0 .00999
24 0 .01948
25 0 .01501
26 0 .01175
27 0 .00563
28 0 .00633
29 0 .00493
30 0 .00279
31 0 .00154
32 0 .00194
33 0 .00156
34 0 .0014
35 0 .00105
36 0 .00084
37 0 .00072
38 0 .00052
39 0 .00045
40 0 .00041
41 0 .00029
42 0 .00023
43 0 .00014
44 0 .00012
45 0 .00006
46 0 .00004
47 0 .00002
48 0 .00001
49 0 .00001
50 0 0
51 0 0
100 0 0
*parity 2 divorced
birth 1 F divorced 2
14 0 0
15 0 0
16 0 0
17 0 0
18 0 0
19 0 0
20 0 .00001
21 0 .01343
22 0 .00738
23 0 .00999
24 0 .01948
25 0 .01501
26 0 .01175
27 0 .00563
28 0 .00633
29 0 .00493
30 0 .00279
31 0 .00154
32 0 .00194
33 0 .00156
34 0 .0014
35 0 .00105
36 0 .00084
37 0 .00072
38 0 .00052
39 0 .00045
40 0 .00041
41 0 .00029
42 0 .00023
43 0 .00014
44 0 .00012
45 0 .00006
46 0 .00004
47 0 .00002
48 0 .00001
49 0 .00001
50 0 0
51 0 0
100 0 0
