*parity 0 married
birth 1 F married 0
14 0 0
15 0 .0002
16 0 .00095
17 0 .02957
18 0 .02865
19 0 .03547
20 0 .03383
21 0 .03615
22 0 .03719
23 0 .03847
24 0 .02794
25 0 .02765
26 0 .02086
27 0 .01885
28 0 .01447
29 0 .0102
30 0 .00794
31 0 .00647
32 0 .00517
33 0 .00371
34 0 .00319
35 0 .0024
36 0 .00226
37 0 .00166
38 0 .00156
39 0 .00111
40 0 .00093
41 0 .00071
42 0 .00044
43 0 .00027
44 0 .00019
45 0 .00011
46 0 .00006
47 0 .00003
48 0 .00001
49 0 .00001
50 0 0
51 0 0
100 0 0
*parity 0 single
birth 1 F single 0
14 0 0
15 0 0
16 0 0
17 0 .00001
18 0 .00001
19 0 .00002
20 0 .00003
21 0 .00003
22 0 .00003
23 0 .00003
24 0 .00003
25 0 .00003
26 0 .00003
27 0 .00002
28 0 .00002
29 0 .00002
30 0 .00002
31 0 .00002
32 0 .00002
33 0 .00001
34 0 .00001
35 0 .00001
36 0 .00001
37 0 .00001
38 0 .00001
39 0 .00001
40 0 .00001
41 0 .00001
42 0 0
43 0 0
44 0 0
45 0 0
46 0 0
47 0 0
48 0 0
49 0 0
50 0 0
51 0 0
100 0 0
*parity 0 widowed
birth 1 F widowed 0
14 0 0
15 0 0
16 0 .00002
17 0 .00004
18 0 .00008
19 0 .04888
20 0 .01682
21 0 .0092
22 0 .0152
23 0 .0106
24 0 .00727
25 0 .00404
26 0 .0029
27 0 .00283
28 0 .00204
29 0 .00131
30 0 .00127
31 0 .00058
32 0 .00104
33 0 .00035
34 0 .00033
35 0 .0003
36 0 .0002
37 0 .00017
38 0 .00013
39 0 .00007
40 0 .00007
41 0 .00005
42 0 .00003
43 0 .00002
44 0 .00001
45 0 .00001
46 0 0
47 0 0
48 0 0
49 0 0
50 0 0
51 0 0
100 0 0
*parity 0 divorced
birth 1 F divorced 0
14 0 0
15 0 0
16 0 .00002
17 0 .00004
18 0 .00008
19 0 .04888
20 0 .01682
21 0 .0092
22 0 .0152
23 0 .0106
24 0 .00727
25 0 .00404
26 0 .0029
27 0 .00283
28 0 .00204
29 0 .00131
30 0 .00127
31 0 .00058
32 0 .00104
33 0 .00035
34 0 .00033
35 0 .0003
36 0 .0002
37 0 .00017
38 0 .00013
39 0 .00007
40 0 .00007
41 0 .00005
42 0 .00003
43 0 .00002
44 0 .00001
45 0 .00001
46 0 0
47 0 0
48 0 0
49 0 0
50 0 0
51 0 0
100 0 0
*parity 1 married
birth 1 F married 1
14 0 0
15 0 0
16 0 .00008
17 0 .0003
18 0 .03958
19 0 .02402
20 0 .02995
21 0 .03283
22 0 .04525
23 0 .04185
24 0 .04281
25 0 .05203
26 0 .04173
27 0 .04985
28 0 .05204
29 0 .0386
30 0 .04375
31 0 .03757
32 0 .02977
33 0 .02016
34 0 .02389
35 0 .01545
36 0 .01495
37 0 .01803
38 0 .00798
39 0 .00855
40 0 .00494
41 0 .00395
42 0 .00288
43 0 .00161
44 0 .00142
45 0 .00058
46 0 .00041
47 0 .00018
48 0 .00011
49 0 .00004
50 0 .00001
51 0 .00001
100 0 0
*parity 1 single
birth 1 F single 1
14 0 0
15 0 0
16 0 0
17 0 0
18 0 0
19 0 0
20 0 .00001
21 0 .00001
22 0 .00001
23 0 .00001
24 0 .00001
25 0 .00001
26 0 .00001
27 0 .00001
28 0 .00345
29 0 .00001
30 0 .00001
31 0 .00431
32 0 .00375
33 0 0
34 0 0
35 0 0
36 0 0
37 0 0
38 0 0
39 0 0
40 0 0
41 0 0
42 0 0
43 0 0
44 0 0
45 0 0
46 0 0
47 0 .00002
48 0 0
49 0 0
50 0 0
51 0 0
100 0 0
*parity 1 widowed
birth 1 F widowed 1
14 0 0
15 0 0
16 0 0
17 0 .00001
18 0 .00002
19 0 .03014
20 0 .007
21 0 .06491
22 0 .01391
23 0 .01094
24 0 .00602
25 0 .00489
26 0 .00855
27 0 .00561
28 0 .00417
29 0 .00418
30 0 .00517
31 0 .00405
32 0 .00167
33 0 .00206
34 0 .00146
35 0 .00138
36 0 .00104
37 0 .00055
38 0 .00046
39 0 .00031
40 0 .00037
41 0 .00014
42 0 .00011
43 0 .00007
44 0 .00006
45 0 .00003
46 0 .00002
47 0 .00001
48 0 0
49 0 0
50 0 0
51 0 0
100 0 0
*parity 1 divorced
birth 1 F divorced 1
14 0 0
15 0 0
16 0 0
17 0 .00001
18 0 .00002
19 0 .03014
20 0 .007
21 0 .06491
22 0 .01391
23 0 .01094
24 0 .00602
25 0 .00489
26 0 .00855
27 0 .00561
28 0 .00417
29 0 .00418
30 0 .00517
31 0 .00405
32 0 .00167
33 0 .00206
34 0 .00146
35 0 .00138
36 0 .00104
37 0 .00055
38 0 .00046
39 0 .00031
40 0 .00037
41 0 .00014
42 0 .00011
43 0 .00007
44 0 .00006
45 0 .00003
46 0 .00002
47 0 .00001
48 0 0
49 0 0
50 0 0
51 0 0
100 0 0
*parity 2 married
birth 1 F married 2
14 0 0
15 0 0
16 0 .00001
17 0 .00003
18 0 .05517
19 0 .04522
20 0 .02881
21 0 .0276
22 0 .02559
23 0 .02429
24 0 .02685
25 0 .02264
26 0 .02349
27 0 .02171
28 0 .02177
29 0 .02124
30 0 .02027
31 0 .0171
32 0 .01552
33 0 .01672
34 0 .01539
35 0 .01366
36 0 .01258
37 0 .01175
38 0 .01105
39 0 .00969
40 0 .00842
41 0 .00634
42 0 .00496
43 0 .0036
44 0 .00281
45 0 .00185
46 0 .00101
47 0 .00061
48 0 .00033
49 0 .00017
50 0 .00007
51 0 .00003
100 0 0
*parity 2 single
birth 1 F single 2
14 0 0
15 0 0
16 0 0
17 0 0
18 0 0
19 0 0
20 0 0
21 0 0
22 0 .00001
23 0 .00001
24 0 .00001
25 0 .00001
26 0 .00002
27 0 .00002
28 0 .00002
29 0 .00002
30 0 .00002
31 0 .00002
32 0 .00002
33 0 .00001
34 0 .01135
35 0 .00001
36 0 .00001
37 0 .00001
38 0 .00001
39 0 .00001
40 0 .00001
41 0 .00509
42 0 0
43 0 0
44 0 0
45 0 0
46 0 0
47 0 0
48 0 0
49 0 .00012
50 0 0
51 0 0
100 0 0
*parity 2 widowed
birth 1 F widowed 2
14 0 0
15 0 0
16 0 0
17 0 0
18 0 0
19 0 .00688
20 0 .01588
21 0 .00979
22 0 .01002
23 0 .00621
24 0 .00817
25 0 .0051
26 0 .00759
27 0 .00437
28 0 .0031
29 0 .00279
30 0 .00238
31 0 .00277
32 0 .00246
33 0 .00171
34 0 .0016
35 0 .00175
36 0 .0011
37 0 .00096
38 0 .00085
39 0 .00086
40 0 .00066
41 0 .00043
42 0 .00038
43 0 .00033
44 0 .00015
45 0 .00011
46 0 .00006
47 0 .00004
48 0 .00002
49 0 .00001
50 0 0
51 0 0
100 0 0
*parity 2 divorced
birth 1 F divorced 2
14 0 0
15 0 0
16 0 0
17 0 0
18 0 0
19 0 .00688
20 0 .01588
21 0 .00979
22 0 .01002
23 0 .00621
24 0 .00817
25 0 .0051
26 0 .00759
27 0 .00437
28 0 .0031
29 0 .00279
30 0 .00238
31 0 .00277
32 0 .00246
33 0 .00171
34 0 .0016
35 0 .00175
36 0 .0011
37 0 .00096
38 0 .00085
39 0 .00086
40 0 .00066
41 0 .00043
42 0 .00038
43 0 .00033
44 0 .00015
45 0 .00011
46 0 .00006
47 0 .00004
48 0 .00002
49 0 .00001
50 0 0
51 0 0
100 0 0
