*parity 0 married
birth 1 F married 0
14 0 0
15 0 .0001
16 0 .00043
17 0 .06484
18 0 .03412
19 0 .04079
20 0 .0419
21 0 .0369
22 0 .02961
23 0 .02928
24 0 .01974
25 0 .01947
26 0 .01454
27 0 .01205
28 0 .01126
29 0 .01144
30 0 .01026
31 0 .00584
32 0 .00413
33 0 .00311
34 0 .00247
35 0 .00188
36 0 .00133
37 0 .00107
38 0 .0008
39 0 .00059
40 0 .00042
41 0 .00028
42 0 .00019
43 0 .00012
44 0 .00008
45 0 .00005
46 0 .00003
47 0 .00002
48 0 .00001
49 0 0
50 0 0
51 0 0
100 0 0
*parity 0 single
birth 1 F single 0
14 0 0
15 0 .00013
16 0 .00053
17 0 .00102
18 0 .00175
19 0 .0025
20 0 .00308
21 0 .00331
22 0 .0035
23 0 .00355
24 0 .00356
25 0 .00362
26 0 .00364
27 0 .00378
28 0 .00374
29 0 .00344
30 0 .00324
31 0 .00363
32 0 .00358
33 0 .00346
34 0 .00337
35 0 .00311
36 0 .00302
37 0 .00298
38 0 .00308
39 0 .00293
40 0 .0024
41 0 .00204
42 0 .00166
43 0 .0014
44 0 .00078
45 0 .00064
46 0 .00055
47 0 .0003
48 0 .00014
49 0 .00005
50 0 .00001
51 0 .00001
100 0 0
*parity 0 widowed
birth 1 F widowed 0
14 0 0
15 0 .00002
16 0 .0001
17 0 .48929
18 0 .75727
19 0 .335
20 0 .39056
21 0 .57743
22 0 .15116
23 0 .49068
24 0 .17786
25 0 .07347
26 0 .04049
27 0 .03105
28 0 .02007
29 0 .02173
30 0 .01644
31 0 .01991
32 0 .01065
33 0 .00541
34 0 .00332
35 0 .0025
36 0 .00148
37 0 .00106
38 0 .00057
39 0 .00043
40 0 .00026
41 0 .00015
42 0 .00009
43 0 .00005
44 0 .00003
45 0 .00002
46 0 .00001
47 0 .00001
48 0 0
49 0 0
50 0 0
51 0 0
100 0 0
*parity 0 divorced
birth 1 F divorced 0
14 0 0
15 0 .00002
16 0 .0001
17 0 .48929
18 0 .75727
19 0 .335
20 0 .39056
21 0 .57743
22 0 .15116
23 0 .49068
24 0 .17786
25 0 .07347
26 0 .04049
27 0 .03105
28 0 .02007
29 0 .02173
30 0 .01644
31 0 .01991
32 0 .01065
33 0 .00541
34 0 .00332
35 0 .0025
36 0 .00148
37 0 .00106
38 0 .00057
39 0 .00043
40 0 .00026
41 0 .00015
42 0 .00009
43 0 .00005
44 0 .00003
45 0 .00002
46 0 .00001
47 0 .00001
48 0 0
49 0 0
50 0 0
51 0 0
100 0 0
*parity 1 married
birth 1 F married 1
14 0 0
15 0 0
16 0 .00002
17 0 .00009
18 0 .03244
19 0 .01865
20 0 .01876
21 0 .02558
22 0 .0228
23 0 .02204
24 0 .02115
25 0 .02413
26 0 .02523
27 0 .02229
28 0 .02323
29 0 .02267
30 0 .0186
31 0 .01484
32 0 .01476
33 0 .01318
34 0 .01203
35 0 .00844
36 0 .00722
37 0 .00653
38 0 .00353
39 0 .00317
40 0 .00269
41 0 .00193
42 0 .00125
43 0 .00083
44 0 .00061
45 0 .00033
46 0 .00012
47 0 .00007
48 0 .00002
49 0 .00001
50 0 0
51 0 0
100 0 0
*parity 1 single
birth 1 F single 1
14 0 0
15 0 0
16 0 .07799
17 0 .02568
18 0 .01978
19 0 .02522
20 0 .02386
21 0 .02371
22 0 .02214
23 0 .01826
24 0 .02336
25 0 .02234
26 0 .02257
27 0 .02368
28 0 .02407
29 0 .02404
30 0 .02595
31 0 .02459
32 0 .02829
33 0 .03632
34 0 .03763
35 0 .02966
36 0 .03316
37 0 .0198
38 0 .06026
39 0 .0356
40 0 .04172
41 0 .02852
42 0 .01276
43 0 .01709
44 0 .01681
45 0 .00628
46 0 .00619
47 0 .00292
48 0 0
49 0 0
50 0 .00016
51 0 0
100 0 0
*parity 1 widowed
birth 1 F widowed 1
14 0 0
15 0 0
16 0 .00001
17 0 .00002
18 0 .00005
19 0 .04208
20 0 .02721
21 0 .10788
22 0 .04519
23 0 .01904
24 0 .02331
25 0 .01688
26 0 .028
27 0 .04684
28 0 .02914
29 0 .02082
30 0 .01941
31 0 .01248
32 0 .01724
33 0 .01322
34 0 .00606
35 0 .00417
36 0 .0054
37 0 .00387
38 0 .00219
39 0 .00221
40 0 .00107
41 0 .00065
42 0 .00038
43 0 .00019
44 0 .00014
45 0 .00006
46 0 .00003
47 0 .00001
48 0 0
49 0 0
50 0 0
51 0 0
100 0 0
*parity 1 divorced
birth 1 F divorced 1
14 0 0
15 0 0
16 0 .00001
17 0 .00002
18 0 .00005
19 0 .04208
20 0 .02721
21 0 .10788
22 0 .04519
23 0 .01904
24 0 .02331
25 0 .01688
26 0 .028
27 0 .04684
28 0 .02914
29 0 .02082
30 0 .01941
31 0 .01248
32 0 .01724
33 0 .01322
34 0 .00606
35 0 .00417
36 0 .0054
37 0 .00387
38 0 .00219
39 0 .00221
40 0 .00107
41 0 .00065
42 0 .00038
43 0 .00019
44 0 .00014
45 0 .00006
46 0 .00003
47 0 .00001
48 0 0
49 0 0
50 0 0
51 0 0
100 0 0
*parity 2 married
birth 1 F married 2
14 0 0
15 0 0
16 0 0
17 0 .00001
18 0 .07528
19 0 .02356
20 0 .0174
21 0 .01703
22 0 .01295
23 0 .01303
24 0 .01348
25 0 .01148
26 0 .01197
27 0 .01129
28 0 .01001
29 0 .00882
30 0 .00909
31 0 .00687
32 0 .00582
33 0 .00524
34 0 .00433
35 0 .0042
36 0 .00362
37 0 .00307
38 0 .00269
39 0 .00213
40 0 .00181
41 0 .00143
42 0 .00114
43 0 .00082
44 0 .00057
45 0 .00039
46 0 .00024
47 0 .00014
48 0 .00007
49 0 .00004
50 0 .00001
51 0 .00001
100 0 0
*parity 2 single
birth 1 F single 2
14 0 0
15 0 0
16 0 0
17 0 .02312
18 0 .01836
19 0 .01724
20 0 .02047
21 0 .01725
22 0 .01763
23 0 .01987
24 0 .01655
25 0 .01452
26 0 .01491
27 0 .01421
28 0 .01258
29 0 .01303
30 0 .0112
31 0 .01156
32 0 .01188
33 0 .01108
34 0 .01117
35 0 .00979
36 0 .01075
37 0 .01181
38 0 .01155
39 0 .01091
40 0 .01074
41 0 .01029
42 0 .00717
43 0 .00703
44 0 .00524
45 0 .00385
46 0 .0026
47 0 .00189
48 0 .00109
49 0 .00057
50 0 .0002
51 0 .0001
100 0 0
*parity 2 widowed
birth 1 F widowed 2
14 0 0
15 0 0
16 0 0
17 0 0
18 0 .00001
19 0 .04705
20 0 .1043
21 0 .02315
22 0 .023
23 0 .02893
24 0 .02861
25 0 .01959
26 0 .0096
27 0 .00578
28 0 .00687
29 0 .00586
30 0 .00484
31 0 .00442
32 0 .00329
33 0 .00264
34 0 .00253
35 0 .00225
36 0 .00172
37 0 .00117
38 0 .00106
39 0 .00081
40 0 .00065
41 0 .0005
42 0 .00037
43 0 .00024
44 0 .00016
45 0 .00009
46 0 .00006
47 0 .00003
48 0 .00001
49 0 .00001
50 0 0
51 0 0
100 0 0
*parity 2 divorced
birth 1 F divorced 2
14 0 0
15 0 0
16 0 0
17 0 0
18 0 .00001
19 0 .04705
20 0 .1043
21 0 .02315
22 0 .023
23 0 .02893
24 0 .02861
25 0 .01959
26 0 .0096
27 0 .00578
28 0 .00687
29 0 .00586
30 0 .00484
31 0 .00442
32 0 .00329
33 0 .00264
34 0 .00253
35 0 .00225
36 0 .00172
37 0 .00117
38 0 .00106
39 0 .00081
40 0 .00065
41 0 .0005
42 0 .00037
43 0 .00024
44 0 .00016
45 0 .00009
46 0 .00006
47 0 .00003
48 0 .00001
49 0 .00001
50 0 0
51 0 0
100 0 0
