*parity 0 married
birth 1 F married 0
14 0 0
15 0 .00009
16 0 .00064
17 0 .03445
18 0 .03509
19 0 .04101
20 0 .05236
21 0 .0733
22 0 .07688
23 0 .09444
24 0 .14621
25 0 .15405
26 0 .74477
27 0 .24818
28 0 .17511
29 0 .04544
30 0 .0097
31 0 .00721
32 0 .00279
33 0 .00243
34 0 .00321
35 0 .00308
36 0 .00602
37 0 .00289
38 0 .00399
39 0 .00488
40 0 .00334
41 0 .01052
42 0 .00469
43 0 .01234
44 0 .02384
45 0 .00002
46 0 .00001
47 0 .00001
48 0 0
49 0 0
50 0 .00011
51 0 0
100 0 0
*parity 0 single
birth 1 F single 0
14 0 0
15 0 0
16 0 .00003
17 0 .00008
18 0 .00018
19 0 .00033
20 0 .00047
21 0 .00056
22 0 .00062
23 0 .00056
24 0 .00047
25 0 .00041
26 0 .00034
27 0 .00027
28 0 .0002
29 0 .00013
30 0 .00009
31 0 .00007
32 0 .00006
33 0 .00005
34 0 .00006
35 0 .00006
36 0 .00005
37 0 .0001
38 0 .00021
39 0 .00035
40 0 .00052
41 0 .00096
42 0 .0004
43 0 .00029
44 0 .00023
45 0 .00011
46 0 .00012
47 0 .00006
48 0 0
49 0 0
50 0 0
51 0 0
100 0 0
*parity 0 widowed
birth 1 F widowed 0
14 0 0
15 0 0
16 0 .00003
17 0 .00009
18 0 .07682
19 0 .37936
20 0 .49444
21 0 .00044
22 0 .23031
23 0 .00036
24 0 .1098
25 0 .00023
26 0 .00016
27 0 .00011
28 0 .07554
29 0 .00005
30 0 .00003
31 0 .00441
32 0 .01218
33 0 .00173
34 0 .00188
35 0 .00171
36 0 .00223
37 0 .00268
38 0 .00118
39 0 .00156
40 0 .00149
41 0 .00088
42 0 .00041
43 0 .00044
44 0 .00023
45 0 .00066
46 0 0
47 0 0
48 0 0
49 0 0
50 0 0
51 0 0
100 0 0
*parity 0 divorced
birth 1 F divorced 0
14 0 0
15 0 0
16 0 .00003
17 0 .00009
18 0 .07682
19 0 .37936
20 0 .49444
21 0 .00044
22 0 .23031
23 0 .00036
24 0 .1098
25 0 .00023
26 0 .00016
27 0 .00011
28 0 .07554
29 0 .00005
30 0 .00003
31 0 .00441
32 0 .01218
33 0 .00173
34 0 .00188
35 0 .00171
36 0 .00223
37 0 .00268
38 0 .00118
39 0 .00156
40 0 .00149
41 0 .00088
42 0 .00041
43 0 .00044
44 0 .00023
45 0 .00066
46 0 0
47 0 0
48 0 0
49 0 0
50 0 0
51 0 0
100 0 0
*parity 1 married
birth 1 F married 1
14 0 0
15 0 0
16 0 .00008
17 0 .00032
18 0 .02948
19 0 .0293
20 0 .04673
21 0 .09263
22 0 .1541
23 0 1
24 0 1
25 0 .84545
26 0 .35026
27 0 .31572
28 0 .22261
29 0 .16301
30 0 1
31 0 1
32 0 .96934
33 0 .22839
34 0 .30692
35 0 .12076
36 0 .08915
37 0 .04173
38 0 .10127
39 0 .0469
40 0 .02787
41 0 .01423
42 0 .00621
43 0 .00282
44 0 .00357
45 0 .00148
46 0 .00155
47 0 .00179
48 0 .00077
49 0 .00026
50 0 0
51 0 0
100 0 0
*parity 1 single
birth 1 F single 1
14 0 0
15 0 0
16 0 0
17 0 .00001
18 0 .00004
19 0 .00009
20 0 .09209
21 0 .11748
22 0 .27661
23 0 .07399
24 0 .02359
25 0 .02199
26 0 .02734
27 0 .00016
28 0 .00013
29 0 .10814
30 0 .07244
31 0 .02634
32 0 .00004
33 0 .00891
34 0 .00218
35 0 .00061
36 0 .00038
37 0 .00037
38 0 .00046
39 0 .00052
40 0 .00059
41 0 .00042
42 0 .00026
43 0 .00033
44 0 .00028
45 0 .00009
46 0 .00006
47 0 .00003
48 0 .00003
49 0 .00002
50 0 0
51 0 0
100 0 0
*parity 1 widowed
birth 1 F widowed 1
14 0 0
15 0 0
16 0 0
17 0 .00002
18 0 .05935
19 0 .04401
20 0 .02828
21 0 .28862
22 0 .33979
23 0 .36355
24 0 .00031
25 0 .00028
26 0 .00024
27 0 .0002
28 0 .00016
29 0 .13284
30 0 .0001
31 0 .00007
32 0 .00005
33 0 .00004
34 0 .00003
35 0 .00003
36 0 .02137
37 0 .00002
38 0 .00002
39 0 .00002
40 0 .002
41 0 .00088
42 0 .00104
43 0 .00041
44 0 .00086
45 0 .00011
46 0 .00005
47 0 .00006
48 0 .00001
49 0 .00002
50 0 0
51 0 0
100 0 0
*parity 1 divorced
birth 1 F divorced 1
14 0 0
15 0 0
16 0 0
17 0 .00002
18 0 .05935
19 0 .04401
20 0 .02828
21 0 .28862
22 0 .33979
23 0 .36355
24 0 .00031
25 0 .00028
26 0 .00024
27 0 .0002
28 0 .00016
29 0 .13284
30 0 .0001
31 0 .00007
32 0 .00005
33 0 .00004
34 0 .00003
35 0 .00003
36 0 .02137
37 0 .00002
38 0 .00002
39 0 .00002
40 0 .002
41 0 .00088
42 0 .00104
43 0 .00041
44 0 .00086
45 0 .00011
46 0 .00005
47 0 .00006
48 0 .00001
49 0 .00002
50 0 0
51 0 0
100 0 0
*parity 2 married
birth 1 F married 2
14 0 0
15 0 0
16 0 .00001
17 0 .00004
18 0 .00017
19 0 .02859
20 0 .02512
21 0 .01577
22 0 .0155
23 0 .01638
24 0 .01953
25 0 .0192
26 0 .01812
27 0 .0173
28 0 .01729
29 0 .01731
30 0 .01837
31 0 .01575
32 0 .01639
33 0 .01434
34 0 .01355
35 0 .01342
36 0 .01324
37 0 .01072
38 0 .00921
39 0 .00815
40 0 .00764
41 0 .00551
42 0 .00443
43 0 .00343
44 0 .00255
45 0 .00172
46 0 .00105
47 0 .00062
48 0 .00033
49 0 .00017
50 0 .00008
51 0 .00003
100 0 0
*parity 2 single
birth 1 F single 2
14 0 0
15 0 0
16 0 0
17 0 0
18 0 .00001
19 0 .00002
20 0 .00005
21 0 .01313
22 0 .02084
23 0 .02678
24 0 .02591
25 0 .04023
26 0 .04683
27 0 .02792
28 0 .03332
29 0 .02873
30 0 .04606
31 0 .0377
32 0 .01705
33 0 .01329
34 0 .01037
35 0 .00971
36 0 .00616
37 0 .0119
38 0 .00834
39 0 .00763
40 0 .00544
41 0 .00526
42 0 .00249
43 0 .00137
44 0 .00084
45 0 .00053
46 0 .00045
47 0 .00025
48 0 .00016
49 0 .00007
50 0 .00005
51 0 .00001
100 0 0
*parity 2 widowed
birth 1 F widowed 2
14 0 0
15 0 0
16 0 0
17 0 0
18 0 .00001
19 0 .00003
20 0 .08066
21 0 .02073
22 0 .01002
23 0 .01935
24 0 .01379
25 0 .01765
26 0 .01233
27 0 .01091
28 0 .00729
29 0 .00827
30 0 .0058
31 0 .00528
32 0 .00389
33 0 .0043
34 0 .00328
35 0 .00295
36 0 .00277
37 0 .00246
38 0 .00179
39 0 .00137
40 0 .00104
41 0 .00086
42 0 .00071
43 0 .00044
44 0 .00031
45 0 .00023
46 0 .00011
47 0 .00007
48 0 .00004
49 0 .00002
50 0 .00001
51 0 0
100 0 0
*parity 2 divorced
birth 1 F divorced 2
14 0 0
15 0 0
16 0 0
17 0 0
18 0 .00001
19 0 .00003
20 0 .08066
21 0 .02073
22 0 .01002
23 0 .01935
24 0 .01379
25 0 .01765
26 0 .01233
27 0 .01091
28 0 .00729
29 0 .00827
30 0 .0058
31 0 .00528
32 0 .00389
33 0 .0043
34 0 .00328
35 0 .00295
36 0 .00277
37 0 .00246
38 0 .00179
39 0 .00137
40 0 .00104
41 0 .00086
42 0 .00071
43 0 .00044
44 0 .00031
45 0 .00023
46 0 .00011
47 0 .00007
48 0 .00004
49 0 .00002
50 0 .00001
51 0 0
100 0 0
