*parity 0 married
birth 1 F married 0
14 0 0
15 0 .0002
16 0 .00081
17 0 .04384
18 0 .03809
19 0 .04306
20 0 .05141
21 0 .04886
22 0 .0451
23 0 .03858
24 0 .04802
25 0 .03145
26 0 .02866
27 0 .02907
28 0 .02432
29 0 .01675
30 0 .01128
31 0 .00771
32 0 .00574
33 0 .00454
34 0 .00339
35 0 .00253
36 0 .00218
37 0 .0016
38 0 .00132
39 0 .00087
40 0 .00069
41 0 .00047
42 0 .00029
43 0 .00019
44 0 .00011
45 0 .00007
46 0 .00004
47 0 .00002
48 0 .00001
49 0 0
50 0 0
51 0 0
100 0 0
*parity 0 single
birth 1 F single 0
14 0 0
15 0 .00004
16 0 .00016
17 0 .0003
18 0 .00051
19 0 .00072
20 0 .00088
21 0 .00095
22 0 .00096
23 0 .00096
24 0 .00095
25 0 .00098
26 0 .00097
27 0 .00096
28 0 .00092
29 0 .00094
30 0 .001
31 0 .00106
32 0 .00095
33 0 .00093
34 0 .00095
35 0 .00095
36 0 .00092
37 0 .0009
38 0 .00072
39 0 .00066
40 0 .00071
41 0 .00059
42 0 .00038
43 0 .00032
44 0 .00026
45 0 .00023
46 0 .00009
47 0 .00006
48 0 .00003
49 0 .00001
50 0 0
51 0 .00001
100 0 0
*parity 0 widowed
birth 1 F widowed 0
14 0 0
15 0 .00001
16 0 .00005
17 0 .00009
18 0 .14483
19 0 .05436
20 0 .24435
21 0 .1219
22 0 .22507
23 0 .10658
24 0 .06752
25 0 .00018
26 0 .18049
27 0 .02072
28 0 .01589
29 0 .14428
30 0 .01445
31 0 .00598
32 0 .00525
33 0 .00264
34 0 .00156
35 0 .00121
36 0 .00098
37 0 .00056
38 0 .00032
39 0 .00033
40 0 .00017
41 0 .0001
42 0 .00006
43 0 .00004
44 0 .00003
45 0 .00001
46 0 .00001
47 0 0
48 0 0
49 0 0
50 0 0
51 0 0
100 0 0
*parity 0 divorced
birth 1 F divorced 0
14 0 0
15 0 .00001
16 0 .00005
17 0 .00009
18 0 .14483
19 0 .05436
20 0 .24435
21 0 .1219
22 0 .22507
23 0 .10658
24 0 .06752
25 0 .00018
26 0 .18049
27 0 .02072
28 0 .01589
29 0 .14428
30 0 .01445
31 0 .00598
32 0 .00525
33 0 .00264
34 0 .00156
35 0 .00121
36 0 .00098
37 0 .00056
38 0 .00032
39 0 .00033
40 0 .00017
41 0 .0001
42 0 .00006
43 0 .00004
44 0 .00003
45 0 .00001
46 0 .00001
47 0 0
48 0 0
49 0 0
50 0 0
51 0 0
100 0 0
*parity 1 married
birth 1 F married 1
14 0 0
15 0 0
16 0 .00004
17 0 .00015
18 0 .03667
19 0 .02284
20 0 .01831
21 0 .02307
22 0 .02282
23 0 .02571
24 0 .02626
25 0 .03341
26 0 .03395
27 0 .03327
28 0 .03115
29 0 .03808
30 0 .02804
31 0 .02582
32 0 .02101
33 0 .02091
34 0 .02148
35 0 .01691
36 0 .01235
37 0 .00859
38 0 .00828
39 0 .00666
40 0 .00469
41 0 .00366
42 0 .00268
43 0 .00145
44 0 .0008
45 0 .00057
46 0 .00021
47 0 .00013
48 0 .00004
49 0 .00001
50 0 0
51 0 0
100 0 0
*parity 1 single
birth 1 F single 1
14 0 0
15 0 0
16 0 .00936
17 0 .01614
18 0 .00961
19 0 .05662
20 0 .02412
21 0 .02227
22 0 .02009
23 0 .03002
24 0 .03034
25 0 .02649
26 0 .03085
27 0 .01492
28 0 .02461
29 0 .0334
30 0 .03208
31 0 .05601
32 0 .04957
33 0 .02699
34 0 .02755
35 0 .02225
36 0 .01649
37 0 .01583
38 0 .05051
39 0 .03939
40 0 .01432
41 0 .01883
42 0 .0245
43 0 .00001
44 0 .00804
45 0 0
46 0 .001
47 0 0
48 0 0
49 0 .00006
50 0 .00004
51 0 0
100 0 0
*parity 1 widowed
birth 1 F widowed 1
14 0 0
15 0 0
16 0 0
17 0 .00001
18 0 .00002
19 0 .00005
20 0 .01377
21 0 .01233
22 0 .13148
23 0 .02138
24 0 .04017
25 0 .03136
26 0 .03268
27 0 .03952
28 0 .0161
29 0 .05203
30 0 .02142
31 0 .01074
32 0 .01765
33 0 .00781
34 0 .00629
35 0 .00867
36 0 .00404
37 0 .00234
38 0 .0015
39 0 .00129
40 0 .00066
41 0 .00045
42 0 .00026
43 0 .00019
44 0 .00008
45 0 .00004
46 0 .00002
47 0 .00001
48 0 .00001
49 0 0
50 0 0
51 0 0
100 0 0
*parity 1 divorced
birth 1 F divorced 1
14 0 0
15 0 0
16 0 0
17 0 .00001
18 0 .00002
19 0 .00005
20 0 .01377
21 0 .01233
22 0 .13148
23 0 .02138
24 0 .04017
25 0 .03136
26 0 .03268
27 0 .03952
28 0 .0161
29 0 .05203
30 0 .02142
31 0 .01074
32 0 .01765
33 0 .00781
34 0 .00629
35 0 .00867
36 0 .00404
37 0 .00234
38 0 .0015
39 0 .00129
40 0 .00066
41 0 .00045
42 0 .00026
43 0 .00019
44 0 .00008
45 0 .00004
46 0 .00002
47 0 .00001
48 0 .00001
49 0 0
50 0 0
51 0 0
100 0 0
*parity 2 married
birth 1 F married 2
14 0 0
15 0 0
16 0 0
17 0 .00001
18 0 .00005
19 0 .0266
20 0 .0169
21 0 .01404
22 0 .01405
23 0 .01189
24 0 .01102
25 0 .01037
26 0 .01006
27 0 .01015
28 0 .01026
29 0 .00898
30 0 .00907
31 0 .00753
32 0 .00792
33 0 .00668
34 0 .00568
35 0 .00501
36 0 .00433
37 0 .00388
38 0 .00321
39 0 .0027
40 0 .00206
41 0 .00167
42 0 .00129
43 0 .00098
44 0 .00067
45 0 .00043
46 0 .00024
47 0 .00015
48 0 .00007
49 0 .00004
50 0 .00001
51 0 .00001
100 0 0
*parity 2 single
birth 1 F single 2
14 0 0
15 0 0
16 0 0
17 0 0
18 0 .0096
19 0 .03043
20 0 .00006
21 0 .01279
22 0 .02858
23 0 .01572
24 0 .01742
25 0 .0118
26 0 .01243
27 0 .01283
28 0 .01431
29 0 .0115
30 0 .01299
31 0 .01971
32 0 .01662
33 0 .02115
34 0 .01958
35 0 .01545
36 0 .01686
37 0 .02617
38 0 .01692
39 0 .01323
40 0 .03118
41 0 .01159
42 0 .00811
43 0 .00772
44 0 .01684
45 0 .00967
46 0 .0059
47 0 .00292
48 0 .00151
49 0 .00077
50 0 .00083
51 0 .00012
100 0 0
*parity 2 widowed
birth 1 F widowed 2
14 0 0
15 0 0
16 0 0
17 0 0
18 0 0
19 0 .00001
20 0 .02008
21 0 .00717
22 0 .00534
23 0 .01469
24 0 .00401
25 0 .00429
26 0 .00546
27 0 .00492
28 0 .00492
29 0 .00289
30 0 .00219
31 0 .00242
32 0 .00187
33 0 .0017
34 0 .00157
35 0 .00142
36 0 .00096
37 0 .00085
38 0 .00067
39 0 .00053
40 0 .00043
41 0 .00028
42 0 .00023
43 0 .00013
44 0 .0001
45 0 .00006
46 0 .00004
47 0 .00002
48 0 .00001
49 0 0
50 0 0
51 0 0
100 0 0
*parity 2 divorced
birth 1 F divorced 2
14 0 0
15 0 0
16 0 0
17 0 0
18 0 0
19 0 .00001
20 0 .02008
21 0 .00717
22 0 .00534
23 0 .01469
24 0 .00401
25 0 .00429
26 0 .00546
27 0 .00492
28 0 .00492
29 0 .00289
30 0 .00219
31 0 .00242
32 0 .00187
33 0 .0017
34 0 .00157
35 0 .00142
36 0 .00096
37 0 .00085
38 0 .00067
39 0 .00053
40 0 .00043
41 0 .00028
42 0 .00023
43 0 .00013
44 0 .0001
45 0 .00006
46 0 .00004
47 0 .00002
48 0 .00001
49 0 0
50 0 0
51 0 0
100 0 0
