*parity 0 married
birth 1 F married 0
14 0 0
15 0 .0002
16 0 .00083
17 0 .05301
18 0 .04839
19 0 .06355
20 0 .06638
21 0 .05798
22 0 .07374
23 0 .09241
24 0 .12148
25 0 .17261
26 0 .18293
27 0 .10998
28 0 .10046
29 0 .0883
30 0 .03621
31 0 .02951
32 0 .01563
33 0 .01288
34 0 .00755
35 0 .00627
36 0 .00414
37 0 .00325
38 0 .00248
39 0 .00233
40 0 .0017
41 0 .00111
42 0 .00065
43 0 .00039
44 0 .00024
45 0 .00016
46 0 .00009
47 0 .00005
48 0 .00002
49 0 .00001
50 0 0
51 0 0
100 0 0
*parity 0 single
birth 1 F single 0
14 0 0
15 0 .00004
16 0 .00015
17 0 .00029
18 0 .00049
19 0 .0007
20 0 .00086
21 0 .00096
22 0 .00094
23 0 .00091
24 0 .00097
25 0 .00094
26 0 .00095
27 0 .00096
28 0 .00098
29 0 .0011
30 0 .00113
31 0 .00118
32 0 .00125
33 0 .00113
34 0 .00129
35 0 .00115
36 0 .00119
37 0 .00106
38 0 .00097
39 0 .00077
40 0 .00086
41 0 .00049
42 0 .0004
43 0 .00043
44 0 .00041
45 0 .00035
46 0 .00012
47 0 .00007
48 0 .00004
49 0 .00002
50 0 0
51 0 0
100 0 0
*parity 0 widowed
birth 1 F widowed 0
14 0 0
15 0 .00001
16 0 .00005
17 0 .14816
18 0 .12474
19 0 .34735
20 0 .19791
21 0 .00025
22 0 .00024
23 0 .36159
24 0 .32446
25 0 .00019
26 0 .2727
27 0 .00017
28 0 .00016
29 0 .2084
30 0 .09445
31 0 .15029
32 0 .13012
33 0 .02048
34 0 .01548
35 0 .00824
36 0 .00375
37 0 .00171
38 0 .00132
39 0 .00093
40 0 .00047
41 0 .00026
42 0 .00015
43 0 .00008
44 0 .00005
45 0 .00002
46 0 .00001
47 0 .00001
48 0 0
49 0 0
50 0 0
51 0 0
100 0 0
*parity 0 divorced
birth 1 F divorced 0
14 0 0
15 0 .00001
16 0 .00005
17 0 .14816
18 0 .12474
19 0 .34735
20 0 .19791
21 0 .00025
22 0 .00024
23 0 .36159
24 0 .32446
25 0 .00019
26 0 .2727
27 0 .00017
28 0 .00016
29 0 .2084
30 0 .09445
31 0 .15029
32 0 .13012
33 0 .02048
34 0 .01548
35 0 .00824
36 0 .00375
37 0 .00171
38 0 .00132
39 0 .00093
40 0 .00047
41 0 .00026
42 0 .00015
43 0 .00008
44 0 .00005
45 0 .00002
46 0 .00001
47 0 .00001
48 0 0
49 0 0
50 0 0
51 0 0
100 0 0
*parity 1 married
birth 1 F married 1
14 0 0
15 0 0
16 0 .00004
17 0 .00016
18 0 .05177
19 0 .02551
20 0 .01677
21 0 .02147
22 0 .02758
23 0 .02593
24 0 .01842
25 0 .01909
26 0 .01879
27 0 .02057
28 0 .01889
29 0 .01426
30 0 .01717
31 0 .0156
32 0 .01056
33 0 .0098
34 0 .00901
35 0 .00699
36 0 .00643
37 0 .00558
38 0 .00422
39 0 .003
40 0 .00212
41 0 .00134
42 0 .00119
43 0 .00074
44 0 .00037
45 0 .00021
46 0 .00015
47 0 .00007
48 0 .00002
49 0 .00001
50 0 0
51 0 0
100 0 0
*parity 1 single
birth 1 F single 1
14 0 0
15 0 0
16 0 .00001
17 0 .04391
18 0 .01338
19 0 .03521
20 0 .039
21 0 .03073
22 0 .0298
23 0 .03206
24 0 .03401
25 0 .031
26 0 .03425
27 0 .03607
28 0 .03041
29 0 .03123
30 0 .04218
31 0 .05954
32 0 .09858
33 0 .20503
34 0 .16122
35 0 .00019
36 0 .19196
37 0 .14467
38 0 .03896
39 0 .04298
40 0 .06137
41 0 .0158
42 0 .00002
43 0 .01851
44 0 .00538
45 0 0
46 0 .00073
47 0 .00142
48 0 0
49 0 .00011
50 0 0
51 0 0
100 0 0
*parity 1 widowed
birth 1 F widowed 1
14 0 0
15 0 0
16 0 0
17 0 .00001
18 0 .0209
19 0 .02139
20 0 .01693
21 0 .01601
22 0 .01552
23 0 .0197
24 0 .01181
25 0 .00961
26 0 .04162
27 0 .01138
28 0 .00784
29 0 .01198
30 0 .00814
31 0 .0062
32 0 .00311
33 0 .00237
34 0 .00193
35 0 .00133
36 0 .00109
37 0 .001
38 0 .00058
39 0 .00037
40 0 .00027
41 0 .00016
42 0 .00012
43 0 .00006
44 0 .00003
45 0 .00002
46 0 .00001
47 0 0
48 0 0
49 0 0
50 0 0
51 0 0
100 0 0
*parity 1 divorced
birth 1 F divorced 1
14 0 0
15 0 0
16 0 0
17 0 .00001
18 0 .0209
19 0 .02139
20 0 .01693
21 0 .01601
22 0 .01552
23 0 .0197
24 0 .01181
25 0 .00961
26 0 .04162
27 0 .01138
28 0 .00784
29 0 .01198
30 0 .00814
31 0 .0062
32 0 .00311
33 0 .00237
34 0 .00193
35 0 .00133
36 0 .00109
37 0 .001
38 0 .00058
39 0 .00037
40 0 .00027
41 0 .00016
42 0 .00012
43 0 .00006
44 0 .00003
45 0 .00002
46 0 .00001
47 0 0
48 0 0
49 0 0
50 0 0
51 0 0
100 0 0
*parity 2 married
birth 1 F married 2
14 0 0
15 0 0
16 0 0
17 0 .00001
18 0 .00425
19 0 .00737
20 0 .0146
21 0 .0089
22 0 .00908
23 0 .01073
24 0 .01062
25 0 .01128
26 0 .00991
27 0 .00914
28 0 .00877
29 0 .00752
30 0 .0065
31 0 .00578
32 0 .00622
33 0 .00566
34 0 .00493
35 0 .0045
36 0 .00384
37 0 .00346
38 0 .00303
39 0 .00249
40 0 .00201
41 0 .00173
42 0 .00128
43 0 .00091
44 0 .00068
45 0 .00044
46 0 .00026
47 0 .00014
48 0 .00008
49 0 .00004
50 0 .00001
51 0 .00001
100 0 0
*parity 2 single
birth 1 F single 2
14 0 0
15 0 0
16 0 0
17 0 0
18 0 .00001
19 0 .04483
20 0 .02416
21 0 .01308
22 0 .01868
23 0 .02201
24 0 .01353
25 0 .01264
26 0 .01203
27 0 .01492
28 0 .01587
29 0 .01329
30 0 .02061
31 0 .01534
32 0 .01715
33 0 .01359
34 0 .01949
35 0 .01793
36 0 .03044
37 0 .01775
38 0 .02225
39 0 .02373
40 0 .01783
41 0 .02076
42 0 .01017
43 0 .02528
44 0 .01034
45 0 .00796
46 0 .0138
47 0 .0032
48 0 .00143
49 0 .0022
50 0 0
51 0 .00018
100 0 0
*parity 2 widowed
birth 1 F widowed 2
14 0 0
15 0 0
16 0 0
17 0 0
18 0 0
19 0 .01557
20 0 .01119
21 0 .00908
22 0 .00741
23 0 .00812
24 0 .00738
25 0 .00595
26 0 .00437
27 0 .00379
28 0 .00337
29 0 .00339
30 0 .00241
31 0 .00193
32 0 .00159
33 0 .00139
34 0 .0012
35 0 .0011
36 0 .00097
37 0 .00068
38 0 .00057
39 0 .00045
40 0 .00037
41 0 .00026
42 0 .00017
43 0 .00013
44 0 .00009
45 0 .00005
46 0 .00003
47 0 .00002
48 0 .00001
49 0 0
50 0 0
51 0 0
100 0 0
*parity 2 divorced
birth 1 F divorced 2
14 0 0
15 0 0
16 0 0
17 0 0
18 0 0
19 0 .01557
20 0 .01119
21 0 .00908
22 0 .00741
23 0 .00812
24 0 .00738
25 0 .00595
26 0 .00437
27 0 .00379
28 0 .00337
29 0 .00339
30 0 .00241
31 0 .00193
32 0 .00159
33 0 .00139
34 0 .0012
35 0 .0011
36 0 .00097
37 0 .00068
38 0 .00057
39 0 .00045
40 0 .00037
41 0 .00026
42 0 .00017
43 0 .00013
44 0 .00009
45 0 .00005
46 0 .00003
47 0 .00002
48 0 .00001
49 0 0
50 0 0
51 0 0
100 0 0
