*parity all married
birth 1 F married 0
14 0 0
15 0 .00824
16 0 .00791
17 0 .00851
18 0 .01034
19 0 .01381
20 0 .01815
21 0 .02184
22 0 .02392
23 0 .02463
24 0 .02452
25 0 .0233
26 0 .02133
27 0 .01892
28 0 .01718
29 0 .01583
30 0 .01522
31 0 .01415
32 0 .01374
33 0 .01349
34 0 .01396
35 0 .01421
36 0 .01444
37 0 .01445
38 0 .01448
39 0 .01422
40 0 .01382
41 0 .01272
42 0 .01182
43 0 .01097
44 0 .01038
45 0 .00977
46 0 .00926
47 0 .00897
48 0 .00875
49 0 .00862
50 0 .00855
51 0 .00851
100 0 0
*parity all single
birth 1 F single 0
14 0 0
15 0 .00824
16 0 .00791
17 0 .00851
18 0 .01034
19 0 .01381
20 0 .01815
21 0 .02184
22 0 .02392
23 0 .02463
24 0 .02452
25 0 .0233
26 0 .02133
27 0 .01892
28 0 .01718
29 0 .01583
30 0 .01522
31 0 .01415
32 0 .01374
33 0 .01349
34 0 .01396
35 0 .01421
36 0 .01444
37 0 .01445
38 0 .01448
39 0 .01422
40 0 .01382
41 0 .01272
42 0 .01182
43 0 .01097
44 0 .01038
45 0 .00977
46 0 .00926
47 0 .00897
48 0 .00875
49 0 .00862
50 0 .00855
51 0 .00851
100 0 0
*parity all widowed
birth 1 F widowed 0
14 0 0
15 0 .00824
16 0 .00791
17 0 .00851
18 0 .01034
19 0 .01381
20 0 .01815
21 0 .02184
22 0 .02392
23 0 .02463
24 0 .02452
25 0 .0233
26 0 .02133
27 0 .01892
28 0 .01718
29 0 .01583
30 0 .01522
31 0 .01415
32 0 .01374
33 0 .01349
34 0 .01396
35 0 .01421
36 0 .01444
37 0 .01445
38 0 .01448
39 0 .01422
40 0 .01382
41 0 .01272
42 0 .01182
43 0 .01097
44 0 .01038
45 0 .00977
46 0 .00926
47 0 .00897
48 0 .00875
49 0 .00862
50 0 .00855
51 0 .00851
100 0 0
*parity all divorced
birth 1 F divorced 0
14 0 0
15 0 .00824
16 0 .00791
17 0 .00851
18 0 .01034
19 0 .01381
20 0 .01815
21 0 .02184
22 0 .02392
23 0 .02463
24 0 .02452
25 0 .0233
26 0 .02133
27 0 .01892
28 0 .01718
29 0 .01583
30 0 .01522
31 0 .01415
32 0 .01374
33 0 .01349
34 0 .01396
35 0 .01421
36 0 .01444
37 0 .01445
38 0 .01448
39 0 .01422
40 0 .01382
41 0 .01272
42 0 .01182
43 0 .01097
44 0 .01038
45 0 .00977
46 0 .00926
47 0 .00897
48 0 .00875
49 0 .00862
50 0 .00855
51 0 .00851
100 0 0
