*parity 0 married
birth 1 F married 0
14 0 0
15 0 .00039
16 0 .00065
17 0 .02822
18 0 .0234
19 0 .03664
20 0 .03937
21 0 .04249
22 0 .03902
23 0 .03563
24 0 .03161
25 0 .02169
26 0 .01423
27 0 .00713
28 0 .00338
29 0 .0011
30 0 .00034
31 0 0
32 0 .00007
33 0 .00025
34 0 .00068
35 0 .001
36 0 .00114
37 0 .00119
38 0 .00131
39 0 .00168
40 0 .00155
41 0 .00161
42 0 .00166
43 0 .00185
44 0 .00175
45 0 .00161
46 0 .00167
47 0 .00193
48 0 .00183
49 0 .00214
50 0 .00215
51 0 .00214
100 0 0
*parity 0 single
birth 1 F single 0
14 0 0
15 0 .00003
16 0 .00006
17 0 .00014
18 0 .00033
19 0 .00059
20 0 .00092
21 0 .00111
22 0 .00123
23 0 .00114
24 0 .00098
25 0 .00086
26 0 .00071
27 0 .00049
28 0 .00026
29 0 .00014
30 0 .00005
31 0 0
32 0 .00001
33 0 .00006
34 0 .00015
35 0 .00023
36 0 .00035
37 0 .00046
38 0 .00057
39 0 .0007
40 0 .0009
41 0 .00092
42 0 .00089
43 0 .0011
44 0 .00113
45 0 .00133
46 0 .00188
47 0 .00185
48 0 .00214
49 0 .00139
50 0 .00194
51 0 .00199
100 0 0
*parity 0 widowed
birth 1 F widowed 0
14 0 0
15 0 .00006
16 0 .00011
17 0 .11941
18 0 .24751
19 0 .61426
20 0 .56179
21 0 .62237
22 0 .92077
23 0 .39292
24 0 .00084
25 0 .11803
26 0 .30574
27 0 .07805
28 0 .0097
29 0 .0028
30 0 .00094
31 0 0
32 0 .00015
33 0 .00047
34 0 .00068
35 0 .00102
36 0 .00099
37 0 .00098
38 0 .00117
39 0 .00097
40 0 .00097
41 0 .00087
42 0 .00085
43 0 .00075
44 0 .00072
45 0 .0006
46 0 .00062
47 0 .00057
48 0 .00064
49 0 .00065
50 0 .00053
51 0 .00053
100 0 0
*parity 0 divorced
birth 1 F divorced 0
14 0 0
15 0 .00006
16 0 .00011
17 0 .11941
18 0 .24751
19 0 .61426
20 0 .56179
21 0 .62237
22 0 .92077
23 0 .39292
24 0 .00084
25 0 .11803
26 0 .30574
27 0 .07805
28 0 .0097
29 0 .0028
30 0 .00094
31 0 0
32 0 .00015
33 0 .00047
34 0 .00068
35 0 .00102
36 0 .00099
37 0 .00098
38 0 .00117
39 0 .00097
40 0 .00097
41 0 .00087
42 0 .00085
43 0 .00075
44 0 .00072
45 0 .0006
46 0 .00062
47 0 .00057
48 0 .00064
49 0 .00065
50 0 .00053
51 0 .00053
100 0 0
*parity 1 married
birth 1 F married 1
14 0 0
15 0 .0004
16 0 .00045
17 0 .00065
18 0 .05155
19 0 .04614
20 0 .0467
21 0 .05641
22 0 .05101
23 0 .06154
24 0 .05745
25 0 .04825
26 0 .05409
27 0 .03875
28 0 .03686
29 0 .04087
30 0 .03066
31 0 .02339
32 0 .02086
33 0 .02878
34 0 .03951
35 0 .02382
36 0 .02033
37 0 .0242
38 0 .03282
39 0 .01699
40 0 .02284
41 0 .01569
42 0 .02145
43 0 .01257
44 0 .01411
45 0 .01465
46 0 .0093
47 0 .01099
48 0 .01195
49 0 .0126
50 0 .01513
51 0 .01824
100 0 0
*parity 1 single
birth 1 F single 1
14 0 0
15 0 .00003
16 0 .00004
17 0 .03908
18 0 .14964
19 0 .0002
20 0 .11461
21 0 .05217
22 0 .05444
23 0 .07116
24 0 .05433
25 0 .10023
26 0 .1136
27 0 .08005
28 0 .15263
29 0 .05233
30 0 .00012
31 0 .00008
32 0 .06944
33 0 .00004
34 0 .00004
35 0 .00004
36 0 .00005
37 0 .00005
38 0 .00005
39 0 .06239
40 0 .06044
41 0 .05895
42 0 .00004
43 0 .00004
44 0 .00004
45 0 .00004
46 0 .00003
47 0 .02065
48 0 .00003
49 0 .00003
50 0 .00003
51 0 .03582
100 0 0
*parity 1 widowed
birth 1 F widowed 1
14 0 0
15 0 .00006
16 0 .00007
17 0 .14901
18 0 .0002
19 0 .08761
20 0 .05827
21 0 .05189
22 0 .05588
23 0 .04033
24 0 .05386
25 0 .06034
26 0 .03008
27 0 .01624
28 0 .01141
29 0 .01478
30 0 .01384
31 0 .0063
32 0 .00602
33 0 .00542
34 0 .02058
35 0 .01551
36 0 .0156
37 0 .02284
38 0 .0102
39 0 .00496
40 0 .00549
41 0 .00562
42 0 .00489
43 0 .00392
44 0 .00369
45 0 .00348
46 0 .00334
47 0 .00239
48 0 .00296
49 0 .00312
50 0 .00274
51 0 .0031
100 0 0
*parity 1 divorced
birth 1 F divorced 1
14 0 0
15 0 .00006
16 0 .00007
17 0 .14901
18 0 .0002
19 0 .08761
20 0 .05827
21 0 .05189
22 0 .05588
23 0 .04033
24 0 .05386
25 0 .06034
26 0 .03008
27 0 .01624
28 0 .01141
29 0 .01478
30 0 .01384
31 0 .0063
32 0 .00602
33 0 .00542
34 0 .02058
35 0 .01551
36 0 .0156
37 0 .02284
38 0 .0102
39 0 .00496
40 0 .00549
41 0 .00562
42 0 .00489
43 0 .00392
44 0 .00369
45 0 .00348
46 0 .00334
47 0 .00239
48 0 .00296
49 0 .00312
50 0 .00274
51 0 .0031
100 0 0
*parity 2 married
birth 1 F married 2
14 0 0
15 0 .00039
16 0 .0004
17 0 .00042
18 0 .00055
19 0 .06624
20 0 .03404
21 0 .03683
22 0 .03359
23 0 .0317
24 0 .03357
25 0 .03373
26 0 .0268
27 0 .02628
28 0 .02697
29 0 .02424
30 0 .02441
31 0 .02296
32 0 .02075
33 0 .02039
34 0 .01917
35 0 .01889
36 0 .01994
37 0 .01913
38 0 .01738
39 0 .01557
40 0 .01358
41 0 .01118
42 0 .0088
43 0 .00638
44 0 .00539
45 0 .0042
46 0 .00298
47 0 .00228
48 0 .00163
49 0 .00128
50 0 .0012
51 0 .00111
100 0 0
*parity 2 single
birth 1 F single 2
14 0 0
15 0 .00003
16 0 .00003
17 0 .00004
18 0 .00005
19 0 .00008
20 0 .0678
21 0 .03983
22 0 .0439
23 0 .08631
24 0 .05446
25 0 .06014
26 0 .11338
27 0 .06784
28 0 .10718
29 0 .06115
30 0 .09517
31 0 .08641
32 0 .15056
33 0 .12207
34 0 .10535
35 0 .1379
36 0 .18552
37 0 .2319
38 0 .15694
39 0 .15186
40 0 .538
41 0 .22568
42 0 .16761
43 0 .05302
44 0 .06593
45 0 .07508
46 0 .05325
47 0 .08089
48 0 .01966
49 0 .00004
50 0 .00004
51 0 .0125
100 0 0
*parity 2 widowed
birth 1 F widowed 2
14 0 0
15 0 .00006
16 0 .00007
17 0 .00007
18 0 .00009
19 0 .10241
20 0 .38777
21 0 .34168
22 0 .27198
23 0 .14809
24 0 .0706
25 0 .0361
26 0 .03302
27 0 .04678
28 0 .02957
29 0 .02099
30 0 .01893
31 0 .01486
32 0 .0146
33 0 .01018
34 0 .00962
35 0 .00844
36 0 .00733
37 0 .00709
38 0 .0065
39 0 .00526
40 0 .00529
41 0 .00373
42 0 .00263
43 0 .00207
44 0 .00146
45 0 .00109
46 0 .00074
47 0 .00051
48 0 .00041
49 0 .00033
50 0 .00028
51 0 .00026
100 0 0
*parity 2 divorced
birth 1 F divorced 2
14 0 0
15 0 .00006
16 0 .00007
17 0 .00007
18 0 .00009
19 0 .10241
20 0 .38777
21 0 .34168
22 0 .27198
23 0 .14809
24 0 .0706
25 0 .0361
26 0 .03302
27 0 .04678
28 0 .02957
29 0 .02099
30 0 .01893
31 0 .01486
32 0 .0146
33 0 .01018
34 0 .00962
35 0 .00844
36 0 .00733
37 0 .00709
38 0 .0065
39 0 .00526
40 0 .00529
41 0 .00373
42 0 .00263
43 0 .00207
44 0 .00146
45 0 .00109
46 0 .00074
47 0 .00051
48 0 .00041
49 0 .00033
50 0 .00028
51 0 .00026
100 0 0
