*parity all married
birth 1 F married 0
14 0 0
15 0 .00988
16 0 .00941
17 0 .00986
18 0 .01153
19 0 .01488
20 0 .01918
21 0 .02287
22 0 .02494
23 0 .02561
24 0 .02545
25 0 .02416
26 0 .02209
27 0 .0196
28 0 .0178
29 0 .01645
30 0 .01589
31 0 .01489
32 0 .01458
33 0 .01444
34 0 .01505
35 0 .01543
36 0 .01578
37 0 .01589
38 0 .01601
39 0 .01582
40 0 .01548
41 0 .0144
42 0 .01352
43 0 .01267
44 0 .01209
45 0 .01148
46 0 .01097
47 0 .01068
48 0 .01044
49 0 .01032
50 0 .01024
51 0 .0102
100 0 0
*parity all single
birth 1 F single 0
14 0 0
15 0 .00988
16 0 .00941
17 0 .00986
18 0 .01153
19 0 .01488
20 0 .01918
21 0 .02287
22 0 .02494
23 0 .02561
24 0 .02545
25 0 .02416
26 0 .02209
27 0 .0196
28 0 .0178
29 0 .01645
30 0 .01589
31 0 .01489
32 0 .01458
33 0 .01444
34 0 .01505
35 0 .01543
36 0 .01578
37 0 .01589
38 0 .01601
39 0 .01582
40 0 .01548
41 0 .0144
42 0 .01352
43 0 .01267
44 0 .01209
45 0 .01148
46 0 .01097
47 0 .01068
48 0 .01044
49 0 .01032
50 0 .01024
51 0 .0102
100 0 0
*parity all widowed
birth 1 F widowed 0
14 0 0
15 0 .00988
16 0 .00941
17 0 .00986
18 0 .01153
19 0 .01488
20 0 .01918
21 0 .02287
22 0 .02494
23 0 .02561
24 0 .02545
25 0 .02416
26 0 .02209
27 0 .0196
28 0 .0178
29 0 .01645
30 0 .01589
31 0 .01489
32 0 .01458
33 0 .01444
34 0 .01505
35 0 .01543
36 0 .01578
37 0 .01589
38 0 .01601
39 0 .01582
40 0 .01548
41 0 .0144
42 0 .01352
43 0 .01267
44 0 .01209
45 0 .01148
46 0 .01097
47 0 .01068
48 0 .01044
49 0 .01032
50 0 .01024
51 0 .0102
100 0 0
*parity all divorced
birth 1 F divorced 0
14 0 0
15 0 .00988
16 0 .00941
17 0 .00986
18 0 .01153
19 0 .01488
20 0 .01918
21 0 .02287
22 0 .02494
23 0 .02561
24 0 .02545
25 0 .02416
26 0 .02209
27 0 .0196
28 0 .0178
29 0 .01645
30 0 .01589
31 0 .01489
32 0 .01458
33 0 .01444
34 0 .01505
35 0 .01543
36 0 .01578
37 0 .01589
38 0 .01601
39 0 .01582
40 0 .01548
41 0 .0144
42 0 .01352
43 0 .01267
44 0 .01209
45 0 .01148
46 0 .01097
47 0 .01068
48 0 .01044
49 0 .01032
50 0 .01024
51 0 .0102
100 0 0
