*parity 0 married
birth 1 F married 0
14 0 0
15 0 .00024
16 0 .00104
17 0 .04676
18 0 .02447
19 0 .0283
20 0 .02968
21 0 .03538
22 0 .04125
23 0 .04183
24 0 .05444
25 0 .04494
26 0 .0475
27 0 .05774
28 0 .12299
29 0 .11029
30 0 .20608
31 0 .31457
32 0 .36704
33 0 .0346
34 0 .02169
35 0 .03638
36 0 .01611
37 0 .00943
38 0 .00609
39 0 .00418
40 0 .00309
41 0 .00184
42 0 .00128
43 0 .0008
44 0 .00052
45 0 .00031
46 0 .00014
47 0 .00007
48 0 .00004
49 0 .00001
50 0 0
51 0 0
100 0 0
*parity 0 single
birth 1 F single 0
14 0 0
15 0 0
16 0 .00001
17 0 .00003
18 0 .00005
19 0 .00008
20 0 .00012
21 0 .00013
22 0 .00014
23 0 .00014
24 0 .00015
25 0 .00015
26 0 .00016
27 0 .00014
28 0 .00014
29 0 .00013
30 0 .00014
31 0 .00012
32 0 .00011
33 0 .00011
34 0 .00009
35 0 .0001
36 0 .00009
37 0 .00009
38 0 .00008
39 0 .00005
40 0 .00004
41 0 .00003
42 0 .00003
43 0 .00001
44 0 .00002
45 0 .00001
46 0 0
47 0 0
48 0 0
49 0 0
50 0 0
51 0 0
100 0 0
*parity 0 widowed
birth 1 F widowed 0
14 0 0
15 0 .00001
16 0 .00003
17 0 .04953
18 0 .04526
19 0 .24808
20 0 .07932
21 0 .04315
22 0 .0294
23 0 .03589
24 0 .02595
25 0 .00014
26 0 .13312
27 0 .11291
28 0 .0501
29 0 .08626
30 0 .00007
31 0 .01025
32 0 .02392
33 0 .02029
34 0 .00831
35 0 .00652
36 0 .0035
37 0 .002
38 0 .0006
39 0 .00095
40 0 .00068
41 0 .00033
42 0 .00021
43 0 .00012
44 0 .00004
45 0 .00002
46 0 .00002
47 0 .00001
48 0 0
49 0 0
50 0 0
51 0 0
100 0 0
*parity 0 divorced
birth 1 F divorced 0
14 0 0
15 0 .00001
16 0 .00003
17 0 .04953
18 0 .04526
19 0 .24808
20 0 .07932
21 0 .04315
22 0 .0294
23 0 .03589
24 0 .02595
25 0 .00014
26 0 .13312
27 0 .11291
28 0 .0501
29 0 .08626
30 0 .00007
31 0 .01025
32 0 .02392
33 0 .02029
34 0 .00831
35 0 .00652
36 0 .0035
37 0 .002
38 0 .0006
39 0 .00095
40 0 .00068
41 0 .00033
42 0 .00021
43 0 .00012
44 0 .00004
45 0 .00002
46 0 .00002
47 0 .00001
48 0 0
49 0 0
50 0 0
51 0 0
100 0 0
*parity 1 married
birth 1 F married 1
14 0 0
15 0 0
16 0 .00007
17 0 .00025
18 0 .0286
19 0 .01983
20 0 .02265
21 0 .02305
22 0 .02155
23 0 .02484
24 0 .02194
25 0 .02446
26 0 .03136
27 0 .03932
28 0 .03665
29 0 .05548
30 0 .03829
31 0 .0452
32 0 .02798
33 0 .02584
34 0 .03409
35 0 .04987
36 0 .02225
37 0 .01849
38 0 .00877
39 0 .00797
40 0 .00584
41 0 .00681
42 0 .00389
43 0 .00188
44 0 .00104
45 0 .00054
46 0 .00027
47 0 .00011
48 0 .00005
49 0 .00002
50 0 0
51 0 0
100 0 0
*parity 1 single
birth 1 F single 1
14 0 0
15 0 0
16 0 0
17 0 0
18 0 .0126
19 0 .02503
20 0 .02198
21 0 .05545
22 0 .05491
23 0 .06033
24 0 .06636
25 0 .00005
26 0 .00005
27 0 .04542
28 0 .00004
29 0 .03898
30 0 .00003
31 0 .00003
32 0 .02499
33 0 .00002
34 0 .00002
35 0 .01485
36 0 .00001
37 0 .00001
38 0 .00001
39 0 .00001
40 0 .00137
41 0 .00284
42 0 0
43 0 0
44 0 0
45 0 0
46 0 .00018
47 0 0
48 0 .00004
49 0 0
50 0 0
51 0 0
100 0 0
*parity 1 widowed
birth 1 F widowed 1
14 0 0
15 0 0
16 0 0
17 0 .00001
18 0 .00002
19 0 .02284
20 0 .02406
21 0 .01686
22 0 .01366
23 0 .01101
24 0 .00626
25 0 .00936
26 0 .01061
27 0 .00956
28 0 .01064
29 0 .00762
30 0 .00534
31 0 .00442
32 0 .00402
33 0 .00337
34 0 .00341
35 0 .00226
36 0 .00163
37 0 .00091
38 0 .00066
39 0 .0004
40 0 .00031
41 0 .00028
42 0 .00016
43 0 .0001
44 0 .00004
45 0 .00002
46 0 .00001
47 0 .00001
48 0 0
49 0 0
50 0 0
51 0 0
100 0 0
*parity 1 divorced
birth 1 F divorced 1
14 0 0
15 0 0
16 0 0
17 0 .00001
18 0 .00002
19 0 .02284
20 0 .02406
21 0 .01686
22 0 .01366
23 0 .01101
24 0 .00626
25 0 .00936
26 0 .01061
27 0 .00956
28 0 .01064
29 0 .00762
30 0 .00534
31 0 .00442
32 0 .00402
33 0 .00337
34 0 .00341
35 0 .00226
36 0 .00163
37 0 .00091
38 0 .00066
39 0 .0004
40 0 .00031
41 0 .00028
42 0 .00016
43 0 .0001
44 0 .00004
45 0 .00002
46 0 .00001
47 0 .00001
48 0 0
49 0 0
50 0 0
51 0 0
100 0 0
*parity 2 married
birth 1 F married 2
14 0 0
15 0 0
16 0 0
17 0 .00002
18 0 .0001
19 0 .02415
20 0 .01647
21 0 .01702
22 0 .01512
23 0 .01448
24 0 .01308
25 0 .01212
26 0 .01038
27 0 .00993
28 0 .00929
29 0 .00856
30 0 .00806
31 0 .00767
32 0 .00723
33 0 .0072
34 0 .0068
35 0 .00565
36 0 .00551
37 0 .00506
38 0 .00479
39 0 .00426
40 0 .00362
41 0 .00286
42 0 .0022
43 0 .00161
44 0 .00122
45 0 .00081
46 0 .00053
47 0 .00032
48 0 .00016
49 0 .00008
50 0 .00004
51 0 .00001
100 0 0
*parity 2 single
birth 1 F single 2
14 0 0
15 0 0
16 0 0
17 0 0
18 0 0
19 0 0
20 0 .00001
21 0 .01104
22 0 .00002
23 0 .03949
24 0 .00004
25 0 .02078
26 0 .00005
27 0 .00006
28 0 .00006
29 0 .06176
30 0 .00006
31 0 .00006
32 0 .00006
33 0 .00005
34 0 .00005
35 0 .00005
36 0 .00004
37 0 .00004
38 0 .03085
39 0 .00003
40 0 .00003
41 0 .00002
42 0 .00002
43 0 .00001
44 0 .00001
45 0 .00525
46 0 0
47 0 0
48 0 0
49 0 0
50 0 .00019
51 0 0
100 0 0
*parity 2 widowed
birth 1 F widowed 2
14 0 0
15 0 0
16 0 0
17 0 0
18 0 0
19 0 .01417
20 0 .01744
21 0 .01209
22 0 .00779
23 0 .0045
24 0 .00585
25 0 .00588
26 0 .00394
27 0 .0028
28 0 .00225
29 0 .00228
30 0 .00239
31 0 .00181
32 0 .00191
33 0 .00123
34 0 .00104
35 0 .00095
36 0 .00082
37 0 .0007
38 0 .0007
39 0 .00055
40 0 .0005
41 0 .00032
42 0 .00022
43 0 .00018
44 0 .00012
45 0 .00008
46 0 .00004
47 0 .00002
48 0 .00001
49 0 .00001
50 0 0
51 0 0
100 0 0
*parity 2 divorced
birth 1 F divorced 2
14 0 0
15 0 0
16 0 0
17 0 0
18 0 0
19 0 .01417
20 0 .01744
21 0 .01209
22 0 .00779
23 0 .0045
24 0 .00585
25 0 .00588
26 0 .00394
27 0 .0028
28 0 .00225
29 0 .00228
30 0 .00239
31 0 .00181
32 0 .00191
33 0 .00123
34 0 .00104
35 0 .00095
36 0 .00082
37 0 .0007
38 0 .0007
39 0 .00055
40 0 .0005
41 0 .00032
42 0 .00022
43 0 .00018
44 0 .00012
45 0 .00008
46 0 .00004
47 0 .00002
48 0 .00001
49 0 .00001
50 0 0
51 0 0
100 0 0
