*parity 0 married
birth 1 F married 0
14 0 0
15 0 .00078
16 0 .00095
17 0 .03504
18 0 .02469
19 0 .03384
20 0 .04267
21 0 .07061
22 0 .09257
23 0 .07134
24 0 .04476
25 0 .02953
26 0 .02992
27 0 .0138
28 0 .0079
29 0 .00158
30 0 .00036
31 0 0
32 0 .00059
33 0 .00181
34 0 .00278
35 0 .00373
36 0 .00587
37 0 .00756
38 0 .01095
39 0 .01129
40 0 .01701
41 0 .01677
42 0 .01779
43 0 .01412
44 0 .02103
45 0 .02052
46 0 .0232
47 0 .02167
48 0 .01667
49 0 .02039
50 0 .02519
51 0 .02087
100 0 0
*parity 0 single
birth 1 F single 0
14 0 0
15 0 .00003
16 0 .00004
17 0 .00008
18 0 .00018
19 0 .00032
20 0 .00048
21 0 .00051
22 0 .0005
23 0 .00051
24 0 .00049
25 0 .0004
26 0 .00034
27 0 .00024
28 0 .0001
29 0 .00004
30 0 .00001
31 0 0
32 0 .00005
33 0 .00014
34 0 .00052
35 0 .00097
36 0 .00096
37 0 .002
38 0 .00362
39 0 .00169
40 0 .00293
41 0 .00323
42 0 .00294
43 0 .00267
44 0 .0139
45 0 .00721
46 0 .00003
47 0 .01343
48 0 .00003
49 0 .00506
50 0 .0026
51 0 .00205
100 0 0
*parity 0 widowed
birth 1 F widowed 0
14 0 0
15 0 .00004
16 0 .00005
17 0 .10708
18 0 .10443
19 0 .08403
20 0 .14361
21 0 .45854
22 0 .10735
23 0 .35819
24 0 .08957
25 0 .1918
26 0 .11755
27 0 .02974
28 0 .00569
29 0 .00749
30 0 .00021
31 0 0
32 0 .00036
33 0 .00088
34 0 .00105
35 0 .00137
36 0 .00134
37 0 .00165
38 0 .00126
39 0 .00322
40 0 .00232
41 0 .00183
42 0 .00324
43 0 .00274
44 0 .00108
45 0 .00381
46 0 .00253
47 0 .00591
48 0 .00132
49 0 .00118
50 0 .00196
51 0 .00108
100 0 0
*parity 0 divorced
birth 1 F divorced 0
14 0 0
15 0 .00004
16 0 .00005
17 0 .10708
18 0 .10443
19 0 .08403
20 0 .14361
21 0 .45854
22 0 .10735
23 0 .35819
24 0 .08957
25 0 .1918
26 0 .11755
27 0 .02974
28 0 .00569
29 0 .00749
30 0 .00021
31 0 0
32 0 .00036
33 0 .00088
34 0 .00105
35 0 .00137
36 0 .00134
37 0 .00165
38 0 .00126
39 0 .00322
40 0 .00232
41 0 .00183
42 0 .00324
43 0 .00274
44 0 .00108
45 0 .00381
46 0 .00253
47 0 .00591
48 0 .00132
49 0 .00118
50 0 .00196
51 0 .00108
100 0 0
*parity 1 married
birth 1 F married 1
14 0 0
15 0 .00083
16 0 .00089
17 0 .00109
18 0 .09708
19 0 .05878
20 0 .05897
21 0 .09743
22 0 .1193
23 0 .09448
24 0 .11977
25 0 .11779
26 0 .08593
27 0 .07754
28 0 .12489
29 0 .07331
30 0 .05415
31 0 .02609
32 0 .01432
33 0 .00928
34 0 .01172
35 0 .00825
36 0 .01131
37 0 .01068
38 0 .01137
39 0 .01135
40 0 .0134
41 0 .01075
42 0 .01876
43 0 .01508
44 0 .01433
45 0 .00805
46 0 .01639
47 0 .01926
48 0 .01783
49 0 .02446
50 0 .021
51 0 .03605
100 0 0
*parity 1 single
birth 1 F single 1
14 0 0
15 0 .00003
16 0 .00004
17 0 .00005
18 0 .00007
19 0 .06192
20 0 .0261
21 0 .03891
22 0 .26616
23 0 .13272
24 0 .01979
25 0 .00698
26 0 .00327
27 0 .00176
28 0 .00105
29 0 .00096
30 0 .00065
31 0 .00075
32 0 .00103
33 0 .00068
34 0 .00072
35 0 .00087
36 0 .00121
37 0 .00243
38 0 .00176
39 0 .00191
40 0 .00215
41 0 .00209
42 0 .00517
43 0 .00004
44 0 .00004
45 0 .01463
46 0 .00003
47 0 .00451
48 0 .00368
49 0 .01516
50 0 .00003
51 0 .00149
100 0 0
*parity 1 widowed
birth 1 F widowed 1
14 0 0
15 0 .00005
16 0 .00005
17 0 .00006
18 0 .00009
19 0 .05453
20 0 .24137
21 0 .1542
22 0 .35158
23 0 .08766
24 0 .02241
25 0 .03455
26 0 .02204
27 0 .08041
28 0 .1295
29 0 .08402
30 0 .02167
31 0 .01092
32 0 .01289
33 0 .00405
34 0 .00395
35 0 .00332
36 0 .00226
37 0 .002
38 0 .00174
39 0 .00299
40 0 .00233
41 0 .00197
42 0 .00157
43 0 .00319
44 0 .00156
45 0 .00138
46 0 .00163
47 0 .00162
48 0 .00209
49 0 .00134
50 0 .00125
51 0 .00197
100 0 0
*parity 1 divorced
birth 1 F divorced 1
14 0 0
15 0 .00005
16 0 .00005
17 0 .00006
18 0 .00009
19 0 .05453
20 0 .24137
21 0 .1542
22 0 .35158
23 0 .08766
24 0 .02241
25 0 .03455
26 0 .02204
27 0 .08041
28 0 .1295
29 0 .08402
30 0 .02167
31 0 .01092
32 0 .01289
33 0 .00405
34 0 .00395
35 0 .00332
36 0 .00226
37 0 .002
38 0 .00174
39 0 .00299
40 0 .00233
41 0 .00197
42 0 .00157
43 0 .00319
44 0 .00156
45 0 .00138
46 0 .00163
47 0 .00162
48 0 .00209
49 0 .00134
50 0 .00125
51 0 .00197
100 0 0
*parity 2 married
birth 1 F married 2
14 0 0
15 0 .00083
16 0 .00083
17 0 .00086
18 0 .00099
19 0 .09612
20 0 .04833
21 0 .03911
22 0 .03569
23 0 .03013
24 0 .03278
25 0 .03376
26 0 .02798
27 0 .02697
28 0 .02733
29 0 .02529
30 0 .02316
31 0 .01949
32 0 .01839
33 0 .01871
34 0 .01748
35 0 .01766
36 0 .01609
37 0 .0148
38 0 .01368
39 0 .01246
40 0 .01127
41 0 .0091
42 0 .00698
43 0 .00575
44 0 .00466
45 0 .00363
46 0 .00265
47 0 .00224
48 0 .002
49 0 .0018
50 0 .00178
51 0 .00185
100 0 0
*parity 2 single
birth 1 F single 2
14 0 0
15 0 .00003
16 0 .00003
17 0 .00004
18 0 .00004
19 0 .00006
20 0 .09186
21 0 .0719
22 0 .10469
23 0 .09128
24 0 .02149
25 0 .01841
26 0 .01811
27 0 .01309
28 0 .00999
29 0 .00687
30 0 .00652
31 0 .01037
32 0 .00653
33 0 .00401
34 0 .00437
35 0 .00379
36 0 .00359
37 0 .00338
38 0 .00325
39 0 .00327
40 0 .00242
41 0 .00206
42 0 .00226
43 0 .00135
44 0 .00162
45 0 .00164
46 0 .00083
47 0 .00121
48 0 .00129
49 0 .00067
50 0 .00033
51 0 .00026
100 0 0
*parity 2 widowed
birth 1 F widowed 2
14 0 0
15 0 .00005
16 0 .00005
17 0 .00005
18 0 .00005
19 0 .07868
20 0 .04045
21 0 .03799
22 0 .02766
23 0 .05167
24 0 .02661
25 0 .04054
26 0 .01732
27 0 .01384
28 0 .01467
29 0 .01475
30 0 .01019
31 0 .00878
32 0 .0069
33 0 .00522
34 0 .00521
35 0 .00517
36 0 .00423
37 0 .00339
38 0 .00322
39 0 .00249
40 0 .00202
41 0 .0019
42 0 .00113
43 0 .00091
44 0 .00069
45 0 .00056
46 0 .00041
47 0 .00026
48 0 .00021
49 0 .0002
50 0 .00019
51 0 .00019
100 0 0
*parity 2 divorced
birth 1 F divorced 2
14 0 0
15 0 .00005
16 0 .00005
17 0 .00005
18 0 .00005
19 0 .07868
20 0 .04045
21 0 .03799
22 0 .02766
23 0 .05167
24 0 .02661
25 0 .04054
26 0 .01732
27 0 .01384
28 0 .01467
29 0 .01475
30 0 .01019
31 0 .00878
32 0 .0069
33 0 .00522
34 0 .00521
35 0 .00517
36 0 .00423
37 0 .00339
38 0 .00322
39 0 .00249
40 0 .00202
41 0 .0019
42 0 .00113
43 0 .00091
44 0 .00069
45 0 .00056
46 0 .00041
47 0 .00026
48 0 .00021
49 0 .0002
50 0 .00019
51 0 .00019
100 0 0
