*parity 0 married
birth 1 F married 0
14 0 0
15 0 .00009
16 0 .00038
17 0 .05975
18 0 .04571
19 0 .07025
20 0 .07335
21 0 .09523
22 0 .07315
23 0 .13211
24 0 .12125
25 0 .11352
26 0 .33175
27 0 .19959
28 0 .47531
29 0 .4009
30 0 .30772
31 0 .12217
32 0 .09795
33 0 .02689
34 0 .0115
35 0 .00581
36 0 .00311
37 0 .00202
38 0 .00166
39 0 .00103
40 0 .00073
41 0 .00044
42 0 .00026
43 0 .00016
44 0 .0001
45 0 .00005
46 0 .00003
47 0 .00002
48 0 .00001
49 0 0
50 0 0
51 0 0
100 0 0
*parity 0 single
birth 1 F single 0
14 0 0
15 0 .00015
16 0 .00061
17 0 .00118
18 0 .00199
19 0 .00279
20 0 .00341
21 0 .00364
22 0 .00376
23 0 .00367
24 0 .00372
25 0 .00365
26 0 .00369
27 0 .00362
28 0 .00358
29 0 .00349
30 0 .00314
31 0 .00294
32 0 .00254
33 0 .0023
34 0 .0021
35 0 .00191
36 0 .00174
37 0 .00145
38 0 .00131
39 0 .00116
40 0 .00099
41 0 .00081
42 0 .0006
43 0 .00046
44 0 .0003
45 0 .00021
46 0 .00014
47 0 .00009
48 0 .00005
49 0 .00001
50 0 0
51 0 0
100 0 0
*parity 0 widowed
birth 1 F widowed 0
14 0 0
15 0 .00002
16 0 .00007
17 0 .00012
18 0 .32113
19 0 .21021
20 0 .90341
21 0 .90858
22 0 .00031
23 0 .20053
24 0 .79928
25 0 .00025
26 0 .00023
27 0 .00021
28 0 .0002
29 0 .00017
30 0 .00015
31 0 .00013
32 0 .00011
33 0 .31255
34 0 .00007
35 0 .03968
36 0 .07565
37 0 .02246
38 0 .00821
39 0 .00399
40 0 .00177
41 0 .00089
42 0 .00052
43 0 .00025
44 0 .0001
45 0 .00005
46 0 .00003
47 0 .00002
48 0 .00001
49 0 0
50 0 0
51 0 0
100 0 0
*parity 0 divorced
birth 1 F divorced 0
14 0 0
15 0 .00002
16 0 .00007
17 0 .00012
18 0 .32113
19 0 .21021
20 0 .90341
21 0 .90858
22 0 .00031
23 0 .20053
24 0 .79928
25 0 .00025
26 0 .00023
27 0 .00021
28 0 .0002
29 0 .00017
30 0 .00015
31 0 .00013
32 0 .00011
33 0 .31255
34 0 .00007
35 0 .03968
36 0 .07565
37 0 .02246
38 0 .00821
39 0 .00399
40 0 .00177
41 0 .00089
42 0 .00052
43 0 .00025
44 0 .0001
45 0 .00005
46 0 .00003
47 0 .00002
48 0 .00001
49 0 0
50 0 0
51 0 0
100 0 0
*parity 1 married
birth 1 F married 1
14 0 0
15 0 0
16 0 .00002
17 0 .00007
18 0 .01971
19 0 .01639
20 0 .01689
21 0 .01806
22 0 .01775
23 0 .02082
24 0 .01821
25 0 .0197
26 0 .02067
27 0 .01876
28 0 .01687
29 0 .01498
30 0 .01852
31 0 .01452
32 0 .01176
33 0 .00891
34 0 .0072
35 0 .00645
36 0 .00652
37 0 .00396
38 0 .0031
39 0 .00217
40 0 .00184
41 0 .0011
42 0 .00079
43 0 .00042
44 0 .00021
45 0 .00015
46 0 .00007
47 0 .00003
48 0 .00001
49 0 0
50 0 0
51 0 0
100 0 0
*parity 1 single
birth 1 F single 1
14 0 0
15 0 0
16 0 .05093
17 0 .0208
18 0 .0276
19 0 .04007
20 0 .02897
21 0 .03158
22 0 .02841
23 0 .03028
24 0 .03116
25 0 .03105
26 0 .02724
27 0 .02359
28 0 .02137
29 0 .02544
30 0 .02265
31 0 .0302
32 0 .02839
33 0 .02461
34 0 .02452
35 0 .02749
36 0 .02959
37 0 .02279
38 0 .02823
39 0 .01653
40 0 .01432
41 0 .01365
42 0 .01062
43 0 .01242
44 0 .0047
45 0 .00535
46 0 .00126
47 0 .0106
48 0 0
49 0 .00034
50 0 .0002
51 0 .00012
100 0 0
*parity 1 widowed
birth 1 F widowed 1
14 0 0
15 0 0
16 0 0
17 0 .00001
18 0 .00003
19 0 .07012
20 0 .10449
21 0 .00015
22 0 .25714
23 0 .57415
24 0 .16188
25 0 .00022
26 0 .64194
27 0 .64444
28 0 .0002
29 0 .15399
30 0 .00018
31 0 .55652
32 0 .05509
33 0 .21883
34 0 .17864
35 0 .04908
36 0 .02813
37 0 .04151
38 0 .011
39 0 .00391
40 0 .00215
41 0 .00115
42 0 .00073
43 0 .00039
44 0 .00012
45 0 .00007
46 0 .00003
47 0 .00001
48 0 .00001
49 0 0
50 0 0
51 0 0
100 0 0
*parity 1 divorced
birth 1 F divorced 1
14 0 0
15 0 0
16 0 0
17 0 .00001
18 0 .00003
19 0 .07012
20 0 .10449
21 0 .00015
22 0 .25714
23 0 .57415
24 0 .16188
25 0 .00022
26 0 .64194
27 0 .64444
28 0 .0002
29 0 .15399
30 0 .00018
31 0 .55652
32 0 .05509
33 0 .21883
34 0 .17864
35 0 .04908
36 0 .02813
37 0 .04151
38 0 .011
39 0 .00391
40 0 .00215
41 0 .00115
42 0 .00073
43 0 .00039
44 0 .00012
45 0 .00007
46 0 .00003
47 0 .00001
48 0 .00001
49 0 0
50 0 0
51 0 0
100 0 0
*parity 2 married
birth 1 F married 2
14 0 0
15 0 0
16 0 0
17 0 .00001
18 0 .00003
19 0 .0281
20 0 .01765
21 0 .01846
22 0 .01308
23 0 .0115
24 0 .01276
25 0 .01065
26 0 .00901
27 0 .00907
28 0 .00869
29 0 .00791
30 0 .00667
31 0 .00598
32 0 .00595
33 0 .00515
34 0 .00429
35 0 .00352
36 0 .00294
37 0 .0025
38 0 .00195
39 0 .00168
40 0 .00122
41 0 .00097
42 0 .0007
43 0 .00052
44 0 .00041
45 0 .00026
46 0 .00015
47 0 .00008
48 0 .00004
49 0 .00002
50 0 .00001
51 0 0
100 0 0
*parity 2 single
birth 1 F single 2
14 0 0
15 0 0
16 0 0
17 0 .01526
18 0 .00937
19 0 .01071
20 0 .01327
21 0 .01431
22 0 .01412
23 0 .01381
24 0 .01118
25 0 .0118
26 0 .01163
27 0 .01191
28 0 .01146
29 0 .00996
30 0 .01045
31 0 .00839
32 0 .00783
33 0 .00772
34 0 .00749
35 0 .00719
36 0 .00662
37 0 .00698
38 0 .0062
39 0 .00553
40 0 .00583
41 0 .00445
42 0 .0042
43 0 .00286
44 0 .00235
45 0 .00172
46 0 .00111
47 0 .00075
48 0 .00039
49 0 .0002
50 0 .00009
51 0 .00003
100 0 0
*parity 2 widowed
birth 1 F widowed 2
14 0 0
15 0 0
16 0 0
17 0 0
18 0 0
19 0 .00001
20 0 .0398
21 0 .01201
22 0 .02022
23 0 .01083
24 0 .01446
25 0 .0136
26 0 .00842
27 0 .00816
28 0 .00644
29 0 .00567
30 0 .00477
31 0 .00457
32 0 .0038
33 0 .00294
34 0 .00249
35 0 .00193
36 0 .00155
37 0 .00135
38 0 .00103
39 0 .0008
40 0 .00058
41 0 .00043
42 0 .0003
43 0 .00021
44 0 .00014
45 0 .00009
46 0 .00004
47 0 .00002
48 0 .00001
49 0 .00001
50 0 0
51 0 0
100 0 0
*parity 2 divorced
birth 1 F divorced 2
14 0 0
15 0 0
16 0 0
17 0 0
18 0 0
19 0 .00001
20 0 .0398
21 0 .01201
22 0 .02022
23 0 .01083
24 0 .01446
25 0 .0136
26 0 .00842
27 0 .00816
28 0 .00644
29 0 .00567
30 0 .00477
31 0 .00457
32 0 .0038
33 0 .00294
34 0 .00249
35 0 .00193
36 0 .00155
37 0 .00135
38 0 .00103
39 0 .0008
40 0 .00058
41 0 .00043
42 0 .0003
43 0 .00021
44 0 .00014
45 0 .00009
46 0 .00004
47 0 .00002
48 0 .00001
49 0 .00001
50 0 0
51 0 0
100 0 0
