*parity all married
birth 1 F married 0
14 0 0
15 0 .00016
16 0 .00093
17 0 .0025
18 0 .00538
19 0 .00938
20 0 .01357
21 0 .01686
22 0 .01879
23 0 .0197
24 0 .01996
25 0 .01942
26 0 .01832
27 0 .01683
28 0 .01563
29 0 .01445
30 0 .0135
31 0 .01205
32 0 .01098
33 0 .00993
34 0 .00933
35 0 .00862
36 0 .00796
37 0 .00721
38 0 .00656
39 0 .00579
40 0 .00503
41 0 .00389
42 0 .00297
43 0 .00215
44 0 .00158
45 0 .00105
46 0 .00063
47 0 .00038
48 0 .0002
49 0 .0001
50 0 .00004
51 0 .00002
100 0 0
*parity all single
birth 1 F single 0
14 0 0
15 0 .00016
16 0 .00093
17 0 .0025
18 0 .00538
19 0 .00938
20 0 .01357
21 0 .01686
22 0 .01879
23 0 .0197
24 0 .01996
25 0 .01942
26 0 .01832
27 0 .01683
28 0 .01563
29 0 .01445
30 0 .0135
31 0 .01205
32 0 .01098
33 0 .00993
34 0 .00933
35 0 .00862
36 0 .00796
37 0 .00721
38 0 .00656
39 0 .00579
40 0 .00503
41 0 .00389
42 0 .00297
43 0 .00215
44 0 .00158
45 0 .00105
46 0 .00063
47 0 .00038
48 0 .0002
49 0 .0001
50 0 .00004
51 0 .00002
100 0 0
*parity all widowed
birth 1 F widowed 0
14 0 0
15 0 .00016
16 0 .00093
17 0 .0025
18 0 .00538
19 0 .00938
20 0 .01357
21 0 .01686
22 0 .01879
23 0 .0197
24 0 .01996
25 0 .01942
26 0 .01832
27 0 .01683
28 0 .01563
29 0 .01445
30 0 .0135
31 0 .01205
32 0 .01098
33 0 .00993
34 0 .00933
35 0 .00862
36 0 .00796
37 0 .00721
38 0 .00656
39 0 .00579
40 0 .00503
41 0 .00389
42 0 .00297
43 0 .00215
44 0 .00158
45 0 .00105
46 0 .00063
47 0 .00038
48 0 .0002
49 0 .0001
50 0 .00004
51 0 .00002
100 0 0
*parity all divorced
birth 1 F divorced 0
14 0 0
15 0 .00016
16 0 .00093
17 0 .0025
18 0 .00538
19 0 .00938
20 0 .01357
21 0 .01686
22 0 .01879
23 0 .0197
24 0 .01996
25 0 .01942
26 0 .01832
27 0 .01683
28 0 .01563
29 0 .01445
30 0 .0135
31 0 .01205
32 0 .01098
33 0 .00993
34 0 .00933
35 0 .00862
36 0 .00796
37 0 .00721
38 0 .00656
39 0 .00579
40 0 .00503
41 0 .00389
42 0 .00297
43 0 .00215
44 0 .00158
45 0 .00105
46 0 .00063
47 0 .00038
48 0 .0002
49 0 .0001
50 0 .00004
51 0 .00002
100 0 0
