*parity 0 married
birth 1 F married 0
14 0 0
15 0 .00019
16 0 .00094
17 0 .04799
18 0 .03538
19 0 .04434
20 0 .05382
21 0 .06737
22 0 .06638
23 0 .05325
24 0 .05821
25 0 .054
26 0 .03494
27 0 .02718
28 0 .01736
29 0 .01159
30 0 .01211
31 0 .00716
32 0 .007
33 0 .00437
34 0 .00366
35 0 .00299
36 0 .00247
37 0 .00255
38 0 .00187
39 0 .00193
40 0 .00138
41 0 .00138
42 0 .0008
43 0 .00056
44 0 .00037
45 0 .00023
46 0 .00014
47 0 .00005
48 0 .00003
49 0 .00001
50 0 0
51 0 0
100 0 0
*parity 0 single
birth 1 F single 0
14 0 0
15 0 0
16 0 0
17 0 0
18 0 .00001
19 0 .00002
20 0 .00002
21 0 .00002
22 0 .00002
23 0 .00003
24 0 .00002
25 0 .00002
26 0 .00002
27 0 .00002
28 0 .00002
29 0 .00001
30 0 .00001
31 0 .00001
32 0 .00001
33 0 .00001
34 0 .00001
35 0 .00002
36 0 .00002
37 0 .00002
38 0 .00002
39 0 .00003
40 0 .00003
41 0 .00002
42 0 .00001
43 0 .00002
44 0 .00001
45 0 .00001
46 0 0
47 0 0
48 0 0
49 0 0
50 0 0
51 0 0
100 0 0
*parity 0 widowed
birth 1 F widowed 0
14 0 0
15 0 0
16 0 .00001
17 0 .00002
18 0 .02609
19 0 .00006
20 0 .01633
21 0 .01079
22 0 .01612
23 0 .00006
24 0 .01802
25 0 .00356
26 0 .00298
27 0 .00577
28 0 .00375
29 0 .00228
30 0 .00094
31 0 .00099
32 0 .00057
33 0 .0004
34 0 .00021
35 0 .00023
36 0 .00023
37 0 .00011
38 0 .0001
39 0 .0001
40 0 .00007
41 0 .00004
42 0 .00003
43 0 .00003
44 0 .00001
45 0 0
46 0 0
47 0 0
48 0 0
49 0 0
50 0 0
51 0 0
100 0 0
*parity 0 divorced
birth 1 F divorced 0
14 0 0
15 0 0
16 0 .00001
17 0 .00002
18 0 .02609
19 0 .00006
20 0 .01633
21 0 .01079
22 0 .01612
23 0 .00006
24 0 .01802
25 0 .00356
26 0 .00298
27 0 .00577
28 0 .00375
29 0 .00228
30 0 .00094
31 0 .00099
32 0 .00057
33 0 .0004
34 0 .00021
35 0 .00023
36 0 .00023
37 0 .00011
38 0 .0001
39 0 .0001
40 0 .00007
41 0 .00004
42 0 .00003
43 0 .00003
44 0 .00001
45 0 0
46 0 0
47 0 0
48 0 0
49 0 0
50 0 0
51 0 0
100 0 0
*parity 1 married
birth 1 F married 1
14 0 0
15 0 0
16 0 .00008
17 0 .00031
18 0 .03529
19 0 .02712
20 0 .04348
21 0 .04993
22 0 .05246
23 0 .07498
24 0 .06586
25 0 .11089
26 0 .07
27 0 .06146
28 0 .07384
29 0 .06006
30 0 .03872
31 0 .06848
32 0 .05255
33 0 .02498
34 0 .0301
35 0 .02693
36 0 .01797
37 0 .01049
38 0 .00637
39 0 .00541
40 0 .00354
41 0 .0025
42 0 .00218
43 0 .00131
44 0 .00062
45 0 .00033
46 0 .00017
47 0 .00009
48 0 .00004
49 0 .00002
50 0 0
51 0 0
100 0 0
*parity 1 single
birth 1 F single 1
14 0 0
15 0 0
16 0 0
17 0 0
18 0 0
19 0 0
20 0 .00001
21 0 .00001
22 0 .00001
23 0 .00001
24 0 .00773
25 0 .00695
26 0 .00651
27 0 .00522
28 0 .00493
29 0 .00001
30 0 .00115
31 0 .00263
32 0 .00022
33 0 .00015
34 0 .00013
35 0 .00005
36 0 .00004
37 0 .00007
38 0 .00004
39 0 .00003
40 0 .00005
41 0 .00006
42 0 .00004
43 0 .00003
44 0 .00003
45 0 .00001
46 0 .00001
47 0 0
48 0 0
49 0 0
50 0 0
51 0 0
100 0 0
*parity 1 widowed
birth 1 F widowed 1
14 0 0
15 0 0
16 0 0
17 0 0
18 0 .00001
19 0 .01235
20 0 .00686
21 0 .02954
22 0 .03343
23 0 .01183
24 0 .03477
25 0 .0313
26 0 .02932
27 0 .00783
28 0 .00739
29 0 .00451
30 0 .0031
31 0 .00197
32 0 .00167
33 0 .00133
34 0 .00076
35 0 .00113
36 0 .0011
37 0 .00056
38 0 .00074
39 0 .00017
40 0 .00018
41 0 .00022
42 0 .00007
43 0 .00004
44 0 .00003
45 0 .00002
46 0 0
47 0 0
48 0 0
49 0 0
50 0 0
51 0 0
100 0 0
*parity 1 divorced
birth 1 F divorced 1
14 0 0
15 0 0
16 0 0
17 0 0
18 0 .00001
19 0 .01235
20 0 .00686
21 0 .02954
22 0 .03343
23 0 .01183
24 0 .03477
25 0 .0313
26 0 .02932
27 0 .00783
28 0 .00739
29 0 .00451
30 0 .0031
31 0 .00197
32 0 .00167
33 0 .00133
34 0 .00076
35 0 .00113
36 0 .0011
37 0 .00056
38 0 .00074
39 0 .00017
40 0 .00018
41 0 .00022
42 0 .00007
43 0 .00004
44 0 .00003
45 0 .00002
46 0 0
47 0 0
48 0 0
49 0 0
50 0 0
51 0 0
100 0 0
*parity 2 married
birth 1 F married 2
14 0 0
15 0 0
16 0 .00001
17 0 .00003
18 0 .04965
19 0 .03124
20 0 .0218
21 0 .02563
22 0 .026
23 0 .01998
24 0 .02202
25 0 .01904
26 0 .01961
27 0 .01995
28 0 .01858
29 0 .0191
30 0 .01727
31 0 .01618
32 0 .01416
33 0 .01475
34 0 .0133
35 0 .01133
36 0 .01149
37 0 .00945
38 0 .00962
39 0 .0076
40 0 .00704
41 0 .00511
42 0 .00399
43 0 .00289
44 0 .00219
45 0 .00148
46 0 .0009
47 0 .00058
48 0 .00029
49 0 .00016
50 0 .00007
51 0 .00003
100 0 0
*parity 2 single
birth 1 F single 2
14 0 0
15 0 0
16 0 0
17 0 0
18 0 0
19 0 0
20 0 0
21 0 0
22 0 .00001
23 0 .00001
24 0 .00001
25 0 .00001
26 0 .00002
27 0 .00002
28 0 .00002
29 0 .01016
30 0 .00002
31 0 .00298
32 0 .00435
33 0 .00785
34 0 .00096
35 0 .00178
36 0 .00057
37 0 .00053
38 0 .00038
39 0 .00035
40 0 .00018
41 0 .00023
42 0 .00014
43 0 .00009
44 0 .00009
45 0 .00008
46 0 .00004
47 0 .00002
48 0 .00002
49 0 .00001
50 0 .00001
51 0 0
100 0 0
*parity 2 widowed
birth 1 F widowed 2
14 0 0
15 0 0
16 0 0
17 0 0
18 0 0
19 0 0
20 0 .00001
21 0 .01353
22 0 .02036
23 0 .0094
24 0 .00588
25 0 .00358
26 0 .00496
27 0 .00533
28 0 .00239
29 0 .00176
30 0 .0023
31 0 .00122
32 0 .00131
33 0 .00095
34 0 .00082
35 0 .00133
36 0 .00061
37 0 .00061
38 0 .00048
39 0 .00052
40 0 .00037
41 0 .00021
42 0 .00019
43 0 .00012
44 0 .00009
45 0 .00007
46 0 .00003
47 0 .00002
48 0 .00001
49 0 0
50 0 0
51 0 0
100 0 0
*parity 2 divorced
birth 1 F divorced 2
14 0 0
15 0 0
16 0 0
17 0 0
18 0 0
19 0 0
20 0 .00001
21 0 .01353
22 0 .02036
23 0 .0094
24 0 .00588
25 0 .00358
26 0 .00496
27 0 .00533
28 0 .00239
29 0 .00176
30 0 .0023
31 0 .00122
32 0 .00131
33 0 .00095
34 0 .00082
35 0 .00133
36 0 .00061
37 0 .00061
38 0 .00048
39 0 .00052
40 0 .00037
41 0 .00021
42 0 .00019
43 0 .00012
44 0 .00009
45 0 .00007
46 0 .00003
47 0 .00002
48 0 .00001
49 0 0
50 0 0
51 0 0
100 0 0
