*parity 0 married
birth 1 F married 0
14 0 0
15 0 .00024
16 0 .00103
17 0 .03177
18 0 .03176
19 0 .0335
20 0 .02962
21 0 .03001
22 0 .02418
23 0 .02154
24 0 .0217
25 0 .02035
26 0 .01667
27 0 .01514
28 0 .01567
29 0 .01382
30 0 .01115
31 0 .00968
32 0 .00787
33 0 .00799
34 0 .00565
35 0 .00392
36 0 .00364
37 0 .00301
38 0 .00198
39 0 .00131
40 0 .001
41 0 .00061
42 0 .00046
43 0 .00026
44 0 .00016
45 0 .0001
46 0 .00005
47 0 .00003
48 0 .00001
49 0 0
50 0 0
51 0 0
100 0 0
*parity 0 single
birth 1 F single 0
14 0 0
15 0 0
16 0 .00002
17 0 .00004
18 0 .00007
19 0 .0001
20 0 .00014
21 0 .00016
22 0 .00018
23 0 .00018
24 0 .00018
25 0 .00019
26 0 .00019
27 0 .00022
28 0 .00022
29 0 .00022
30 0 .00022
31 0 .00018
32 0 .00022
33 0 .00013
34 0 .00015
35 0 .00015
36 0 .00012
37 0 .00009
38 0 .0001
39 0 .00007
40 0 .00007
41 0 .00004
42 0 .00003
43 0 .00002
44 0 .00002
45 0 .00001
46 0 .00001
47 0 0
48 0 0
49 0 0
50 0 0
51 0 0
100 0 0
*parity 0 widowed
birth 1 F widowed 0
14 0 0
15 0 .00001
16 0 .00004
17 0 .00008
18 0 .05552
19 0 .03741
20 0 .0232
21 0 .01773
22 0 .02122
23 0 .02332
24 0 .00808
25 0 .01034
26 0 .00834
27 0 .00597
28 0 .00664
29 0 .00529
30 0 .00459
31 0 .0032
32 0 .00167
33 0 .0016
34 0 .00114
35 0 .00074
36 0 .00053
37 0 .00038
38 0 .00037
39 0 .00021
40 0 .00016
41 0 .0001
42 0 .00005
43 0 .00003
44 0 .00002
45 0 .00001
46 0 .00001
47 0 0
48 0 0
49 0 0
50 0 0
51 0 0
100 0 0
*parity 0 divorced
birth 1 F divorced 0
14 0 0
15 0 .00001
16 0 .00004
17 0 .00008
18 0 .05552
19 0 .03741
20 0 .0232
21 0 .01773
22 0 .02122
23 0 .02332
24 0 .00808
25 0 .01034
26 0 .00834
27 0 .00597
28 0 .00664
29 0 .00529
30 0 .00459
31 0 .0032
32 0 .00167
33 0 .0016
34 0 .00114
35 0 .00074
36 0 .00053
37 0 .00038
38 0 .00037
39 0 .00021
40 0 .00016
41 0 .0001
42 0 .00005
43 0 .00003
44 0 .00002
45 0 .00001
46 0 .00001
47 0 0
48 0 0
49 0 0
50 0 0
51 0 0
100 0 0
*parity 1 married
birth 1 F married 1
14 0 0
15 0 0
16 0 .00006
17 0 .29128
18 0 .02082
19 0 .01654
20 0 .0205
21 0 .01987
22 0 .02403
23 0 .02905
24 0 .0277
25 0 .0305
26 0 .03421
27 0 .03321
28 0 .04295
29 0 .03584
30 0 .03352
31 0 .0315
32 0 .03606
33 0 .02916
34 0 .02945
35 0 .02948
36 0 .01698
37 0 .02329
38 0 .02002
39 0 .00847
40 0 .00769
41 0 .0085
42 0 .00624
43 0 .00554
44 0 .00251
45 0 .00079
46 0 .00052
47 0 .00026
48 0 .00011
49 0 .00004
50 0 .00001
51 0 .00001
100 0 0
*parity 1 single
birth 1 F single 1
14 0 0
15 0 0
16 0 0
17 0 0
18 0 .00001
19 0 .00002
20 0 .04014
21 0 .02599
22 0 .00006
23 0 .08222
24 0 .01914
25 0 .02058
26 0 .06023
27 0 .02058
28 0 .02686
29 0 .04541
30 0 .01958
31 0 .03421
32 0 .00004
33 0 .00003
34 0 .00003
35 0 .00002
36 0 .00002
37 0 .00001
38 0 .00791
39 0 .00001
40 0 .00001
41 0 0
42 0 0
43 0 0
44 0 0
45 0 0
46 0 0
47 0 0
48 0 .00004
49 0 0
50 0 0
51 0 0
100 0 0
*parity 1 widowed
birth 1 F widowed 1
14 0 0
15 0 0
16 0 0
17 0 .00001
18 0 .00002
19 0 .01985
20 0 .03113
21 0 .03024
22 0 .00989
23 0 .01196
24 0 .01485
25 0 .01596
26 0 .01001
27 0 .01105
28 0 .00658
29 0 .0066
30 0 .00759
31 0 .01592
32 0 .01726
33 0 .01161
34 0 .0062
35 0 .00658
36 0 .00414
37 0 .00277
38 0 .0023
39 0 .00075
40 0 .00212
41 0 .00047
42 0 .00027
43 0 .00021
44 0 .00012
45 0 .00006
46 0 .00004
47 0 .00002
48 0 .00001
49 0 0
50 0 0
51 0 0
100 0 0
*parity 1 divorced
birth 1 F divorced 1
14 0 0
15 0 0
16 0 0
17 0 .00001
18 0 .00002
19 0 .01985
20 0 .03113
21 0 .03024
22 0 .00989
23 0 .01196
24 0 .01485
25 0 .01596
26 0 .01001
27 0 .01105
28 0 .00658
29 0 .0066
30 0 .00759
31 0 .01592
32 0 .01726
33 0 .01161
34 0 .0062
35 0 .00658
36 0 .00414
37 0 .00277
38 0 .0023
39 0 .00075
40 0 .00212
41 0 .00047
42 0 .00027
43 0 .00021
44 0 .00012
45 0 .00006
46 0 .00004
47 0 .00002
48 0 .00001
49 0 0
50 0 0
51 0 0
100 0 0
*parity 2 married
birth 1 F married 2
14 0 0
15 0 0
16 0 0
17 0 .00002
18 0 .00008
19 0 .03427
20 0 .01771
21 0 .018
22 0 .01698
23 0 .01651
24 0 .01715
25 0 .01372
26 0 .01355
27 0 .01183
28 0 .00991
29 0 .00986
30 0 .00969
31 0 .00937
32 0 .00818
33 0 .00782
34 0 .00713
35 0 .00641
36 0 .00595
37 0 .00539
38 0 .00459
39 0 .00459
40 0 .00361
41 0 .00308
42 0 .00229
43 0 .00165
44 0 .00127
45 0 .00087
46 0 .00049
47 0 .00031
48 0 .00015
49 0 .00008
50 0 .00003
51 0 .00001
100 0 0
*parity 2 single
birth 1 F single 2
14 0 0
15 0 0
16 0 0
17 0 0
18 0 0
19 0 0
20 0 .00001
21 0 .00002
22 0 .01649
23 0 .02486
24 0 .00005
25 0 .05326
26 0 .05952
27 0 .06835
28 0 .06618
29 0 .06167
30 0 .00007
31 0 .00007
32 0 .05355
33 0 .0249
34 0 .04796
35 0 .01076
36 0 .00005
37 0 .03511
38 0 .00004
39 0 .00003
40 0 .00003
41 0 .01827
42 0 .00002
43 0 .00001
44 0 .00001
45 0 .00001
46 0 0
47 0 0
48 0 0
49 0 0
50 0 0
51 0 0
100 0 0
*parity 2 widowed
birth 1 F widowed 2
14 0 0
15 0 0
16 0 0
17 0 0
18 0 0
19 0 .00001
20 0 .00859
21 0 .0091
22 0 .02557
23 0 .00723
24 0 .00622
25 0 .00563
26 0 .00495
27 0 .00408
28 0 .00385
29 0 .00334
30 0 .00298
31 0 .00224
32 0 .00171
33 0 .00159
34 0 .00138
35 0 .00162
36 0 .00124
37 0 .00083
38 0 .00079
39 0 .00084
40 0 .00055
41 0 .00042
42 0 .00031
43 0 .00024
44 0 .00014
45 0 .00009
46 0 .00006
47 0 .00003
48 0 .00002
49 0 .00001
50 0 0
51 0 0
100 0 0
*parity 2 divorced
birth 1 F divorced 2
14 0 0
15 0 0
16 0 0
17 0 0
18 0 0
19 0 .00001
20 0 .00859
21 0 .0091
22 0 .02557
23 0 .00723
24 0 .00622
25 0 .00563
26 0 .00495
27 0 .00408
28 0 .00385
29 0 .00334
30 0 .00298
31 0 .00224
32 0 .00171
33 0 .00159
34 0 .00138
35 0 .00162
36 0 .00124
37 0 .00083
38 0 .00079
39 0 .00084
40 0 .00055
41 0 .00042
42 0 .00031
43 0 .00024
44 0 .00014
45 0 .00009
46 0 .00006
47 0 .00003
48 0 .00002
49 0 .00001
50 0 0
51 0 0
100 0 0
