*parity 0 married
birth 1 F married 0
14 0 0
15 0 .00016
16 0 .00082
17 0 .03766
18 0 .03145
19 0 .03073
20 0 .04597
21 0 .05276
22 0 .04676
23 0 .04706
24 0 .04035
25 0 .03052
26 0 .02142
27 0 .01774
28 0 .01208
29 0 .0111
30 0 .00819
31 0 .00538
32 0 .0036
33 0 .00258
34 0 .0022
35 0 .0019
36 0 .00175
37 0 .00137
38 0 .00097
39 0 .00118
40 0 .00098
41 0 .0009
42 0 .00049
43 0 .0004
44 0 .00032
45 0 .00019
46 0 .00012
47 0 .00006
48 0 .00002
49 0 .00002
50 0 0
51 0 0
100 0 0
*parity 0 single
birth 1 F single 0
14 0 0
15 0 .00001
16 0 .00003
17 0 .00008
18 0 .00017
19 0 .00032
20 0 .00041
21 0 .0005
22 0 .00051
23 0 .00047
24 0 .00049
25 0 .00046
26 0 .0004
27 0 .00035
28 0 .00031
29 0 .00025
30 0 .00018
31 0 .0002
32 0 .00019
33 0 .00016
34 0 .00011
35 0 .00009
36 0 .00011
37 0 .00011
38 0 .0001
39 0 .00011
40 0 .00009
41 0 .00004
42 0 .00007
43 0 .0001
44 0 .00008
45 0 .0001
46 0 .00003
47 0 .00002
48 0 .00001
49 0 0
50 0 0
51 0 0
100 0 0
*parity 0 widowed
birth 1 F widowed 0
14 0 0
15 0 .00001
16 0 .00004
17 0 .00009
18 0 .11025
19 0 .08424
20 0 .05965
21 0 .4469
22 0 .07006
23 0 .07043
24 0 .04639
25 0 .02272
26 0 .09528
27 0 .03361
28 0 .01106
29 0 .00906
30 0 .00557
31 0 .00941
32 0 .00217
33 0 .00115
34 0 .00122
35 0 .00123
36 0 .00067
37 0 .00064
38 0 .00032
39 0 .0002
40 0 .00025
41 0 .0002
42 0 .00011
43 0 .00007
44 0 .00003
45 0 .00002
46 0 .00002
47 0 .00001
48 0 0
49 0 0
50 0 0
51 0 0
100 0 0
*parity 0 divorced
birth 1 F divorced 0
14 0 0
15 0 .00001
16 0 .00004
17 0 .00009
18 0 .11025
19 0 .08424
20 0 .05965
21 0 .4469
22 0 .07006
23 0 .07043
24 0 .04639
25 0 .02272
26 0 .09528
27 0 .03361
28 0 .01106
29 0 .00906
30 0 .00557
31 0 .00941
32 0 .00217
33 0 .00115
34 0 .00122
35 0 .00123
36 0 .00067
37 0 .00064
38 0 .00032
39 0 .0002
40 0 .00025
41 0 .0002
42 0 .00011
43 0 .00007
44 0 .00003
45 0 .00002
46 0 .00002
47 0 .00001
48 0 0
49 0 0
50 0 0
51 0 0
100 0 0
*parity 1 married
birth 1 F married 1
14 0 0
15 0 0
16 0 .00007
17 0 .0003
18 0 .02583
19 0 .02749
20 0 .03418
21 0 .03589
22 0 .05001
23 0 .06425
24 0 .06108
25 0 .05663
26 0 .06656
27 0 .0543
28 0 .05056
29 0 .05379
30 0 .04486
31 0 .03163
32 0 .04517
33 0 .03239
34 0 .03823
35 0 .03951
36 0 .07844
37 0 .06107
38 0 .03983
39 0 .01934
40 0 .01336
41 0 .00893
42 0 .00639
43 0 .00258
44 0 .00188
45 0 .00132
46 0 .00043
47 0 .00021
48 0 .00006
49 0 .00001
50 0 .00001
51 0 .00001
100 0 0
*parity 1 single
birth 1 F single 1
14 0 0
15 0 0
16 0 0
17 0 .00001
18 0 .00003
19 0 .08615
20 0 .07139
21 0 .06605
22 0 .05876
23 0 .04746
24 0 .02126
25 0 .03767
26 0 .02452
27 0 .03119
28 0 .00013
29 0 .03812
30 0 .09036
31 0 .07198
32 0 .05729
33 0 .00005
34 0 .00004
35 0 .02947
36 0 .02341
37 0 .01822
38 0 .00495
39 0 .00192
40 0 .00085
41 0 .00022
42 0 .0002
43 0 .00024
44 0 .0003
45 0 .00023
46 0 .00006
47 0 .00003
48 0 .00002
49 0 0
50 0 0
51 0 0
100 0 0
*parity 1 widowed
birth 1 F widowed 1
14 0 0
15 0 0
16 0 0
17 0 .00001
18 0 .00004
19 0 .10868
20 0 .18013
21 0 .03571
22 0 .03295
23 0 .05987
24 0 .10731
25 0 .03564
26 0 .06186
27 0 .02186
28 0 .01471
29 0 .03607
30 0 .00012
31 0 .01816
32 0 .01205
33 0 .02744
34 0 .01499
35 0 .0093
36 0 .00738
37 0 .00209
38 0 .00268
39 0 .00243
40 0 .00214
41 0 .00798
42 0 .00481
43 0 .00033
44 0 .00017
45 0 .00009
46 0 .00003
47 0 .00001
48 0 0
49 0 0
50 0 0
51 0 0
100 0 0
*parity 1 divorced
birth 1 F divorced 1
14 0 0
15 0 0
16 0 0
17 0 .00001
18 0 .00004
19 0 .10868
20 0 .18013
21 0 .03571
22 0 .03295
23 0 .05987
24 0 .10731
25 0 .03564
26 0 .06186
27 0 .02186
28 0 .01471
29 0 .03607
30 0 .00012
31 0 .01816
32 0 .01205
33 0 .02744
34 0 .01499
35 0 .0093
36 0 .00738
37 0 .00209
38 0 .00268
39 0 .00243
40 0 .00214
41 0 .00798
42 0 .00481
43 0 .00033
44 0 .00017
45 0 .00009
46 0 .00003
47 0 .00001
48 0 0
49 0 0
50 0 0
51 0 0
100 0 0
*parity 2 married
birth 1 F married 2
14 0 0
15 0 0
16 0 .00001
17 0 .00003
18 0 .08697
19 0 .0248
20 0 .03909
21 0 .02642
22 0 .02395
23 0 .02476
24 0 .02222
25 0 .02284
26 0 .02277
27 0 .02156
28 0 .02016
29 0 .01931
30 0 .0196
31 0 .01712
32 0 .01651
33 0 .01598
34 0 .01688
35 0 .01592
36 0 .01325
37 0 .01249
38 0 .01225
39 0 .00962
40 0 .00824
41 0 .00667
42 0 .00508
43 0 .00347
44 0 .00252
45 0 .00173
46 0 .00105
47 0 .00061
48 0 .00038
49 0 .00021
50 0 .00008
51 0 .00003
100 0 0
*parity 2 single
birth 1 F single 2
14 0 0
15 0 0
16 0 0
17 0 0
18 0 .00001
19 0 .00002
20 0 .02406
21 0 .09361
22 0 .07416
23 0 .03934
24 0 .04545
25 0 .04321
26 0 .02476
27 0 .02217
28 0 .02377
29 0 .01945
30 0 .03903
31 0 .01816
32 0 .03004
33 0 .03381
34 0 .03672
35 0 .02918
36 0 .08997
37 0 .01724
38 0 .01184
39 0 .02454
40 0 .00628
41 0 .00374
42 0 .00375
43 0 .00493
44 0 .00346
45 0 .0021
46 0 .00057
47 0 .0004
48 0 .00014
49 0 .00007
50 0 .00004
51 0 .00001
100 0 0
*parity 2 widowed
birth 1 F widowed 2
14 0 0
15 0 0
16 0 0
17 0 0
18 0 .00001
19 0 .00002
20 0 .0607
21 0 .01312
22 0 .06237
23 0 .01551
24 0 .01229
25 0 .01468
26 0 .00883
27 0 .00699
28 0 .01
29 0 .00515
30 0 .00588
31 0 .00516
32 0 .00421
33 0 .00409
34 0 .00327
35 0 .00344
36 0 .00218
37 0 .00202
38 0 .00239
39 0 .00137
40 0 .00128
41 0 .00111
42 0 .00068
43 0 .00042
44 0 .00029
45 0 .00017
46 0 .00011
47 0 .00007
48 0 .00003
49 0 .00001
50 0 .00001
51 0 0
100 0 0
*parity 2 divorced
birth 1 F divorced 2
14 0 0
15 0 0
16 0 0
17 0 0
18 0 .00001
19 0 .00002
20 0 .0607
21 0 .01312
22 0 .06237
23 0 .01551
24 0 .01229
25 0 .01468
26 0 .00883
27 0 .00699
28 0 .01
29 0 .00515
30 0 .00588
31 0 .00516
32 0 .00421
33 0 .00409
34 0 .00327
35 0 .00344
36 0 .00218
37 0 .00202
38 0 .00239
39 0 .00137
40 0 .00128
41 0 .00111
42 0 .00068
43 0 .00042
44 0 .00029
45 0 .00017
46 0 .00011
47 0 .00007
48 0 .00003
49 0 .00001
50 0 .00001
51 0 0
100 0 0
