*parity 0 married
birth 1 F married 0
14 0 0
15 0 .00017
16 0 .00055
17 0 .02633
18 0 .0249
19 0 .03922
20 0 .04007
21 0 .04561
22 0 .0573
23 0 .05542
24 0 .04583
25 0 .05126
26 0 .04861
27 0 .02209
28 0 .01274
29 0 .00404
30 0 .00171
31 0 .00022
32 0 0
33 0 .00007
34 0 .00063
35 0 .00095
36 0 .00128
37 0 .00168
38 0 .00214
39 0 .00242
40 0 .0027
41 0 .00279
42 0 .00264
43 0 .00284
44 0 .00293
45 0 .00228
46 0 .00288
47 0 .00263
48 0 .00262
49 0 .00274
50 0 .00253
51 0 .00236
100 0 0
*parity 0 single
birth 1 F single 0
14 0 0
15 0 .00001
16 0 .00003
17 0 .00009
18 0 .0002
19 0 .00038
20 0 .0006
21 0 .00074
22 0 .00081
23 0 .00078
24 0 .00081
25 0 .00066
26 0 .0005
27 0 .00032
28 0 .0002
29 0 .0001
30 0 .00004
31 0 .00001
32 0 0
33 0 0
34 0 .00003
35 0 .00007
36 0 .0001
37 0 .00015
38 0 .00019
39 0 .0002
40 0 .00028
41 0 .00027
42 0 .0003
43 0 .00028
44 0 .00033
45 0 .00038
46 0 .00036
47 0 .0006
48 0 .00068
49 0 .00048
50 0 .00037
51 0 .00053
100 0 0
*parity 0 widowed
birth 1 F widowed 0
14 0 0
15 0 .00002
16 0 .00008
17 0 .41765
18 0 .26688
19 0 .19977
20 0 .0011
21 0 .0012
22 0 .86885
23 0 1.50933
24 0 .00079
25 0 .42819
26 0 .00039
27 0 .3597
28 0 .18778
29 0 .02797
30 0 .00715
31 0 .00198
32 0 0
33 0 .00011
34 0 .00107
35 0 .00193
36 0 .00161
37 0 .00213
38 0 .00252
39 0 .00208
40 0 .00771
41 0 .0051
42 0 .003
43 0 .00339
44 0 .0013
45 0 .00181
46 0 .00092
47 0 .00148
48 0 .00116
49 0 .00088
50 0 .00088
51 0 .00089
100 0 0
*parity 0 divorced
birth 1 F divorced 0
14 0 0
15 0 .00002
16 0 .00008
17 0 .41765
18 0 .26688
19 0 .19977
20 0 .0011
21 0 .0012
22 0 .86885
23 0 1.50933
24 0 .00079
25 0 .42819
26 0 .00039
27 0 .3597
28 0 .18778
29 0 .02797
30 0 .00715
31 0 .00198
32 0 0
33 0 .00011
34 0 .00107
35 0 .00193
36 0 .00161
37 0 .00213
38 0 .00252
39 0 .00208
40 0 .00771
41 0 .0051
42 0 .003
43 0 .00339
44 0 .0013
45 0 .00181
46 0 .00092
47 0 .00148
48 0 .00116
49 0 .00088
50 0 .00088
51 0 .00089
100 0 0
*parity 1 married
birth 1 F married 1
14 0 0
15 0 .00014
16 0 .00021
17 0 .00043
18 0 .06076
19 0 .04017
20 0 .0385
21 0 .07002
22 0 .07069
23 0 .05752
24 0 .05387
25 0 .04817
26 0 .04935
27 0 .04103
28 0 .04424
29 0 .03851
30 0 .05817
31 0 .02643
32 0 .01467
33 0 .00954
34 0 .00643
35 0 .00526
36 0 .00551
37 0 .00606
38 0 .00551
39 0 .00557
40 0 .00474
41 0 .00395
42 0 .0041
43 0 .00557
44 0 .00517
45 0 .00579
46 0 .00739
47 0 .00442
48 0 .00389
49 0 .0041
50 0 .00412
51 0 .00367
100 0 0
*parity 1 single
birth 1 F single 1
14 0 0
15 0 .00001
16 0 .00001
17 0 .00002
18 0 .00005
19 0 .09421
20 0 .06121
21 0 .20916
22 0 .09354
23 0 .49134
24 0 .05686
25 0 .08087
26 0 .17179
27 0 .1418
28 0 .04237
29 0 .03851
30 0 .11202
31 0 .00005
32 0 .02607
33 0 .00003
34 0 .03302
35 0 .00002
36 0 .02991
37 0 .02962
38 0 .00002
39 0 .02529
40 0 .00002
41 0 .00002
42 0 .01861
43 0 .00001
44 0 .00001
45 0 .00001
46 0 .00001
47 0 .00001
48 0 .00001
49 0 .00385
50 0 .00001
51 0 .00172
100 0 0
*parity 1 widowed
birth 1 F widowed 1
14 0 0
15 0 .00002
16 0 .00003
17 0 .00006
18 0 .00015
19 0 .26789
20 0 .29006
21 0 .39649
22 0 .14777
23 0 .19958
24 0 .4311
25 0 .28744
26 0 .10855
27 0 .1152
28 0 .12048
29 0 .43796
30 0 .10617
31 0 .05381
32 0 .01647
33 0 .00794
34 0 .00469
35 0 .00192
36 0 .0017
37 0 .00138
38 0 .00116
39 0 .00116
40 0 .00119
41 0 .00092
42 0 .0009
43 0 .00071
44 0 .00101
45 0 .00113
46 0 .00096
47 0 .00085
48 0 .0005
49 0 .00043
50 0 .00048
51 0 .00041
100 0 0
*parity 1 divorced
birth 1 F divorced 1
14 0 0
15 0 .00002
16 0 .00003
17 0 .00006
18 0 .00015
19 0 .26789
20 0 .29006
21 0 .39649
22 0 .14777
23 0 .19958
24 0 .4311
25 0 .28744
26 0 .10855
27 0 .1152
28 0 .12048
29 0 .43796
30 0 .10617
31 0 .05381
32 0 .01647
33 0 .00794
34 0 .00469
35 0 .00192
36 0 .0017
37 0 .00138
38 0 .00116
39 0 .00116
40 0 .00119
41 0 .00092
42 0 .0009
43 0 .00071
44 0 .00101
45 0 .00113
46 0 .00096
47 0 .00085
48 0 .0005
49 0 .00043
50 0 .00048
51 0 .00041
100 0 0
*parity 2 married
birth 1 F married 2
14 0 0
15 0 .00014
16 0 .00014
17 0 .00017
18 0 .0003
19 0 .0374
20 0 .03005
21 0 .01966
22 0 .0186
23 0 .02187
24 0 .02262
25 0 .02246
26 0 .02082
27 0 .02186
28 0 .02011
29 0 .0208
30 0 .02116
31 0 .01933
32 0 .01867
33 0 .01728
34 0 .01843
35 0 .01795
36 0 .01711
37 0 .01482
38 0 .01336
39 0 .01171
40 0 .00998
41 0 .00797
42 0 .00598
43 0 .00432
44 0 .00332
45 0 .00232
46 0 .00152
47 0 .00105
48 0 .0007
49 0 .00052
50 0 .0004
51 0 .00035
100 0 0
*parity 2 single
birth 1 F single 2
14 0 0
15 0 .00001
16 0 .00001
17 0 .00001
18 0 .00001
19 0 .05725
20 0 .06009
21 0 .03203
22 0 .02793
23 0 .0428
24 0 .04124
25 0 .03503
26 0 .04549
27 0 .04603
28 0 .05539
29 0 .05413
30 0 .0437
31 0 .06851
32 0 .10629
33 0 .12284
34 0 .07967
35 0 .07737
36 0 .16276
37 0 .1534
38 0 .39308
39 0 .00028
40 0 .16316
41 0 .08378
42 0 .02801
43 0 .05005
44 0 .10902
45 0 .02521
46 0 .01151
47 0 .03021
48 0 .01044
49 0 .0069
50 0 .00001
51 0 .00001
100 0 0
*parity 2 widowed
birth 1 F widowed 2
14 0 0
15 0 .00002
16 0 .00002
17 0 .00002
18 0 .00004
19 0 .0001
20 0 .03797
21 0 .02277
22 0 .02647
23 0 .0291
24 0 .02105
25 0 .02126
26 0 .01934
27 0 .01738
28 0 .01423
29 0 .01184
30 0 .01124
31 0 .0107
32 0 .0094
33 0 .00794
34 0 .00658
35 0 .00629
36 0 .00553
37 0 .00469
38 0 .00425
39 0 .00381
40 0 .00311
41 0 .00231
42 0 .00177
43 0 .0012
44 0 .00084
45 0 .00056
46 0 .00034
47 0 .00023
48 0 .00015
49 0 .0001
50 0 .00007
51 0 .00006
100 0 0
*parity 2 divorced
birth 1 F divorced 2
14 0 0
15 0 .00002
16 0 .00002
17 0 .00002
18 0 .00004
19 0 .0001
20 0 .03797
21 0 .02277
22 0 .02647
23 0 .0291
24 0 .02105
25 0 .02126
26 0 .01934
27 0 .01738
28 0 .01423
29 0 .01184
30 0 .01124
31 0 .0107
32 0 .0094
33 0 .00794
34 0 .00658
35 0 .00629
36 0 .00553
37 0 .00469
38 0 .00425
39 0 .00381
40 0 .00311
41 0 .00231
42 0 .00177
43 0 .0012
44 0 .00084
45 0 .00056
46 0 .00034
47 0 .00023
48 0 .00015
49 0 .0001
50 0 .00007
51 0 .00006
100 0 0
