*parity 0 married
birth 1 F married 0
14 0 0
15 0 .00008
16 0 .00034
17 0 .06472
18 0 .04843
19 0 .04399
20 0 .05517
21 0 .06427
22 0 .06395
23 0 .07195
24 0 .05906
25 0 .0704
26 0 .1006
27 0 .13991
28 0 .06845
29 0 .06892
30 0 .07191
31 0 .14509
32 0 .08593
33 0 .03291
34 0 .01983
35 0 .01056
36 0 .00611
37 0 .00289
38 0 .00175
39 0 .00123
40 0 .00082
41 0 .00049
42 0 .00026
43 0 .00018
44 0 .00011
45 0 .00006
46 0 .00003
47 0 .00002
48 0 .00001
49 0 0
50 0 0
51 0 0
100 0 0
*parity 0 single
birth 1 F single 0
14 0 0
15 0 .00016
16 0 .00064
17 0 .00123
18 0 .00208
19 0 .00295
20 0 .00366
21 0 .0039
22 0 .004
23 0 .00405
24 0 .004
25 0 .00393
26 0 .00404
27 0 .00396
28 0 .00398
29 0 .00374
30 0 .00344
31 0 .00312
32 0 .0027
33 0 .00236
34 0 .00218
35 0 .00189
36 0 .00165
37 0 .00152
38 0 .00118
39 0 .001
40 0 .00083
41 0 .00062
42 0 .00052
43 0 .00037
44 0 .00025
45 0 .00018
46 0 .0001
47 0 .00006
48 0 .00004
49 0 .00001
50 0 0
51 0 0
100 0 0
*parity 0 widowed
birth 1 F widowed 0
14 0 0
15 0 .00002
16 0 .00006
17 0 .12352
18 0 .19932
19 0 .00026
20 0 .94758
21 0 .0003
22 0 .41763
23 0 .25747
24 0 .72914
25 0 .34638
26 0 .68401
27 0 .0002
28 0 .00019
29 0 .00017
30 0 .00014
31 0 .33749
32 0 .0001
33 0 .11483
34 0 .0958
35 0 .07561
36 0 .06228
37 0 .01331
38 0 .00562
39 0 .00278
40 0 .00156
41 0 .00084
42 0 .0003
43 0 .00015
44 0 .00006
45 0 .00004
46 0 .00002
47 0 .00001
48 0 0
49 0 0
50 0 0
51 0 0
100 0 0
*parity 0 divorced
birth 1 F divorced 0
14 0 0
15 0 .00002
16 0 .00006
17 0 .12352
18 0 .19932
19 0 .00026
20 0 .94758
21 0 .0003
22 0 .41763
23 0 .25747
24 0 .72914
25 0 .34638
26 0 .68401
27 0 .0002
28 0 .00019
29 0 .00017
30 0 .00014
31 0 .33749
32 0 .0001
33 0 .11483
34 0 .0958
35 0 .07561
36 0 .06228
37 0 .01331
38 0 .00562
39 0 .00278
40 0 .00156
41 0 .00084
42 0 .0003
43 0 .00015
44 0 .00006
45 0 .00004
46 0 .00002
47 0 .00001
48 0 0
49 0 0
50 0 0
51 0 0
100 0 0
*parity 1 married
birth 1 F married 1
14 0 0
15 0 0
16 0 .00002
17 0 .21588
18 0 .02269
19 0 .02002
20 0 .01553
21 0 .0166
22 0 .01509
23 0 .01519
24 0 .01663
25 0 .01925
26 0 .01711
27 0 .01626
28 0 .01802
29 0 .01658
30 0 .01656
31 0 .01368
32 0 .01089
33 0 .01101
34 0 .01256
35 0 .007
36 0 .0052
37 0 .00461
38 0 .00349
39 0 .00344
40 0 .0016
41 0 .0013
42 0 .00077
43 0 .0004
44 0 .00023
45 0 .00016
46 0 .00008
47 0 .00003
48 0 .00001
49 0 0
50 0 0
51 0 0
100 0 0
*parity 1 single
birth 1 F single 1
14 0 0
15 0 0
16 0 .02732
17 0 .0402
18 0 .02641
19 0 .03426
20 0 .02527
21 0 .02677
22 0 .02888
23 0 .02551
24 0 .02314
25 0 .02575
26 0 .02819
27 0 .024
28 0 .02284
29 0 .02955
30 0 .02706
31 0 .02448
32 0 .0246
33 0 .02088
34 0 .02283
35 0 .0216
36 0 .018
37 0 .01885
38 0 .01804
39 0 .01966
40 0 .01936
41 0 .01542
42 0 .00774
43 0 .00419
44 0 .00217
45 0 .00131
46 0 .00106
47 0 .00041
48 0 .00015
49 0 .00006
50 0 .00007
51 0 .00003
100 0 0
*parity 1 widowed
birth 1 F widowed 1
14 0 0
15 0 0
16 0 0
17 0 .00001
18 0 .03384
19 0 .04083
20 0 .0298
21 0 .02812
22 0 .02483
23 0 .02507
24 0 .04209
25 0 .04041
26 0 .01546
27 0 .0235
28 0 .02538
29 0 .0354
30 0 .11703
31 0 .05264
32 0 .02443
33 0 .01529
34 0 .02786
35 0 .02491
36 0 .01851
37 0 .01252
38 0 .00467
39 0 .00337
40 0 .00099
41 0 .00054
42 0 .00033
43 0 .0002
44 0 .00009
45 0 .00006
46 0 .00003
47 0 .00001
48 0 0
49 0 0
50 0 0
51 0 0
100 0 0
*parity 1 divorced
birth 1 F divorced 1
14 0 0
15 0 0
16 0 0
17 0 .00001
18 0 .03384
19 0 .04083
20 0 .0298
21 0 .02812
22 0 .02483
23 0 .02507
24 0 .04209
25 0 .04041
26 0 .01546
27 0 .0235
28 0 .02538
29 0 .0354
30 0 .11703
31 0 .05264
32 0 .02443
33 0 .01529
34 0 .02786
35 0 .02491
36 0 .01851
37 0 .01252
38 0 .00467
39 0 .00337
40 0 .00099
41 0 .00054
42 0 .00033
43 0 .0002
44 0 .00009
45 0 .00006
46 0 .00003
47 0 .00001
48 0 0
49 0 0
50 0 0
51 0 0
100 0 0
*parity 2 married
birth 1 F married 2
14 0 0
15 0 0
16 0 0
17 0 .00001
18 0 .00002
19 0 .02341
20 0 .01286
21 0 .01452
22 0 .01548
23 0 .01417
24 0 .01351
25 0 .0113
26 0 .00986
27 0 .0093
28 0 .00818
29 0 .00787
30 0 .00781
31 0 .00678
32 0 .00637
33 0 .0056
34 0 .00416
35 0 .00383
36 0 .00319
37 0 .00254
38 0 .00223
39 0 .00169
40 0 .00138
41 0 .00105
42 0 .0008
43 0 .00055
44 0 .00039
45 0 .00026
46 0 .00015
47 0 .00008
48 0 .00004
49 0 .00002
50 0 .00001
51 0 0
100 0 0
*parity 2 single
birth 1 F single 2
14 0 0
15 0 0
16 0 0
17 0 .00653
18 0 .00751
19 0 .01032
20 0 .01181
21 0 .01582
22 0 .01378
23 0 .01285
24 0 .01386
25 0 .0132
26 0 .0111
27 0 .01138
28 0 .01098
29 0 .01008
30 0 .00895
31 0 .00846
32 0 .00823
33 0 .00751
34 0 .00671
35 0 .00635
36 0 .00612
37 0 .00562
38 0 .00559
39 0 .00496
40 0 .00445
41 0 .00375
42 0 .0032
43 0 .00281
44 0 .00224
45 0 .00139
46 0 .00095
47 0 .00055
48 0 .0003
49 0 .00018
50 0 .00007
51 0 .00003
100 0 0
*parity 2 widowed
birth 1 F widowed 2
14 0 0
15 0 0
16 0 0
17 0 0
18 0 0
19 0 .00001
20 0 .02761
21 0 .02381
22 0 .01016
23 0 .01204
24 0 .00912
25 0 .00577
26 0 .0068
27 0 .00583
28 0 .00456
29 0 .00327
30 0 .00325
31 0 .00288
32 0 .00246
33 0 .00218
34 0 .00175
35 0 .00148
36 0 .00125
37 0 .001
38 0 .00077
39 0 .00059
40 0 .00051
41 0 .00035
42 0 .00025
43 0 .00017
44 0 .00012
45 0 .00007
46 0 .00004
47 0 .00002
48 0 .00001
49 0 0
50 0 0
51 0 0
100 0 0
*parity 2 divorced
birth 1 F divorced 2
14 0 0
15 0 0
16 0 0
17 0 0
18 0 0
19 0 .00001
20 0 .02761
21 0 .02381
22 0 .01016
23 0 .01204
24 0 .00912
25 0 .00577
26 0 .0068
27 0 .00583
28 0 .00456
29 0 .00327
30 0 .00325
31 0 .00288
32 0 .00246
33 0 .00218
34 0 .00175
35 0 .00148
36 0 .00125
37 0 .001
38 0 .00077
39 0 .00059
40 0 .00051
41 0 .00035
42 0 .00025
43 0 .00017
44 0 .00012
45 0 .00007
46 0 .00004
47 0 .00002
48 0 .00001
49 0 0
50 0 0
51 0 0
100 0 0
