*parity all married
birth 1 F married 0
14 0 0
15 0 .00039
16 0 .00095
17 0 .00254
18 0 .00569
19 0 .01042
20 0 .01562
21 0 .0198
22 0 .02222
23 0 .02327
24 0 .02346
25 0 .02255
26 0 .02089
27 0 .01874
28 0 .01707
29 0 .01556
30 0 .01452
31 0 .01287
32 0 .01179
33 0 .01078
34 0 .01043
35 0 .00989
36 0 .0094
37 0 .00875
38 0 .00819
39 0 .00743
40 0 .00662
41 0 .00523
42 0 .00412
43 0 .0031
44 0 .00239
45 0 .00171
46 0 .00116
47 0 .00084
48 0 .0006
49 0 .00047
50 0 .0004
51 0 .00036
100 0 0
*parity all single
birth 1 F single 0
14 0 0
15 0 .00039
16 0 .00095
17 0 .00254
18 0 .00569
19 0 .01042
20 0 .01562
21 0 .0198
22 0 .02222
23 0 .02327
24 0 .02346
25 0 .02255
26 0 .02089
27 0 .01874
28 0 .01707
29 0 .01556
30 0 .01452
31 0 .01287
32 0 .01179
33 0 .01078
34 0 .01043
35 0 .00989
36 0 .0094
37 0 .00875
38 0 .00819
39 0 .00743
40 0 .00662
41 0 .00523
42 0 .00412
43 0 .0031
44 0 .00239
45 0 .00171
46 0 .00116
47 0 .00084
48 0 .0006
49 0 .00047
50 0 .0004
51 0 .00036
100 0 0
*parity all widowed
birth 1 F widowed 0
14 0 0
15 0 .00039
16 0 .00095
17 0 .00254
18 0 .00569
19 0 .01042
20 0 .01562
21 0 .0198
22 0 .02222
23 0 .02327
24 0 .02346
25 0 .02255
26 0 .02089
27 0 .01874
28 0 .01707
29 0 .01556
30 0 .01452
31 0 .01287
32 0 .01179
33 0 .01078
34 0 .01043
35 0 .00989
36 0 .0094
37 0 .00875
38 0 .00819
39 0 .00743
40 0 .00662
41 0 .00523
42 0 .00412
43 0 .0031
44 0 .00239
45 0 .00171
46 0 .00116
47 0 .00084
48 0 .0006
49 0 .00047
50 0 .0004
51 0 .00036
100 0 0
*parity all divorced
birth 1 F divorced 0
14 0 0
15 0 .00039
16 0 .00095
17 0 .00254
18 0 .00569
19 0 .01042
20 0 .01562
21 0 .0198
22 0 .02222
23 0 .02327
24 0 .02346
25 0 .02255
26 0 .02089
27 0 .01874
28 0 .01707
29 0 .01556
30 0 .01452
31 0 .01287
32 0 .01179
33 0 .01078
34 0 .01043
35 0 .00989
36 0 .0094
37 0 .00875
38 0 .00819
39 0 .00743
40 0 .00662
41 0 .00523
42 0 .00412
43 0 .0031
44 0 .00239
45 0 .00171
46 0 .00116
47 0 .00084
48 0 .0006
49 0 .00047
50 0 .0004
51 0 .00036
100 0 0
