*parity 0 married
birth 1 F married 0
14 0 0
15 0 .00007
16 0 .00045
17 0 .03181
18 0 .02751
19 0 .03171
20 0 .03899
21 0 .04188
22 0 .04655
23 0 .04085
24 0 .03455
25 0 .02171
26 0 .01477
27 0 .00827
28 0 .00432
29 0 .00198
30 0 .00092
31 0 .00025
32 0 .00005
33 0 0
34 0 .00017
35 0 .0003
36 0 .00039
37 0 .00044
38 0 .00047
39 0 .00046
40 0 .00039
41 0 .00034
42 0 .00033
43 0 .00022
44 0 .00019
45 0 .00014
46 0 .00012
47 0 .0001
48 0 .00009
49 0 .00009
50 0 .0001
51 0 .0001
100 0 0
*parity 0 single
birth 1 F single 0
14 0 0
15 0 .00001
16 0 .00007
17 0 .00022
18 0 .00053
19 0 .00102
20 0 .00149
21 0 .00181
22 0 .00185
23 0 .00192
24 0 .00169
25 0 .00155
26 0 .00114
27 0 .00076
28 0 .00052
29 0 .00034
30 0 .0002
31 0 .00006
32 0 .00002
33 0 0
34 0 .00008
35 0 .00014
36 0 .00024
37 0 .00026
38 0 .00031
39 0 .00033
40 0 .00041
41 0 .00033
42 0 .00027
43 0 .0003
44 0 .00031
45 0 .00023
46 0 .00018
47 0 .00012
48 0 .00012
49 0 .00018
50 0 .00016
51 0 .00017
100 0 0
*parity 0 widowed
birth 1 F widowed 0
14 0 0
15 0 .00001
16 0 .00008
17 0 .00026
18 0 1.06182
19 0 1.53402
20 0 1.782
21 0 .00139
22 0 .90657
23 0 .80273
24 0 .18696
25 0 .14618
26 0 .1387
27 0 .05717
28 0 .0178
29 0 .00703
30 0 .00275
31 0 .0005
32 0 .00007
33 0 0
34 0 .00026
35 0 .00039
36 0 .00042
37 0 .00038
38 0 .0004
39 0 .00035
40 0 .00031
41 0 .00026
42 0 .00017
43 0 .00012
44 0 .00009
45 0 .00006
46 0 .00005
47 0 .00004
48 0 .00003
49 0 .00003
50 0 .00003
51 0 .00003
100 0 0
*parity 0 divorced
birth 1 F divorced 0
14 0 0
15 0 .00001
16 0 .00008
17 0 .00026
18 0 1.06182
19 0 1.53402
20 0 1.782
21 0 .00139
22 0 .90657
23 0 .80273
24 0 .18696
25 0 .14618
26 0 .1387
27 0 .05717
28 0 .0178
29 0 .00703
30 0 .00275
31 0 .0005
32 0 .00007
33 0 0
34 0 .00026
35 0 .00039
36 0 .00042
37 0 .00038
38 0 .0004
39 0 .00035
40 0 .00031
41 0 .00026
42 0 .00017
43 0 .00012
44 0 .00009
45 0 .00006
46 0 .00005
47 0 .00004
48 0 .00003
49 0 .00003
50 0 .00003
51 0 .00003
100 0 0
*parity 1 married
birth 1 F married 1
14 0 0
15 0 .00002
16 0 .00008
17 0 .00029
18 0 .03937
19 0 .03649
20 0 .0478
21 0 .05257
22 0 .05231
23 0 .05428
24 0 .05493
25 0 .0542
26 0 .04952
27 0 .05171
28 0 .04023
29 0 .03355
30 0 .03063
31 0 .02252
32 0 .03123
33 0 .02244
34 0 .01946
35 0 .01445
36 0 .02768
37 0 .02993
38 0 .01801
39 0 .01392
40 0 .0127
41 0 .00858
42 0 .00399
43 0 .00317
44 0 .00225
45 0 .00187
46 0 .00106
47 0 .00085
48 0 .00087
49 0 .00046
50 0 .00064
51 0 .00056
100 0 0
*parity 1 single
birth 1 F single 1
14 0 0
15 0 0
16 0 .02426
17 0 .08096
18 0 .07909
19 0 .04503
20 0 .05224
21 0 .09505
22 0 .06491
23 0 .04736
24 0 .07672
25 0 .07778
26 0 .13096
27 0 .08626
28 0 .0635
29 0 .42852
30 0 .14283
31 0 .00015
32 0 .12996
33 0 .00007
34 0 .00006
35 0 .06637
36 0 .00005
37 0 .00005
38 0 .00004
39 0 .00004
40 0 .00003
41 0 .00003
42 0 .00002
43 0 .00842
44 0 .00001
45 0 .00831
46 0 .00198
47 0 .00451
48 0 .00375
49 0 .0017
50 0 .00109
51 0 0
100 0 0
*parity 1 widowed
birth 1 F widowed 1
14 0 0
15 0 0
16 0 .00001
17 0 .00005
18 0 .05881
19 0 .11163
20 0 .08416
21 0 .06545
22 0 .06838
23 0 .04892
24 0 .07924
25 0 .03969
26 0 .02185
27 0 .02851
28 0 .04497
29 0 .05901
30 0 .01311
31 0 .00679
32 0 .00671
33 0 .00599
34 0 .00314
35 0 .00374
36 0 .00463
37 0 .0149
38 0 .01007
39 0 .0066
40 0 .00577
41 0 .00273
42 0 .00119
43 0 .00091
44 0 .00064
45 0 .00051
46 0 .00028
47 0 .00022
48 0 .00019
49 0 .00018
50 0 .00012
51 0 .00014
100 0 0
*parity 1 divorced
birth 1 F divorced 1
14 0 0
15 0 0
16 0 .00001
17 0 .00005
18 0 .05881
19 0 .11163
20 0 .08416
21 0 .06545
22 0 .06838
23 0 .04892
24 0 .07924
25 0 .03969
26 0 .02185
27 0 .02851
28 0 .04497
29 0 .05901
30 0 .01311
31 0 .00679
32 0 .00671
33 0 .00599
34 0 .00314
35 0 .00374
36 0 .00463
37 0 .0149
38 0 .01007
39 0 .0066
40 0 .00577
41 0 .00273
42 0 .00119
43 0 .00091
44 0 .00064
45 0 .00051
46 0 .00028
47 0 .00022
48 0 .00019
49 0 .00018
50 0 .00012
51 0 .00014
100 0 0
*parity 2 married
birth 1 F married 2
14 0 0
15 0 .00002
16 0 .00002
17 0 .00005
18 0 .00017
19 0 .04577
20 0 .0336
21 0 .02963
22 0 .03063
23 0 .02677
24 0 .02925
25 0 .02799
26 0 .0266
27 0 .02687
28 0 .02633
29 0 .02283
30 0 .02202
31 0 .02195
32 0 .01882
33 0 .01804
34 0 .01854
35 0 .01673
36 0 .01691
37 0 .01498
38 0 .01445
39 0 .0139
40 0 .0131
41 0 .01009
42 0 .00762
43 0 .00554
44 0 .00417
45 0 .00286
46 0 .00169
47 0 .00112
48 0 .00064
49 0 .00036
50 0 .00019
51 0 .00011
100 0 0
*parity 2 single
birth 1 F single 2
14 0 0
15 0 0
16 0 0
17 0 .00001
18 0 .00002
19 0 .00007
20 0 .05014
21 0 .07046
22 0 .06447
23 0 .06554
24 0 .0495
25 0 .06283
26 0 .10006
27 0 .07418
28 0 .07819
29 0 .15549
30 0 .09007
31 0 .24026
32 0 .09974
33 0 .18121
34 0 .13594
35 0 .59176
36 0 .28336
37 0 .21372
38 0 .34156
39 0 .29061
40 0 .77651
41 0 .14655
42 0 .15967
43 0 .00028
44 0 .09267
45 0 .08735
46 0 .02206
47 0 .03245
48 0 .01851
49 0 .01017
50 0 .01072
51 0 .00198
100 0 0
*parity 2 widowed
birth 1 F widowed 2
14 0 0
15 0 0
16 0 0
17 0 .00001
18 0 .00003
19 0 .00009
20 0 .15536
21 0 .00043
22 0 .23971
23 0 .0863
24 0 .04682
25 0 .05191
26 0 .09425
27 0 .03482
28 0 .02143
29 0 .0187
30 0 .02048
31 0 .01579
32 0 .0146
33 0 .01283
34 0 .00985
35 0 .01033
36 0 .0072
37 0 .00686
38 0 .00599
39 0 .00517
40 0 .00472
41 0 .00349
42 0 .00243
43 0 .00199
44 0 .00139
45 0 .00082
46 0 .0005
47 0 .00028
48 0 .00016
49 0 .00008
50 0 .00004
51 0 .00002
100 0 0
*parity 2 divorced
birth 1 F divorced 2
14 0 0
15 0 0
16 0 0
17 0 .00001
18 0 .00003
19 0 .00009
20 0 .15536
21 0 .00043
22 0 .23971
23 0 .0863
24 0 .04682
25 0 .05191
26 0 .09425
27 0 .03482
28 0 .02143
29 0 .0187
30 0 .02048
31 0 .01579
32 0 .0146
33 0 .01283
34 0 .00985
35 0 .01033
36 0 .0072
37 0 .00686
38 0 .00599
39 0 .00517
40 0 .00472
41 0 .00349
42 0 .00243
43 0 .00199
44 0 .00139
45 0 .00082
46 0 .0005
47 0 .00028
48 0 .00016
49 0 .00008
50 0 .00004
51 0 .00002
100 0 0
