*parity all married
birth 1 F married 0
14 0 0
15 0 .01085
16 0 .01029
17 0 .01067
18 0 .01225
19 0 .01555
20 0 .01985
21 0 .02357
22 0 .02564
23 0 .0263
24 0 .02611
25 0 .02477
26 0 .02264
27 0 .02008
28 0 .01825
29 0 .01689
30 0 .01636
31 0 .01538
32 0 .01512
33 0 .01505
34 0 .01574
35 0 .01618
36 0 .0166
37 0 .01678
38 0 .01695
39 0 .0168
40 0 .01648
41 0 .01541
42 0 .01453
43 0 .01368
44 0 .0131
45 0 .01249
46 0 .01197
47 0 .01167
48 0 .01144
49 0 .01131
50 0 .01123
51 0 .0112
100 0 0
*parity all single
birth 1 F single 0
14 0 0
15 0 .01085
16 0 .01029
17 0 .01067
18 0 .01225
19 0 .01555
20 0 .01985
21 0 .02357
22 0 .02564
23 0 .0263
24 0 .02611
25 0 .02477
26 0 .02264
27 0 .02008
28 0 .01825
29 0 .01689
30 0 .01636
31 0 .01538
32 0 .01512
33 0 .01505
34 0 .01574
35 0 .01618
36 0 .0166
37 0 .01678
38 0 .01695
39 0 .0168
40 0 .01648
41 0 .01541
42 0 .01453
43 0 .01368
44 0 .0131
45 0 .01249
46 0 .01197
47 0 .01167
48 0 .01144
49 0 .01131
50 0 .01123
51 0 .0112
100 0 0
*parity all widowed
birth 1 F widowed 0
14 0 0
15 0 .01085
16 0 .01029
17 0 .01067
18 0 .01225
19 0 .01555
20 0 .01985
21 0 .02357
22 0 .02564
23 0 .0263
24 0 .02611
25 0 .02477
26 0 .02264
27 0 .02008
28 0 .01825
29 0 .01689
30 0 .01636
31 0 .01538
32 0 .01512
33 0 .01505
34 0 .01574
35 0 .01618
36 0 .0166
37 0 .01678
38 0 .01695
39 0 .0168
40 0 .01648
41 0 .01541
42 0 .01453
43 0 .01368
44 0 .0131
45 0 .01249
46 0 .01197
47 0 .01167
48 0 .01144
49 0 .01131
50 0 .01123
51 0 .0112
100 0 0
*parity all divorced
birth 1 F divorced 0
14 0 0
15 0 .01085
16 0 .01029
17 0 .01067
18 0 .01225
19 0 .01555
20 0 .01985
21 0 .02357
22 0 .02564
23 0 .0263
24 0 .02611
25 0 .02477
26 0 .02264
27 0 .02008
28 0 .01825
29 0 .01689
30 0 .01636
31 0 .01538
32 0 .01512
33 0 .01505
34 0 .01574
35 0 .01618
36 0 .0166
37 0 .01678
38 0 .01695
39 0 .0168
40 0 .01648
41 0 .01541
42 0 .01453
43 0 .01368
44 0 .0131
45 0 .01249
46 0 .01197
47 0 .01167
48 0 .01144
49 0 .01131
50 0 .01123
51 0 .0112
100 0 0
