*parity 0 married
birth 1 F married 0
14 0 0
15 0 .0002
16 0 .00098
17 0 .03768
18 0 .04044
19 0 .04693
20 0 .06022
21 0 .05259
22 0 .06143
23 0 .04566
24 0 .04093
25 0 .04236
26 0 .03021
27 0 .0237
28 0 .01652
29 0 .0139
30 0 .01226
31 0 .00894
32 0 .0074
33 0 .00449
34 0 .00351
35 0 .00334
36 0 .00254
37 0 .00226
38 0 .00163
39 0 .0014
40 0 .00108
41 0 .00075
42 0 .00066
43 0 .00042
44 0 .00034
45 0 .00017
46 0 .00013
47 0 .00006
48 0 .00003
49 0 .00001
50 0 0
51 0 0
100 0 0
*parity 0 single
birth 1 F single 0
14 0 0
15 0 0
16 0 0
17 0 0
18 0 .00001
19 0 .00002
20 0 .00002
21 0 .00003
22 0 .00003
23 0 .00003
24 0 .00003
25 0 .00002
26 0 .00002
27 0 .00002
28 0 .00002
29 0 .00002
30 0 .00002
31 0 .00001
32 0 .00001
33 0 .00001
34 0 .00001
35 0 .00001
36 0 .00001
37 0 .00001
38 0 .00001
39 0 .00001
40 0 .00001
41 0 .00001
42 0 .00001
43 0 .00001
44 0 .00001
45 0 .00001
46 0 0
47 0 0
48 0 0
49 0 0
50 0 0
51 0 0
100 0 0
*parity 0 widowed
birth 1 F widowed 0
14 0 0
15 0 0
16 0 .00001
17 0 .01716
18 0 .01473
19 0 .00006
20 0 .02496
21 0 .01692
22 0 .01697
23 0 .0105
24 0 .03653
25 0 .00762
26 0 .00327
27 0 .00397
28 0 .00399
29 0 .00161
30 0 .00169
31 0 .00084
32 0 .0007
33 0 .00061
34 0 .00029
35 0 .00026
36 0 .00019
37 0 .00016
38 0 .00012
39 0 .00006
40 0 .00006
41 0 .00005
42 0 .00002
43 0 .00002
44 0 .00001
45 0 .00001
46 0 0
47 0 0
48 0 0
49 0 0
50 0 0
51 0 0
100 0 0
*parity 0 divorced
birth 1 F divorced 0
14 0 0
15 0 0
16 0 .00001
17 0 .01716
18 0 .01473
19 0 .00006
20 0 .02496
21 0 .01692
22 0 .01697
23 0 .0105
24 0 .03653
25 0 .00762
26 0 .00327
27 0 .00397
28 0 .00399
29 0 .00161
30 0 .00169
31 0 .00084
32 0 .0007
33 0 .00061
34 0 .00029
35 0 .00026
36 0 .00019
37 0 .00016
38 0 .00012
39 0 .00006
40 0 .00006
41 0 .00005
42 0 .00002
43 0 .00002
44 0 .00001
45 0 .00001
46 0 0
47 0 0
48 0 0
49 0 0
50 0 0
51 0 0
100 0 0
*parity 1 married
birth 1 F married 1
14 0 0
15 0 0
16 0 .00008
17 0 .0003
18 0 .02178
19 0 .03148
20 0 .0435
21 0 .04296
22 0 .03564
23 0 .06636
24 0 .04814
25 0 .05876
26 0 .06313
27 0 .07858
28 0 .05454
29 0 .05721
30 0 .0483
31 0 .04798
32 0 .03936
33 0 .06033
34 0 .03725
35 0 .03263
36 0 .02551
37 0 .06261
38 0 .01985
39 0 .01492
40 0 .0084
41 0 .00459
42 0 .00244
43 0 .00125
44 0 .00079
45 0 .00036
46 0 .00022
47 0 .00014
48 0 .00005
49 0 .00001
50 0 0
51 0 0
100 0 0
*parity 1 single
birth 1 F single 1
14 0 0
15 0 0
16 0 0
17 0 0
18 0 0
19 0 0
20 0 .00001
21 0 .00001
22 0 .00386
23 0 .00001
24 0 .0077
25 0 .00001
26 0 .00345
27 0 .00573
28 0 .00497
29 0 .00428
30 0 .00001
31 0 0
32 0 .00231
33 0 .00208
34 0 0
35 0 .00046
36 0 .00108
37 0 .00013
38 0 .00014
39 0 .00009
40 0 .00003
41 0 .00002
42 0 .00002
43 0 .00001
44 0 .00001
45 0 .00001
46 0 .00001
47 0 0
48 0 0
49 0 0
50 0 0
51 0 0
100 0 0
*parity 1 widowed
birth 1 F widowed 1
14 0 0
15 0 0
16 0 0
17 0 0
18 0 .00001
19 0 .01462
20 0 .0206
21 0 .00548
22 0 .00868
23 0 .01148
24 0 .00693
25 0 .00466
26 0 .01035
27 0 .00429
28 0 .00559
29 0 .00275
30 0 .00528
31 0 .00339
32 0 .00347
33 0 .00467
34 0 .00373
35 0 .00089
36 0 .00122
37 0 .00067
38 0 .00051
39 0 .00031
40 0 .00037
41 0 .00024
42 0 .00011
43 0 .00006
44 0 .00002
45 0 .00001
46 0 .00001
47 0 0
48 0 0
49 0 0
50 0 0
51 0 0
100 0 0
*parity 1 divorced
birth 1 F divorced 1
14 0 0
15 0 0
16 0 0
17 0 0
18 0 .00001
19 0 .01462
20 0 .0206
21 0 .00548
22 0 .00868
23 0 .01148
24 0 .00693
25 0 .00466
26 0 .01035
27 0 .00429
28 0 .00559
29 0 .00275
30 0 .00528
31 0 .00339
32 0 .00347
33 0 .00467
34 0 .00373
35 0 .00089
36 0 .00122
37 0 .00067
38 0 .00051
39 0 .00031
40 0 .00037
41 0 .00024
42 0 .00011
43 0 .00006
44 0 .00002
45 0 .00001
46 0 .00001
47 0 0
48 0 0
49 0 0
50 0 0
51 0 0
100 0 0
*parity 2 married
birth 1 F married 2
14 0 0
15 0 0
16 0 .00001
17 0 .00003
18 0 .00013
19 0 .03304
20 0 .02204
21 0 .02365
22 0 .02831
23 0 .01905
24 0 .02228
25 0 .02137
26 0 .0209
27 0 .01917
28 0 .01752
29 0 .01671
30 0 .01558
31 0 .0144
32 0 .014
33 0 .01297
34 0 .01245
35 0 .01102
36 0 .011
37 0 .00887
38 0 .00876
39 0 .00807
40 0 .0063
41 0 .00526
42 0 .00378
43 0 .00296
44 0 .00203
45 0 .00138
46 0 .00082
47 0 .0005
48 0 .00025
49 0 .00014
50 0 .00006
51 0 .00002
100 0 0
*parity 2 single
birth 1 F single 2
14 0 0
15 0 0
16 0 0
17 0 0
18 0 0
19 0 0
20 0 0
21 0 0
22 0 .00001
23 0 .00001
24 0 .00001
25 0 .00001
26 0 .00001
27 0 .00001
28 0 .00002
29 0 .00002
30 0 .00002
31 0 .00001
32 0 .00001
33 0 .00001
34 0 .00001
35 0 .00001
36 0 .00612
37 0 .00001
38 0 .00001
39 0 .00112
40 0 .00096
41 0 .00056
42 0 .0004
43 0 .00032
44 0 .00016
45 0 .00006
46 0 .0001
47 0 .00003
48 0 .00001
49 0 .00001
50 0 0
51 0 0
100 0 0
*parity 2 widowed
birth 1 F widowed 2
14 0 0
15 0 0
16 0 0
17 0 0
18 0 0
19 0 0
20 0 .00001
21 0 .01228
22 0 .01031
23 0 .00531
24 0 .00339
25 0 .00655
26 0 .00346
27 0 .004
28 0 .00374
29 0 .00224
30 0 .00147
31 0 .00143
32 0 .00129
33 0 .00108
34 0 .00092
35 0 .00087
36 0 .0005
37 0 .00052
38 0 .00045
39 0 .0003
40 0 .00042
41 0 .00021
42 0 .00016
43 0 .00011
44 0 .00009
45 0 .00007
46 0 .00002
47 0 .00002
48 0 .00001
49 0 0
50 0 0
51 0 0
100 0 0
*parity 2 divorced
birth 1 F divorced 2
14 0 0
15 0 0
16 0 0
17 0 0
18 0 0
19 0 0
20 0 .00001
21 0 .01228
22 0 .01031
23 0 .00531
24 0 .00339
25 0 .00655
26 0 .00346
27 0 .004
28 0 .00374
29 0 .00224
30 0 .00147
31 0 .00143
32 0 .00129
33 0 .00108
34 0 .00092
35 0 .00087
36 0 .0005
37 0 .00052
38 0 .00045
39 0 .0003
40 0 .00042
41 0 .00021
42 0 .00016
43 0 .00011
44 0 .00009
45 0 .00007
46 0 .00002
47 0 .00002
48 0 .00001
49 0 0
50 0 0
51 0 0
100 0 0
