*parity 0 married
birth 1 F married 0
14 0 0
15 0 .00019
16 0 .00076
17 0 .05373
18 0 .04669
19 0 .05368
20 0 .04648
21 0 .05824
22 0 .05351
23 0 .04359
24 0 .04713
25 0 .03696
26 0 .0272
27 0 .0264
28 0 .02208
29 0 .01926
30 0 .02034
31 0 .01193
32 0 .00814
33 0 .00582
34 0 .00343
35 0 .00277
36 0 .00202
37 0 .00147
38 0 .00097
39 0 .00072
40 0 .00054
41 0 .00037
42 0 .00023
43 0 .00015
44 0 .00009
45 0 .00006
46 0 .00003
47 0 .00002
48 0 .00001
49 0 0
50 0 0
51 0 0
100 0 0
*parity 0 single
birth 1 F single 0
14 0 0
15 0 .00005
16 0 .00021
17 0 .0004
18 0 .00067
19 0 .00096
20 0 .00117
21 0 .00121
22 0 .00123
23 0 .00122
24 0 .00121
25 0 .00119
26 0 .00122
27 0 .00125
28 0 .00124
29 0 .00111
30 0 .00101
31 0 .001
32 0 .00098
33 0 .00098
34 0 .00094
35 0 .00086
36 0 .00081
37 0 .00075
38 0 .00088
39 0 .00076
40 0 .00068
41 0 .00054
42 0 .00038
43 0 .0003
44 0 .0002
45 0 .00014
46 0 .00014
47 0 .00007
48 0 .00003
49 0 .00001
50 0 0
51 0 0
100 0 0
*parity 0 widowed
birth 1 F widowed 0
14 0 0
15 0 .00001
16 0 .00005
17 0 .00009
18 0 .00015
19 0 .09819
20 0 .11236
21 0 .20926
22 0 .03046
23 0 .06455
24 0 .09391
25 0 .1811
26 0 .08531
27 0 .03139
28 0 .01413
29 0 .04403
30 0 .01196
31 0 .01948
32 0 .0063
33 0 .01065
34 0 .00434
35 0 .00188
36 0 .00133
37 0 .00074
38 0 .00038
39 0 .00029
40 0 .00022
41 0 .00011
42 0 .00008
43 0 .00006
44 0 .00003
45 0 .00002
46 0 .00001
47 0 0
48 0 0
49 0 0
50 0 0
51 0 0
100 0 0
*parity 0 divorced
birth 1 F divorced 0
14 0 0
15 0 .00001
16 0 .00005
17 0 .00009
18 0 .00015
19 0 .09819
20 0 .11236
21 0 .20926
22 0 .03046
23 0 .06455
24 0 .09391
25 0 .1811
26 0 .08531
27 0 .03139
28 0 .01413
29 0 .04403
30 0 .01196
31 0 .01948
32 0 .0063
33 0 .01065
34 0 .00434
35 0 .00188
36 0 .00133
37 0 .00074
38 0 .00038
39 0 .00029
40 0 .00022
41 0 .00011
42 0 .00008
43 0 .00006
44 0 .00003
45 0 .00002
46 0 .00001
47 0 0
48 0 0
49 0 0
50 0 0
51 0 0
100 0 0
*parity 1 married
birth 1 F married 1
14 0 0
15 0 0
16 0 .00004
17 0 .00014
18 0 .02648
19 0 .01524
20 0 .01907
21 0 .02859
22 0 .03232
23 0 .04427
24 0 .03305
25 0 .04024
26 0 .05766
27 0 .03636
28 0 .03321
29 0 .05335
30 0 .04308
31 0 .03983
32 0 .02824
33 0 .01905
34 0 .01792
35 0 .01645
36 0 .01576
37 0 .01125
38 0 .01039
39 0 .00616
40 0 .00458
41 0 .00386
42 0 .00272
43 0 .00116
44 0 .00065
45 0 .00032
46 0 .00019
47 0 .00009
48 0 .00003
49 0 .00001
50 0 0
51 0 0
100 0 0
*parity 1 single
birth 1 F single 1
14 0 0
15 0 0
16 0 .00001
17 0 .01787
18 0 .0337
19 0 .02851
20 0 .02267
21 0 .02651
22 0 .02364
23 0 .02365
24 0 .02488
25 0 .02233
26 0 .0208
27 0 .02975
28 0 .02135
29 0 .02294
30 0 .01799
31 0 .01851
32 0 .02482
33 0 .02635
34 0 .03129
35 0 .07514
36 0 .03062
37 0 .02585
38 0 .03116
39 0 .03419
40 0 .07244
41 0 .04838
42 0 .01012
43 0 .0031
44 0 .01075
45 0 .00001
46 0 .00146
47 0 0
48 0 .00059
49 0 .0001
50 0 0
51 0 0
100 0 0
*parity 1 widowed
birth 1 F widowed 1
14 0 0
15 0 0
16 0 0
17 0 .00001
18 0 .00002
19 0 .0478
20 0 .02534
21 0 .01588
22 0 .03114
23 0 .03399
24 0 .01656
25 0 .07756
26 0 .05149
27 0 .04989
28 0 .07161
29 0 .03572
30 0 .0197
31 0 .01496
32 0 .0214
33 0 .00552
34 0 .01874
35 0 .01029
36 0 .00652
37 0 .00542
38 0 .00332
39 0 .00223
40 0 .00087
41 0 .00048
42 0 .00043
43 0 .00018
44 0 .0001
45 0 .00008
46 0 .00003
47 0 .00001
48 0 .00001
49 0 0
50 0 0
51 0 0
100 0 0
*parity 1 divorced
birth 1 F divorced 1
14 0 0
15 0 0
16 0 0
17 0 .00001
18 0 .00002
19 0 .0478
20 0 .02534
21 0 .01588
22 0 .03114
23 0 .03399
24 0 .01656
25 0 .07756
26 0 .05149
27 0 .04989
28 0 .07161
29 0 .03572
30 0 .0197
31 0 .01496
32 0 .0214
33 0 .00552
34 0 .01874
35 0 .01029
36 0 .00652
37 0 .00542
38 0 .00332
39 0 .00223
40 0 .00087
41 0 .00048
42 0 .00043
43 0 .00018
44 0 .0001
45 0 .00008
46 0 .00003
47 0 .00001
48 0 .00001
49 0 0
50 0 0
51 0 0
100 0 0
*parity 2 married
birth 1 F married 2
14 0 0
15 0 0
16 0 0
17 0 .00001
18 0 .00005
19 0 .03277
20 0 .02174
21 0 .01149
22 0 .01107
23 0 .01161
24 0 .01213
25 0 .01267
26 0 .0106
27 0 .0097
28 0 .01012
29 0 .00967
30 0 .00942
31 0 .00797
32 0 .00705
33 0 .00611
34 0 .00607
35 0 .00485
36 0 .00435
37 0 .0037
38 0 .00326
39 0 .00269
40 0 .00221
41 0 .00171
42 0 .0013
43 0 .00088
44 0 .00071
45 0 .00044
46 0 .00024
47 0 .00013
48 0 .00007
49 0 .00003
50 0 .00001
51 0 .00001
100 0 0
*parity 2 single
birth 1 F single 2
14 0 0
15 0 0
16 0 0
17 0 0
18 0 .00001
19 0 .01787
20 0 .07709
21 0 .04284
22 0 .02642
23 0 .01211
24 0 .01553
25 0 .01149
26 0 .01481
27 0 .01487
28 0 .01432
29 0 .01224
30 0 .01347
31 0 .01121
32 0 .01306
33 0 .01311
34 0 .01311
35 0 .0149
36 0 .01366
37 0 .01994
38 0 .01957
39 0 .01541
40 0 .01578
41 0 .00992
42 0 .01006
43 0 .00951
44 0 .00844
45 0 .00696
46 0 .00322
47 0 .00155
48 0 .00102
49 0 .00092
50 0 .00046
51 0 .00029
100 0 0
*parity 2 widowed
birth 1 F widowed 2
14 0 0
15 0 0
16 0 0
17 0 0
18 0 0
19 0 .00001
20 0 .00002
21 0 .03078
22 0 .01012
23 0 .00607
24 0 .00475
25 0 .00463
26 0 .00421
27 0 .00404
28 0 .00385
29 0 .00336
30 0 .00264
31 0 .00304
32 0 .00232
33 0 .00223
34 0 .00153
35 0 .00147
36 0 .00117
37 0 .00107
38 0 .00084
39 0 .00072
40 0 .00046
41 0 .00036
42 0 .00025
43 0 .0002
44 0 .00011
45 0 .00006
46 0 .00004
47 0 .00002
48 0 .00001
49 0 .00001
50 0 0
51 0 0
100 0 0
*parity 2 divorced
birth 1 F divorced 2
14 0 0
15 0 0
16 0 0
17 0 0
18 0 0
19 0 .00001
20 0 .00002
21 0 .03078
22 0 .01012
23 0 .00607
24 0 .00475
25 0 .00463
26 0 .00421
27 0 .00404
28 0 .00385
29 0 .00336
30 0 .00264
31 0 .00304
32 0 .00232
33 0 .00223
34 0 .00153
35 0 .00147
36 0 .00117
37 0 .00107
38 0 .00084
39 0 .00072
40 0 .00046
41 0 .00036
42 0 .00025
43 0 .0002
44 0 .00011
45 0 .00006
46 0 .00004
47 0 .00002
48 0 .00001
49 0 .00001
50 0 0
51 0 0
100 0 0
