*parity 0 married
birth 1 F married 0
14 0 0
15 0 .00007
16 0 .00029
17 0 .00054
18 0 .07588
19 0 .03339
20 0 .03914
21 0 .04054
22 0 .03671
23 0 .03291
24 0 .02712
25 0 .02049
26 0 .0163
27 0 .01553
28 0 .01342
29 0 .01547
30 0 .01058
31 0 .01001
32 0 .00768
33 0 .00588
34 0 .00463
35 0 .00391
36 0 .00287
37 0 .00198
38 0 .00115
39 0 .0007
40 0 .00046
41 0 .00033
42 0 .00016
43 0 .0001
44 0 .00006
45 0 .00003
46 0 .00002
47 0 .00001
48 0 0
49 0 0
50 0 0
51 0 0
100 0 0
*parity 0 single
birth 1 F single 0
14 0 0
15 0 .00017
16 0 .0007
17 0 .00132
18 0 .00217
19 0 .00307
20 0 .00368
21 0 .00398
22 0 .00397
23 0 .00395
24 0 .00391
25 0 .00402
26 0 .00411
27 0 .00393
28 0 .00379
29 0 .00363
30 0 .00341
31 0 .003
32 0 .00269
33 0 .00219
34 0 .00194
35 0 .00157
36 0 .00134
37 0 .00112
38 0 .00095
39 0 .00078
40 0 .0006
41 0 .00044
42 0 .00032
43 0 .00024
44 0 .00016
45 0 .0001
46 0 .00006
47 0 .00004
48 0 .00002
49 0 .00001
50 0 0
51 0 0
100 0 0
*parity 0 widowed
birth 1 F widowed 0
14 0 0
15 0 .00001
16 0 .00005
17 0 .0001
18 0 .00017
19 0 .17278
20 0 .57012
21 0 .57496
22 0 .56983
23 0 .00024
24 0 .49371
25 0 .46342
26 0 .05662
27 0 .13394
28 0 .03651
29 0 .11559
30 0 .04834
31 0 .02897
32 0 .06921
33 0 .02892
34 0 .02398
35 0 .01124
36 0 .00762
37 0 .0034
38 0 .00183
39 0 .00115
40 0 .00062
41 0 .00048
42 0 .00022
43 0 .00014
44 0 .00007
45 0 .00003
46 0 .00002
47 0 .00001
48 0 0
49 0 0
50 0 0
51 0 0
100 0 0
*parity 0 divorced
birth 1 F divorced 0
14 0 0
15 0 .00001
16 0 .00005
17 0 .0001
18 0 .00017
19 0 .17278
20 0 .57012
21 0 .57496
22 0 .56983
23 0 .00024
24 0 .49371
25 0 .46342
26 0 .05662
27 0 .13394
28 0 .03651
29 0 .11559
30 0 .04834
31 0 .02897
32 0 .06921
33 0 .02892
34 0 .02398
35 0 .01124
36 0 .00762
37 0 .0034
38 0 .00183
39 0 .00115
40 0 .00062
41 0 .00048
42 0 .00022
43 0 .00014
44 0 .00007
45 0 .00003
46 0 .00002
47 0 .00001
48 0 0
49 0 0
50 0 0
51 0 0
100 0 0
*parity 1 married
birth 1 F married 1
14 0 0
15 0 0
16 0 .00002
17 0 .00006
18 0 .00015
19 0 .33504
20 0 .02623
21 0 .04619
22 0 .04512
23 0 .04516
24 0 .04604
25 0 .02963
26 0 .02501
27 0 .02906
28 0 .03114
29 0 .0231
30 0 .02032
31 0 .01838
32 0 .01348
33 0 .01191
34 0 .01223
35 0 .00904
36 0 .00729
37 0 .00661
38 0 .00467
39 0 .0031
40 0 .00213
41 0 .00131
42 0 .00091
43 0 .00055
44 0 .00032
45 0 .0002
46 0 .00008
47 0 .00004
48 0 .00002
49 0 .00001
50 0 0
51 0 0
100 0 0
*parity 1 single
birth 1 F single 1
14 0 0
15 0 0
16 0 .00004
17 0 .29579
18 0 .13458
19 0 .04519
20 0 .0487
21 0 .04259
22 0 .04108
23 0 .03344
24 0 .02994
25 0 .02869
26 0 .03037
27 0 .0294
28 0 .02977
29 0 .02607
30 0 .02384
31 0 .02755
32 0 .0221
33 0 .02189
34 0 .01786
35 0 .01583
36 0 .01301
37 0 .01269
38 0 .01147
39 0 .00831
40 0 .00749
41 0 .00588
42 0 .00531
43 0 .00286
44 0 .00166
45 0 .00094
46 0 .00068
47 0 .00029
48 0 .00009
49 0 .00005
50 0 .00001
51 0 .00001
100 0 0
*parity 1 widowed
birth 1 F widowed 1
14 0 0
15 0 0
16 0 0
17 0 .00001
18 0 .00003
19 0 .00006
20 0 .04901
21 0 .05311
22 0 .03747
23 0 .12406
24 0 .06617
25 0 .0252
26 0 .03208
27 0 .02437
28 0 .03418
29 0 .03172
30 0 .05646
31 0 .08099
32 0 .02739
33 0 .02418
34 0 .01896
35 0 .00978
36 0 .00968
37 0 .01051
38 0 .00384
39 0 .00254
40 0 .00124
41 0 .00134
42 0 .00057
43 0 .00048
44 0 .0002
45 0 .00017
46 0 .00006
47 0 .00002
48 0 .00001
49 0 0
50 0 0
51 0 0
100 0 0
*parity 1 divorced
birth 1 F divorced 1
14 0 0
15 0 0
16 0 0
17 0 .00001
18 0 .00003
19 0 .00006
20 0 .04901
21 0 .05311
22 0 .03747
23 0 .12406
24 0 .06617
25 0 .0252
26 0 .03208
27 0 .02437
28 0 .03418
29 0 .03172
30 0 .05646
31 0 .08099
32 0 .02739
33 0 .02418
34 0 .01896
35 0 .00978
36 0 .00968
37 0 .01051
38 0 .00384
39 0 .00254
40 0 .00124
41 0 .00134
42 0 .00057
43 0 .00048
44 0 .0002
45 0 .00017
46 0 .00006
47 0 .00002
48 0 .00001
49 0 0
50 0 0
51 0 0
100 0 0
*parity 2 married
birth 1 F married 2
14 0 0
15 0 0
16 0 0
17 0 0
18 0 .00002
19 0 .00005
20 0 .25583
21 0 .00703
22 0 .00703
23 0 .00893
24 0 .00961
25 0 .01065
26 0 .01082
27 0 .01102
28 0 .00943
29 0 .00858
30 0 .00737
31 0 .00687
32 0 .00597
33 0 .00578
34 0 .00491
35 0 .00429
36 0 .00367
37 0 .00309
38 0 .00243
39 0 .00192
40 0 .00164
41 0 .00102
42 0 .00081
43 0 .00054
44 0 .00038
45 0 .00023
46 0 .00014
47 0 .00008
48 0 .00004
49 0 .00002
50 0 .00001
51 0 0
100 0 0
*parity 2 single
birth 1 F single 2
14 0 0
15 0 0
16 0 0
17 0 .00001
18 0 .00005
19 0 .00013
20 0 .02389
21 0 .02165
22 0 .02412
23 0 .01854
24 0 .01797
25 0 .01578
26 0 .01289
27 0 .01274
28 0 .01269
29 0 .01136
30 0 .0119
31 0 .01015
32 0 .00966
33 0 .00935
34 0 .00751
35 0 .00737
36 0 .00613
37 0 .00545
38 0 .00477
39 0 .00452
40 0 .00389
41 0 .0033
42 0 .00293
43 0 .00213
44 0 .00147
45 0 .00125
46 0 .00077
47 0 .00042
48 0 .00025
49 0 .00013
50 0 .00004
51 0 .00002
100 0 0
*parity 2 widowed
birth 1 F widowed 2
14 0 0
15 0 0
16 0 0
17 0 0
18 0 0
19 0 .00001
20 0 .00002
21 0 .08886
22 0 .04759
23 0 .0213
24 0 .02192
25 0 .01482
26 0 .01638
27 0 .00965
28 0 .00872
29 0 .00789
30 0 .00582
31 0 .00403
32 0 .00436
33 0 .00308
34 0 .00345
35 0 .00243
36 0 .00245
37 0 .0015
38 0 .00166
39 0 .00124
40 0 .00084
41 0 .00064
42 0 .00045
43 0 .00028
44 0 .00021
45 0 .00012
46 0 .00007
47 0 .00004
48 0 .00002
49 0 .00001
50 0 0
51 0 0
100 0 0
*parity 2 divorced
birth 1 F divorced 2
14 0 0
15 0 0
16 0 0
17 0 0
18 0 0
19 0 .00001
20 0 .00002
21 0 .08886
22 0 .04759
23 0 .0213
24 0 .02192
25 0 .01482
26 0 .01638
27 0 .00965
28 0 .00872
29 0 .00789
30 0 .00582
31 0 .00403
32 0 .00436
33 0 .00308
34 0 .00345
35 0 .00243
36 0 .00245
37 0 .0015
38 0 .00166
39 0 .00124
40 0 .00084
41 0 .00064
42 0 .00045
43 0 .00028
44 0 .00021
45 0 .00012
46 0 .00007
47 0 .00004
48 0 .00002
49 0 .00001
50 0 0
51 0 0
100 0 0
