*parity 0 married
birth 1 F married 0
14 0 0
15 0 .00019
16 0 .0009
17 0 .04699
18 0 .02758
19 0 .03467
20 0 .04301
21 0 .04411
22 0 .05575
23 0 .065
24 0 .06868
25 0 .082
26 0 .09509
27 0 .12
28 0 .23616
29 0 .10987
30 0 .05813
31 0 .05526
32 0 .0294
33 0 .01754
34 0 .01105
35 0 .01134
36 0 .01544
37 0 .00866
38 0 .00423
39 0 .0024
40 0 .00175
41 0 .00095
42 0 .00075
43 0 .00061
44 0 .00049
45 0 .00031
46 0 .00017
47 0 .00011
48 0 .00007
49 0 .00004
50 0 .00005
51 0 .00002
100 0 0
*parity 0 single
birth 1 F single 0
14 0 0
15 0 .00001
16 0 .00003
17 0 .00008
18 0 .00016
19 0 .00028
20 0 .00038
21 0 .00047
22 0 .00049
23 0 .00046
24 0 .00048
25 0 .00049
26 0 .00036
27 0 .00033
28 0 .00031
29 0 .0003
30 0 .0003
31 0 .00028
32 0 .00022
33 0 .00017
34 0 .00016
35 0 .00015
36 0 .00017
37 0 .00015
38 0 .0001
39 0 .00009
40 0 .00009
41 0 .00008
42 0 .00005
43 0 .00003
44 0 .00002
45 0 .00001
46 0 .00001
47 0 .00002
48 0 .00002
49 0 .00001
50 0 .00001
51 0 0
100 0 0
*parity 0 widowed
birth 1 F widowed 0
14 0 0
15 0 .00001
16 0 .00005
17 0 .0001
18 0 .26297
19 0 .09656
20 0 .11331
21 0 .2391
22 0 .40845
23 0 .00032
24 0 .00028
25 0 .00023
26 0 .15987
27 0 .18066
28 0 .00012
29 0 .02895
30 0 .00008
31 0 .00007
32 0 .05755
33 0 .02245
34 0 .01942
35 0 .03131
36 0 .00003
37 0 .00681
38 0 .00207
39 0 .00142
40 0 .00047
41 0 .00023
42 0 .00018
43 0 .00014
44 0 .00012
45 0 .00012
46 0 .00004
47 0 .00002
48 0 .00001
49 0 0
50 0 0
51 0 0
100 0 0
*parity 0 divorced
birth 1 F divorced 0
14 0 0
15 0 .00001
16 0 .00005
17 0 .0001
18 0 .26297
19 0 .09656
20 0 .11331
21 0 .2391
22 0 .40845
23 0 .00032
24 0 .00028
25 0 .00023
26 0 .15987
27 0 .18066
28 0 .00012
29 0 .02895
30 0 .00008
31 0 .00007
32 0 .05755
33 0 .02245
34 0 .01942
35 0 .03131
36 0 .00003
37 0 .00681
38 0 .00207
39 0 .00142
40 0 .00047
41 0 .00023
42 0 .00018
43 0 .00014
44 0 .00012
45 0 .00012
46 0 .00004
47 0 .00002
48 0 .00001
49 0 0
50 0 0
51 0 0
100 0 0
*parity 1 married
birth 1 F married 1
14 0 0
15 0 0
16 0 .00007
17 0 .00028
18 0 .11414
19 0 .07407
20 0 .04752
21 0 .03693
22 0 .03931
23 0 .04206
24 0 .04561
25 0 .03903
26 0 .05011
27 0 .04131
28 0 .04221
29 0 .03144
30 0 .03474
31 0 .07865
32 0 .48511
33 0 .51717
34 0 .00126
35 0 .00105
36 0 .09877
37 0 .06246
38 0 .13704
39 0 .09229
40 0 .28099
41 0 .00024
42 0 .05919
43 0 .01964
44 0 .00006
45 0 .025
46 0 .00151
47 0 .00071
48 0 .00031
49 0 .00008
50 0 .00003
51 0 .00001
100 0 0
*parity 1 single
birth 1 F single 1
14 0 0
15 0 0
16 0 0
17 0 .01422
18 0 .04116
19 0 .08548
20 0 .06769
21 0 .06215
22 0 .02237
23 0 .02746
24 0 .07567
25 0 .11191
26 0 .27649
27 0 .04283
28 0 .07306
29 0 .00011
30 0 .00009
31 0 .08225
32 0 .06998
33 0 .01865
34 0 .00005
35 0 .00004
36 0 .00003
37 0 .02478
38 0 .00002
39 0 .00666
40 0 .00001
41 0 .00686
42 0 .00427
43 0 .00142
44 0 .0001
45 0 .00003
46 0 .00003
47 0 .00002
48 0 .00002
49 0 0
50 0 0
51 0 0
100 0 0
*parity 1 widowed
birth 1 F widowed 1
14 0 0
15 0 0
16 0 0
17 0 .00001
18 0 .02864
19 0 .03965
20 0 .0471
21 0 .03706
22 0 .03112
23 0 .03821
24 0 .0243
25 0 .03461
26 0 .19238
27 0 .11921
28 0 .10167
29 0 .02945
30 0 .0279
31 0 .03815
32 0 .03246
33 0 .00008
34 0 .06768
35 0 .05424
36 0 .00004
37 0 .01724
38 0 .00003
39 0 .00309
40 0 .0047
41 0 .00001
42 0 .00001
43 0 .00394
44 0 .00216
45 0 0
46 0 0
47 0 0
48 0 0
49 0 .00001
50 0 0
51 0 0
100 0 0
*parity 1 divorced
birth 1 F divorced 1
14 0 0
15 0 0
16 0 0
17 0 .00001
18 0 .02864
19 0 .03965
20 0 .0471
21 0 .03706
22 0 .03112
23 0 .03821
24 0 .0243
25 0 .03461
26 0 .19238
27 0 .11921
28 0 .10167
29 0 .02945
30 0 .0279
31 0 .03815
32 0 .03246
33 0 .00008
34 0 .06768
35 0 .05424
36 0 .00004
37 0 .01724
38 0 .00003
39 0 .00309
40 0 .0047
41 0 .00001
42 0 .00001
43 0 .00394
44 0 .00216
45 0 0
46 0 0
47 0 0
48 0 0
49 0 .00001
50 0 0
51 0 0
100 0 0
*parity 2 married
birth 1 F married 2
14 0 0
15 0 0
16 0 .00001
17 0 .00003
18 0 .00803
19 0 .0075
20 0 .01229
21 0 .01731
22 0 .01666
23 0 .01731
24 0 .0152
25 0 .01503
26 0 .01542
27 0 .01461
28 0 .01375
29 0 .01334
30 0 .01199
31 0 .01065
32 0 .0098
33 0 .01001
34 0 .00897
35 0 .00836
36 0 .00753
37 0 .00729
38 0 .007
39 0 .00649
40 0 .0058
41 0 .00497
42 0 .00373
43 0 .00266
44 0 .00208
45 0 .00145
46 0 .00075
47 0 .00044
48 0 .00025
49 0 .00013
50 0 .00005
51 0 .00002
100 0 0
*parity 2 single
birth 1 F single 2
14 0 0
15 0 0
16 0 0
17 0 0
18 0 0
19 0 .00001
20 0 .00003
21 0 .0281
22 0 .02012
23 0 .03059
24 0 .02504
25 0 .01959
26 0 .02551
27 0 .02998
28 0 .0232
29 0 .0191
30 0 .04677
31 0 .04358
32 0 .02823
33 0 .01211
34 0 .03243
35 0 .02277
36 0 .02805
37 0 .04111
38 0 .02139
39 0 .02848
40 0 .0197
41 0 .01478
42 0 .00526
43 0 .00583
44 0 .00193
45 0 .00082
46 0 .00084
47 0 .00068
48 0 .00058
49 0 .00014
50 0 .0001
51 0 .00002
100 0 0
*parity 2 widowed
birth 1 F widowed 2
14 0 0
15 0 0
16 0 0
17 0 0
18 0 .00001
19 0 .00002
20 0 .01221
21 0 .00902
22 0 .0112
23 0 .01064
24 0 .01254
25 0 .00694
26 0 .008
27 0 .00732
28 0 .00482
29 0 .00519
30 0 .00471
31 0 .00282
32 0 .00327
33 0 .00241
34 0 .00282
35 0 .00205
36 0 .00158
37 0 .00122
38 0 .00125
39 0 .00115
40 0 .00083
41 0 .00058
42 0 .00047
43 0 .00031
44 0 .00021
45 0 .00015
46 0 .00009
47 0 .00005
48 0 .00002
49 0 .00001
50 0 0
51 0 0
100 0 0
*parity 2 divorced
birth 1 F divorced 2
14 0 0
15 0 0
16 0 0
17 0 0
18 0 .00001
19 0 .00002
20 0 .01221
21 0 .00902
22 0 .0112
23 0 .01064
24 0 .01254
25 0 .00694
26 0 .008
27 0 .00732
28 0 .00482
29 0 .00519
30 0 .00471
31 0 .00282
32 0 .00327
33 0 .00241
34 0 .00282
35 0 .00205
36 0 .00158
37 0 .00122
38 0 .00125
39 0 .00115
40 0 .00083
41 0 .00058
42 0 .00047
43 0 .00031
44 0 .00021
45 0 .00015
46 0 .00009
47 0 .00005
48 0 .00002
49 0 .00001
50 0 0
51 0 0
100 0 0
