*parity 0 married
birth 1 F married 0
14 0 0
15 0 .00015
16 0 .0008
17 0 .03968
18 0 .02512
19 0 .03893
20 0 .04856
21 0 .04655
22 0 .05774
23 0 .04706
24 0 .03732
25 0 .02858
26 0 .0224
27 0 .01729
28 0 .01488
29 0 .01125
30 0 .00692
31 0 .00433
32 0 .003
33 0 .00242
34 0 .00211
35 0 .00193
36 0 .00161
37 0 .00113
38 0 .00134
39 0 .00116
40 0 .00119
41 0 .00069
42 0 .00061
43 0 .00047
44 0 .00032
45 0 .00021
46 0 .00012
47 0 .00006
48 0 .00003
49 0 .00002
50 0 0
51 0 .00001
100 0 0
*parity 0 single
birth 1 F single 0
14 0 0
15 0 .00001
16 0 .00003
17 0 .00008
18 0 .00018
19 0 .0003
20 0 .00043
21 0 .00051
22 0 .0005
23 0 .00053
24 0 .00051
25 0 .00046
26 0 .00041
27 0 .00034
28 0 .00027
29 0 .00019
30 0 .00021
31 0 .00019
32 0 .00017
33 0 .00011
34 0 .00009
35 0 .0001
36 0 .00011
37 0 .0001
38 0 .00012
39 0 .00011
40 0 .00005
41 0 .00009
42 0 .00011
43 0 .00012
44 0 .00015
45 0 .00004
46 0 .00004
47 0 .00003
48 0 .00001
49 0 .00001
50 0 0
51 0 0
100 0 0
*parity 0 widowed
birth 1 F widowed 0
14 0 0
15 0 .00001
16 0 .00004
17 0 .00009
18 0 .00018
19 0 .05465
20 0 .4203
21 0 .08963
22 0 .13451
23 0 .07667
24 0 .03075
25 0 .12038
26 0 .08658
27 0 .01142
28 0 .01436
29 0 .00898
30 0 .01393
31 0 .00322
32 0 .00142
33 0 .00152
34 0 .00149
35 0 .00078
36 0 .00074
37 0 .00041
38 0 .00029
39 0 .00033
40 0 .0003
41 0 .00017
42 0 .00011
43 0 .00005
44 0 .00003
45 0 .00003
46 0 .00001
47 0 .00001
48 0 0
49 0 0
50 0 0
51 0 0
100 0 0
*parity 0 divorced
birth 1 F divorced 0
14 0 0
15 0 .00001
16 0 .00004
17 0 .00009
18 0 .00018
19 0 .05465
20 0 .4203
21 0 .08963
22 0 .13451
23 0 .07667
24 0 .03075
25 0 .12038
26 0 .08658
27 0 .01142
28 0 .01436
29 0 .00898
30 0 .01393
31 0 .00322
32 0 .00142
33 0 .00152
34 0 .00149
35 0 .00078
36 0 .00074
37 0 .00041
38 0 .00029
39 0 .00033
40 0 .0003
41 0 .00017
42 0 .00011
43 0 .00005
44 0 .00003
45 0 .00003
46 0 .00001
47 0 .00001
48 0 0
49 0 0
50 0 0
51 0 0
100 0 0
*parity 1 married
birth 1 F married 1
14 0 0
15 0 0
16 0 .00008
17 0 .3679
18 0 .02939
19 0 .03083
20 0 .03469
21 0 .0483
22 0 .04729
23 0 .05768
24 0 .05636
25 0 .06269
26 0 .06703
27 0 .05683
28 0 .05565
29 0 .05241
30 0 .04289
31 0 .04608
32 0 .04105
33 0 .05189
34 0 .03956
35 0 .09032
36 0 .04402
37 0 .04346
38 0 .02219
39 0 .01506
40 0 .01391
41 0 .01081
42 0 .00409
43 0 .00271
44 0 .0021
45 0 .00085
46 0 .00041
47 0 .00016
48 0 .00004
49 0 .00002
50 0 .00001
51 0 .00001
100 0 0
*parity 1 single
birth 1 F single 1
14 0 0
15 0 0
16 0 0
17 0 .00001
18 0 .0409
19 0 .04348
20 0 .14872
21 0 .20526
22 0 .03328
23 0 .02224
24 0 .05003
25 0 .04527
26 0 .02665
27 0 .07695
28 0 .04604
29 0 .0542
30 0 .08873
31 0 .01733
32 0 .0525
33 0 .00005
34 0 .00004
35 0 .02718
36 0 .02153
37 0 .00599
38 0 .00236
39 0 .00108
40 0 .00028
41 0 .00027
42 0 .00035
43 0 .00048
44 0 .00042
45 0 .00009
46 0 .00005
47 0 .00005
48 0 .00001
49 0 .00001
50 0 0
51 0 0
100 0 0
*parity 1 widowed
birth 1 F widowed 1
14 0 0
15 0 0
16 0 0
17 0 .00001
18 0 .00004
19 0 .10701
20 0 .0305
21 0 .05052
22 0 .09557
23 0 .04104
24 0 .02565
25 0 .03482
26 0 .01148
27 0 .02104
28 0 .04249
29 0 .00013
30 0 .02184
31 0 .01219
32 0 .0646
33 0 .01681
34 0 .01053
35 0 .00836
36 0 .00265
37 0 .00316
38 0 .00291
39 0 .00265
40 0 .01095
41 0 .0035
42 0 .00051
43 0 .0003
44 0 .00017
45 0 .00006
46 0 .00003
47 0 .00001
48 0 .00001
49 0 0
50 0 0
51 0 0
100 0 0
*parity 1 divorced
birth 1 F divorced 1
14 0 0
15 0 0
16 0 0
17 0 .00001
18 0 .00004
19 0 .10701
20 0 .0305
21 0 .05052
22 0 .09557
23 0 .04104
24 0 .02565
25 0 .03482
26 0 .01148
27 0 .02104
28 0 .04249
29 0 .00013
30 0 .02184
31 0 .01219
32 0 .0646
33 0 .01681
34 0 .01053
35 0 .00836
36 0 .00265
37 0 .00316
38 0 .00291
39 0 .00265
40 0 .01095
41 0 .0035
42 0 .00051
43 0 .0003
44 0 .00017
45 0 .00006
46 0 .00003
47 0 .00001
48 0 .00001
49 0 0
50 0 0
51 0 0
100 0 0
*parity 2 married
birth 1 F married 2
14 0 0
15 0 0
16 0 .00001
17 0 .00003
18 0 .00015
19 0 .04592
20 0 .02637
21 0 .02368
22 0 .02866
23 0 .02252
24 0 .02452
25 0 .02523
26 0 .02333
27 0 .02097
28 0 .02083
29 0 .02101
30 0 .01886
31 0 .01833
32 0 .01767
33 0 .01812
34 0 .01789
35 0 .01438
36 0 .01403
37 0 .01369
38 0 .01084
39 0 .00969
40 0 .00895
41 0 .00671
42 0 .00484
43 0 .00344
44 0 .00262
45 0 .00176
46 0 .00104
47 0 .00071
48 0 .00041
49 0 .00018
50 0 .00008
51 0 .00004
100 0 0
*parity 2 single
birth 1 F single 2
14 0 0
15 0 0
16 0 0
17 0 0
18 0 .00001
19 0 .00002
20 0 .05058
21 0 .09798
22 0 .07439
23 0 .0374
24 0 .03887
25 0 .02063
26 0 .02856
27 0 .02635
28 0 .01923
29 0 .04109
30 0 .02026
31 0 .03731
32 0 .0444
33 0 .03446
34 0 .02859
35 0 .10167
36 0 .01779
37 0 .01169
38 0 .02888
39 0 .00637
40 0 .00463
41 0 .00432
42 0 .00583
43 0 .00432
44 0 .00335
45 0 .00095
46 0 .00063
47 0 .00028
48 0 .00014
49 0 .00009
50 0 .00002
51 0 .00001
100 0 0
*parity 2 widowed
birth 1 F widowed 2
14 0 0
15 0 0
16 0 0
17 0 0
18 0 .00001
19 0 .00002
20 0 .02075
21 0 .12056
22 0 .01831
23 0 .02301
24 0 .02391
25 0 .00952
26 0 .01045
27 0 .01255
28 0 .00609
29 0 .00663
30 0 .007
31 0 .0051
32 0 .00468
33 0 .00371
34 0 .00386
35 0 .00278
36 0 .00243
37 0 .00288
38 0 .00179
39 0 .00162
40 0 .0015
41 0 .00099
42 0 .00062
43 0 .00044
44 0 .00027
45 0 .0002
46 0 .00013
47 0 .00007
48 0 .00003
49 0 .00002
50 0 .00001
51 0 0
100 0 0
*parity 2 divorced
birth 1 F divorced 2
14 0 0
15 0 0
16 0 0
17 0 0
18 0 .00001
19 0 .00002
20 0 .02075
21 0 .12056
22 0 .01831
23 0 .02301
24 0 .02391
25 0 .00952
26 0 .01045
27 0 .01255
28 0 .00609
29 0 .00663
30 0 .007
31 0 .0051
32 0 .00468
33 0 .00371
34 0 .00386
35 0 .00278
36 0 .00243
37 0 .00288
38 0 .00179
39 0 .00162
40 0 .0015
41 0 .00099
42 0 .00062
43 0 .00044
44 0 .00027
45 0 .0002
46 0 .00013
47 0 .00007
48 0 .00003
49 0 .00002
50 0 .00001
51 0 0
100 0 0
