*parity 0 married
birth 1 F married 0
14 0 0
15 0 .00022
16 0 .00098
17 0 .03698
18 0 .03666
19 0 .04155
20 0 .04325
21 0 .0764
22 0 .06479
23 0 .04956
24 0 .06367
25 0 .06513
26 0 .06083
27 0 .04865
28 0 .03599
29 0 .0349
30 0 .02838
31 0 .03016
32 0 .03226
33 0 .03336
34 0 .01554
35 0 .01487
36 0 .01121
37 0 .01136
38 0 .0103
39 0 .0058
40 0 .00441
41 0 .00351
42 0 .00277
43 0 .00224
44 0 .00102
45 0 .00045
46 0 .00017
47 0 .00007
48 0 .00004
49 0 .00002
50 0 0
51 0 0
100 0 0
*parity 0 single
birth 1 F single 0
14 0 0
15 0 .00001
16 0 .00003
17 0 .00007
18 0 .00014
19 0 .00023
20 0 .0003
21 0 .00033
22 0 .00036
23 0 .00038
24 0 .00038
25 0 .00036
26 0 .00037
27 0 .00037
28 0 .00036
29 0 .00027
30 0 .0003
31 0 .0003
32 0 .0003
33 0 .00031
34 0 .0003
35 0 .00028
36 0 .00025
37 0 .0002
38 0 .00017
39 0 .00013
40 0 .00011
41 0 .00008
42 0 .00007
43 0 .00008
44 0 .00005
45 0 .00003
46 0 .00001
47 0 .00001
48 0 0
49 0 0
50 0 0
51 0 0
100 0 0
*parity 0 widowed
birth 1 F widowed 0
14 0 0
15 0 .00001
16 0 .00004
17 0 .00008
18 0 .10508
19 0 .15392
20 0 .37615
21 0 .00027
22 0 .19328
23 0 .08359
24 0 .14525
25 0 .00018
26 0 .22297
27 0 .00013
28 0 .15019
29 0 .03437
30 0 .10071
31 0 .00006
32 0 .02138
33 0 .02472
34 0 .01354
35 0 .03015
36 0 .00629
37 0 .01041
38 0 .00422
39 0 .00001
40 0 .00321
41 0 .00329
42 0 0
43 0 .00044
44 0 .00034
45 0 .00014
46 0 .00003
47 0 .00001
48 0 0
49 0 0
50 0 0
51 0 0
100 0 0
*parity 0 divorced
birth 1 F divorced 0
14 0 0
15 0 .00001
16 0 .00004
17 0 .00008
18 0 .10508
19 0 .15392
20 0 .37615
21 0 .00027
22 0 .19328
23 0 .08359
24 0 .14525
25 0 .00018
26 0 .22297
27 0 .00013
28 0 .15019
29 0 .03437
30 0 .10071
31 0 .00006
32 0 .02138
33 0 .02472
34 0 .01354
35 0 .03015
36 0 .00629
37 0 .01041
38 0 .00422
39 0 .00001
40 0 .00321
41 0 .00329
42 0 0
43 0 .00044
44 0 .00034
45 0 .00014
46 0 .00003
47 0 .00001
48 0 0
49 0 0
50 0 0
51 0 0
100 0 0
*parity 1 married
birth 1 F married 1
14 0 0
15 0 0
16 0 .00007
17 0 .00026
18 0 .02783
19 0 .01969
20 0 .02488
21 0 .02735
22 0 .03629
23 0 .04087
24 0 .03316
25 0 .02564
26 0 .02771
27 0 .02771
28 0 .02398
29 0 .02794
30 0 .02293
31 0 .02701
32 0 .02071
33 0 .02049
34 0 .02317
35 0 .0231
36 0 .01681
37 0 .02238
38 0 .03103
39 0 .01748
40 0 .02111
41 0 .02322
42 0 .0129
43 0 .00499
44 0 .00285
45 0 .0031
46 0 .00153
47 0 .00193
48 0 .00147
49 0 .00021
50 0 0
51 0 0
100 0 0
*parity 1 single
birth 1 F single 1
14 0 0
15 0 0
16 0 0
17 0 .00001
18 0 .03512
19 0 .02464
20 0 .02464
21 0 .05781
22 0 .04227
23 0 .04391
24 0 .03648
25 0 .00015
26 0 .10174
27 0 .00013
28 0 .15673
29 0 .15188
30 0 .11649
31 0 .00008
32 0 .04019
33 0 .00006
34 0 .018
35 0 .00004
36 0 .04189
37 0 .00003
38 0 .00002
39 0 .02319
40 0 .00001
41 0 .00001
42 0 .00001
43 0 0
44 0 .00184
45 0 0
46 0 .0005
47 0 0
48 0 .00005
49 0 0
50 0 0
51 0 .00001
100 0 0
*parity 1 widowed
birth 1 F widowed 1
14 0 0
15 0 0
16 0 0
17 0 .00001
18 0 .00003
19 0 .08908
20 0 .04949
21 0 .01608
22 0 .03185
23 0 .03308
24 0 .02198
25 0 .02075
26 0 .02453
27 0 .01687
28 0 .00945
29 0 .00963
30 0 .0054
31 0 .0118
32 0 .00881
33 0 .00705
34 0 .00342
35 0 .00324
36 0 .00421
37 0 .00255
38 0 .00177
39 0 .0028
40 0 .00371
41 0 .00498
42 0 .00218
43 0 .00092
44 0 .00074
45 0 .0002
46 0 0
47 0 .00008
48 0 0
49 0 0
50 0 .00001
51 0 .00001
100 0 0
*parity 1 divorced
birth 1 F divorced 1
14 0 0
15 0 0
16 0 0
17 0 .00001
18 0 .00003
19 0 .08908
20 0 .04949
21 0 .01608
22 0 .03185
23 0 .03308
24 0 .02198
25 0 .02075
26 0 .02453
27 0 .01687
28 0 .00945
29 0 .00963
30 0 .0054
31 0 .0118
32 0 .00881
33 0 .00705
34 0 .00342
35 0 .00324
36 0 .00421
37 0 .00255
38 0 .00177
39 0 .0028
40 0 .00371
41 0 .00498
42 0 .00218
43 0 .00092
44 0 .00074
45 0 .0002
46 0 0
47 0 .00008
48 0 0
49 0 0
50 0 .00001
51 0 .00001
100 0 0
*parity 2 married
birth 1 F married 2
14 0 0
15 0 0
16 0 .00001
17 0 .00002
18 0 .00011
19 0 .02743
20 0 .02372
21 0 .01742
22 0 .01394
23 0 .01434
24 0 .01519
25 0 .01675
26 0 .01449
27 0 .01339
28 0 .01352
29 0 .01351
30 0 .01219
31 0 .01002
32 0 .00944
33 0 .00818
34 0 .00791
35 0 .00728
36 0 .0064
37 0 .00592
38 0 .00523
39 0 .00478
40 0 .00395
41 0 .0032
42 0 .00238
43 0 .00173
44 0 .00139
45 0 .0009
46 0 .00059
47 0 .00037
48 0 .0002
49 0 .0001
50 0 .00004
51 0 .00002
100 0 0
*parity 2 single
birth 1 F single 2
14 0 0
15 0 0
16 0 0
17 0 0
18 0 0
19 0 .00001
20 0 .0188
21 0 .00005
22 0 .03909
23 0 .01948
24 0 .03235
25 0 .02771
26 0 .0198
27 0 .02213
28 0 .02621
29 0 .01692
30 0 .025
31 0 .02909
32 0 .01945
33 0 .0382
34 0 .02271
35 0 .03067
36 0 .03605
37 0 .01493
38 0 .03113
39 0 .02993
40 0 .03048
41 0 .01374
42 0 .01741
43 0 .00004
44 0 .02561
45 0 .00846
46 0 .00998
47 0 .00001
48 0 .00101
49 0 .00046
50 0 .00063
51 0 .00024
100 0 0
*parity 2 widowed
birth 1 F widowed 2
14 0 0
15 0 0
16 0 0
17 0 0
18 0 0
19 0 .00001
20 0 .04532
21 0 .01104
22 0 .0101
23 0 .00569
24 0 .00509
25 0 .00514
26 0 .00378
27 0 .00352
28 0 .00385
29 0 .0035
30 0 .00327
31 0 .00238
32 0 .00184
33 0 .00158
34 0 .00137
35 0 .00104
36 0 .00119
37 0 .00082
38 0 .0007
39 0 .00058
40 0 .00051
41 0 .00033
42 0 .00025
43 0 .00017
44 0 .00011
45 0 .00008
46 0 .00004
47 0 .00003
48 0 .00001
49 0 .00001
50 0 0
51 0 0
100 0 0
*parity 2 divorced
birth 1 F divorced 2
14 0 0
15 0 0
16 0 0
17 0 0
18 0 0
19 0 .00001
20 0 .04532
21 0 .01104
22 0 .0101
23 0 .00569
24 0 .00509
25 0 .00514
26 0 .00378
27 0 .00352
28 0 .00385
29 0 .0035
30 0 .00327
31 0 .00238
32 0 .00184
33 0 .00158
34 0 .00137
35 0 .00104
36 0 .00119
37 0 .00082
38 0 .0007
39 0 .00058
40 0 .00051
41 0 .00033
42 0 .00025
43 0 .00017
44 0 .00011
45 0 .00008
46 0 .00004
47 0 .00003
48 0 .00001
49 0 .00001
50 0 0
51 0 0
100 0 0
