*parity 0 married
birth 1 F married 0
14 0 0
15 0 .00011
16 0 .00044
17 0 .04691
18 0 .04286
19 0 .04296
20 0 .03597
21 0 .04094
22 0 .03213
23 0 .03073
24 0 .02937
25 0 .03817
26 0 .04848
27 0 .0376
28 0 .02595
29 0 .0236
30 0 .01924
31 0 .01135
32 0 .00857
33 0 .00591
34 0 .00397
35 0 .0029
36 0 .00222
37 0 .0016
38 0 .00117
39 0 .00083
40 0 .0006
41 0 .00043
42 0 .0003
43 0 .00019
44 0 .00012
45 0 .00007
46 0 .00005
47 0 .00003
48 0 .00001
49 0 0
50 0 0
51 0 0
100 0 0
*parity 0 single
birth 1 F single 0
14 0 0
15 0 .00013
16 0 .00053
17 0 .00103
18 0 .00174
19 0 .00251
20 0 .00313
21 0 .00339
22 0 .00352
23 0 .00354
24 0 .00351
25 0 .00347
26 0 .00372
27 0 .00372
28 0 .00384
29 0 .00356
30 0 .00377
31 0 .0038
32 0 .00386
33 0 .00378
34 0 .00402
35 0 .00399
36 0 .00373
37 0 .00377
38 0 .00408
39 0 .00394
40 0 .00314
41 0 .00308
42 0 .00269
43 0 .00161
44 0 .0014
45 0 .00076
46 0 .00056
47 0 .0005
48 0 .00025
49 0 .00007
50 0 .00002
51 0 .00003
100 0 0
*parity 0 widowed
birth 1 F widowed 0
14 0 0
15 0 .00002
16 0 .00008
17 0 .00015
18 0 .38387
19 0 1.09459
20 0 .00039
21 0 1.18676
22 0 .38962
23 0 .15566
24 0 .00033
25 0 .00031
26 0 .00029
27 0 .18226
28 0 .32827
29 0 .28111
30 0 .00019
31 0 .40248
32 0 .08822
33 0 .05261
34 0 .01621
35 0 .00658
36 0 .00497
37 0 .00325
38 0 .00174
39 0 .00115
40 0 .00049
41 0 .00034
42 0 .0002
43 0 .00009
44 0 .00006
45 0 .00003
46 0 .00002
47 0 .00001
48 0 0
49 0 0
50 0 0
51 0 0
100 0 0
*parity 0 divorced
birth 1 F divorced 0
14 0 0
15 0 .00002
16 0 .00008
17 0 .00015
18 0 .38387
19 0 1.09459
20 0 .00039
21 0 1.18676
22 0 .38962
23 0 .15566
24 0 .00033
25 0 .00031
26 0 .00029
27 0 .18226
28 0 .32827
29 0 .28111
30 0 .00019
31 0 .40248
32 0 .08822
33 0 .05261
34 0 .01621
35 0 .00658
36 0 .00497
37 0 .00325
38 0 .00174
39 0 .00115
40 0 .00049
41 0 .00034
42 0 .0002
43 0 .00009
44 0 .00006
45 0 .00003
46 0 .00002
47 0 .00001
48 0 0
49 0 0
50 0 0
51 0 0
100 0 0
*parity 1 married
birth 1 F married 1
14 0 0
15 0 0
16 0 .00002
17 0 .00009
18 0 .05054
19 0 .04004
20 0 .02594
21 0 .02215
22 0 .01813
23 0 .01649
24 0 .01796
25 0 .01465
26 0 .0125
27 0 .012
28 0 .01437
29 0 .01484
30 0 .01184
31 0 .01126
32 0 .0096
33 0 .0087
34 0 .00782
35 0 .0069
36 0 .00687
37 0 .00605
38 0 .00495
39 0 .00358
40 0 .00293
41 0 .00213
42 0 .00113
43 0 .00058
44 0 .00037
45 0 .00022
46 0 .0001
47 0 .00005
48 0 .00002
49 0 .00001
50 0 0
51 0 0
100 0 0
*parity 1 single
birth 1 F single 1
14 0 0
15 0 0
16 0 .02447
17 0 .05651
18 0 .02961
19 0 .02766
20 0 .02659
21 0 .02687
22 0 .02707
23 0 .02739
24 0 .03311
25 0 .04293
26 0 .03682
27 0 .03692
28 0 .03797
29 0 .03378
30 0 .03199
31 0 .03118
32 0 .04045
33 0 .04269
34 0 .05286
35 0 .04769
36 0 .08495
37 0 .12638
38 0 .42956
39 0 .3387
40 0 .54016
41 0 .35899
42 0 .00008
43 0 .07527
44 0 .00003
45 0 .00001
46 0 .02331
47 0 .0034
48 0 0
49 0 .00134
50 0 0
51 0 0
100 0 0
*parity 1 widowed
birth 1 F widowed 1
14 0 0
15 0 0
16 0 0
17 0 .00002
18 0 .13066
19 0 .03908
20 0 .08336
21 0 .06901
22 0 .04095
23 0 .02998
24 0 .02068
25 0 .05356
26 0 .08591
27 0 .06487
28 0 .13637
29 0 .10366
30 0 .0311
31 0 .0129
32 0 .01299
33 0 .00803
34 0 .0046
35 0 .00354
36 0 .00283
37 0 .00186
38 0 .00179
39 0 .00127
40 0 .00087
41 0 .00044
42 0 .00021
43 0 .00012
44 0 .00006
45 0 .00003
46 0 .00001
47 0 .00001
48 0 0
49 0 0
50 0 0
51 0 0
100 0 0
*parity 1 divorced
birth 1 F divorced 1
14 0 0
15 0 0
16 0 0
17 0 .00002
18 0 .13066
19 0 .03908
20 0 .08336
21 0 .06901
22 0 .04095
23 0 .02998
24 0 .02068
25 0 .05356
26 0 .08591
27 0 .06487
28 0 .13637
29 0 .10366
30 0 .0311
31 0 .0129
32 0 .01299
33 0 .00803
34 0 .0046
35 0 .00354
36 0 .00283
37 0 .00186
38 0 .00179
39 0 .00127
40 0 .00087
41 0 .00044
42 0 .00021
43 0 .00012
44 0 .00006
45 0 .00003
46 0 .00001
47 0 .00001
48 0 0
49 0 0
50 0 0
51 0 0
100 0 0
*parity 2 married
birth 1 F married 2
14 0 0
15 0 0
16 0 0
17 0 .00001
18 0 .00413
19 0 .00436
20 0 .00622
21 0 .00925
22 0 .01302
23 0 .01463
24 0 .01321
25 0 .01155
26 0 .00938
27 0 .00899
28 0 .00779
29 0 .00797
30 0 .00699
31 0 .00609
32 0 .00485
33 0 .00447
34 0 .00378
35 0 .00334
36 0 .00284
37 0 .00242
38 0 .002
39 0 .00175
40 0 .00144
41 0 .00113
42 0 .00087
43 0 .00067
44 0 .00048
45 0 .00034
46 0 .00019
47 0 .00011
48 0 .00006
49 0 .00003
50 0 .00001
51 0 0
100 0 0
*parity 2 single
birth 1 F single 2
14 0 0
15 0 0
16 0 0
17 0 .02762
18 0 .01377
19 0 .01041
20 0 .01286
21 0 .01419
22 0 .01452
23 0 .01391
24 0 .01321
25 0 .01124
26 0 .01138
27 0 .01102
28 0 .0101
29 0 .01005
30 0 .00986
31 0 .00948
32 0 .01004
33 0 .00933
34 0 .00928
35 0 .00922
36 0 .00901
37 0 .00942
38 0 .00923
39 0 .00829
40 0 .00847
41 0 .00737
42 0 .0071
43 0 .00584
44 0 .0043
45 0 .00418
46 0 .00256
47 0 .0015
48 0 .00103
49 0 .00044
50 0 .00018
51 0 .00009
100 0 0
*parity 2 widowed
birth 1 F widowed 2
14 0 0
15 0 0
16 0 0
17 0 0
18 0 .00838
19 0 .02534
20 0 .0151
21 0 .00854
22 0 .00858
23 0 .0111
24 0 .007
25 0 .00826
26 0 .00486
27 0 .00546
28 0 .0042
29 0 .00359
30 0 .00293
31 0 .00271
32 0 .00217
33 0 .00179
34 0 .00164
35 0 .00134
36 0 .00105
37 0 .00083
38 0 .00067
39 0 .00053
40 0 .00043
41 0 .00029
42 0 .00022
43 0 .00016
44 0 .00011
45 0 .00006
46 0 .00004
47 0 .00002
48 0 .00001
49 0 0
50 0 0
51 0 0
100 0 0
*parity 2 divorced
birth 1 F divorced 2
14 0 0
15 0 0
16 0 0
17 0 0
18 0 .00838
19 0 .02534
20 0 .0151
21 0 .00854
22 0 .00858
23 0 .0111
24 0 .007
25 0 .00826
26 0 .00486
27 0 .00546
28 0 .0042
29 0 .00359
30 0 .00293
31 0 .00271
32 0 .00217
33 0 .00179
34 0 .00164
35 0 .00134
36 0 .00105
37 0 .00083
38 0 .00067
39 0 .00053
40 0 .00043
41 0 .00029
42 0 .00022
43 0 .00016
44 0 .00011
45 0 .00006
46 0 .00004
47 0 .00002
48 0 .00001
49 0 0
50 0 0
51 0 0
100 0 0
