*parity 0 married
birth 1 F married 0
14 0 0
15 0 .00022
16 0 .00091
17 0 .02956
18 0 .01904
19 0 .02194
20 0 .02299
21 0 .0262
22 0 .02054
23 0 .01919
24 0 .01573
25 0 .01409
26 0 .01294
27 0 .01057
28 0 .01061
29 0 .00853
30 0 .00823
31 0 .00717
32 0 .00616
33 0 .00498
34 0 .00432
35 0 .00327
36 0 .00259
37 0 .00241
38 0 .00171
39 0 .00134
40 0 .00103
41 0 .00084
42 0 .00049
43 0 .00033
44 0 .00017
45 0 .00011
46 0 .00006
47 0 .00004
48 0 .00002
49 0 .00001
50 0 0
51 0 0
100 0 0
*parity 0 single
birth 1 F single 0
14 0 0
15 0 .00001
16 0 .00005
17 0 .00009
18 0 .00017
19 0 .00024
20 0 .0003
21 0 .00033
22 0 .00036
23 0 .00037
24 0 .00041
25 0 .00041
26 0 .00049
27 0 .00048
28 0 .00055
29 0 .00063
30 0 .00058
31 0 .00059
32 0 .00061
33 0 .00051
34 0 .00052
35 0 .00058
36 0 .00045
37 0 .00035
38 0 .00037
39 0 .00026
40 0 .00026
41 0 .00016
42 0 .00013
43 0 .00009
44 0 .00005
45 0 .0001
46 0 .00002
47 0 .00002
48 0 .00001
49 0 0
50 0 0
51 0 0
100 0 0
*parity 0 widowed
birth 1 F widowed 0
14 0 0
15 0 .00001
16 0 .00005
17 0 .00008
18 0 .03037
19 0 .02948
20 0 .01867
21 0 .01304
22 0 .00808
23 0 .00647
24 0 .00565
25 0 .00465
26 0 .0045
27 0 .00341
28 0 .00238
29 0 .0023
30 0 .00151
31 0 .00129
32 0 .00123
33 0 .00097
34 0 .00071
35 0 .00051
36 0 .00036
37 0 .0003
38 0 .00026
39 0 .0002
40 0 .00012
41 0 .0001
42 0 .00006
43 0 .00004
44 0 .00002
45 0 .00001
46 0 .00001
47 0 0
48 0 0
49 0 0
50 0 0
51 0 0
100 0 0
*parity 0 divorced
birth 1 F divorced 0
14 0 0
15 0 .00001
16 0 .00005
17 0 .00008
18 0 .03037
19 0 .02948
20 0 .01867
21 0 .01304
22 0 .00808
23 0 .00647
24 0 .00565
25 0 .00465
26 0 .0045
27 0 .00341
28 0 .00238
29 0 .0023
30 0 .00151
31 0 .00129
32 0 .00123
33 0 .00097
34 0 .00071
35 0 .00051
36 0 .00036
37 0 .0003
38 0 .00026
39 0 .0002
40 0 .00012
41 0 .0001
42 0 .00006
43 0 .00004
44 0 .00002
45 0 .00001
46 0 .00001
47 0 0
48 0 0
49 0 0
50 0 0
51 0 0
100 0 0
*parity 1 married
birth 1 F married 1
14 0 0
15 0 0
16 0 .00005
17 0 .00017
18 0 .02389
19 0 .01821
20 0 .01994
21 0 .01642
22 0 .02083
23 0 .0212
24 0 .0217
25 0 .02343
26 0 .02133
27 0 .0266
28 0 .02679
29 0 .02948
30 0 .0248
31 0 .02253
32 0 .01771
33 0 .01615
34 0 .01641
35 0 .01484
36 0 .01399
37 0 .00896
38 0 .00903
39 0 .00662
40 0 .00729
41 0 .00374
42 0 .004
43 0 .00213
44 0 .00129
45 0 .00068
46 0 .00043
47 0 .00025
48 0 .00008
49 0 .00002
50 0 .00001
51 0 0
100 0 0
*parity 1 single
birth 1 F single 1
14 0 0
15 0 0
16 0 0
17 0 .00001
18 0 .02585
19 0 .00005
20 0 .03254
21 0 .03215
22 0 .04265
23 0 .02403
24 0 .02488
25 0 .10262
26 0 .02623
27 0 .04084
28 0 .06717
29 0 .0643
30 0 .08176
31 0 .00012
32 0 .02083
33 0 .02579
34 0 .00007
35 0 .02421
36 0 .06341
37 0 .0443
38 0 .00003
39 0 .01024
40 0 .00002
41 0 .00982
42 0 .00288
43 0 0
44 0 .00186
45 0 .00099
46 0 .00049
47 0 0
48 0 .0001
49 0 0
50 0 0
51 0 0
100 0 0
*parity 1 widowed
birth 1 F widowed 1
14 0 0
15 0 0
16 0 0
17 0 .00001
18 0 .01243
19 0 .02841
20 0 .01564
21 0 .01374
22 0 .01094
23 0 .00711
24 0 .00445
25 0 .00598
26 0 .00545
27 0 .00614
28 0 .0044
29 0 .00371
30 0 .00366
31 0 .00402
32 0 .0025
33 0 .00261
34 0 .00183
35 0 .00184
36 0 .00135
37 0 .00118
38 0 .00082
39 0 .00052
40 0 .00052
41 0 .00045
42 0 .00025
43 0 .00013
44 0 .00013
45 0 .00009
46 0 .00005
47 0 .00001
48 0 .00001
49 0 0
50 0 0
51 0 0
100 0 0
*parity 1 divorced
birth 1 F divorced 1
14 0 0
15 0 0
16 0 0
17 0 .00001
18 0 .01243
19 0 .02841
20 0 .01564
21 0 .01374
22 0 .01094
23 0 .00711
24 0 .00445
25 0 .00598
26 0 .00545
27 0 .00614
28 0 .0044
29 0 .00371
30 0 .00366
31 0 .00402
32 0 .0025
33 0 .00261
34 0 .00183
35 0 .00184
36 0 .00135
37 0 .00118
38 0 .00082
39 0 .00052
40 0 .00052
41 0 .00045
42 0 .00025
43 0 .00013
44 0 .00013
45 0 .00009
46 0 .00005
47 0 .00001
48 0 .00001
49 0 0
50 0 0
51 0 0
100 0 0
*parity 2 married
birth 1 F married 2
14 0 0
15 0 0
16 0 0
17 0 .00001
18 0 .00005
19 0 .04055
20 0 .02056
21 0 .01436
22 0 .01251
23 0 .01271
24 0 .01332
25 0 .01319
26 0 .01125
27 0 .01212
28 0 .00996
29 0 .00956
30 0 .00923
31 0 .00786
32 0 .00784
33 0 .00733
34 0 .00595
35 0 .00503
36 0 .00482
37 0 .00391
38 0 .0034
39 0 .00273
40 0 .00206
41 0 .00158
42 0 .00117
43 0 .00079
44 0 .00059
45 0 .00038
46 0 .00023
47 0 .00013
48 0 .00006
49 0 .00003
50 0 .00001
51 0 0
100 0 0
*parity 2 single
birth 1 F single 2
14 0 0
15 0 0
16 0 0
17 0 0
18 0 0
19 0 .00001
20 0 .00002
21 0 .01356
22 0 .03382
23 0 .02292
24 0 .01578
25 0 .01854
26 0 .02119
27 0 .02644
28 0 .01558
29 0 .02548
30 0 .04124
31 0 .03208
32 0 .01884
33 0 .0196
34 0 .12175
35 0 .02411
36 0 .02957
37 0 .02328
38 0 .01311
39 0 .01848
40 0 .01623
41 0 .00856
42 0 .00003
43 0 .00796
44 0 .00001
45 0 .00001
46 0 .00001
47 0 0
48 0 .00108
49 0 0
50 0 0
51 0 0
100 0 0
*parity 2 widowed
birth 1 F widowed 2
14 0 0
15 0 0
16 0 0
17 0 0
18 0 0
19 0 .01004
20 0 .0056
21 0 .00782
22 0 .00361
23 0 .00551
24 0 .00559
25 0 .00402
26 0 .00291
27 0 .00305
28 0 .00275
29 0 .00193
30 0 .00198
31 0 .00179
32 0 .00129
33 0 .0011
34 0 .00093
35 0 .00095
36 0 .00069
37 0 .00059
38 0 .0004
39 0 .00036
40 0 .00027
41 0 .00017
42 0 .00014
43 0 .00011
44 0 .00008
45 0 .00004
46 0 .00002
47 0 .00001
48 0 .00001
49 0 0
50 0 0
51 0 0
100 0 0
*parity 2 divorced
birth 1 F divorced 2
14 0 0
15 0 0
16 0 0
17 0 0
18 0 0
19 0 .01004
20 0 .0056
21 0 .00782
22 0 .00361
23 0 .00551
24 0 .00559
25 0 .00402
26 0 .00291
27 0 .00305
28 0 .00275
29 0 .00193
30 0 .00198
31 0 .00179
32 0 .00129
33 0 .0011
34 0 .00093
35 0 .00095
36 0 .00069
37 0 .00059
38 0 .0004
39 0 .00036
40 0 .00027
41 0 .00017
42 0 .00014
43 0 .00011
44 0 .00008
45 0 .00004
46 0 .00002
47 0 .00001
48 0 .00001
49 0 0
50 0 0
51 0 0
100 0 0
