*parity 0 married
birth 1 F married 0
14 0 0
15 0 .00013
16 0 .00055
17 0 .03157
18 0 .02056
19 0 .0239
20 0 .02178
21 0 .02132
22 0 .01753
23 0 .01613
24 0 .01329
25 0 .01307
26 0 .01131
27 0 .00851
28 0 .00791
29 0 .0071
30 0 .00561
31 0 .00486
32 0 .00378
33 0 .00313
34 0 .00269
35 0 .00264
36 0 .00183
37 0 .00132
38 0 .00118
39 0 .00098
40 0 .00064
41 0 .00046
42 0 .0003
43 0 .00016
44 0 .00011
45 0 .00006
46 0 .00003
47 0 .00002
48 0 .00001
49 0 0
50 0 0
51 0 0
100 0 0
*parity 0 single
birth 1 F single 0
14 0 0
15 0 .00009
16 0 .00037
17 0 .00075
18 0 .00135
19 0 .00199
20 0 .00261
21 0 .00289
22 0 .00307
23 0 .00312
24 0 .00339
25 0 .00337
26 0 .00352
27 0 .00394
28 0 .00445
29 0 .0046
30 0 .00488
31 0 .00515
32 0 .0053
33 0 .00582
34 0 .0053
35 0 .00524
36 0 .00478
37 0 .00426
38 0 .00371
39 0 .00343
40 0 .00318
41 0 .00198
42 0 .00188
43 0 .0013
44 0 .00071
45 0 .00055
46 0 .00037
47 0 .00017
48 0 .00008
49 0 .00003
50 0 0
51 0 .00001
100 0 0
*parity 0 widowed
birth 1 F widowed 0
14 0 0
15 0 .00004
16 0 .00015
17 0 .00028
18 0 .30136
19 0 .21461
20 0 .163
21 0 .23266
22 0 .21497
23 0 .14912
24 0 .11822
25 0 .05013
26 0 .02911
27 0 .03068
28 0 .02238
29 0 .01446
30 0 .01063
31 0 .00878
32 0 .00722
33 0 .00495
34 0 .00334
35 0 .00197
36 0 .00187
37 0 .00114
38 0 .00099
39 0 .00062
40 0 .00055
41 0 .00026
42 0 .00016
43 0 .0001
44 0 .00005
45 0 .00003
46 0 .00002
47 0 .00001
48 0 0
49 0 0
50 0 0
51 0 0
100 0 0
*parity 0 divorced
birth 1 F divorced 0
14 0 0
15 0 .00004
16 0 .00015
17 0 .00028
18 0 .30136
19 0 .21461
20 0 .163
21 0 .23266
22 0 .21497
23 0 .14912
24 0 .11822
25 0 .05013
26 0 .02911
27 0 .03068
28 0 .02238
29 0 .01446
30 0 .01063
31 0 .00878
32 0 .00722
33 0 .00495
34 0 .00334
35 0 .00197
36 0 .00187
37 0 .00114
38 0 .00099
39 0 .00062
40 0 .00055
41 0 .00026
42 0 .00016
43 0 .0001
44 0 .00005
45 0 .00003
46 0 .00002
47 0 .00001
48 0 0
49 0 0
50 0 0
51 0 0
100 0 0
*parity 1 married
birth 1 F married 1
14 0 0
15 0 0
16 0 .00003
17 0 .00012
18 0 .02293
19 0 .01564
20 0 .0145
21 0 .01748
22 0 .01921
23 0 .01875
24 0 .01861
25 0 .02057
26 0 .01973
27 0 .0182
28 0 .01666
29 0 .0157
30 0 .01552
31 0 .01605
32 0 .01543
33 0 .014
34 0 .01277
35 0 .0119
36 0 .01009
37 0 .01133
38 0 .00789
39 0 .0062
40 0 .00581
41 0 .00352
42 0 .00231
43 0 .00149
44 0 .00093
45 0 .00078
46 0 .00041
47 0 .00017
48 0 .00012
49 0 .00008
50 0 .00001
51 0 0
100 0 0
*parity 1 single
birth 1 F single 1
14 0 0
15 0 0
16 0 .05207
17 0 .02149
18 0 .02357
19 0 .03427
20 0 .02286
21 0 .02502
22 0 .02815
23 0 .03155
24 0 .02934
25 0 .03722
26 0 .03607
27 0 .03275
28 0 .03064
29 0 .04355
30 0 .0506
31 0 .05508
32 0 .06381
33 0 .0692
34 0 .08233
35 0 .09345
36 0 .08749
37 0 .1378
38 0 .10308
39 0 .11937
40 0 .04316
41 0 .02472
42 0 .00005
43 0 .01514
44 0 .00002
45 0 .0152
46 0 .00001
47 0 .00163
48 0 .00128
49 0 0
50 0 0
51 0 0
100 0 0
*parity 1 widowed
birth 1 F widowed 1
14 0 0
15 0 0
16 0 .00001
17 0 .00003
18 0 .04238
19 0 .04018
20 0 .04355
21 0 .02216
22 0 .01995
23 0 .01538
24 0 .01147
25 0 .03637
26 0 .02605
27 0 .01353
28 0 .01067
29 0 .01299
30 0 .01281
31 0 .00699
32 0 .00643
33 0 .00558
34 0 .00634
35 0 .00622
36 0 .00526
37 0 .00539
38 0 .00448
39 0 .00283
40 0 .00211
41 0 .00138
42 0 .00084
43 0 .00063
44 0 .00034
45 0 .0003
46 0 .00013
47 0 .00003
48 0 .00002
49 0 .00001
50 0 0
51 0 0
100 0 0
*parity 1 divorced
birth 1 F divorced 1
14 0 0
15 0 0
16 0 .00001
17 0 .00003
18 0 .04238
19 0 .04018
20 0 .04355
21 0 .02216
22 0 .01995
23 0 .01538
24 0 .01147
25 0 .03637
26 0 .02605
27 0 .01353
28 0 .01067
29 0 .01299
30 0 .01281
31 0 .00699
32 0 .00643
33 0 .00558
34 0 .00634
35 0 .00622
36 0 .00526
37 0 .00539
38 0 .00448
39 0 .00283
40 0 .00211
41 0 .00138
42 0 .00084
43 0 .00063
44 0 .00034
45 0 .0003
46 0 .00013
47 0 .00003
48 0 .00002
49 0 .00001
50 0 0
51 0 0
100 0 0
*parity 2 married
birth 1 F married 2
14 0 0
15 0 0
16 0 0
17 0 .02397
18 0 .0212
19 0 .02006
20 0 .03328
21 0 .01735
22 0 .0146
23 0 .0149
24 0 .01329
25 0 .01198
26 0 .01047
27 0 .01061
28 0 .00922
29 0 .00887
30 0 .00784
31 0 .00692
32 0 .00636
33 0 .00549
34 0 .00497
35 0 .0041
36 0 .00386
37 0 .00333
38 0 .00283
39 0 .00243
40 0 .00201
41 0 .00166
42 0 .00122
43 0 .00102
44 0 .00072
45 0 .00046
46 0 .00029
47 0 .00019
48 0 .00009
49 0 .00005
50 0 .00002
51 0 .00001
100 0 0
*parity 2 single
birth 1 F single 2
14 0 0
15 0 0
16 0 0
17 0 .0162
18 0 .07164
19 0 .03099
20 0 .02249
21 0 .02771
22 0 .02423
23 0 .02281
24 0 .02402
25 0 .01891
26 0 .0215
27 0 .02443
28 0 .02513
29 0 .02276
30 0 .02917
31 0 .02496
32 0 .0256
33 0 .03034
34 0 .02605
35 0 .02303
36 0 .02535
37 0 .03469
38 0 .03389
39 0 .02814
40 0 .04184
41 0 .02768
42 0 .02693
43 0 .02388
44 0 .03029
45 0 .07838
46 0 .01185
47 0 .00004
48 0 .00325
49 0 .00202
50 0 0
51 0 .0017
100 0 0
*parity 2 widowed
birth 1 F widowed 2
14 0 0
15 0 0
16 0 0
17 0 0
18 0 .00001
19 0 .04239
20 0 .01846
21 0 .07148
22 0 .05997
23 0 .03523
24 0 .02467
25 0 .00723
26 0 .00904
27 0 .00864
28 0 .00738
29 0 .00516
30 0 .0048
31 0 .00434
32 0 .00374
33 0 .00313
34 0 .00263
35 0 .00228
36 0 .00191
37 0 .00171
38 0 .0013
39 0 .00105
40 0 .00084
41 0 .00066
42 0 .00052
43 0 .00034
44 0 .00026
45 0 .00016
46 0 .00009
47 0 .00005
48 0 .00003
49 0 .00001
50 0 .00001
51 0 0
100 0 0
*parity 2 divorced
birth 1 F divorced 2
14 0 0
15 0 0
16 0 0
17 0 0
18 0 .00001
19 0 .04239
20 0 .01846
21 0 .07148
22 0 .05997
23 0 .03523
24 0 .02467
25 0 .00723
26 0 .00904
27 0 .00864
28 0 .00738
29 0 .00516
30 0 .0048
31 0 .00434
32 0 .00374
33 0 .00313
34 0 .00263
35 0 .00228
36 0 .00191
37 0 .00171
38 0 .0013
39 0 .00105
40 0 .00084
41 0 .00066
42 0 .00052
43 0 .00034
44 0 .00026
45 0 .00016
46 0 .00009
47 0 .00005
48 0 .00003
49 0 .00001
50 0 .00001
51 0 0
100 0 0
