*parity 0 married
birth 1 F married 0
14 0 0
15 0 .00019
16 0 .00077
17 0 .05537
18 0 .05367
19 0 .06433
20 0 .0725
21 0 .09576
22 0 .12736
23 0 .09395
24 0 .11228
25 0 .24737
26 0 .40638
27 0 .66404
28 0 .57415
29 0 .81557
30 0 .73468
31 0 .16227
32 0 .03252
33 0 .01561
34 0 .00827
35 0 .00725
36 0 .00449
37 0 .00286
38 0 .00238
39 0 .0014
40 0 .0012
41 0 .00087
42 0 .00054
43 0 .00032
44 0 .00017
45 0 .00009
46 0 .00006
47 0 .00003
48 0 .00002
49 0 .00001
50 0 0
51 0 0
100 0 0
*parity 0 single
birth 1 F single 0
14 0 0
15 0 .00005
16 0 .00019
17 0 .00037
18 0 .00063
19 0 .00089
20 0 .00107
21 0 .00112
22 0 .00115
23 0 .00115
24 0 .00115
25 0 .00112
26 0 .00113
27 0 .00107
28 0 .00106
29 0 .00099
30 0 .00098
31 0 .0009
32 0 .00091
33 0 .00101
34 0 .001
35 0 .00091
36 0 .00087
37 0 .00089
38 0 .00076
39 0 .00079
40 0 .00053
41 0 .00043
42 0 .00043
43 0 .00027
44 0 .00029
45 0 .00018
46 0 .00011
47 0 .00007
48 0 .00003
49 0 .00001
50 0 0
51 0 0
100 0 0
*parity 0 widowed
birth 1 F widowed 0
14 0 0
15 0 .00001
16 0 .00005
17 0 .13419
18 0 .21905
19 0 .0002
20 0 .00023
21 0 .00023
22 0 .3249
23 0 .05093
24 0 .00019
25 0 .00018
26 0 .25917
27 0 .00016
28 0 .00015
29 0 .00013
30 0 .00012
31 0 .0001
32 0 .12857
33 0 .10252
34 0 .04087
35 0 .0074
36 0 .00745
37 0 .00352
38 0 .00442
39 0 .0015
40 0 .00079
41 0 .00037
42 0 .00029
43 0 .00017
44 0 .00008
45 0 .00003
46 0 .00002
47 0 .00001
48 0 .00001
49 0 0
50 0 0
51 0 0
100 0 0
*parity 0 divorced
birth 1 F divorced 0
14 0 0
15 0 .00001
16 0 .00005
17 0 .13419
18 0 .21905
19 0 .0002
20 0 .00023
21 0 .00023
22 0 .3249
23 0 .05093
24 0 .00019
25 0 .00018
26 0 .25917
27 0 .00016
28 0 .00015
29 0 .00013
30 0 .00012
31 0 .0001
32 0 .12857
33 0 .10252
34 0 .04087
35 0 .0074
36 0 .00745
37 0 .00352
38 0 .00442
39 0 .0015
40 0 .00079
41 0 .00037
42 0 .00029
43 0 .00017
44 0 .00008
45 0 .00003
46 0 .00002
47 0 .00001
48 0 .00001
49 0 0
50 0 0
51 0 0
100 0 0
*parity 1 married
birth 1 F married 1
14 0 0
15 0 0
16 0 .00004
17 0 .00015
18 0 .02273
19 0 .01589
20 0 .01682
21 0 .02085
22 0 .01826
23 0 .019
24 0 .02131
25 0 .01979
26 0 .01839
27 0 .02147
28 0 .02511
29 0 .02076
30 0 .01653
31 0 .01473
32 0 .01161
33 0 .00872
34 0 .00718
35 0 .00562
36 0 .00585
37 0 .00445
38 0 .00356
39 0 .00259
40 0 .00193
41 0 .00152
42 0 .00082
43 0 .00051
44 0 .00033
45 0 .00017
46 0 .00009
47 0 .00004
48 0 .00002
49 0 .00001
50 0 0
51 0 0
100 0 0
*parity 1 single
birth 1 F single 1
14 0 0
15 0 0
16 0 .00001
17 0 .01343
18 0 .01784
19 0 .02431
20 0 .04434
21 0 .03764
22 0 .02076
23 0 .03379
24 0 .02029
25 0 .01967
26 0 .0264
27 0 .03408
28 0 .02505
29 0 .02686
30 0 .02659
31 0 .02347
32 0 .02878
33 0 .05075
34 0 .03312
35 0 .04283
36 0 .06058
37 0 .2439
38 0 .00012
39 0 .12934
40 0 .00006
41 0 .00004
42 0 .04086
43 0 .00002
44 0 .01488
45 0 .00001
46 0 0
47 0 0
48 0 0
49 0 .00007
50 0 .00004
51 0 .00004
100 0 0
*parity 1 widowed
birth 1 F widowed 1
14 0 0
15 0 0
16 0 0
17 0 .00001
18 0 .03624
19 0 .02264
20 0 .03753
21 0 .02549
22 0 .1898
23 0 .05363
24 0 .01477
25 0 .00919
26 0 .01303
27 0 .01425
28 0 .01712
29 0 .01731
30 0 .02401
31 0 .01734
32 0 .0084
33 0 .00489
34 0 .00693
35 0 .00408
36 0 .00256
37 0 .00135
38 0 .0011
39 0 .00062
40 0 .00048
41 0 .00027
42 0 .00022
43 0 .0001
44 0 .00006
45 0 .00003
46 0 .00001
47 0 .00001
48 0 0
49 0 0
50 0 0
51 0 0
100 0 0
*parity 1 divorced
birth 1 F divorced 1
14 0 0
15 0 0
16 0 0
17 0 .00001
18 0 .03624
19 0 .02264
20 0 .03753
21 0 .02549
22 0 .1898
23 0 .05363
24 0 .01477
25 0 .00919
26 0 .01303
27 0 .01425
28 0 .01712
29 0 .01731
30 0 .02401
31 0 .01734
32 0 .0084
33 0 .00489
34 0 .00693
35 0 .00408
36 0 .00256
37 0 .00135
38 0 .0011
39 0 .00062
40 0 .00048
41 0 .00027
42 0 .00022
43 0 .0001
44 0 .00006
45 0 .00003
46 0 .00001
47 0 .00001
48 0 0
49 0 0
50 0 0
51 0 0
100 0 0
*parity 2 married
birth 1 F married 2
14 0 0
15 0 0
16 0 0
17 0 .00001
18 0 .00005
19 0 .02725
20 0 .01479
21 0 .01409
22 0 .0126
23 0 .01354
24 0 .01187
25 0 .01225
26 0 .01113
27 0 .01005
28 0 .00857
29 0 .00922
30 0 .00814
31 0 .00714
32 0 .00636
33 0 .00534
34 0 .00484
35 0 .00441
36 0 .00346
37 0 .00311
38 0 .00256
39 0 .00224
40 0 .00177
41 0 .00132
42 0 .001
43 0 .00075
44 0 .00051
45 0 .00036
46 0 .00021
47 0 .00011
48 0 .00006
49 0 .00003
50 0 .00001
51 0 0
100 0 0
*parity 2 single
birth 1 F single 2
14 0 0
15 0 0
16 0 0
17 0 0
18 0 .01781
19 0 .00958
20 0 .01539
21 0 .0139
22 0 .01787
23 0 .01296
24 0 .01392
25 0 .01413
26 0 .01113
27 0 .0117
28 0 .01253
29 0 .01096
30 0 .00984
31 0 .01116
32 0 .013
33 0 .01248
34 0 .01356
35 0 .0152
36 0 .01286
37 0 .01493
38 0 .01146
39 0 .01026
40 0 .01229
41 0 .00909
42 0 .01035
43 0 .00804
44 0 .00935
45 0 .00732
46 0 .00463
47 0 .0012
48 0 .00142
49 0 .00045
50 0 .00012
51 0 .00005
100 0 0
*parity 2 widowed
birth 1 F widowed 2
14 0 0
15 0 0
16 0 0
17 0 0
18 0 0
19 0 .01216
20 0 .02735
21 0 .01235
22 0 .01543
23 0 .00554
24 0 .00748
25 0 .00793
26 0 .00719
27 0 .00545
28 0 .0047
29 0 .00368
30 0 .0033
31 0 .00307
32 0 .00243
33 0 .00207
34 0 .00176
35 0 .00116
36 0 .00123
37 0 .00092
38 0 .00071
39 0 .00061
40 0 .00044
41 0 .00031
42 0 .00022
43 0 .00015
44 0 .00011
45 0 .00007
46 0 .00003
47 0 .00002
48 0 .00001
49 0 0
50 0 0
51 0 0
100 0 0
*parity 2 divorced
birth 1 F divorced 2
14 0 0
15 0 0
16 0 0
17 0 0
18 0 0
19 0 .01216
20 0 .02735
21 0 .01235
22 0 .01543
23 0 .00554
24 0 .00748
25 0 .00793
26 0 .00719
27 0 .00545
28 0 .0047
29 0 .00368
30 0 .0033
31 0 .00307
32 0 .00243
33 0 .00207
34 0 .00176
35 0 .00116
36 0 .00123
37 0 .00092
38 0 .00071
39 0 .00061
40 0 .00044
41 0 .00031
42 0 .00022
43 0 .00015
44 0 .00011
45 0 .00007
46 0 .00003
47 0 .00002
48 0 .00001
49 0 0
50 0 0
51 0 0
100 0 0
