*parity 0 married
birth 1 F married 0
14 0 0
15 0 .00011
16 0 .00044
17 0 .03733
18 0 .02497
19 0 .02827
20 0 .02891
21 0 .0309
22 0 .02927
23 0 .02704
24 0 .02156
25 0 .02136
26 0 .02066
27 0 .01508
28 0 .016
29 0 .01494
30 0 .01162
31 0 .00773
32 0 .00614
33 0 .00436
34 0 .0031
35 0 .00217
36 0 .00184
37 0 .00139
38 0 .00101
39 0 .00081
40 0 .00061
41 0 .00043
42 0 .00029
43 0 .00021
44 0 .00013
45 0 .00008
46 0 .00005
47 0 .00003
48 0 .00002
49 0 0
50 0 0
51 0 0
100 0 0
*parity 0 single
birth 1 F single 0
14 0 0
15 0 .00013
16 0 .00052
17 0 .00103
18 0 .00179
19 0 .00262
20 0 .00325
21 0 .0036
22 0 .00365
23 0 .00375
24 0 .00386
25 0 .00404
26 0 .00408
27 0 .00427
28 0 .00428
29 0 .00467
30 0 .00486
31 0 .00495
32 0 .00523
33 0 .00565
34 0 .00538
35 0 .00545
36 0 .00542
37 0 .00531
38 0 .00402
39 0 .00443
40 0 .00392
41 0 .00307
42 0 .0029
43 0 .00256
44 0 .00196
45 0 .00092
46 0 .00113
47 0 .00067
48 0 .00029
49 0 .00006
50 0 .00001
51 0 .00002
100 0 0
*parity 0 widowed
birth 1 F widowed 0
14 0 0
15 0 .00002
16 0 .0001
17 0 .57948
18 0 .24297
19 0 .26196
20 0 .25787
21 0 .37231
22 0 .69857
23 0 .62654
24 0 1.13909
25 0 .48997
26 0 .45949
27 0 .87705
28 0 .2718
29 0 .74752
30 0 .30836
31 0 .0656
32 0 .08853
33 0 .03727
34 0 .01059
35 0 .0057
36 0 .00322
37 0 .00247
38 0 .00119
39 0 .00086
40 0 .00054
41 0 .00047
42 0 .00023
43 0 .00015
44 0 .00008
45 0 .00004
46 0 .00003
47 0 .00001
48 0 .00001
49 0 0
50 0 0
51 0 0
100 0 0
*parity 0 divorced
birth 1 F divorced 0
14 0 0
15 0 .00002
16 0 .0001
17 0 .57948
18 0 .24297
19 0 .26196
20 0 .25787
21 0 .37231
22 0 .69857
23 0 .62654
24 0 1.13909
25 0 .48997
26 0 .45949
27 0 .87705
28 0 .2718
29 0 .74752
30 0 .30836
31 0 .0656
32 0 .08853
33 0 .03727
34 0 .01059
35 0 .0057
36 0 .00322
37 0 .00247
38 0 .00119
39 0 .00086
40 0 .00054
41 0 .00047
42 0 .00023
43 0 .00015
44 0 .00008
45 0 .00004
46 0 .00003
47 0 .00001
48 0 .00001
49 0 0
50 0 0
51 0 0
100 0 0
*parity 1 married
birth 1 F married 1
14 0 0
15 0 0
16 0 .00002
17 0 .00009
18 0 .02513
19 0 .01756
20 0 .01659
21 0 .01696
22 0 .01812
23 0 .01705
24 0 .01741
25 0 .01814
26 0 .01669
27 0 .01733
28 0 .018
29 0 .01559
30 0 .01019
31 0 .00934
32 0 .01046
33 0 .00818
34 0 .00757
35 0 .00891
36 0 .0068
37 0 .00458
38 0 .00407
39 0 .00299
40 0 .00222
41 0 .00148
42 0 .00114
43 0 .00085
44 0 .0004
45 0 .00024
46 0 .00009
47 0 .00006
48 0 .00003
49 0 .00001
50 0 0
51 0 0
100 0 0
*parity 1 single
birth 1 F single 1
14 0 0
15 0 0
16 0 .04257
17 0 .03925
18 0 .02957
19 0 .02529
20 0 .02918
21 0 .02666
22 0 .03322
23 0 .02958
24 0 .02655
25 0 .02522
26 0 .0254
27 0 .03199
28 0 .02942
29 0 .0319
30 0 .03197
31 0 .04117
32 0 .045
33 0 .04865
34 0 .0911
35 0 .11532
36 0 .208
37 0 .26544
38 0 .50019
39 0 .18835
40 0 .10677
41 0 .35947
42 0 .00008
43 0 .0721
44 0 .02462
45 0 .00001
46 0 .00001
47 0 .00874
48 0 0
49 0 .00059
50 0 .00011
51 0 .0002
100 0 0
*parity 1 widowed
birth 1 F widowed 1
14 0 0
15 0 0
16 0 .00001
17 0 .00002
18 0 .16886
19 0 .0417
20 0 .05458
21 0 .05024
22 0 .04218
23 0 .05047
24 0 .03342
25 0 .03362
26 0 .029
27 0 .02189
28 0 .02398
29 0 .02275
30 0 .02046
31 0 .01278
32 0 .00927
33 0 .00566
34 0 .00549
35 0 .00393
36 0 .00356
37 0 .00225
38 0 .00144
39 0 .00088
40 0 .00052
41 0 .00036
42 0 .00021
43 0 .00015
44 0 .00008
45 0 .00004
46 0 .00002
47 0 .00001
48 0 0
49 0 0
50 0 0
51 0 0
100 0 0
*parity 1 divorced
birth 1 F divorced 1
14 0 0
15 0 0
16 0 .00001
17 0 .00002
18 0 .16886
19 0 .0417
20 0 .05458
21 0 .05024
22 0 .04218
23 0 .05047
24 0 .03342
25 0 .03362
26 0 .029
27 0 .02189
28 0 .02398
29 0 .02275
30 0 .02046
31 0 .01278
32 0 .00927
33 0 .00566
34 0 .00549
35 0 .00393
36 0 .00356
37 0 .00225
38 0 .00144
39 0 .00088
40 0 .00052
41 0 .00036
42 0 .00021
43 0 .00015
44 0 .00008
45 0 .00004
46 0 .00002
47 0 .00001
48 0 0
49 0 0
50 0 0
51 0 0
100 0 0
*parity 2 married
birth 1 F married 2
14 0 0
15 0 0
16 0 0
17 0 .00001
18 0 .00003
19 0 .02274
20 0 .01921
21 0 .01388
22 0 .01409
23 0 .01281
24 0 .01255
25 0 .01042
26 0 .01026
27 0 .00928
28 0 .00822
29 0 .00719
30 0 .00718
31 0 .00663
32 0 .00502
33 0 .00454
34 0 .004
35 0 .00363
36 0 .00313
37 0 .00287
38 0 .00253
39 0 .00213
40 0 .00182
41 0 .00136
42 0 .00104
43 0 .00073
44 0 .00055
45 0 .00037
46 0 .00022
47 0 .00013
48 0 .00006
49 0 .00003
50 0 .00001
51 0 .00001
100 0 0
*parity 2 single
birth 1 F single 2
14 0 0
15 0 0
16 0 0
17 0 .00001
18 0 .02803
19 0 .0107
20 0 .01507
21 0 .01654
22 0 .01425
23 0 .01408
24 0 .01513
25 0 .01262
26 0 .01311
27 0 .01136
28 0 .0113
29 0 .01025
30 0 .01067
31 0 .01055
32 0 .01053
33 0 .01153
34 0 .01196
35 0 .01201
36 0 .012
37 0 .01207
38 0 .01455
39 0 .01436
40 0 .01242
41 0 .01085
42 0 .00984
43 0 .00867
44 0 .0077
45 0 .00605
46 0 .0039
47 0 .00231
48 0 .00119
49 0 .00077
50 0 .00025
51 0 .0001
100 0 0
*parity 2 widowed
birth 1 F widowed 2
14 0 0
15 0 0
16 0 0
17 0 0
18 0 .00001
19 0 .00002
20 0 .02373
21 0 .01547
22 0 .01353
23 0 .0132
24 0 .01011
25 0 .00955
26 0 .0065
27 0 .00632
28 0 .00492
29 0 .00395
30 0 .00362
31 0 .00292
32 0 .00262
33 0 .00219
34 0 .00193
35 0 .00152
36 0 .00127
37 0 .00106
38 0 .0009
39 0 .0007
40 0 .00058
41 0 .00042
42 0 .00031
43 0 .00019
44 0 .00013
45 0 .00009
46 0 .00005
47 0 .00003
48 0 .00001
49 0 .00001
50 0 0
51 0 0
100 0 0
*parity 2 divorced
birth 1 F divorced 2
14 0 0
15 0 0
16 0 0
17 0 0
18 0 .00001
19 0 .00002
20 0 .02373
21 0 .01547
22 0 .01353
23 0 .0132
24 0 .01011
25 0 .00955
26 0 .0065
27 0 .00632
28 0 .00492
29 0 .00395
30 0 .00362
31 0 .00292
32 0 .00262
33 0 .00219
34 0 .00193
35 0 .00152
36 0 .00127
37 0 .00106
38 0 .0009
39 0 .0007
40 0 .00058
41 0 .00042
42 0 .00031
43 0 .00019
44 0 .00013
45 0 .00009
46 0 .00005
47 0 .00003
48 0 .00001
49 0 .00001
50 0 0
51 0 0
100 0 0
