*parity 0 married
birth 1 F married 0
14 0 0
15 0 .00019
16 0 .00076
17 0 .06724
18 0 .06501
19 0 .07504
20 0 .06934
21 0 .07847
22 0 .12177
23 0 .12147
24 0 .19058
25 0 .4898
26 0 .38546
27 0 .51258
28 0 .33643
29 0 .7576
30 0 1
31 0 .07664
32 0 .06099
33 0 .09484
34 0 .03589
35 0 .01274
36 0 .00806
37 0 .00444
38 0 .00233
39 0 .00166
40 0 .00101
41 0 .00072
42 0 .00042
43 0 .00027
44 0 .00017
45 0 .00009
46 0 .00006
47 0 .00004
48 0 .00002
49 0 .00001
50 0 0
51 0 0
100 0 0
*parity 0 single
birth 1 F single 0
14 0 0
15 0 .00005
16 0 .00021
17 0 .0004
18 0 .00067
19 0 .00095
20 0 .00117
21 0 .00126
22 0 .00121
23 0 .00123
24 0 .00121
25 0 .00118
26 0 .0012
27 0 .00115
28 0 .00114
29 0 .00113
30 0 .00101
31 0 .00096
32 0 .00093
33 0 .00086
34 0 .00089
35 0 .00082
36 0 .00086
37 0 .0007
38 0 .00072
39 0 .0008
40 0 .00069
41 0 .00045
42 0 .00044
43 0 .00035
44 0 .00023
45 0 .00018
46 0 .00013
47 0 .00005
48 0 .00003
49 0 .00001
50 0 0
51 0 0
100 0 0
*parity 0 widowed
birth 1 F widowed 0
14 0 0
15 0 .00001
16 0 .00005
17 0 .13685
18 0 .21766
19 0 .29558
20 0 .00023
21 0 .34
22 0 .33576
23 0 .15151
24 0 .0002
25 0 .25724
26 0 .00017
27 0 .00016
28 0 .22087
29 0 .19895
30 0 .00012
31 0 .14591
32 0 .00008
33 0 .00007
34 0 .00005
35 0 .02259
36 0 .01388
37 0 .00709
38 0 .00538
39 0 .00195
40 0 .0007
41 0 .00069
42 0 .00033
43 0 .00015
44 0 .00011
45 0 .00005
46 0 .00002
47 0 .00001
48 0 0
49 0 0
50 0 0
51 0 0
100 0 0
*parity 0 divorced
birth 1 F divorced 0
14 0 0
15 0 .00001
16 0 .00005
17 0 .13685
18 0 .21766
19 0 .29558
20 0 .00023
21 0 .34
22 0 .33576
23 0 .15151
24 0 .0002
25 0 .25724
26 0 .00017
27 0 .00016
28 0 .22087
29 0 .19895
30 0 .00012
31 0 .14591
32 0 .00008
33 0 .00007
34 0 .00005
35 0 .02259
36 0 .01388
37 0 .00709
38 0 .00538
39 0 .00195
40 0 .0007
41 0 .00069
42 0 .00033
43 0 .00015
44 0 .00011
45 0 .00005
46 0 .00002
47 0 .00001
48 0 0
49 0 0
50 0 0
51 0 0
100 0 0
*parity 1 married
birth 1 F married 1
14 0 0
15 0 0
16 0 .00004
17 0 .00014
18 0 .01828
19 0 .01636
20 0 .01611
21 0 .01886
22 0 .02213
23 0 .02946
24 0 .02432
25 0 .01974
26 0 .01928
27 0 .02139
28 0 .02185
29 0 .01725
30 0 .01973
31 0 .01626
32 0 .01236
33 0 .00895
34 0 .00739
35 0 .00544
36 0 .0038
37 0 .0032
38 0 .00292
39 0 .00221
40 0 .00167
41 0 .00115
42 0 .00088
43 0 .00054
44 0 .00031
45 0 .00016
46 0 .00009
47 0 .00005
48 0 .00002
49 0 .00001
50 0 0
51 0 0
100 0 0
*parity 1 single
birth 1 F single 1
14 0 0
15 0 0
16 0 .00535
17 0 .01174
18 0 .05067
19 0 .02169
20 0 .01834
21 0 .02042
22 0 .03312
23 0 .02303
24 0 .02008
25 0 .03445
26 0 .03719
27 0 .05269
28 0 .03499
29 0 .05047
30 0 .02846
31 0 .0344
32 0 .02634
33 0 .02942
34 0 .03747
35 0 .0701
36 0 .17283
37 0 .13161
38 0 .0199
39 0 .02884
40 0 .02559
41 0 .07068
42 0 .00003
43 0 .01411
44 0 .00001
45 0 .00001
46 0 .00418
47 0 0
48 0 .00082
49 0 .00027
50 0 .00008
51 0 0
100 0 0
*parity 1 widowed
birth 1 F widowed 1
14 0 0
15 0 0
16 0 0
17 0 .00001
18 0 .00002
19 0 .03597
20 0 .04055
21 0 .0516
22 0 .02802
23 0 .02659
24 0 .03261
25 0 .01695
26 0 .01762
27 0 .03744
28 0 .02238
29 0 .02391
30 0 .03911
31 0 .01379
32 0 .00579
33 0 .00915
34 0 .00607
35 0 .00586
36 0 .00356
37 0 .00297
38 0 .00096
39 0 .00062
40 0 .00064
41 0 .00033
42 0 .00022
43 0 .00011
44 0 .00008
45 0 .00003
46 0 .00001
47 0 .00001
48 0 0
49 0 0
50 0 0
51 0 0
100 0 0
*parity 1 divorced
birth 1 F divorced 1
14 0 0
15 0 0
16 0 0
17 0 .00001
18 0 .00002
19 0 .03597
20 0 .04055
21 0 .0516
22 0 .02802
23 0 .02659
24 0 .03261
25 0 .01695
26 0 .01762
27 0 .03744
28 0 .02238
29 0 .02391
30 0 .03911
31 0 .01379
32 0 .00579
33 0 .00915
34 0 .00607
35 0 .00586
36 0 .00356
37 0 .00297
38 0 .00096
39 0 .00062
40 0 .00064
41 0 .00033
42 0 .00022
43 0 .00011
44 0 .00008
45 0 .00003
46 0 .00001
47 0 .00001
48 0 0
49 0 0
50 0 0
51 0 0
100 0 0
*parity 2 married
birth 1 F married 2
14 0 0
15 0 0
16 0 0
17 0 .00001
18 0 .00005
19 0 .02454
20 0 .01731
21 0 .01249
22 0 .01202
23 0 .0093
24 0 .01122
25 0 .01191
26 0 .01026
27 0 .01014
28 0 .00915
29 0 .00859
30 0 .00772
31 0 .00705
32 0 .00654
33 0 .00525
34 0 .00437
35 0 .00411
36 0 .00362
37 0 .00319
38 0 .00277
39 0 .00218
40 0 .00181
41 0 .00141
42 0 .00099
43 0 .00073
44 0 .0005
45 0 .00034
46 0 .0002
47 0 .00011
48 0 .00005
49 0 .00003
50 0 .00001
51 0 0
100 0 0
*parity 2 single
birth 1 F single 2
14 0 0
15 0 0
16 0 0
17 0 0
18 0 .00632
19 0 .0136
20 0 .02079
21 0 .01919
22 0 .01602
23 0 .01336
24 0 .0123
25 0 .01272
26 0 .01247
27 0 .01066
28 0 .01102
29 0 .01109
30 0 .01022
31 0 .01124
32 0 .00968
33 0 .01338
34 0 .00981
35 0 .01089
36 0 .01007
37 0 .01184
38 0 .0125
39 0 .01029
40 0 .01115
41 0 .0145
42 0 .00879
43 0 .00961
44 0 .00747
45 0 .00513
46 0 .00335
47 0 .00163
48 0 .00166
49 0 .00047
50 0 .00021
51 0 .00009
100 0 0
*parity 2 widowed
birth 1 F widowed 2
14 0 0
15 0 0
16 0 0
17 0 0
18 0 0
19 0 .00001
20 0 .02955
21 0 .00625
22 0 .01139
23 0 .00696
24 0 .00596
25 0 .00602
26 0 .00765
27 0 .00443
28 0 .00484
29 0 .00314
30 0 .00368
31 0 .00302
32 0 .00246
33 0 .00225
34 0 .00203
35 0 .0015
36 0 .00127
37 0 .00102
38 0 .00076
39 0 .00062
40 0 .00047
41 0 .00031
42 0 .00026
43 0 .00017
44 0 .00011
45 0 .00007
46 0 .00004
47 0 .00002
48 0 .00001
49 0 0
50 0 0
51 0 0
100 0 0
*parity 2 divorced
birth 1 F divorced 2
14 0 0
15 0 0
16 0 0
17 0 0
18 0 0
19 0 .00001
20 0 .02955
21 0 .00625
22 0 .01139
23 0 .00696
24 0 .00596
25 0 .00602
26 0 .00765
27 0 .00443
28 0 .00484
29 0 .00314
30 0 .00368
31 0 .00302
32 0 .00246
33 0 .00225
34 0 .00203
35 0 .0015
36 0 .00127
37 0 .00102
38 0 .00076
39 0 .00062
40 0 .00047
41 0 .00031
42 0 .00026
43 0 .00017
44 0 .00011
45 0 .00007
46 0 .00004
47 0 .00002
48 0 .00001
49 0 0
50 0 0
51 0 0
100 0 0
