*parity 0 married
birth 1 F married 0
14 0 0
15 0 .00023
16 0 .00104
17 0 .03478
18 0 .02813
19 0 .04189
20 0 .04941
21 0 .05303
22 0 .05483
23 0 .0628
24 0 .05003
25 0 .05412
26 0 .04376
27 0 .06691
28 0 .04007
29 0 .04119
30 0 .02998
31 0 .02311
32 0 .01995
33 0 .01496
34 0 .01513
35 0 .01033
36 0 .01163
37 0 .00752
38 0 .01099
39 0 .00598
40 0 .00354
41 0 .00216
42 0 .00219
43 0 .00163
44 0 .0006
45 0 .0003
46 0 .00022
47 0 .00018
48 0 .00007
49 0 .00003
50 0 .00001
51 0 .00001
100 0 0
*parity 0 single
birth 1 F single 0
14 0 0
15 0 0
16 0 0
17 0 0
18 0 .00001
19 0 .00001
20 0 .00002
21 0 .00002
22 0 .00002
23 0 .00002
24 0 .00002
25 0 .00002
26 0 .00002
27 0 .00002
28 0 .00002
29 0 .00002
30 0 .00002
31 0 .00002
32 0 .00002
33 0 .00001
34 0 .00002
35 0 .00001
36 0 .00001
37 0 .00001
38 0 .00001
39 0 .00001
40 0 .00001
41 0 .00001
42 0 0
43 0 0
44 0 0
45 0 0
46 0 0
47 0 0
48 0 0
49 0 0
50 0 0
51 0 0
100 0 0
*parity 0 widowed
birth 1 F widowed 0
14 0 0
15 0 0
16 0 .00001
17 0 .00003
18 0 .01646
19 0 .03764
20 0 .03187
21 0 .03372
22 0 .01332
23 0 .00648
24 0 .00601
25 0 .00842
26 0 .01125
27 0 .00687
28 0 .00462
29 0 .00203
30 0 .0022
31 0 .00146
32 0 .00121
33 0 .00181
34 0 .00119
35 0 .00056
36 0 .00094
37 0 .00082
38 0 .00056
39 0 .0003
40 0 .00015
41 0 .00012
42 0 .00042
43 0 .00008
44 0 .00004
45 0 .00004
46 0 .00003
47 0 .00004
48 0 .00001
49 0 0
50 0 0
51 0 0
100 0 0
*parity 0 divorced
birth 1 F divorced 0
14 0 0
15 0 0
16 0 .00001
17 0 .00003
18 0 .01646
19 0 .03764
20 0 .03187
21 0 .03372
22 0 .01332
23 0 .00648
24 0 .00601
25 0 .00842
26 0 .01125
27 0 .00687
28 0 .00462
29 0 .00203
30 0 .0022
31 0 .00146
32 0 .00121
33 0 .00181
34 0 .00119
35 0 .00056
36 0 .00094
37 0 .00082
38 0 .00056
39 0 .0003
40 0 .00015
41 0 .00012
42 0 .00042
43 0 .00008
44 0 .00004
45 0 .00004
46 0 .00003
47 0 .00004
48 0 .00001
49 0 0
50 0 0
51 0 0
100 0 0
*parity 1 married
birth 1 F married 1
14 0 0
15 0 0
16 0 .00007
17 0 .00028
18 0 .03613
19 0 .02325
20 0 .02882
21 0 .02685
22 0 .03349
23 0 .02859
24 0 .0264
25 0 .02225
26 0 .02726
27 0 .02117
28 0 .02012
29 0 .02111
30 0 .01612
31 0 .01409
32 0 .01341
33 0 .01485
34 0 .01155
35 0 .01009
36 0 .00764
37 0 .00768
38 0 .00536
39 0 .00404
40 0 .00341
41 0 .00212
42 0 .00157
43 0 .00109
44 0 .00093
45 0 .00066
46 0 .00059
47 0 .00013
48 0 .00012
49 0 .00006
50 0 .00002
51 0 .00002
100 0 0
*parity 1 single
birth 1 F single 1
14 0 0
15 0 0
16 0 0
17 0 0
18 0 0
19 0 0
20 0 .00001
21 0 .00001
22 0 .00001
23 0 .00001
24 0 .00001
25 0 .01004
26 0 .00914
27 0 .00001
28 0 .00773
29 0 .0032
30 0 .0059
31 0 .00251
32 0 .00406
33 0 0
34 0 .00282
35 0 .00228
36 0 0
37 0 .00134
38 0 0
39 0 0
40 0 0
41 0 0
42 0 0
43 0 0
44 0 0
45 0 0
46 0 .00003
47 0 0
48 0 0
49 0 0
50 0 0
51 0 0
100 0 0
*parity 1 widowed
birth 1 F widowed 1
14 0 0
15 0 0
16 0 0
17 0 0
18 0 .00001
19 0 .01093
20 0 .00946
21 0 .01757
22 0 .00513
23 0 .00334
24 0 .00309
25 0 .00359
26 0 .00173
27 0 .00219
28 0 .0017
29 0 .0029
30 0 .00111
31 0 .00118
32 0 .00092
33 0 .00104
34 0 .00064
35 0 .00081
36 0 .00047
37 0 .0003
38 0 .00024
39 0 .00017
40 0 .00013
41 0 .00008
42 0 .00005
43 0 .00004
44 0 .00002
45 0 .00001
46 0 .00001
47 0 .00001
48 0 0
49 0 0
50 0 0
51 0 0
100 0 0
*parity 1 divorced
birth 1 F divorced 1
14 0 0
15 0 0
16 0 0
17 0 0
18 0 .00001
19 0 .01093
20 0 .00946
21 0 .01757
22 0 .00513
23 0 .00334
24 0 .00309
25 0 .00359
26 0 .00173
27 0 .00219
28 0 .0017
29 0 .0029
30 0 .00111
31 0 .00118
32 0 .00092
33 0 .00104
34 0 .00064
35 0 .00081
36 0 .00047
37 0 .0003
38 0 .00024
39 0 .00017
40 0 .00013
41 0 .00008
42 0 .00005
43 0 .00004
44 0 .00002
45 0 .00001
46 0 .00001
47 0 .00001
48 0 0
49 0 0
50 0 0
51 0 0
100 0 0
*parity 2 married
birth 1 F married 2
14 0 0
15 0 0
16 0 .00001
17 0 .00003
18 0 .00012
19 0 .04897
20 0 .01997
21 0 .01601
22 0 .01799
23 0 .02211
24 0 .02275
25 0 .02226
26 0 .02042
27 0 .01805
28 0 .01633
29 0 .01483
30 0 .01465
31 0 .01347
32 0 .01206
33 0 .01016
34 0 .00928
35 0 .00862
36 0 .00778
37 0 .00733
38 0 .00624
39 0 .00571
40 0 .00503
41 0 .00401
42 0 .00318
43 0 .00208
44 0 .00161
45 0 .00104
46 0 .00058
47 0 .00034
48 0 .00019
49 0 .00009
50 0 .00004
51 0 .00002
100 0 0
*parity 2 single
birth 1 F single 2
14 0 0
15 0 0
16 0 0
17 0 0
18 0 0
19 0 0
20 0 0
21 0 0
22 0 .00001
23 0 .00001
24 0 .00001
25 0 .00001
26 0 .00001
27 0 .00001
28 0 .00001
29 0 .00001
30 0 .00001
31 0 .00605
32 0 .00001
33 0 .00001
34 0 .00001
35 0 .00001
36 0 .00001
37 0 .00001
38 0 .00001
39 0 .00001
40 0 .00001
41 0 0
42 0 .00271
43 0 .00199
44 0 0
45 0 0
46 0 0
47 0 0
48 0 0
49 0 0
50 0 0
51 0 0
100 0 0
*parity 2 widowed
birth 1 F widowed 2
14 0 0
15 0 0
16 0 0
17 0 0
18 0 0
19 0 0
20 0 .00001
21 0 .00373
22 0 .00429
23 0 .01192
24 0 .00489
25 0 .00389
26 0 .00264
27 0 .003
28 0 .00207
29 0 .0019
30 0 .00162
31 0 .00137
32 0 .00119
33 0 .0013
34 0 .0009
35 0 .00085
36 0 .00081
37 0 .00051
38 0 .00044
39 0 .00034
40 0 .00028
41 0 .00022
42 0 .00013
43 0 .0001
44 0 .00006
45 0 .00004
46 0 .00002
47 0 .00001
48 0 .00001
49 0 0
50 0 0
51 0 0
100 0 0
*parity 2 divorced
birth 1 F divorced 2
14 0 0
15 0 0
16 0 0
17 0 0
18 0 0
19 0 0
20 0 .00001
21 0 .00373
22 0 .00429
23 0 .01192
24 0 .00489
25 0 .00389
26 0 .00264
27 0 .003
28 0 .00207
29 0 .0019
30 0 .00162
31 0 .00137
32 0 .00119
33 0 .0013
34 0 .0009
35 0 .00085
36 0 .00081
37 0 .00051
38 0 .00044
39 0 .00034
40 0 .00028
41 0 .00022
42 0 .00013
43 0 .0001
44 0 .00006
45 0 .00004
46 0 .00002
47 0 .00001
48 0 .00001
49 0 0
50 0 0
51 0 0
100 0 0
