*parity all married
birth 1 F married 0
14 0 0
15 0 .01066
16 0 .01011
17 0 .01051
18 0 .0121
19 0 .01542
20 0 .01972
21 0 .02342
22 0 .0255
23 0 .02616
24 0 .02598
25 0 .02464
26 0 .02253
27 0 .01998
28 0 .01816
29 0 .0168
30 0 .01626
31 0 .01528
32 0 .01501
33 0 .01492
34 0 .0156
35 0 .01603
36 0 .01644
37 0 .0166
38 0 .01676
39 0 .0166
40 0 .01628
41 0 .01521
42 0 .01433
43 0 .01348
44 0 .0129
45 0 .01229
46 0 .01177
47 0 .01148
48 0 .01124
49 0 .01111
50 0 .01104
51 0 .011
100 0 0
*parity all single
birth 1 F single 0
14 0 0
15 0 .01066
16 0 .01011
17 0 .01051
18 0 .0121
19 0 .01542
20 0 .01972
21 0 .02342
22 0 .0255
23 0 .02616
24 0 .02598
25 0 .02464
26 0 .02253
27 0 .01998
28 0 .01816
29 0 .0168
30 0 .01626
31 0 .01528
32 0 .01501
33 0 .01492
34 0 .0156
35 0 .01603
36 0 .01644
37 0 .0166
38 0 .01676
39 0 .0166
40 0 .01628
41 0 .01521
42 0 .01433
43 0 .01348
44 0 .0129
45 0 .01229
46 0 .01177
47 0 .01148
48 0 .01124
49 0 .01111
50 0 .01104
51 0 .011
100 0 0
*parity all widowed
birth 1 F widowed 0
14 0 0
15 0 .01066
16 0 .01011
17 0 .01051
18 0 .0121
19 0 .01542
20 0 .01972
21 0 .02342
22 0 .0255
23 0 .02616
24 0 .02598
25 0 .02464
26 0 .02253
27 0 .01998
28 0 .01816
29 0 .0168
30 0 .01626
31 0 .01528
32 0 .01501
33 0 .01492
34 0 .0156
35 0 .01603
36 0 .01644
37 0 .0166
38 0 .01676
39 0 .0166
40 0 .01628
41 0 .01521
42 0 .01433
43 0 .01348
44 0 .0129
45 0 .01229
46 0 .01177
47 0 .01148
48 0 .01124
49 0 .01111
50 0 .01104
51 0 .011
100 0 0
*parity all divorced
birth 1 F divorced 0
14 0 0
15 0 .01066
16 0 .01011
17 0 .01051
18 0 .0121
19 0 .01542
20 0 .01972
21 0 .02342
22 0 .0255
23 0 .02616
24 0 .02598
25 0 .02464
26 0 .02253
27 0 .01998
28 0 .01816
29 0 .0168
30 0 .01626
31 0 .01528
32 0 .01501
33 0 .01492
34 0 .0156
35 0 .01603
36 0 .01644
37 0 .0166
38 0 .01676
39 0 .0166
40 0 .01628
41 0 .01521
42 0 .01433
43 0 .01348
44 0 .0129
45 0 .01229
46 0 .01177
47 0 .01148
48 0 .01124
49 0 .01111
50 0 .01104
51 0 .011
100 0 0
