*parity 0 married
birth 1 F married 0
14 0 0
15 0 .00021
16 0 .001
17 0 .05096
18 0 .04647
19 0 .04341
20 0 .06815
21 0 .08167
22 0 .08599
23 0 .09493
24 0 .15254
25 0 .16663
26 0 .1127
27 0 .11051
28 0 .19263
29 0 .35407
30 0 .14718
31 0 .17867
32 0 .09608
33 0 .08083
34 0 .03272
35 0 .0397
36 0 .03112
37 0 .01211
38 0 .01046
39 0 .00843
40 0 .00545
41 0 .00699
42 0 .02169
43 0 .01237
44 0 .02249
45 0 .00492
46 0 .00066
47 0 .0019
48 0 .00147
49 0 .00066
50 0 .00003
51 0 .00014
100 0 0
*parity 0 single
birth 1 F single 0
14 0 0
15 0 0
16 0 0
17 0 .00001
18 0 .00001
19 0 .00002
20 0 .00002
21 0 .00003
22 0 .00003
23 0 .00003
24 0 .00003
25 0 .00003
26 0 .00002
27 0 .00002
28 0 .00002
29 0 .00002
30 0 .00002
31 0 .00002
32 0 .00002
33 0 .00002
34 0 .00001
35 0 .00001
36 0 .00001
37 0 .00001
38 0 .00001
39 0 .00001
40 0 .00001
41 0 .00001
42 0 .00001
43 0 .00001
44 0 .00001
45 0 .00002
46 0 0
47 0 0
48 0 0
49 0 0
50 0 0
51 0 0
100 0 0
*parity 0 widowed
birth 1 F widowed 0
14 0 0
15 0 0
16 0 .00001
17 0 .00002
18 0 .0326
19 0 .01582
20 0 .01192
21 0 .02579
22 0 .04935
23 0 .00006
24 0 .01946
25 0 .0167
26 0 .00924
27 0 .02215
28 0 .00351
29 0 .00002
30 0 .00603
31 0 .00977
32 0 .00001
33 0 .00295
34 0 .00001
35 0 .00001
36 0 .00156
37 0 0
38 0 .00052
39 0 0
40 0 0
41 0 .00028
42 0 .0003
43 0 .00034
44 0 .00004
45 0 .00004
46 0 .00001
47 0 .00001
48 0 0
49 0 0
50 0 0
51 0 0
100 0 0
*parity 0 divorced
birth 1 F divorced 0
14 0 0
15 0 0
16 0 .00001
17 0 .00002
18 0 .0326
19 0 .01582
20 0 .01192
21 0 .02579
22 0 .04935
23 0 .00006
24 0 .01946
25 0 .0167
26 0 .00924
27 0 .02215
28 0 .00351
29 0 .00002
30 0 .00603
31 0 .00977
32 0 .00001
33 0 .00295
34 0 .00001
35 0 .00001
36 0 .00156
37 0 0
38 0 .00052
39 0 0
40 0 0
41 0 .00028
42 0 .0003
43 0 .00034
44 0 .00004
45 0 .00004
46 0 .00001
47 0 .00001
48 0 0
49 0 0
50 0 0
51 0 0
100 0 0
*parity 1 married
birth 1 F married 1
14 0 0
15 0 0
16 0 .00008
17 0 .00029
18 0 .02358
19 0 .03476
20 0 .03062
21 0 .03306
22 0 .04688
23 0 .05776
24 0 .04489
25 0 .04015
26 0 .03711
27 0 .02856
28 0 .03293
29 0 .02988
30 0 .02157
31 0 .0278
32 0 .03225
33 0 .01843
34 0 .01993
35 0 .02152
36 0 .01494
37 0 .01225
38 0 .01204
39 0 .00915
40 0 .01069
41 0 .00876
42 0 .00377
43 0 .00127
44 0 .0008
45 0 .00036
46 0 .00019
47 0 .0001
48 0 .00004
49 0 .00001
50 0 0
51 0 0
100 0 0
*parity 1 single
birth 1 F single 1
14 0 0
15 0 0
16 0 0
17 0 0
18 0 0
19 0 0
20 0 .00001
21 0 .00001
22 0 .00001
23 0 .00001
24 0 .00001
25 0 .00001
26 0 .00001
27 0 .00001
28 0 .00001
29 0 .00001
30 0 .00001
31 0 .00001
32 0 0
33 0 0
34 0 0
35 0 0
36 0 0
37 0 .00106
38 0 0
39 0 .00063
40 0 .00006
41 0 .00016
42 0 .00002
43 0 .00002
44 0 .00001
45 0 .00001
46 0 0
47 0 0
48 0 0
49 0 0
50 0 0
51 0 0
100 0 0
*parity 1 widowed
birth 1 F widowed 1
14 0 0
15 0 0
16 0 0
17 0 0
18 0 .00001
19 0 .00002
20 0 .02427
21 0 .01376
22 0 .01666
23 0 .00758
24 0 .00607
25 0 .00585
26 0 .00535
27 0 .00398
28 0 .00215
29 0 .00206
30 0 .00301
31 0 .00169
32 0 .00097
33 0 .00061
34 0 .00073
35 0 .00035
36 0 .00103
37 0 .00036
38 0 .00028
39 0 .00052
40 0 .00028
41 0 .00026
42 0 .00007
43 0 .00004
44 0 .00003
45 0 .00002
46 0 0
47 0 0
48 0 0
49 0 0
50 0 0
51 0 0
100 0 0
*parity 1 divorced
birth 1 F divorced 1
14 0 0
15 0 0
16 0 0
17 0 0
18 0 .00001
19 0 .00002
20 0 .02427
21 0 .01376
22 0 .01666
23 0 .00758
24 0 .00607
25 0 .00585
26 0 .00535
27 0 .00398
28 0 .00215
29 0 .00206
30 0 .00301
31 0 .00169
32 0 .00097
33 0 .00061
34 0 .00073
35 0 .00035
36 0 .00103
37 0 .00036
38 0 .00028
39 0 .00052
40 0 .00028
41 0 .00026
42 0 .00007
43 0 .00004
44 0 .00003
45 0 .00002
46 0 0
47 0 0
48 0 0
49 0 0
50 0 0
51 0 0
100 0 0
*parity 2 married
birth 1 F married 2
14 0 0
15 0 0
16 0 .00001
17 0 .00003
18 0 .00013
19 0 .01027
20 0 .01961
21 0 .01535
22 0 .01382
23 0 .01325
24 0 .01589
25 0 .01579
26 0 .01677
27 0 .0162
28 0 .01378
29 0 .01304
30 0 .01274
31 0 .01163
32 0 .01018
33 0 .00944
34 0 .00909
35 0 .00829
36 0 .00759
37 0 .007
38 0 .00637
39 0 .00549
40 0 .00486
41 0 .00344
42 0 .0028
43 0 .00207
44 0 .00155
45 0 .001
46 0 .00063
47 0 .00038
48 0 .00022
49 0 .00011
50 0 .00005
51 0 .00002
100 0 0
*parity 2 single
birth 1 F single 2
14 0 0
15 0 0
16 0 0
17 0 0
18 0 0
19 0 0
20 0 0
21 0 0
22 0 .00001
23 0 .00001
24 0 .00001
25 0 .00001
26 0 .01091
27 0 .00002
28 0 .00002
29 0 .00002
30 0 .00002
31 0 .00002
32 0 .00001
33 0 .00001
34 0 .00001
35 0 .00001
36 0 .00001
37 0 .00001
38 0 .00001
39 0 .00001
40 0 .00138
41 0 .00076
42 0 .00041
43 0 .00026
44 0 .00027
45 0 .00012
46 0 .00015
47 0 .00002
48 0 .00001
49 0 .00001
50 0 0
51 0 0
100 0 0
*parity 2 widowed
birth 1 F widowed 2
14 0 0
15 0 0
16 0 0
17 0 0
18 0 0
19 0 .00318
20 0 .00384
21 0 .00454
22 0 .00646
23 0 .00285
24 0 .00247
25 0 .00314
26 0 .00372
27 0 .00181
28 0 .00136
29 0 .00168
30 0 .00119
31 0 .00082
32 0 .00076
33 0 .0007
34 0 .00048
35 0 .00048
36 0 .00038
37 0 .00038
38 0 .00029
39 0 .00022
40 0 .00019
41 0 .00015
42 0 .0001
43 0 .00008
44 0 .00005
45 0 .00004
46 0 .00003
47 0 .00001
48 0 .00001
49 0 0
50 0 0
51 0 0
100 0 0
*parity 2 divorced
birth 1 F divorced 2
14 0 0
15 0 0
16 0 0
17 0 0
18 0 0
19 0 .00318
20 0 .00384
21 0 .00454
22 0 .00646
23 0 .00285
24 0 .00247
25 0 .00314
26 0 .00372
27 0 .00181
28 0 .00136
29 0 .00168
30 0 .00119
31 0 .00082
32 0 .00076
33 0 .0007
34 0 .00048
35 0 .00048
36 0 .00038
37 0 .00038
38 0 .00029
39 0 .00022
40 0 .00019
41 0 .00015
42 0 .0001
43 0 .00008
44 0 .00005
45 0 .00004
46 0 .00003
47 0 .00001
48 0 .00001
49 0 0
50 0 0
51 0 0
100 0 0
