*parity 0 married
birth 1 F married 0
14 0 0
15 0 .00018
16 0 .00073
17 0 .08651
18 0 .06218
19 0 .07106
20 0 .06408
21 0 .05115
22 0 .04769
23 0 .05983
24 0 .05118
25 0 .03665
26 0 .02913
27 0 .02568
28 0 .02849
29 0 .02272
30 0 .02111
31 0 .01538
32 0 .00847
33 0 .006
34 0 .00387
35 0 .00249
36 0 .00195
37 0 .00145
38 0 .00104
39 0 .00075
40 0 .00049
41 0 .00034
42 0 .00024
43 0 .00015
44 0 .00009
45 0 .00005
46 0 .00003
47 0 .00002
48 0 .00001
49 0 0
50 0 0
51 0 0
100 0 0
*parity 0 single
birth 1 F single 0
14 0 0
15 0 .00006
16 0 .00023
17 0 .00045
18 0 .00075
19 0 .00106
20 0 .00129
21 0 .00138
22 0 .0014
23 0 .00136
24 0 .00134
25 0 .00134
26 0 .00136
27 0 .00132
28 0 .00135
29 0 .00123
30 0 .0012
31 0 .00106
32 0 .00101
33 0 .00089
34 0 .00093
35 0 .00092
36 0 .00083
37 0 .00083
38 0 .00083
39 0 .00064
40 0 .00056
41 0 .00052
42 0 .00036
43 0 .00033
44 0 .00021
45 0 .00018
46 0 .00007
47 0 .00008
48 0 .00005
49 0 .00001
50 0 0
51 0 0
100 0 0
*parity 0 widowed
birth 1 F widowed 0
14 0 0
15 0 .00001
16 0 .00005
17 0 .00009
18 0 .00015
19 0 .09021
20 0 .20666
21 0 .00024
22 0 .05318
23 0 .19707
24 0 .06087
25 0 .05868
26 0 .04097
27 0 .02996
28 0 .04952
29 0 .01472
30 0 .02317
31 0 .00641
32 0 .00365
33 0 .00576
34 0 .00353
35 0 .00228
36 0 .00181
37 0 .00097
38 0 .00055
39 0 .00028
40 0 .00024
41 0 .00019
42 0 .00009
43 0 .00006
44 0 .00003
45 0 .00001
46 0 .00001
47 0 0
48 0 0
49 0 0
50 0 0
51 0 0
100 0 0
*parity 0 divorced
birth 1 F divorced 0
14 0 0
15 0 .00001
16 0 .00005
17 0 .00009
18 0 .00015
19 0 .09021
20 0 .20666
21 0 .00024
22 0 .05318
23 0 .19707
24 0 .06087
25 0 .05868
26 0 .04097
27 0 .02996
28 0 .04952
29 0 .01472
30 0 .02317
31 0 .00641
32 0 .00365
33 0 .00576
34 0 .00353
35 0 .00228
36 0 .00181
37 0 .00097
38 0 .00055
39 0 .00028
40 0 .00024
41 0 .00019
42 0 .00009
43 0 .00006
44 0 .00003
45 0 .00001
46 0 .00001
47 0 0
48 0 0
49 0 0
50 0 0
51 0 0
100 0 0
*parity 1 married
birth 1 F married 1
14 0 0
15 0 0
16 0 .00004
17 0 .00014
18 0 .01829
19 0 .016
20 0 .02911
21 0 .03171
22 0 .03177
23 0 .03305
24 0 .06597
25 0 .06278
26 0 .05273
27 0 .05204
28 0 .03134
29 0 .04263
30 0 .04055
31 0 .02975
32 0 .03118
33 0 .03042
34 0 .03701
35 0 .02105
36 0 .01756
37 0 .01249
38 0 .00676
39 0 .00673
40 0 .00462
41 0 .00349
42 0 .00223
43 0 .00161
44 0 .00066
45 0 .00035
46 0 .00027
47 0 .00009
48 0 .00005
49 0 .00001
50 0 0
51 0 0
100 0 0
*parity 1 single
birth 1 F single 1
14 0 0
15 0 0
16 0 .00539
17 0 .00653
18 0 .03492
19 0 .02037
20 0 .01544
21 0 .02497
22 0 .01695
23 0 .02213
24 0 .02317
25 0 .02797
26 0 .03128
27 0 .03681
28 0 .02685
29 0 .02557
30 0 .02383
31 0 .02223
32 0 .02114
33 0 .02541
34 0 .02524
35 0 .03276
36 0 .03911
37 0 .04473
38 0 .03335
39 0 .01714
40 0 .03822
41 0 .05002
42 0 .03263
43 0 .01897
44 0 .01097
45 0 .00001
46 0 0
47 0 0
48 0 .00061
49 0 0
50 0 0
51 0 .00004
100 0 0
*parity 1 widowed
birth 1 F widowed 1
14 0 0
15 0 0
16 0 0
17 0 .00001
18 0 .00003
19 0 .00005
20 0 .01398
21 0 .01136
22 0 .02485
23 0 .06918
24 0 .02897
25 0 .07539
26 0 .07418
27 0 .03571
28 0 .15052
29 0 .07167
30 0 .02671
31 0 .02205
32 0 .03494
33 0 .01753
34 0 .00635
35 0 .00795
36 0 .00562
37 0 .00429
38 0 .00221
39 0 .00148
40 0 .00275
41 0 .0009
42 0 .00047
43 0 .00018
44 0 .00024
45 0 .0001
46 0 .00005
47 0 .00003
48 0 .00001
49 0 0
50 0 0
51 0 0
100 0 0
*parity 1 divorced
birth 1 F divorced 1
14 0 0
15 0 0
16 0 0
17 0 .00001
18 0 .00003
19 0 .00005
20 0 .01398
21 0 .01136
22 0 .02485
23 0 .06918
24 0 .02897
25 0 .07539
26 0 .07418
27 0 .03571
28 0 .15052
29 0 .07167
30 0 .02671
31 0 .02205
32 0 .03494
33 0 .01753
34 0 .00635
35 0 .00795
36 0 .00562
37 0 .00429
38 0 .00221
39 0 .00148
40 0 .00275
41 0 .0009
42 0 .00047
43 0 .00018
44 0 .00024
45 0 .0001
46 0 .00005
47 0 .00003
48 0 .00001
49 0 0
50 0 0
51 0 0
100 0 0
*parity 2 married
birth 1 F married 2
14 0 0
15 0 0
16 0 0
17 0 .00001
18 0 .00005
19 0 .01911
20 0 .00952
21 0 .0112
22 0 .01226
23 0 .01112
24 0 .01002
25 0 .01084
26 0 .01012
27 0 .01059
28 0 .00948
29 0 .00973
30 0 .0083
31 0 .00824
32 0 .00804
33 0 .00692
34 0 .00545
35 0 .00534
36 0 .00432
37 0 .00379
38 0 .00323
39 0 .00271
40 0 .00234
41 0 .00166
42 0 .00119
43 0 .00082
44 0 .00065
45 0 .00041
46 0 .00024
47 0 .00013
48 0 .00007
49 0 .00003
50 0 .00001
51 0 .00001
100 0 0
*parity 2 single
birth 1 F single 2
14 0 0
15 0 0
16 0 0
17 0 0
18 0 .00001
19 0 .03648
20 0 .01575
21 0 .0219
22 0 .02342
23 0 .015
24 0 .01543
25 0 .01093
26 0 .01234
27 0 .01218
28 0 .01289
29 0 .01187
30 0 .00893
31 0 .01064
32 0 .01248
33 0 .00955
34 0 .01166
35 0 .00853
36 0 .01348
37 0 .01095
38 0 .01117
39 0 .01175
40 0 .01249
41 0 .0066
42 0 .01003
43 0 .00647
44 0 .00574
45 0 .00525
46 0 .00449
47 0 .00273
48 0 .00123
49 0 .00069
50 0 .00029
51 0 .00008
100 0 0
*parity 2 widowed
birth 1 F widowed 2
14 0 0
15 0 0
16 0 0
17 0 0
18 0 0
19 0 .00001
20 0 .00002
21 0 .01652
22 0 .02525
23 0 .00679
24 0 .00378
25 0 .00471
26 0 .00519
27 0 .00481
28 0 .00371
29 0 .00346
30 0 .00361
31 0 .0035
32 0 .00209
33 0 .00221
34 0 .00187
35 0 .00162
36 0 .00115
37 0 .00087
38 0 .00087
39 0 .00074
40 0 .00044
41 0 .00036
42 0 .00029
43 0 .0002
44 0 .00012
45 0 .00008
46 0 .00005
47 0 .00003
48 0 .00001
49 0 .00001
50 0 0
51 0 0
100 0 0
*parity 2 divorced
birth 1 F divorced 2
14 0 0
15 0 0
16 0 0
17 0 0
18 0 0
19 0 .00001
20 0 .00002
21 0 .01652
22 0 .02525
23 0 .00679
24 0 .00378
25 0 .00471
26 0 .00519
27 0 .00481
28 0 .00371
29 0 .00346
30 0 .00361
31 0 .0035
32 0 .00209
33 0 .00221
34 0 .00187
35 0 .00162
36 0 .00115
37 0 .00087
38 0 .00087
39 0 .00074
40 0 .00044
41 0 .00036
42 0 .00029
43 0 .0002
44 0 .00012
45 0 .00008
46 0 .00005
47 0 .00003
48 0 .00001
49 0 .00001
50 0 0
51 0 0
100 0 0
