*parity 0 married
birth 1 F married 0
14 0 0
15 0 .00025
16 0 .00107
17 0 .035
18 0 .02932
19 0 .05989
20 0 .04582
21 0 .04137
22 0 .04605
23 0 .04464
24 0 .03786
25 0 .05003
26 0 .052
27 0 .05468
28 0 .03992
29 0 .0392
30 0 .05094
31 0 .03105
32 0 .05169
33 0 .04269
34 0 .02983
35 0 .02705
36 0 .0237
37 0 .01848
38 0 .01605
39 0 .00976
40 0 .00761
41 0 .00472
42 0 .00282
43 0 .00144
44 0 .00089
45 0 .00098
46 0 .00023
47 0 .00012
48 0 .00006
49 0 .00002
50 0 0
51 0 0
100 0 0
*parity 0 single
birth 1 F single 0
14 0 0
15 0 0
16 0 0
17 0 .00001
18 0 .00001
19 0 .00002
20 0 .00002
21 0 .00002
22 0 .00003
23 0 .00003
24 0 .00003
25 0 .00002
26 0 .00003
27 0 .00003
28 0 .00003
29 0 .00003
30 0 .00003
31 0 .00002
32 0 .00002
33 0 .00002
34 0 .00002
35 0 .00002
36 0 .00001
37 0 .00001
38 0 .00001
39 0 .00001
40 0 .00001
41 0 .00001
42 0 0
43 0 0
44 0 0
45 0 0
46 0 0
47 0 0
48 0 0
49 0 0
50 0 0
51 0 0
100 0 0
*parity 0 widowed
birth 1 F widowed 0
14 0 0
15 0 0
16 0 .00001
17 0 .01639
18 0 .00003
19 0 .03725
20 0 .01126
21 0 .0072
22 0 .00684
23 0 .01834
24 0 .01143
25 0 .00973
26 0 .01378
27 0 .0064
28 0 .00184
29 0 .00248
30 0 .00178
31 0 .00094
32 0 .00536
33 0 .00443
34 0 .00137
35 0 .00291
36 0 .00095
37 0 .00082
38 0 .00052
39 0 .00062
40 0 .00061
41 0 0
42 0 .0003
43 0 .00038
44 0 .00004
45 0 .00003
46 0 .00004
47 0 .00001
48 0 0
49 0 0
50 0 0
51 0 0
100 0 0
*parity 0 divorced
birth 1 F divorced 0
14 0 0
15 0 0
16 0 .00001
17 0 .01639
18 0 .00003
19 0 .03725
20 0 .01126
21 0 .0072
22 0 .00684
23 0 .01834
24 0 .01143
25 0 .00973
26 0 .01378
27 0 .0064
28 0 .00184
29 0 .00248
30 0 .00178
31 0 .00094
32 0 .00536
33 0 .00443
34 0 .00137
35 0 .00291
36 0 .00095
37 0 .00082
38 0 .00052
39 0 .00062
40 0 .00061
41 0 0
42 0 .0003
43 0 .00038
44 0 .00004
45 0 .00003
46 0 .00004
47 0 .00001
48 0 0
49 0 0
50 0 0
51 0 0
100 0 0
*parity 1 married
birth 1 F married 1
14 0 0
15 0 0
16 0 .00006
17 0 .00023
18 0 .01975
19 0 .01654
20 0 .02472
21 0 .02159
22 0 .02022
23 0 .02342
24 0 .02488
25 0 .02583
26 0 .02151
27 0 .01851
28 0 .01906
29 0 .01727
30 0 .0171
31 0 .01944
32 0 .02054
33 0 .01764
34 0 .02185
35 0 .01712
36 0 .01245
37 0 .01138
38 0 .00903
39 0 .01072
40 0 .00946
41 0 .00413
42 0 .00488
43 0 .00215
44 0 .00086
45 0 .00061
46 0 .00029
47 0 .00018
48 0 .00011
49 0 .00004
50 0 .00001
51 0 .00001
100 0 0
*parity 1 single
birth 1 F single 1
14 0 0
15 0 0
16 0 0
17 0 0
18 0 0
19 0 .00334
20 0 .00001
21 0 .00715
22 0 .00001
23 0 .00929
24 0 .00001
25 0 .00001
26 0 .00001
27 0 .00001
28 0 .00001
29 0 .00001
30 0 .00337
31 0 .00001
32 0 .00001
33 0 .00218
34 0 0
35 0 0
36 0 .00123
37 0 .00212
38 0 0
39 0 0
40 0 .00062
41 0 0
42 0 0
43 0 0
44 0 0
45 0 0
46 0 0
47 0 .00001
48 0 0
49 0 0
50 0 0
51 0 0
100 0 0
*parity 1 widowed
birth 1 F widowed 1
14 0 0
15 0 0
16 0 0
17 0 0
18 0 .00485
19 0 .00244
20 0 .01633
21 0 .00696
22 0 .01265
23 0 .00272
24 0 .00361
25 0 .00335
26 0 .00168
27 0 .00264
28 0 .00142
29 0 .00128
30 0 .00079
31 0 .0009
32 0 .00098
33 0 .00053
34 0 .00068
35 0 .00052
36 0 .0004
37 0 .00036
38 0 .00032
39 0 .00028
40 0 .0002
41 0 .00016
42 0 .00006
43 0 .00004
44 0 .00003
45 0 .00001
46 0 .00001
47 0 .00001
48 0 0
49 0 0
50 0 0
51 0 0
100 0 0
*parity 1 divorced
birth 1 F divorced 1
14 0 0
15 0 0
16 0 0
17 0 0
18 0 .00485
19 0 .00244
20 0 .01633
21 0 .00696
22 0 .01265
23 0 .00272
24 0 .00361
25 0 .00335
26 0 .00168
27 0 .00264
28 0 .00142
29 0 .00128
30 0 .00079
31 0 .0009
32 0 .00098
33 0 .00053
34 0 .00068
35 0 .00052
36 0 .0004
37 0 .00036
38 0 .00032
39 0 .00028
40 0 .0002
41 0 .00016
42 0 .00006
43 0 .00004
44 0 .00003
45 0 .00001
46 0 .00001
47 0 .00001
48 0 0
49 0 0
50 0 0
51 0 0
100 0 0
*parity 2 married
birth 1 F married 2
14 0 0
15 0 0
16 0 0
17 0 .00002
18 0 .00008
19 0 .00693
20 0 .00964
21 0 .01438
22 0 .01317
23 0 .01384
24 0 .01259
25 0 .01158
26 0 .01092
27 0 .01027
28 0 .01047
29 0 .01038
30 0 .00927
31 0 .0085
32 0 .0067
33 0 .00637
34 0 .00576
35 0 .00518
36 0 .00464
37 0 .0042
38 0 .0036
39 0 .00306
40 0 .0024
41 0 .00188
42 0 .00152
43 0 .00111
44 0 .00086
45 0 .00053
46 0 .00032
47 0 .00019
48 0 .00009
49 0 .00005
50 0 .00002
51 0 .00001
100 0 0
*parity 2 single
birth 1 F single 2
14 0 0
15 0 0
16 0 0
17 0 0
18 0 0
19 0 0
20 0 0
21 0 0
22 0 0
23 0 .00001
24 0 .00001
25 0 .00001
26 0 .00001
27 0 .00001
28 0 .00001
29 0 .00001
30 0 .00001
31 0 .00001
32 0 .00001
33 0 .00001
34 0 .00001
35 0 .00728
36 0 .00001
37 0 .00001
38 0 .00001
39 0 .00001
40 0 .00297
41 0 0
42 0 0
43 0 0
44 0 0
45 0 0
46 0 0
47 0 0
48 0 0
49 0 0
50 0 0
51 0 0
100 0 0
*parity 2 widowed
birth 1 F widowed 2
14 0 0
15 0 0
16 0 0
17 0 0
18 0 0
19 0 .00192
20 0 .00222
21 0 .00773
22 0 .01203
23 0 .00161
24 0 .00686
25 0 .0028
26 0 .00214
27 0 .00157
28 0 .00114
29 0 .00125
30 0 .00094
31 0 .00074
32 0 .00072
33 0 .00051
34 0 .00035
35 0 .00028
36 0 .00028
37 0 .00021
38 0 .00017
39 0 .00011
40 0 .00012
41 0 .00008
42 0 .00005
43 0 .00004
44 0 .00002
45 0 .00002
46 0 .00001
47 0 0
48 0 0
49 0 0
50 0 0
51 0 0
100 0 0
*parity 2 divorced
birth 1 F divorced 2
14 0 0
15 0 0
16 0 0
17 0 0
18 0 0
19 0 .00192
20 0 .00222
21 0 .00773
22 0 .01203
23 0 .00161
24 0 .00686
25 0 .0028
26 0 .00214
27 0 .00157
28 0 .00114
29 0 .00125
30 0 .00094
31 0 .00074
32 0 .00072
33 0 .00051
34 0 .00035
35 0 .00028
36 0 .00028
37 0 .00021
38 0 .00017
39 0 .00011
40 0 .00012
41 0 .00008
42 0 .00005
43 0 .00004
44 0 .00002
45 0 .00002
46 0 .00001
47 0 0
48 0 0
49 0 0
50 0 0
51 0 0
100 0 0
