*parity 0 married
birth 1 F married 0
14 0 0
15 0 .00007
16 0 .00028
17 0 .06306
18 0 .03726
19 0 .07395
20 0 .04473
21 0 .03987
22 0 .03436
23 0 .0332
24 0 .03654
25 0 .03511
26 0 .04109
27 0 .04288
28 0 .03876
29 0 .03158
30 0 .03491
31 0 .02563
32 0 .02319
33 0 .01709
34 0 .01579
35 0 .0108
36 0 .00554
37 0 .00363
38 0 .00177
39 0 .0015
40 0 .00088
41 0 .00054
42 0 .00029
43 0 .00017
44 0 .0001
45 0 .00005
46 0 .00003
47 0 .00001
48 0 .00001
49 0 0
50 0 0
51 0 0
100 0 0
*parity 0 single
birth 1 F single 0
14 0 0
15 0 .00017
16 0 .00071
17 0 .00135
18 0 .00228
19 0 .00318
20 0 .00387
21 0 .00424
22 0 .00436
23 0 .00437
24 0 .00441
25 0 .00451
26 0 .00452
27 0 .00445
28 0 .00451
29 0 .00412
30 0 .00401
31 0 .00355
32 0 .00312
33 0 .0027
34 0 .0022
35 0 .00196
36 0 .00166
37 0 .00144
38 0 .00121
39 0 .00091
40 0 .0007
41 0 .00057
42 0 .00038
43 0 .00027
44 0 .00018
45 0 .00012
46 0 .00007
47 0 .00004
48 0 .00002
49 0 .00001
50 0 0
51 0 0
100 0 0
*parity 0 widowed
birth 1 F widowed 0
14 0 0
15 0 .00001
16 0 .00005
17 0 .0001
18 0 .00017
19 0 .66073
20 0 .76459
21 0 .00026
22 0 .00025
23 0 .00023
24 0 .16324
25 0 .1955
26 0 .57464
27 0 .00018
28 0 .24093
29 0 .43556
30 0 .37292
31 0 .00011
32 0 .13737
33 0 .22244
34 0 .00006
35 0 .0713
36 0 .05921
37 0 .0133
38 0 .00871
39 0 .01069
40 0 .00321
41 0 .00158
42 0 .00087
43 0 .00039
44 0 .00016
45 0 .00008
46 0 .00003
47 0 .00002
48 0 .00001
49 0 0
50 0 0
51 0 0
100 0 0
*parity 0 divorced
birth 1 F divorced 0
14 0 0
15 0 .00001
16 0 .00005
17 0 .0001
18 0 .00017
19 0 .66073
20 0 .76459
21 0 .00026
22 0 .00025
23 0 .00023
24 0 .16324
25 0 .1955
26 0 .57464
27 0 .00018
28 0 .24093
29 0 .43556
30 0 .37292
31 0 .00011
32 0 .13737
33 0 .22244
34 0 .00006
35 0 .0713
36 0 .05921
37 0 .0133
38 0 .00871
39 0 .01069
40 0 .00321
41 0 .00158
42 0 .00087
43 0 .00039
44 0 .00016
45 0 .00008
46 0 .00003
47 0 .00002
48 0 .00001
49 0 0
50 0 0
51 0 0
100 0 0
*parity 1 married
birth 1 F married 1
14 0 0
15 0 0
16 0 .00001
17 0 .00005
18 0 .02132
19 0 .01256
20 0 .01826
21 0 .01615
22 0 .01544
23 0 .01547
24 0 .01617
25 0 .01465
26 0 .01502
27 0 .01111
28 0 .01139
29 0 .0106
30 0 .01191
31 0 .01035
32 0 .01024
33 0 .00944
34 0 .00719
35 0 .0059
36 0 .00627
37 0 .00428
38 0 .00303
39 0 .00224
40 0 .00138
41 0 .00115
42 0 .00065
43 0 .00044
44 0 .00027
45 0 .00012
46 0 .00006
47 0 .00002
48 0 .00001
49 0 0
50 0 0
51 0 0
100 0 0
*parity 1 single
birth 1 F single 1
14 0 0
15 0 0
16 0 .01416
17 0 .02763
18 0 .02308
19 0 .02548
20 0 .03184
21 0 .03029
22 0 .03037
23 0 .02852
24 0 .02488
25 0 .02435
26 0 .02436
27 0 .02803
28 0 .02215
29 0 .02573
30 0 .02234
31 0 .02453
32 0 .02176
33 0 .02091
34 0 .02425
35 0 .02191
36 0 .01596
37 0 .0119
38 0 .01089
39 0 .01205
40 0 .0077
41 0 .00495
42 0 .00356
43 0 .00267
44 0 .00212
45 0 .00104
46 0 .00052
47 0 .00021
48 0 .00011
49 0 .00005
50 0 .00002
51 0 .00001
100 0 0
*parity 1 widowed
birth 1 F widowed 1
14 0 0
15 0 0
16 0 0
17 0 .00001
18 0 .04141
19 0 .08172
20 0 .02387
21 0 .04009
22 0 .04498
23 0 .12249
24 0 .00017
25 0 .16983
26 0 .17608
27 0 .04034
28 0 .03303
29 0 .05306
30 0 .145
31 0 .13799
32 0 .07243
33 0 .1549
34 0 .03333
35 0 .02635
36 0 .0351
37 0 .02287
38 0 .00787
39 0 .01564
40 0 .00373
41 0 .00193
42 0 .001
43 0 .0005
44 0 .00019
45 0 .0001
46 0 .00005
47 0 .00002
48 0 .00001
49 0 0
50 0 0
51 0 0
100 0 0
*parity 1 divorced
birth 1 F divorced 1
14 0 0
15 0 0
16 0 0
17 0 .00001
18 0 .04141
19 0 .08172
20 0 .02387
21 0 .04009
22 0 .04498
23 0 .12249
24 0 .00017
25 0 .16983
26 0 .17608
27 0 .04034
28 0 .03303
29 0 .05306
30 0 .145
31 0 .13799
32 0 .07243
33 0 .1549
34 0 .03333
35 0 .02635
36 0 .0351
37 0 .02287
38 0 .00787
39 0 .01564
40 0 .00373
41 0 .00193
42 0 .001
43 0 .0005
44 0 .00019
45 0 .0001
46 0 .00005
47 0 .00002
48 0 .00001
49 0 0
50 0 0
51 0 0
100 0 0
*parity 2 married
birth 1 F married 2
14 0 0
15 0 0
16 0 0
17 0 0
18 0 .00002
19 0 .01923
20 0 .01297
21 0 .01265
22 0 .01236
23 0 .01176
24 0 .01001
25 0 .0092
26 0 .00798
27 0 .00855
28 0 .00814
29 0 .00767
30 0 .00605
31 0 .0057
32 0 .00492
33 0 .00427
34 0 .00424
35 0 .00336
36 0 .00289
37 0 .00222
38 0 .00188
39 0 .00144
40 0 .00116
41 0 .00084
42 0 .00062
43 0 .00044
44 0 .0003
45 0 .00019
46 0 .00011
47 0 .00007
48 0 .00003
49 0 .00002
50 0 .00001
51 0 0
100 0 0
*parity 2 single
birth 1 F single 2
14 0 0
15 0 0
16 0 0
17 0 .00669
18 0 .00765
19 0 .01631
20 0 .01319
21 0 .01185
22 0 .01189
23 0 .01175
24 0 .01196
25 0 .01185
26 0 .01137
27 0 .01039
28 0 .01039
29 0 .00998
30 0 .00904
31 0 .00824
32 0 .00782
33 0 .00699
34 0 .00622
35 0 .00551
36 0 .0049
37 0 .00469
38 0 .00443
39 0 .00374
40 0 .00355
41 0 .00264
42 0 .00232
43 0 .00167
44 0 .0013
45 0 .00091
46 0 .00064
47 0 .00038
48 0 .00018
49 0 .00009
50 0 .00004
51 0 .00002
100 0 0
*parity 2 widowed
birth 1 F widowed 2
14 0 0
15 0 0
16 0 0
17 0 0
18 0 0
19 0 .00001
20 0 .01091
21 0 .06019
22 0 .01459
23 0 .01571
24 0 .01268
25 0 .00737
26 0 .00645
27 0 .00903
28 0 .00558
29 0 .00559
30 0 .0049
31 0 .00402
32 0 .00343
33 0 .00306
34 0 .00239
35 0 .00227
36 0 .00194
37 0 .00157
38 0 .00109
39 0 .0009
40 0 .00068
41 0 .00047
42 0 .00034
43 0 .00023
44 0 .00015
45 0 .00009
46 0 .00005
47 0 .00003
48 0 .00001
49 0 .00001
50 0 0
51 0 0
100 0 0
*parity 2 divorced
birth 1 F divorced 2
14 0 0
15 0 0
16 0 0
17 0 0
18 0 0
19 0 .00001
20 0 .01091
21 0 .06019
22 0 .01459
23 0 .01571
24 0 .01268
25 0 .00737
26 0 .00645
27 0 .00903
28 0 .00558
29 0 .00559
30 0 .0049
31 0 .00402
32 0 .00343
33 0 .00306
34 0 .00239
35 0 .00227
36 0 .00194
37 0 .00157
38 0 .00109
39 0 .0009
40 0 .00068
41 0 .00047
42 0 .00034
43 0 .00023
44 0 .00015
45 0 .00009
46 0 .00005
47 0 .00003
48 0 .00001
49 0 .00001
50 0 0
51 0 0
100 0 0
