*parity 0 married
birth 1 F married 0
14 0 0
15 0 .00025
16 0 .00107
17 0 .03884
18 0 .0375
19 0 .03562
20 0 .04414
21 0 .04832
22 0 .05175
23 0 .04699
24 0 .06202
25 0 .06633
26 0 .05803
27 0 .04734
28 0 .04638
29 0 .04731
30 0 .04158
31 0 .03497
32 0 .0247
33 0 .01682
34 0 .01656
35 0 .01757
36 0 .01311
37 0 .00876
38 0 .00964
39 0 .00442
40 0 .0038
41 0 .00237
42 0 .00217
43 0 .00136
44 0 .00054
45 0 .00042
46 0 .00019
47 0 .00014
48 0 .00006
49 0 .00002
50 0 0
51 0 0
100 0 0
*parity 0 single
birth 1 F single 0
14 0 0
15 0 0
16 0 0
17 0 0
18 0 .00001
19 0 .00001
20 0 .00002
21 0 .00002
22 0 .00002
23 0 .00002
24 0 .00002
25 0 .00002
26 0 .00002
27 0 .00002
28 0 .00002
29 0 .00002
30 0 .00002
31 0 .00002
32 0 .00002
33 0 .00002
34 0 .00001
35 0 .00001
36 0 .00001
37 0 .00001
38 0 .00001
39 0 .00001
40 0 .00001
41 0 .00001
42 0 0
43 0 0
44 0 0
45 0 0
46 0 0
47 0 0
48 0 0
49 0 0
50 0 0
51 0 0
100 0 0
*parity 0 widowed
birth 1 F widowed 0
14 0 0
15 0 0
16 0 .00001
17 0 .00003
18 0 .0157
19 0 .0122
20 0 .03781
21 0 .00865
22 0 .02386
23 0 .01039
24 0 .00748
25 0 .0188
26 0 .00334
27 0 .01462
28 0 .00801
29 0 .00413
30 0 .0057
31 0 .00385
32 0 .00216
33 0 .00184
34 0 .00413
35 0 .00256
36 0 .0005
37 0 .00043
38 0 .00047
39 0 .00029
40 0 .00031
41 0 .00025
42 0 .00016
43 0 .00009
44 0 .00005
45 0 .00002
46 0 .00002
47 0 .00001
48 0 0
49 0 0
50 0 0
51 0 0
100 0 0
*parity 0 divorced
birth 1 F divorced 0
14 0 0
15 0 0
16 0 .00001
17 0 .00003
18 0 .0157
19 0 .0122
20 0 .03781
21 0 .00865
22 0 .02386
23 0 .01039
24 0 .00748
25 0 .0188
26 0 .00334
27 0 .01462
28 0 .00801
29 0 .00413
30 0 .0057
31 0 .00385
32 0 .00216
33 0 .00184
34 0 .00413
35 0 .00256
36 0 .0005
37 0 .00043
38 0 .00047
39 0 .00029
40 0 .00031
41 0 .00025
42 0 .00016
43 0 .00009
44 0 .00005
45 0 .00002
46 0 .00002
47 0 .00001
48 0 0
49 0 0
50 0 0
51 0 0
100 0 0
*parity 1 married
birth 1 F married 1
14 0 0
15 0 0
16 0 .00006
17 0 .23741
18 0 .02134
19 0 .01765
20 0 .02316
21 0 .02318
22 0 .02277
23 0 .02474
24 0 .02315
25 0 .02417
26 0 .01888
27 0 .02455
28 0 .01988
29 0 .01517
30 0 .01853
31 0 .01592
32 0 .01638
33 0 .01745
34 0 .01292
35 0 .01145
36 0 .00884
37 0 .00736
38 0 .00616
39 0 .0041
40 0 .00387
41 0 .00374
42 0 .00327
43 0 .00178
44 0 .00108
45 0 .0005
46 0 .00032
47 0 .00018
48 0 .00011
49 0 .00003
50 0 .00001
51 0 .00001
100 0 0
*parity 1 single
birth 1 F single 1
14 0 0
15 0 0
16 0 0
17 0 0
18 0 0
19 0 0
20 0 0
21 0 .00001
22 0 .00001
23 0 .00001
24 0 .00001
25 0 .00844
26 0 .00801
27 0 .00743
28 0 .00001
29 0 .00628
30 0 .00001
31 0 .00001
32 0 .00432
33 0 0
34 0 0
35 0 0
36 0 0
37 0 0
38 0 0
39 0 0
40 0 0
41 0 .00042
42 0 0
43 0 0
44 0 .0001
45 0 0
46 0 0
47 0 0
48 0 0
49 0 0
50 0 0
51 0 0
100 0 0
*parity 1 widowed
birth 1 F widowed 1
14 0 0
15 0 0
16 0 0
17 0 0
18 0 .00001
19 0 .00818
20 0 .01396
21 0 .00956
22 0 .0056
23 0 .00683
24 0 .00393
25 0 .00528
26 0 .0025
27 0 .00202
28 0 .00187
29 0 .00178
30 0 .00143
31 0 .00122
32 0 .001
33 0 .00119
34 0 .00098
35 0 .00068
36 0 .00049
37 0 .00043
38 0 .00025
39 0 .00021
40 0 .00021
41 0 .00011
42 0 .00009
43 0 .00004
44 0 .00003
45 0 .00002
46 0 .00001
47 0 .00001
48 0 0
49 0 0
50 0 0
51 0 0
100 0 0
*parity 1 divorced
birth 1 F divorced 1
14 0 0
15 0 0
16 0 0
17 0 0
18 0 .00001
19 0 .00818
20 0 .01396
21 0 .00956
22 0 .0056
23 0 .00683
24 0 .00393
25 0 .00528
26 0 .0025
27 0 .00202
28 0 .00187
29 0 .00178
30 0 .00143
31 0 .00122
32 0 .001
33 0 .00119
34 0 .00098
35 0 .00068
36 0 .00049
37 0 .00043
38 0 .00025
39 0 .00021
40 0 .00021
41 0 .00011
42 0 .00009
43 0 .00004
44 0 .00003
45 0 .00002
46 0 .00001
47 0 .00001
48 0 0
49 0 0
50 0 0
51 0 0
100 0 0
*parity 2 married
birth 1 F married 2
14 0 0
15 0 0
16 0 0
17 0 .00002
18 0 .00009
19 0 .04305
20 0 .01984
21 0 .0137
22 0 .01404
23 0 .0146
24 0 .01282
25 0 .01197
26 0 .01468
27 0 .01203
28 0 .01108
29 0 .01137
30 0 .0096
31 0 .00945
32 0 .00833
33 0 .00766
34 0 .00697
35 0 .00598
36 0 .00572
37 0 .00518
38 0 .00436
39 0 .00403
40 0 .00303
41 0 .00232
42 0 .00175
43 0 .00129
44 0 .00098
45 0 .00064
46 0 .00038
47 0 .00021
48 0 .00011
49 0 .00005
50 0 .00003
51 0 .00001
100 0 0
*parity 2 single
birth 1 F single 2
14 0 0
15 0 0
16 0 0
17 0 0
18 0 0
19 0 0
20 0 0
21 0 0
22 0 0
23 0 .00001
24 0 .00001
25 0 .00001
26 0 .00001
27 0 .00001
28 0 .00001
29 0 .00001
30 0 .00001
31 0 .00001
32 0 .00001
33 0 .00001
34 0 .00001
35 0 .00001
36 0 .00001
37 0 .00001
38 0 .00446
39 0 0
40 0 0
41 0 0
42 0 0
43 0 .00137
44 0 0
45 0 0
46 0 0
47 0 0
48 0 .00009
49 0 0
50 0 0
51 0 0
100 0 0
*parity 2 widowed
birth 1 F widowed 2
14 0 0
15 0 0
16 0 0
17 0 0
18 0 0
19 0 0
20 0 .00001
21 0 .0073
22 0 .00316
23 0 .00281
24 0 .00274
25 0 .00275
26 0 .00189
27 0 .00253
28 0 .00185
29 0 .00198
30 0 .0014
31 0 .00104
32 0 .00127
33 0 .00076
34 0 .00065
35 0 .00061
36 0 .00043
37 0 .00042
38 0 .00033
39 0 .00024
40 0 .00022
41 0 .00016
42 0 .0001
43 0 .00007
44 0 .00004
45 0 .00003
46 0 .00002
47 0 .00001
48 0 0
49 0 0
50 0 0
51 0 0
100 0 0
*parity 2 divorced
birth 1 F divorced 2
14 0 0
15 0 0
16 0 0
17 0 0
18 0 0
19 0 0
20 0 .00001
21 0 .0073
22 0 .00316
23 0 .00281
24 0 .00274
25 0 .00275
26 0 .00189
27 0 .00253
28 0 .00185
29 0 .00198
30 0 .0014
31 0 .00104
32 0 .00127
33 0 .00076
34 0 .00065
35 0 .00061
36 0 .00043
37 0 .00042
38 0 .00033
39 0 .00024
40 0 .00022
41 0 .00016
42 0 .0001
43 0 .00007
44 0 .00004
45 0 .00003
46 0 .00002
47 0 .00001
48 0 0
49 0 0
50 0 0
51 0 0
100 0 0
