*parity 0 married
birth 1 F married 0
14 0 0
15 0 .00016
16 0 .00069
17 0 .02952
18 0 .02399
19 0 .03114
20 0 .03171
21 0 .03192
22 0 .03064
23 0 .03242
24 0 .03253
25 0 .02893
26 0 .02663
27 0 .02464
28 0 .02393
29 0 .0232
30 0 .02529
31 0 .02514
32 0 .01845
33 0 .01125
34 0 .00861
35 0 .00684
36 0 .00379
37 0 .00329
38 0 .00224
39 0 .00163
40 0 .0011
41 0 .0008
42 0 .00049
43 0 .00033
44 0 .0002
45 0 .00011
46 0 .00005
47 0 .00003
48 0 .00001
49 0 0
50 0 0
51 0 0
100 0 0
*parity 0 single
birth 1 F single 0
14 0 0
15 0 .00006
16 0 .00024
17 0 .00051
18 0 .00096
19 0 .00147
20 0 .00195
21 0 .0023
22 0 .00246
23 0 .00244
24 0 .00241
25 0 .00262
26 0 .00269
27 0 .0027
28 0 .00267
29 0 .00282
30 0 .0029
31 0 .00281
32 0 .0028
33 0 .00241
34 0 .00233
35 0 .00215
36 0 .00194
37 0 .00228
38 0 .00224
39 0 .00144
40 0 .00129
41 0 .00128
42 0 .00074
43 0 .00059
44 0 .00035
45 0 .00028
46 0 .00029
47 0 .00008
48 0 .00006
49 0 .00002
50 0 0
51 0 0
100 0 0
*parity 0 widowed
birth 1 F widowed 0
14 0 0
15 0 .00004
16 0 .00015
17 0 1.00321
18 0 .21925
19 0 .55513
20 0 2.57826
21 0 1.26231
22 0 .24915
23 0 .15535
24 0 .4661
25 0 .25603
26 0 .3002
27 0 .32298
28 0 .00045
29 0 .63393
30 0 .00033
31 0 .46346
32 0 .00023
33 0 .00018
34 0 .08865
35 0 .04787
36 0 .0201
37 0 .03034
38 0 .00549
39 0 .00456
40 0 .00122
41 0 .00076
42 0 .00045
43 0 .00026
44 0 .00013
45 0 .00007
46 0 .00003
47 0 .00002
48 0 .00001
49 0 0
50 0 0
51 0 0
100 0 0
*parity 0 divorced
birth 1 F divorced 0
14 0 0
15 0 .00004
16 0 .00015
17 0 1.00321
18 0 .21925
19 0 .55513
20 0 2.57826
21 0 1.26231
22 0 .24915
23 0 .15535
24 0 .4661
25 0 .25603
26 0 .3002
27 0 .32298
28 0 .00045
29 0 .63393
30 0 .00033
31 0 .46346
32 0 .00023
33 0 .00018
34 0 .08865
35 0 .04787
36 0 .0201
37 0 .03034
38 0 .00549
39 0 .00456
40 0 .00122
41 0 .00076
42 0 .00045
43 0 .00026
44 0 .00013
45 0 .00007
46 0 .00003
47 0 .00002
48 0 .00001
49 0 0
50 0 0
51 0 0
100 0 0
*parity 1 married
birth 1 F married 1
14 0 0
15 0 0
16 0 .00004
17 0 .00016
18 0 .02156
19 0 .01736
20 0 .01973
21 0 .02988
22 0 .03546
23 0 .03002
24 0 .02455
25 0 .02088
26 0 .02456
27 0 .03097
28 0 .04048
29 0 .04581
30 0 .04956
31 0 .04313
32 0 .04364
33 0 .16802
34 0 .36825
35 0 .33557
36 0 1
37 0 .84398
38 0 .21506
39 0 .05216
40 0 .34808
41 0 .22977
42 0 .00011
43 0 .03121
44 0 .01889
45 0 .01492
46 0 .01469
47 0 .00001
48 0 0
49 0 0
50 0 .00003
51 0 .00001
100 0 0
*parity 1 single
birth 1 F single 1
14 0 0
15 0 0
16 0 .00002
17 0 .04595
18 0 .03797
19 0 .15932
20 0 .05862
21 0 .05203
22 0 .07755
23 0 .10831
24 0 .0748
25 0 .0769
26 0 .08433
27 0 .41567
28 0 .15269
29 0 1
30 0 1
31 0 .98611
32 0 .29224
33 0 .23281
34 0 .31891
35 0 .46498
36 0 .12993
37 0 .29236
38 0 .11175
39 0 .16261
40 0 .06029
41 0 .07959
42 0 .00004
43 0 .03244
44 0 .00001
45 0 .00517
46 0 .00254
47 0 0
48 0 .00049
49 0 0
50 0 0
51 0 0
100 0 0
*parity 1 widowed
birth 1 F widowed 1
14 0 0
15 0 0
16 0 .00001
17 0 .00004
18 0 .0001
19 0 .03227
20 0 .0543
21 0 .09057
22 0 .39786
23 0 1.66711
24 0 1.63089
25 0 .73972
26 0 .62193
27 0 1.06629
28 0 .22032
29 0 .19589
30 0 .24586
31 0 .6324
32 0 .28112
33 0 .00028
34 0 .40904
35 0 .00019
36 0 .0625
37 0 .03125
38 0 .07166
39 0 .05214
40 0 .01547
41 0 .05104
42 0 .00002
43 0 .00693
44 0 .0063
45 0 0
46 0 0
47 0 .00157
48 0 .00063
49 0 .00002
50 0 0
51 0 0
100 0 0
*parity 1 divorced
birth 1 F divorced 1
14 0 0
15 0 0
16 0 .00001
17 0 .00004
18 0 .0001
19 0 .03227
20 0 .0543
21 0 .09057
22 0 .39786
23 0 1.66711
24 0 1.63089
25 0 .73972
26 0 .62193
27 0 1.06629
28 0 .22032
29 0 .19589
30 0 .24586
31 0 .6324
32 0 .28112
33 0 .00028
34 0 .40904
35 0 .00019
36 0 .0625
37 0 .03125
38 0 .07166
39 0 .05214
40 0 .01547
41 0 .05104
42 0 .00002
43 0 .00693
44 0 .0063
45 0 0
46 0 0
47 0 .00157
48 0 .00063
49 0 .00002
50 0 0
51 0 0
100 0 0
*parity 2 married
birth 1 F married 2
14 0 0
15 0 0
16 0 0
17 0 .00001
18 0 .1856
19 0 .03565
20 0 .01747
21 0 .00913
22 0 .00836
23 0 .00972
24 0 .01154
25 0 .01084
26 0 .00992
27 0 .0082
28 0 .00772
29 0 .00668
30 0 .00608
31 0 .00565
32 0 .00535
33 0 .00495
34 0 .00458
35 0 .00428
36 0 .00418
37 0 .00374
38 0 .00338
39 0 .00307
40 0 .00274
41 0 .00218
42 0 .00169
43 0 .00128
44 0 .00097
45 0 .00065
46 0 .00041
47 0 .00026
48 0 .00013
49 0 .00007
50 0 .00003
51 0 .00001
100 0 0
*parity 2 single
birth 1 F single 2
14 0 0
15 0 0
16 0 0
17 0 .01642
18 0 .01286
19 0 .00988
20 0 .0138
21 0 .01357
22 0 .01691
23 0 .01829
24 0 .02067
25 0 .01924
26 0 .01909
27 0 .02118
28 0 .02193
29 0 .0233
30 0 .0271
31 0 .02983
32 0 .02768
33 0 .03616
34 0 .03576
35 0 .05045
36 0 .05374
37 0 .05463
38 0 .07247
39 0 .06061
40 0 .12148
41 0 .0601
42 0 .06767
43 0 .07586
44 0 .04534
45 0 .02907
46 0 .0212
47 0 .01639
48 0 .00631
49 0 .01256
50 0 .00533
51 0 .00103
100 0 0
*parity 2 widowed
birth 1 F widowed 2
14 0 0
15 0 0
16 0 0
17 0 0
18 0 .00001
19 0 .03168
20 0 .02024
21 0 .0153
22 0 .01526
23 0 .01515
24 0 .01161
25 0 .01173
26 0 .00829
27 0 .00835
28 0 .00707
29 0 .00752
30 0 .00658
31 0 .00521
32 0 .00449
33 0 .00378
34 0 .00356
35 0 .00288
36 0 .00257
37 0 .00197
38 0 .0018
39 0 .00154
40 0 .00126
41 0 .00088
42 0 .0007
43 0 .00047
44 0 .00034
45 0 .00022
46 0 .00013
47 0 .00008
48 0 .00004
49 0 .00002
50 0 .00001
51 0 0
100 0 0
*parity 2 divorced
birth 1 F divorced 2
14 0 0
15 0 0
16 0 0
17 0 0
18 0 .00001
19 0 .03168
20 0 .02024
21 0 .0153
22 0 .01526
23 0 .01515
24 0 .01161
25 0 .01173
26 0 .00829
27 0 .00835
28 0 .00707
29 0 .00752
30 0 .00658
31 0 .00521
32 0 .00449
33 0 .00378
34 0 .00356
35 0 .00288
36 0 .00257
37 0 .00197
38 0 .0018
39 0 .00154
40 0 .00126
41 0 .00088
42 0 .0007
43 0 .00047
44 0 .00034
45 0 .00022
46 0 .00013
47 0 .00008
48 0 .00004
49 0 .00002
50 0 .00001
51 0 0
100 0 0
