*parity 0 married
birth 1 F married 0
14 0 0
15 0 .00025
16 0 .00107
17 0 .04979
18 0 .03104
19 0 .0352
20 0 .03293
21 0 .03665
22 0 .03202
23 0 .03238
24 0 .03134
25 0 .03379
26 0 .02308
27 0 .0214
28 0 .01939
29 0 .01484
30 0 .01219
31 0 .0103
32 0 .00814
33 0 .0065
34 0 .00514
35 0 .00468
36 0 .00326
37 0 .00241
38 0 .00185
39 0 .00131
40 0 .00105
41 0 .00079
42 0 .0005
43 0 .00034
44 0 .0002
45 0 .0001
46 0 .00006
47 0 .00003
48 0 .00001
49 0 .00001
50 0 0
51 0 0
100 0 0
*parity 0 single
birth 1 F single 0
14 0 0
15 0 0
16 0 0
17 0 .00001
18 0 .00002
19 0 .00003
20 0 .00003
21 0 .00004
22 0 .00004
23 0 .00004
24 0 .00004
25 0 .00004
26 0 .00004
27 0 .00004
28 0 .00004
29 0 .00004
30 0 .00004
31 0 .00003
32 0 .00003
33 0 .00003
34 0 .00002
35 0 .00002
36 0 .00003
37 0 .00002
38 0 .00001
39 0 .00001
40 0 .00001
41 0 .00001
42 0 .00001
43 0 0
44 0 0
45 0 0
46 0 0
47 0 0
48 0 0
49 0 0
50 0 0
51 0 0
100 0 0
*parity 0 widowed
birth 1 F widowed 0
14 0 0
15 0 0
16 0 .00001
17 0 .00002
18 0 .00003
19 0 .00965
20 0 .01159
21 0 .01209
22 0 .01113
23 0 .00825
24 0 .00929
25 0 .00286
26 0 .01388
27 0 .00301
28 0 .00252
29 0 .00509
30 0 .00096
31 0 .00147
32 0 .00056
33 0 .00058
34 0 .00043
35 0 .00073
36 0 .00034
37 0 .00017
38 0 .00011
39 0 .00009
40 0 .00005
41 0 .00003
42 0 .00003
43 0 .00002
44 0 .00001
45 0 .00001
46 0 0
47 0 0
48 0 0
49 0 0
50 0 0
51 0 0
100 0 0
*parity 0 divorced
birth 1 F divorced 0
14 0 0
15 0 0
16 0 .00001
17 0 .00002
18 0 .00003
19 0 .00965
20 0 .01159
21 0 .01209
22 0 .01113
23 0 .00825
24 0 .00929
25 0 .00286
26 0 .01388
27 0 .00301
28 0 .00252
29 0 .00509
30 0 .00096
31 0 .00147
32 0 .00056
33 0 .00058
34 0 .00043
35 0 .00073
36 0 .00034
37 0 .00017
38 0 .00011
39 0 .00009
40 0 .00005
41 0 .00003
42 0 .00003
43 0 .00002
44 0 .00001
45 0 .00001
46 0 0
47 0 0
48 0 0
49 0 0
50 0 0
51 0 0
100 0 0
*parity 1 married
birth 1 F married 1
14 0 0
15 0 0
16 0 .00006
17 0 .00024
18 0 .02535
19 0 .01844
20 0 .02466
21 0 .02667
22 0 .0298
23 0 .02876
24 0 .03155
25 0 .0334
26 0 .04275
27 0 .03882
28 0 .03357
29 0 .03779
30 0 .04418
31 0 .03637
32 0 .0246
33 0 .02867
34 0 .03232
35 0 .03151
36 0 .01806
37 0 .02484
38 0 .01554
39 0 .00962
40 0 .01292
41 0 .015
42 0 .01344
43 0 .00451
44 0 .00186
45 0 .00115
46 0 .00074
47 0 .00029
48 0 .00014
49 0 .00018
50 0 .00001
51 0 .00001
100 0 0
*parity 1 single
birth 1 F single 1
14 0 0
15 0 0
16 0 0
17 0 0
18 0 0
19 0 .00001
20 0 .0037
21 0 .00342
22 0 .00001
23 0 .00002
24 0 .00002
25 0 .01388
26 0 .004
27 0 .00001
28 0 .00549
29 0 .00001
30 0 .00001
31 0 .0084
32 0 .00001
33 0 .00254
34 0 .00001
35 0 .00001
36 0 0
37 0 0
38 0 0
39 0 0
40 0 0
41 0 0
42 0 0
43 0 0
44 0 0
45 0 0
46 0 0
47 0 .00002
48 0 0
49 0 0
50 0 0
51 0 0
100 0 0
*parity 1 widowed
birth 1 F widowed 1
14 0 0
15 0 0
16 0 0
17 0 0
18 0 .00001
19 0 .00001
20 0 .00857
21 0 .01188
22 0 .00929
23 0 .00775
24 0 .0053
25 0 .00402
26 0 .00348
27 0 .00319
28 0 .00196
29 0 .00202
30 0 .00146
31 0 .00216
32 0 .002
33 0 .00147
34 0 .00094
35 0 .00066
36 0 .00045
37 0 .00037
38 0 .00065
39 0 .00034
40 0 .00049
41 0 .00022
42 0 .00042
43 0 .00013
44 0 .00006
45 0 .00004
46 0 .00003
47 0 .00001
48 0 0
49 0 0
50 0 0
51 0 0
100 0 0
*parity 1 divorced
birth 1 F divorced 1
14 0 0
15 0 0
16 0 0
17 0 0
18 0 .00001
19 0 .00001
20 0 .00857
21 0 .01188
22 0 .00929
23 0 .00775
24 0 .0053
25 0 .00402
26 0 .00348
27 0 .00319
28 0 .00196
29 0 .00202
30 0 .00146
31 0 .00216
32 0 .002
33 0 .00147
34 0 .00094
35 0 .00066
36 0 .00045
37 0 .00037
38 0 .00065
39 0 .00034
40 0 .00049
41 0 .00022
42 0 .00042
43 0 .00013
44 0 .00006
45 0 .00004
46 0 .00003
47 0 .00001
48 0 0
49 0 0
50 0 0
51 0 0
100 0 0
*parity 2 married
birth 1 F married 2
14 0 0
15 0 0
16 0 0
17 0 .00002
18 0 .00009
19 0 .03886
20 0 .01682
21 0 .01672
22 0 .01699
23 0 .01872
24 0 .01436
25 0 .01426
26 0 .01318
27 0 .01308
28 0 .01228
29 0 .01148
30 0 .01172
31 0 .01075
32 0 .01007
33 0 .00891
34 0 .00828
35 0 .00691
36 0 .00672
37 0 .0059
38 0 .00553
39 0 .00479
40 0 .00373
41 0 .00296
42 0 .00219
43 0 .00148
44 0 .0012
45 0 .00084
46 0 .00052
47 0 .00031
48 0 .00017
49 0 .00008
50 0 .00003
51 0 .00002
100 0 0
*parity 2 single
birth 1 F single 2
14 0 0
15 0 0
16 0 0
17 0 0
18 0 0
19 0 0
20 0 0
21 0 0
22 0 .00001
23 0 .00001
24 0 .00001
25 0 .00001
26 0 .00002
27 0 .00002
28 0 .00002
29 0 .00002
30 0 .00002
31 0 .00002
32 0 .00002
33 0 .00002
34 0 .00001
35 0 .00905
36 0 .00819
37 0 .00001
38 0 .00001
39 0 .00001
40 0 .00001
41 0 .00001
42 0 0
43 0 0
44 0 .00125
45 0 0
46 0 0
47 0 0
48 0 .00014
49 0 0
50 0 0
51 0 .00001
100 0 0
*parity 2 widowed
birth 1 F widowed 2
14 0 0
15 0 0
16 0 0
17 0 0
18 0 0
19 0 0
20 0 .00001
21 0 .00001
22 0 .00689
23 0 .00959
24 0 .00479
25 0 .00238
26 0 .00406
27 0 .00132
28 0 .0013
29 0 .00132
30 0 .00098
31 0 .00076
32 0 .00083
33 0 .00068
34 0 .00053
35 0 .00044
36 0 .00034
37 0 .0004
38 0 .00027
39 0 .00024
40 0 .00017
41 0 .00011
42 0 .00008
43 0 .00007
44 0 .00005
45 0 .00003
46 0 .00001
47 0 .00001
48 0 0
49 0 0
50 0 0
51 0 0
100 0 0
*parity 2 divorced
birth 1 F divorced 2
14 0 0
15 0 0
16 0 0
17 0 0
18 0 0
19 0 0
20 0 .00001
21 0 .00001
22 0 .00689
23 0 .00959
24 0 .00479
25 0 .00238
26 0 .00406
27 0 .00132
28 0 .0013
29 0 .00132
30 0 .00098
31 0 .00076
32 0 .00083
33 0 .00068
34 0 .00053
35 0 .00044
36 0 .00034
37 0 .0004
38 0 .00027
39 0 .00024
40 0 .00017
41 0 .00011
42 0 .00008
43 0 .00007
44 0 .00005
45 0 .00003
46 0 .00001
47 0 .00001
48 0 0
49 0 0
50 0 0
51 0 0
100 0 0
