*parity 0 married
birth 1 F married 0
14 0 0
15 0 .00024
16 0 .00106
17 0 .03352
18 0 .03668
19 0 .04005
20 0 .04374
21 0 .05621
22 0 .07772
23 0 .07387
24 0 .12275
25 0 .10134
26 0 .13214
27 0 .12092
28 0 .13739
29 0 .12595
30 0 .18196
31 0 .12002
32 0 .08852
33 0 .11681
34 0 .10035
35 0 .06083
36 0 .04961
37 0 .11767
38 0 .03182
39 0 .01204
40 0 .00762
41 0 .00383
42 0 .00243
43 0 .00131
44 0 .00113
45 0 .00044
46 0 .00034
47 0 .00064
48 0 .00029
49 0 .0002
50 0 .00005
51 0 .00001
100 0 0
*parity 0 single
birth 1 F single 0
14 0 0
15 0 0
16 0 0
17 0 .00001
18 0 .00001
19 0 .00002
20 0 .00003
21 0 .00004
22 0 .00003
23 0 .00003
24 0 .00003
25 0 .00003
26 0 .00003
27 0 .00004
28 0 .00004
29 0 .00003
30 0 .00003
31 0 .00003
32 0 .00002
33 0 .00003
34 0 .00002
35 0 .00002
36 0 .00002
37 0 .00002
38 0 .00002
39 0 .00002
40 0 .00001
41 0 .00001
42 0 .00001
43 0 0
44 0 0
45 0 0
46 0 0
47 0 0
48 0 0
49 0 0
50 0 0
51 0 0
100 0 0
*parity 0 widowed
birth 1 F widowed 0
14 0 0
15 0 0
16 0 .00001
17 0 .00002
18 0 .01638
19 0 .00883
20 0 .05462
21 0 .05379
22 0 .01034
23 0 .04781
24 0 .0138
25 0 .03695
26 0 .00004
27 0 .01157
28 0 .01064
29 0 .00861
30 0 .00746
31 0 .00602
32 0 .00001
33 0 .00248
34 0 .00549
35 0 .00499
36 0 .00001
37 0 .00322
38 0 .00116
39 0 .00059
40 0 .00132
41 0 .00044
42 0 .00021
43 0 .00005
44 0 .00008
45 0 .00007
46 0 .00002
47 0 .00001
48 0 .00002
49 0 0
50 0 0
51 0 0
100 0 0
*parity 0 divorced
birth 1 F divorced 0
14 0 0
15 0 0
16 0 .00001
17 0 .00002
18 0 .01638
19 0 .00883
20 0 .05462
21 0 .05379
22 0 .01034
23 0 .04781
24 0 .0138
25 0 .03695
26 0 .00004
27 0 .01157
28 0 .01064
29 0 .00861
30 0 .00746
31 0 .00602
32 0 .00001
33 0 .00248
34 0 .00549
35 0 .00499
36 0 .00001
37 0 .00322
38 0 .00116
39 0 .00059
40 0 .00132
41 0 .00044
42 0 .00021
43 0 .00005
44 0 .00008
45 0 .00007
46 0 .00002
47 0 .00001
48 0 .00002
49 0 0
50 0 0
51 0 0
100 0 0
*parity 1 married
birth 1 F married 1
14 0 0
15 0 0
16 0 .00007
17 0 .00027
18 0 .02269
19 0 .02074
20 0 .02413
21 0 .02337
22 0 .02853
23 0 .02896
24 0 .02809
25 0 .02699
26 0 .03018
27 0 .02601
28 0 .03665
29 0 .03606
30 0 .03544
31 0 .03862
32 0 .03618
33 0 .02045
34 0 .01779
35 0 .01843
36 0 .01676
37 0 .01626
38 0 .01069
39 0 .00619
40 0 .00667
41 0 .00494
42 0 .00321
43 0 .00376
44 0 .00168
45 0 .00073
46 0 .00059
47 0 .00023
48 0 .00005
49 0 .00002
50 0 0
51 0 0
100 0 0
*parity 1 single
birth 1 F single 1
14 0 0
15 0 0
16 0 0
17 0 0
18 0 0
19 0 .00001
20 0 .00751
21 0 .00977
22 0 .01193
23 0 .00002
24 0 .00002
25 0 .00001
26 0 .00001
27 0 .00936
28 0 .00001
29 0 .00783
30 0 .00001
31 0 .00601
32 0 .00001
33 0 .00001
34 0 .00001
35 0 0
36 0 0
37 0 .00179
38 0 0
39 0 0
40 0 0
41 0 0
42 0 0
43 0 0
44 0 .00011
45 0 .00006
46 0 0
47 0 0
48 0 0
49 0 0
50 0 0
51 0 0
100 0 0
*parity 1 widowed
birth 1 F widowed 1
14 0 0
15 0 0
16 0 0
17 0 0
18 0 .00001
19 0 .00624
20 0 .02112
21 0 .02748
22 0 .00839
23 0 .00414
24 0 .00461
25 0 .00405
26 0 .00265
27 0 .00526
28 0 .00367
29 0 .00169
30 0 .0025
31 0 .00169
32 0 .00101
33 0 .00095
34 0 .00096
35 0 .00158
36 0 .00064
37 0 .00036
38 0 .00021
39 0 .00023
40 0 .00013
41 0 .00022
42 0 .00008
43 0 .00005
44 0 .00005
45 0 .00002
46 0 .00002
47 0 0
48 0 0
49 0 0
50 0 0
51 0 0
100 0 0
*parity 1 divorced
birth 1 F divorced 1
14 0 0
15 0 0
16 0 0
17 0 0
18 0 .00001
19 0 .00624
20 0 .02112
21 0 .02748
22 0 .00839
23 0 .00414
24 0 .00461
25 0 .00405
26 0 .00265
27 0 .00526
28 0 .00367
29 0 .00169
30 0 .0025
31 0 .00169
32 0 .00101
33 0 .00095
34 0 .00096
35 0 .00158
36 0 .00064
37 0 .00036
38 0 .00021
39 0 .00023
40 0 .00013
41 0 .00022
42 0 .00008
43 0 .00005
44 0 .00005
45 0 .00002
46 0 .00002
47 0 0
48 0 0
49 0 0
50 0 0
51 0 0
100 0 0
*parity 2 married
birth 1 F married 2
14 0 0
15 0 0
16 0 .00001
17 0 .00002
18 0 .00011
19 0 .03616
20 0 .02027
21 0 .01995
22 0 .01701
23 0 .01718
24 0 .01547
25 0 .01501
26 0 .01325
27 0 .01141
28 0 .01039
29 0 .01062
30 0 .00956
31 0 .00902
32 0 .00863
33 0 .00786
34 0 .00713
35 0 .00647
36 0 .00616
37 0 .00546
38 0 .00476
39 0 .00448
40 0 .00376
41 0 .00295
42 0 .00221
43 0 .00171
44 0 .0012
45 0 .00084
46 0 .00045
47 0 .00029
48 0 .00015
49 0 .00008
50 0 .00003
51 0 .00001
100 0 0
*parity 2 single
birth 1 F single 2
14 0 0
15 0 0
16 0 0
17 0 0
18 0 0
19 0 0
20 0 0
21 0 0
22 0 .0064
23 0 .00001
24 0 .00001
25 0 .00002
26 0 .00002
27 0 .00002
28 0 .00002
29 0 .00002
30 0 .00002
31 0 .01284
32 0 .00002
33 0 .00002
34 0 .00002
35 0 .00001
36 0 .00001
37 0 .00001
38 0 .00001
39 0 .00001
40 0 .00001
41 0 .00001
42 0 0
43 0 0
44 0 0
45 0 .00095
46 0 0
47 0 .00007
48 0 .00004
49 0 .00004
50 0 .00001
51 0 0
100 0 0
*parity 2 widowed
birth 1 F widowed 2
14 0 0
15 0 0
16 0 0
17 0 0
18 0 0
19 0 .00264
20 0 .00001
21 0 .00376
22 0 .00899
23 0 .00507
24 0 .00223
25 0 .00308
26 0 .00186
27 0 .00238
28 0 .00128
29 0 .00091
30 0 .00088
31 0 .00095
32 0 .00058
33 0 .00048
34 0 .0005
35 0 .00039
36 0 .00032
37 0 .00024
38 0 .00022
39 0 .00016
40 0 .00015
41 0 .0001
42 0 .00009
43 0 .00005
44 0 .00004
45 0 .00002
46 0 .00001
47 0 .00001
48 0 0
49 0 0
50 0 0
51 0 0
100 0 0
*parity 2 divorced
birth 1 F divorced 2
14 0 0
15 0 0
16 0 0
17 0 0
18 0 0
19 0 .00264
20 0 .00001
21 0 .00376
22 0 .00899
23 0 .00507
24 0 .00223
25 0 .00308
26 0 .00186
27 0 .00238
28 0 .00128
29 0 .00091
30 0 .00088
31 0 .00095
32 0 .00058
33 0 .00048
34 0 .0005
35 0 .00039
36 0 .00032
37 0 .00024
38 0 .00022
39 0 .00016
40 0 .00015
41 0 .0001
42 0 .00009
43 0 .00005
44 0 .00004
45 0 .00002
46 0 .00001
47 0 .00001
48 0 0
49 0 0
50 0 0
51 0 0
100 0 0
