*parity 0 married
birth 1 F married 0
14 0 0
15 0 .00021
16 0 .00083
17 0 .0598
18 0 .04185
19 0 .0617
20 0 .05795
21 0 .07971
22 0 .07691
23 0 .08404
24 0 .10984
25 0 .1344
26 0 .11964
27 0 .17933
28 0 .16127
29 0 .08437
30 0 .04016
31 0 .02292
32 0 .01965
33 0 .01658
34 0 .01199
35 0 .00751
36 0 .00535
37 0 .0038
38 0 .00275
39 0 .00179
40 0 .00128
41 0 .00093
42 0 .00072
43 0 .00049
44 0 .00028
45 0 .00015
46 0 .00008
47 0 .00005
48 0 .00002
49 0 .00001
50 0 0
51 0 0
100 0 0
*parity 0 single
birth 1 F single 0
14 0 0
15 0 .00003
16 0 .00013
17 0 .00026
18 0 .00044
19 0 .00062
20 0 .00076
21 0 .00082
22 0 .00083
23 0 .00083
24 0 .00084
25 0 .00082
26 0 .00082
27 0 .00086
28 0 .00087
29 0 .00092
30 0 .00101
31 0 .00101
32 0 .00106
33 0 .00095
34 0 .001
35 0 .00098
36 0 .00088
37 0 .00098
38 0 .0008
39 0 .00086
40 0 .00067
41 0 .00056
42 0 .00036
43 0 .00036
44 0 .00017
45 0 .00013
46 0 .00011
47 0 .00007
48 0 .00006
49 0 .00001
50 0 0
51 0 0
100 0 0
*parity 0 widowed
birth 1 F widowed 0
14 0 0
15 0 .00001
16 0 .00005
17 0 .13352
18 0 .10541
19 0 .31791
20 0 .16919
21 0 .00023
22 0 .34781
23 0 .10745
24 0 .00019
25 0 .00018
26 0 .00017
27 0 .00016
28 0 .00014
29 0 .00013
30 0 .00011
31 0 .14563
32 0 .11925
33 0 .00006
34 0 .02539
35 0 .0212
36 0 .00377
37 0 .00399
38 0 .00255
39 0 .00092
40 0 .00062
41 0 .00033
42 0 .00023
43 0 .00011
44 0 .00005
45 0 .00003
46 0 .00001
47 0 .00001
48 0 0
49 0 0
50 0 0
51 0 0
100 0 0
*parity 0 divorced
birth 1 F divorced 0
14 0 0
15 0 .00001
16 0 .00005
17 0 .13352
18 0 .10541
19 0 .31791
20 0 .16919
21 0 .00023
22 0 .34781
23 0 .10745
24 0 .00019
25 0 .00018
26 0 .00017
27 0 .00016
28 0 .00014
29 0 .00013
30 0 .00011
31 0 .14563
32 0 .11925
33 0 .00006
34 0 .02539
35 0 .0212
36 0 .00377
37 0 .00399
38 0 .00255
39 0 .00092
40 0 .00062
41 0 .00033
42 0 .00023
43 0 .00011
44 0 .00005
45 0 .00003
46 0 .00001
47 0 .00001
48 0 0
49 0 0
50 0 0
51 0 0
100 0 0
*parity 1 married
birth 1 F married 1
14 0 0
15 0 0
16 0 .00004
17 0 .23703
18 0 .02176
19 0 .01572
20 0 .01904
21 0 .02066
22 0 .02335
23 0 .01741
24 0 .02136
25 0 .0236
26 0 .02177
27 0 .01973
28 0 .01909
29 0 .01337
30 0 .01296
31 0 .01212
32 0 .01164
33 0 .0108
34 0 .00998
35 0 .00704
36 0 .00598
37 0 .00457
38 0 .00383
39 0 .0029
40 0 .0025
41 0 .00154
42 0 .00097
43 0 .0006
44 0 .00031
45 0 .00024
46 0 .00012
47 0 .00005
48 0 .00002
49 0 .00001
50 0 0
51 0 0
100 0 0
*parity 1 single
birth 1 F single 1
14 0 0
15 0 0
16 0 .00001
17 0 .00003
18 0 .04898
19 0 .02415
20 0 .02922
21 0 .02395
22 0 .01902
23 0 .01986
24 0 .02502
25 0 .02168
26 0 .02902
27 0 .03143
28 0 .02627
29 0 .05336
30 0 .03284
31 0 .0359
32 0 .02919
33 0 .04883
34 0 .07704
35 0 .1313
36 0 .06766
37 0 .14783
38 0 .05232
39 0 .07555
40 0 .00004
41 0 .01892
42 0 .01212
43 0 .00001
44 0 .00949
45 0 0
46 0 0
47 0 .00121
48 0 0
49 0 .00003
50 0 .00005
51 0 0
100 0 0
*parity 1 widowed
birth 1 F widowed 1
14 0 0
15 0 0
16 0 0
17 0 .00001
18 0 .00002
19 0 .02579
20 0 .01908
21 0 .02026
22 0 .0254
23 0 .01331
24 0 .01467
25 0 .01589
26 0 .01653
27 0 .01469
28 0 .00935
29 0 .019
30 0 .00864
31 0 .00447
32 0 .00458
33 0 .00302
34 0 .00305
35 0 .0014
36 0 .00095
37 0 .0008
38 0 .0005
39 0 .0004
40 0 .00028
41 0 .00018
42 0 .0001
43 0 .00006
44 0 .00003
45 0 .00002
46 0 .00001
47 0 0
48 0 0
49 0 0
50 0 0
51 0 0
100 0 0
*parity 1 divorced
birth 1 F divorced 1
14 0 0
15 0 0
16 0 0
17 0 .00001
18 0 .00002
19 0 .02579
20 0 .01908
21 0 .02026
22 0 .0254
23 0 .01331
24 0 .01467
25 0 .01589
26 0 .01653
27 0 .01469
28 0 .00935
29 0 .019
30 0 .00864
31 0 .00447
32 0 .00458
33 0 .00302
34 0 .00305
35 0 .0014
36 0 .00095
37 0 .0008
38 0 .0005
39 0 .0004
40 0 .00028
41 0 .00018
42 0 .0001
43 0 .00006
44 0 .00003
45 0 .00002
46 0 .00001
47 0 0
48 0 0
49 0 0
50 0 0
51 0 0
100 0 0
*parity 2 married
birth 1 F married 2
14 0 0
15 0 0
16 0 0
17 0 .00001
18 0 .00005
19 0 .0269
20 0 .01278
21 0 .00984
22 0 .01023
23 0 .01294
24 0 .0097
25 0 .00971
26 0 .00953
27 0 .00854
28 0 .0084
29 0 .00807
30 0 .00698
31 0 .00656
32 0 .00531
33 0 .00495
34 0 .00423
35 0 .0042
36 0 .00383
37 0 .00323
38 0 .00287
39 0 .0023
40 0 .00193
41 0 .00155
42 0 .00115
43 0 .00077
44 0 .00063
45 0 .00041
46 0 .00023
47 0 .00014
48 0 .00007
49 0 .00003
50 0 .00001
51 0 .00001
100 0 0
*parity 2 single
birth 1 F single 2
14 0 0
15 0 0
16 0 0
17 0 0
18 0 .01222
19 0 .03893
20 0 .00976
21 0 .0098
22 0 .01364
23 0 .02229
24 0 .01341
25 0 .01132
26 0 .01164
27 0 .00861
28 0 .0097
29 0 .01048
30 0 .01278
31 0 .01474
32 0 .01251
33 0 .01464
34 0 .01291
35 0 .0147
36 0 .01201
37 0 .0181
38 0 .01095
39 0 .02157
40 0 .01226
41 0 .00873
42 0 .01305
43 0 .01067
44 0 .00662
45 0 .00325
46 0 .00751
47 0 .00315
48 0 .00127
49 0 .00314
50 0 .00024
51 0 .00009
100 0 0
*parity 2 widowed
birth 1 F widowed 2
14 0 0
15 0 0
16 0 0
17 0 0
18 0 0
19 0 .00693
20 0 .0139
21 0 .00748
22 0 .0055
23 0 .00926
24 0 .00494
25 0 .00493
26 0 .00445
27 0 .00388
28 0 .003
29 0 .00255
30 0 .00228
31 0 .00193
32 0 .00196
33 0 .00129
34 0 .00107
35 0 .00091
36 0 .00082
37 0 .00063
38 0 .00052
39 0 .00047
40 0 .00031
41 0 .00022
42 0 .00016
43 0 .00012
44 0 .00008
45 0 .00004
46 0 .00003
47 0 .00001
48 0 .00001
49 0 0
50 0 0
51 0 0
100 0 0
*parity 2 divorced
birth 1 F divorced 2
14 0 0
15 0 0
16 0 0
17 0 0
18 0 0
19 0 .00693
20 0 .0139
21 0 .00748
22 0 .0055
23 0 .00926
24 0 .00494
25 0 .00493
26 0 .00445
27 0 .00388
28 0 .003
29 0 .00255
30 0 .00228
31 0 .00193
32 0 .00196
33 0 .00129
34 0 .00107
35 0 .00091
36 0 .00082
37 0 .00063
38 0 .00052
39 0 .00047
40 0 .00031
41 0 .00022
42 0 .00016
43 0 .00012
44 0 .00008
45 0 .00004
46 0 .00003
47 0 .00001
48 0 .00001
49 0 0
50 0 0
51 0 0
100 0 0
