*parity 0 married
birth 1 F married 0
14 0 0
15 0 .0001
16 0 .00044
17 0 .03179
18 0 .02913
19 0 .0292
20 0 .02929
21 0 .02222
22 0 .02161
23 0 .02037
24 0 .01592
25 0 .0165
26 0 .01329
27 0 .01216
28 0 .00977
29 0 .00823
30 0 .00626
31 0 .00543
32 0 .0037
33 0 .00318
34 0 .00245
35 0 .00224
36 0 .0019
37 0 .00141
38 0 .00111
39 0 .00092
40 0 .00068
41 0 .00054
42 0 .0004
43 0 .00029
44 0 .00019
45 0 .00011
46 0 .00008
47 0 .00004
48 0 .00002
49 0 .00001
50 0 0
51 0 0
100 0 0
*parity 0 single
birth 1 F single 0
14 0 0
15 0 .00012
16 0 .00053
17 0 .00109
18 0 .00192
19 0 .00288
20 0 .00372
21 0 .00438
22 0 .00453
23 0 .00465
24 0 .0047
25 0 .00477
26 0 .00479
27 0 .00485
28 0 .0049
29 0 .00493
30 0 .00552
31 0 .00559
32 0 .00564
33 0 .00573
34 0 .00559
35 0 .00534
36 0 .00586
37 0 .00726
38 0 .00647
39 0 .00743
40 0 .00747
41 0 .00633
42 0 .00314
43 0 .00357
44 0 .00198
45 0 .00154
46 0 .00061
47 0 .00057
48 0 .00011
49 0 .00003
50 0 .00002
51 0 .00002
100 0 0
*parity 0 widowed
birth 1 F widowed 0
14 0 0
15 0 .00003
16 0 .00012
17 0 .32815
18 0 .00041
19 0 .72902
20 0 1.73198
21 0 .0007
22 0 1.95882
23 0 .57192
24 0 1.53201
25 0 .0005
26 0 .17421
27 0 .21576
28 0 .20386
29 0 .14101
30 0 .04909
31 0 .04389
32 0 .02573
33 0 .01705
34 0 .01529
35 0 .00561
36 0 .00471
37 0 .0033
38 0 .00242
39 0 .0013
40 0 .00086
41 0 .00056
42 0 .00038
43 0 .00028
44 0 .00018
45 0 .00009
46 0 .00005
47 0 .00003
48 0 .00001
49 0 0
50 0 0
51 0 0
100 0 0
*parity 0 divorced
birth 1 F divorced 0
14 0 0
15 0 .00003
16 0 .00012
17 0 .32815
18 0 .00041
19 0 .72902
20 0 1.73198
21 0 .0007
22 0 1.95882
23 0 .57192
24 0 1.53201
25 0 .0005
26 0 .17421
27 0 .21576
28 0 .20386
29 0 .14101
30 0 .04909
31 0 .04389
32 0 .02573
33 0 .01705
34 0 .01529
35 0 .00561
36 0 .00471
37 0 .0033
38 0 .00242
39 0 .0013
40 0 .00086
41 0 .00056
42 0 .00038
43 0 .00028
44 0 .00018
45 0 .00009
46 0 .00005
47 0 .00003
48 0 .00001
49 0 0
50 0 0
51 0 0
100 0 0
*parity 1 married
birth 1 F married 1
14 0 0
15 0 0
16 0 .00003
17 0 .26601
18 0 .02262
19 0 .01917
20 0 .01909
21 0 .02017
22 0 .02143
23 0 .0181
24 0 .02048
25 0 .01861
26 0 .02061
27 0 .01842
28 0 .01923
29 0 .01744
30 0 .01518
31 0 .0121
32 0 .00941
33 0 .008
34 0 .00743
35 0 .0057
36 0 .00476
37 0 .00463
38 0 .0042
39 0 .00377
40 0 .0026
41 0 .00174
42 0 .001
43 0 .0005
44 0 .00038
45 0 .0002
46 0 .00012
47 0 .00007
48 0 .00004
49 0 .00003
50 0 .00004
51 0 .00007
100 0 0
*parity 1 single
birth 1 F single 1
14 0 0
15 0 0
16 0 .08749
17 0 .03235
18 0 .04737
19 0 .04479
20 0 .03357
21 0 .03113
22 0 .03257
23 0 .03208
24 0 .04163
25 0 .04045
26 0 .03878
27 0 .04214
28 0 .04743
29 0 .0568
30 0 .06
31 0 .04997
32 0 .1439
33 0 .12083
34 0 .16317
35 0 .27143
36 0 .20402
37 0 1
38 0 .23489
39 0 .11924
40 0 .10004
41 0 .11146
42 0 .10804
43 0 .04396
44 0 .07081
45 0 .00002
46 0 .01634
47 0 0
48 0 .00125
49 0 0
50 0 .00027
51 0 .00018
100 0 0
*parity 1 widowed
birth 1 F widowed 1
14 0 0
15 0 0
16 0 .00001
17 0 .00003
18 0 .0326
19 0 .05577
20 0 .0913
21 0 .0663
22 0 .06807
23 0 .0348
24 0 .03738
25 0 .04713
26 0 .04874
27 0 .02427
28 0 .01785
29 0 .01922
30 0 .01395
31 0 .0088
32 0 .00588
33 0 .00453
34 0 .00359
35 0 .00281
36 0 .00182
37 0 .0017
38 0 .00125
39 0 .00105
40 0 .00068
41 0 .00041
42 0 .00026
43 0 .00017
44 0 .0001
45 0 .00006
46 0 .00004
47 0 .00003
48 0 .00002
49 0 .00001
50 0 .00001
51 0 .00001
100 0 0
*parity 1 divorced
birth 1 F divorced 1
14 0 0
15 0 0
16 0 .00001
17 0 .00003
18 0 .0326
19 0 .05577
20 0 .0913
21 0 .0663
22 0 .06807
23 0 .0348
24 0 .03738
25 0 .04713
26 0 .04874
27 0 .02427
28 0 .01785
29 0 .01922
30 0 .01395
31 0 .0088
32 0 .00588
33 0 .00453
34 0 .00359
35 0 .00281
36 0 .00182
37 0 .0017
38 0 .00125
39 0 .00105
40 0 .00068
41 0 .00041
42 0 .00026
43 0 .00017
44 0 .0001
45 0 .00006
46 0 .00004
47 0 .00003
48 0 .00002
49 0 .00001
50 0 .00001
51 0 .00001
100 0 0
*parity 2 married
birth 1 F married 2
14 0 0
15 0 0
16 0 0
17 0 .00001
18 0 .09619
19 0 .01869
20 0 .01828
21 0 .01547
22 0 .01344
23 0 .01645
24 0 .01353
25 0 .01263
26 0 .01086
27 0 .01056
28 0 .00961
29 0 .0083
30 0 .00803
31 0 .00659
32 0 .00626
33 0 .00557
34 0 .00505
35 0 .00461
36 0 .00405
37 0 .00334
38 0 .00302
39 0 .00248
40 0 .00218
41 0 .00174
42 0 .00128
43 0 .00095
44 0 .00066
45 0 .00045
46 0 .00027
47 0 .00016
48 0 .00008
49 0 .00004
50 0 .00001
51 0 .00001
100 0 0
*parity 2 single
birth 1 F single 2
14 0 0
15 0 0
16 0 0
17 0 .02809
18 0 .009
19 0 .01704
20 0 .01621
21 0 .01753
22 0 .01778
23 0 .01721
24 0 .01753
25 0 .016
26 0 .01731
27 0 .01572
28 0 .01543
29 0 .01673
30 0 .01631
31 0 .01859
32 0 .02103
33 0 .02065
34 0 .02109
35 0 .02034
36 0 .02203
37 0 .02185
38 0 .02246
39 0 .02207
40 0 .02656
41 0 .02304
42 0 .01697
43 0 .01771
44 0 .01435
45 0 .0089
46 0 .00611
47 0 .00324
48 0 .00278
49 0 .00128
50 0 .0006
51 0 .00025
100 0 0
*parity 2 widowed
birth 1 F widowed 2
14 0 0
15 0 0
16 0 0
17 0 0
18 0 .00001
19 0 .00977
20 0 .00991
21 0 .01106
22 0 .01312
23 0 .01221
24 0 .01011
25 0 .00767
26 0 .00742
27 0 .00664
28 0 .00641
29 0 .0053
30 0 .00431
31 0 .00398
32 0 .00357
33 0 .00294
34 0 .00255
35 0 .00212
36 0 .00176
37 0 .00144
38 0 .00115
39 0 .00092
40 0 .00072
41 0 .00052
42 0 .00041
43 0 .00027
44 0 .00019
45 0 .00012
46 0 .00007
47 0 .00004
48 0 .00002
49 0 .00001
50 0 0
51 0 0
100 0 0
*parity 2 divorced
birth 1 F divorced 2
14 0 0
15 0 0
16 0 0
17 0 0
18 0 .00001
19 0 .00977
20 0 .00991
21 0 .01106
22 0 .01312
23 0 .01221
24 0 .01011
25 0 .00767
26 0 .00742
27 0 .00664
28 0 .00641
29 0 .0053
30 0 .00431
31 0 .00398
32 0 .00357
33 0 .00294
34 0 .00255
35 0 .00212
36 0 .00176
37 0 .00144
38 0 .00115
39 0 .00092
40 0 .00072
41 0 .00052
42 0 .00041
43 0 .00027
44 0 .00019
45 0 .00012
46 0 .00007
47 0 .00004
48 0 .00002
49 0 .00001
50 0 0
51 0 0
100 0 0
