*parity 0 married
birth 1 F married 0
14 0 0
15 0 .0002
16 0 .0008
17 0 .08418
18 0 .04478
19 0 .05654
20 0 .08137
21 0 .07686
22 0 .06883
23 0 .07427
24 0 .11027
25 0 .10318
26 0 .16558
27 0 .17639
28 0 .33832
29 0 1
30 0 .15352
31 0 .0641
32 0 .02781
33 0 .01108
34 0 .00699
35 0 .00751
36 0 .00496
37 0 .0033
38 0 .00298
39 0 .00258
40 0 .00124
41 0 .00088
42 0 .00057
43 0 .0004
44 0 .00028
45 0 .00015
46 0 .00009
47 0 .00006
48 0 .00002
49 0 .00001
50 0 0
51 0 0
100 0 0
*parity 0 single
birth 1 F single 0
14 0 0
15 0 .00004
16 0 .00017
17 0 .00032
18 0 .00054
19 0 .00076
20 0 .00093
21 0 .001
22 0 .001
23 0 .00099
24 0 .00096
25 0 .00097
26 0 .00103
27 0 .00098
28 0 .00091
29 0 .0009
30 0 .00097
31 0 .00105
32 0 .00107
33 0 .00098
34 0 .00102
35 0 .00081
36 0 .00088
37 0 .00077
38 0 .00064
39 0 .00081
40 0 .00065
41 0 .00056
42 0 .00053
43 0 .00029
44 0 .00018
45 0 .00014
46 0 .00009
47 0 .00006
48 0 .00003
49 0 .00001
50 0 0
51 0 0
100 0 0
*parity 0 widowed
birth 1 F widowed 0
14 0 0
15 0 .00001
16 0 .00005
17 0 .00009
18 0 .0777
19 0 .10609
20 0 .18715
21 0 .08955
22 0 .03518
23 0 .3102
24 0 .15017
25 0 .08952
26 0 .00017
27 0 .25624
28 0 .00015
29 0 .19654
30 0 .00012
31 0 .15907
32 0 .00008
33 0 .05195
34 0 .01431
35 0 .01136
36 0 .0188
37 0 .00223
38 0 .00328
39 0 .00084
40 0 .00059
41 0 .00038
42 0 .00019
43 0 .0001
44 0 .00006
45 0 .00003
46 0 .00002
47 0 .00001
48 0 .00001
49 0 0
50 0 0
51 0 0
100 0 0
*parity 0 divorced
birth 1 F divorced 0
14 0 0
15 0 .00001
16 0 .00005
17 0 .00009
18 0 .0777
19 0 .10609
20 0 .18715
21 0 .08955
22 0 .03518
23 0 .3102
24 0 .15017
25 0 .08952
26 0 .00017
27 0 .25624
28 0 .00015
29 0 .19654
30 0 .00012
31 0 .15907
32 0 .00008
33 0 .05195
34 0 .01431
35 0 .01136
36 0 .0188
37 0 .00223
38 0 .00328
39 0 .00084
40 0 .00059
41 0 .00038
42 0 .00019
43 0 .0001
44 0 .00006
45 0 .00003
46 0 .00002
47 0 .00001
48 0 .00001
49 0 0
50 0 0
51 0 0
100 0 0
*parity 1 married
birth 1 F married 1
14 0 0
15 0 0
16 0 .00004
17 0 .22243
18 0 .02055
19 0 .0173
20 0 .01647
21 0 .01653
22 0 .01922
23 0 .02104
24 0 .02019
25 0 .01891
26 0 .02004
27 0 .02432
28 0 .02107
29 0 .02237
30 0 .0178
31 0 .01141
32 0 .0104
33 0 .00993
34 0 .01195
35 0 .00774
36 0 .00603
37 0 .00569
38 0 .00379
39 0 .00258
40 0 .00242
41 0 .00157
42 0 .00106
43 0 .00065
44 0 .00041
45 0 .00021
46 0 .00012
47 0 .00005
48 0 .00002
49 0 .00001
50 0 0
51 0 0
100 0 0
*parity 1 single
birth 1 F single 1
14 0 0
15 0 0
16 0 .00001
17 0 .04586
18 0 .01877
19 0 .02639
20 0 .0196
21 0 .02778
22 0 .0274
23 0 .0371
24 0 .05073
25 0 .06028
26 0 .04067
27 0 .02449
28 0 .0432
29 0 .04024
30 0 .03457
31 0 .02895
32 0 .04208
33 0 .06993
34 0 .0468
35 0 .04269
36 0 .07084
37 0 .05836
38 0 .03266
39 0 .05817
40 0 .08486
41 0 .02695
42 0 .01779
43 0 .00001
44 0 .00001
45 0 0
46 0 0
47 0 .00078
48 0 0
49 0 0
50 0 .00005
51 0 .00001
100 0 0
*parity 1 widowed
birth 1 F widowed 1
14 0 0
15 0 0
16 0 0
17 0 .00001
18 0 .03856
19 0 .02582
20 0 .01809
21 0 .01483
22 0 .01321
23 0 .0099
24 0 .01489
25 0 .01353
26 0 .00667
27 0 .00643
28 0 .00951
29 0 .00787
30 0 .00536
31 0 .00558
32 0 .00502
33 0 .00378
34 0 .00288
35 0 .0015
36 0 .0016
37 0 .0012
38 0 .00081
39 0 .00049
40 0 .00034
41 0 .00021
42 0 .00017
43 0 .00008
44 0 .00004
45 0 .00003
46 0 .00002
47 0 0
48 0 0
49 0 0
50 0 0
51 0 0
100 0 0
*parity 1 divorced
birth 1 F divorced 1
14 0 0
15 0 0
16 0 0
17 0 .00001
18 0 .03856
19 0 .02582
20 0 .01809
21 0 .01483
22 0 .01321
23 0 .0099
24 0 .01489
25 0 .01353
26 0 .00667
27 0 .00643
28 0 .00951
29 0 .00787
30 0 .00536
31 0 .00558
32 0 .00502
33 0 .00378
34 0 .00288
35 0 .0015
36 0 .0016
37 0 .0012
38 0 .00081
39 0 .00049
40 0 .00034
41 0 .00021
42 0 .00017
43 0 .00008
44 0 .00004
45 0 .00003
46 0 .00002
47 0 0
48 0 0
49 0 0
50 0 0
51 0 0
100 0 0
*parity 2 married
birth 1 F married 2
14 0 0
15 0 0
16 0 0
17 0 .00001
18 0 .00005
19 0 .03821
20 0 .01373
21 0 .01643
22 0 .01634
23 0 .01369
24 0 .01299
25 0 .01235
26 0 .00953
27 0 .00958
28 0 .01016
29 0 .00875
30 0 .00729
31 0 .00662
32 0 .00579
33 0 .0056
34 0 .00465
35 0 .00433
36 0 .00372
37 0 .00327
38 0 .00276
39 0 .00213
40 0 .00192
41 0 .0014
42 0 .00107
43 0 .00077
44 0 .00051
45 0 .00036
46 0 .0002
47 0 .00012
48 0 .00006
49 0 .00003
50 0 .00001
51 0 0
100 0 0
*parity 2 single
birth 1 F single 2
14 0 0
15 0 0
16 0 0
17 0 0
18 0 .01639
19 0 .01576
20 0 .01746
21 0 .01632
22 0 .0197
23 0 .01301
24 0 .01084
25 0 .01773
26 0 .01072
27 0 .01247
28 0 .0106
29 0 .01042
30 0 .01235
31 0 .01385
32 0 .01323
33 0 .0128
34 0 .01166
35 0 .01261
36 0 .01383
37 0 .01197
38 0 .01519
39 0 .01328
40 0 .01205
41 0 .01326
42 0 .00729
43 0 .00645
44 0 .00948
45 0 .00636
46 0 .00703
47 0 .00231
48 0 .00193
49 0 .00061
50 0 .00041
51 0 .00049
100 0 0
*parity 2 widowed
birth 1 F widowed 2
14 0 0
15 0 0
16 0 0
17 0 0
18 0 0
19 0 .01388
20 0 .01538
21 0 .00878
22 0 .01253
23 0 .00668
24 0 .0076
25 0 .00368
26 0 .00505
27 0 .00359
28 0 .00306
29 0 .00233
30 0 .00205
31 0 .00183
32 0 .00167
33 0 .00151
34 0 .00121
35 0 .00108
36 0 .00078
37 0 .00064
38 0 .00052
39 0 .00046
40 0 .0003
41 0 .00025
42 0 .00017
43 0 .00013
44 0 .00008
45 0 .00005
46 0 .00003
47 0 .00001
48 0 .00001
49 0 0
50 0 0
51 0 0
100 0 0
*parity 2 divorced
birth 1 F divorced 2
14 0 0
15 0 0
16 0 0
17 0 0
18 0 0
19 0 .01388
20 0 .01538
21 0 .00878
22 0 .01253
23 0 .00668
24 0 .0076
25 0 .00368
26 0 .00505
27 0 .00359
28 0 .00306
29 0 .00233
30 0 .00205
31 0 .00183
32 0 .00167
33 0 .00151
34 0 .00121
35 0 .00108
36 0 .00078
37 0 .00064
38 0 .00052
39 0 .00046
40 0 .0003
41 0 .00025
42 0 .00017
43 0 .00013
44 0 .00008
45 0 .00005
46 0 .00003
47 0 .00001
48 0 .00001
49 0 0
50 0 0
51 0 0
100 0 0
