*parity 0 married
birth 1 F married 0
14 0 0
15 0 .00134
16 0 .0013
17 0 .04222
18 0 .03316
19 0 .04491
20 0 .07211
21 0 .10624
22 0 .12278
23 0 .22728
24 0 .15476
25 0 .16804
26 0 .15458
27 0 .04093
28 0 .03346
29 0 .00188
30 0 0
31 0 .00126
32 0 .00662
33 0 .01556
34 0 .03806
35 0 .48198
36 0 .00108
37 0 .47989
38 0 .00131
39 0 .00139
40 0 .00144
41 0 .59796
42 0 .00147
43 0 .00146
44 0 .00147
45 0 .00146
46 0 .00145
47 0 .00145
48 0 .00145
49 0 .00145
50 0 .00145
51 0 .00145
100 0 0
*parity 0 single
birth 1 F single 0
14 0 0
15 0 .00005
16 0 .00005
17 0 .00008
18 0 .00016
19 0 .00029
20 0 .00046
21 0 .00062
22 0 .00068
23 0 .00069
24 0 .00082
25 0 .00089
26 0 .00094
27 0 .00081
28 0 .00029
29 0 .00007
30 0 0
31 0 .00008
32 0 .00105
33 0 .0021
34 0 .0026
35 0 .00959
36 0 .00004
37 0 .01909
38 0 .00005
39 0 .02457
40 0 .00006
41 0 .00006
42 0 .00006
43 0 .00006
44 0 .00006
45 0 .00006
46 0 .02891
47 0 .00006
48 0 .00006
49 0 .01935
50 0 .00521
51 0 .00414
100 0 0
*parity 0 widowed
birth 1 F widowed 0
14 0 0
15 0 .00008
16 0 .00008
17 0 .00012
18 0 .10195
19 0 .32125
20 0 .42209
21 0 .15284
22 0 .421
23 0 .0004
24 0 .00032
25 0 .09438
26 0 .00014
27 0 .00007
28 0 .0178
29 0 .00032
30 0 0
31 0 .00077
32 0 .00469
33 0 .00223
34 0 .009
35 0 .01425
36 0 .03618
37 0 .02837
38 0 .00008
39 0 .00008
40 0 .01312
41 0 .00009
42 0 .00009
43 0 .00009
44 0 .00009
45 0 .00009
46 0 .00009
47 0 .01458
48 0 .0175
49 0 .02877
50 0 .00009
51 0 .00009
100 0 0
*parity 0 divorced
birth 1 F divorced 0
14 0 0
15 0 .00008
16 0 .00008
17 0 .00012
18 0 .10195
19 0 .32125
20 0 .42209
21 0 .15284
22 0 .421
23 0 .0004
24 0 .00032
25 0 .09438
26 0 .00014
27 0 .00007
28 0 .0178
29 0 .00032
30 0 0
31 0 .00077
32 0 .00469
33 0 .00223
34 0 .009
35 0 .01425
36 0 .03618
37 0 .02837
38 0 .00008
39 0 .00008
40 0 .01312
41 0 .00009
42 0 .00009
43 0 .00009
44 0 .00009
45 0 .00009
46 0 .00009
47 0 .01458
48 0 .0175
49 0 .02877
50 0 .00009
51 0 .00009
100 0 0
*parity 1 married
birth 1 F married 1
14 0 0
15 0 .00145
16 0 .0015
17 0 .00167
18 0 .55844
19 0 .3562
20 0 .17373
21 0 .12859
22 0 .09371
23 0 .08549
24 0 .07472
25 0 .05354
26 0 .04308
27 0 .03697
28 0 .02189
29 0 .02055
30 0 .01633
31 0 .01665
32 0 .01082
33 0 .0163
34 0 .0156
35 0 .01407
36 0 .01653
37 0 .01913
38 0 .03605
39 0 .21749
40 0 .00151
41 0 .00151
42 0 .21542
43 0 .48123
44 0 .00148
45 0 .46631
46 0 .00146
47 0 .00146
48 0 .00145
49 0 .16216
50 0 .00145
51 0 .24299
100 0 0
*parity 1 single
birth 1 F single 1
14 0 0
15 0 .00006
16 0 .00006
17 0 .06892
18 0 .00009
19 0 .00607
20 0 .00264
21 0 .00225
22 0 .00232
23 0 .0016
24 0 .00136
25 0 .00129
26 0 .00117
27 0 .00134
28 0 .00117
29 0 .00124
30 0 .00117
31 0 .00095
32 0 .00081
33 0 .00195
34 0 .0014
35 0 .00142
36 0 .00219
37 0 .00685
38 0 .00394
39 0 .00649
40 0 .00923
41 0 .01231
42 0 .01285
43 0 .00006
44 0 .00675
45 0 .01855
46 0 .00969
47 0 .01972
48 0 .00006
49 0 .00323
50 0 .00261
51 0 .00132
100 0 0
*parity 1 widowed
birth 1 F widowed 1
14 0 0
15 0 .00009
16 0 .00009
17 0 .0001
18 0 .00013
19 0 .00019
20 0 .13353
21 0 .0669
22 0 .12189
23 0 .17942
24 0 .33571
25 0 .28806
26 0 .04202
27 0 .03443
28 0 .01609
29 0 .01507
30 0 .00654
31 0 .01313
32 0 .00448
33 0 .00325
34 0 .00553
35 0 .00316
36 0 .00434
37 0 .01018
38 0 .00781
39 0 .01929
40 0 .02058
41 0 .00732
42 0 .00637
43 0 .00711
44 0 .01003
45 0 .00459
46 0 .00864
47 0 .00733
48 0 .0039
49 0 .00719
50 0 .01033
51 0 .00616
100 0 0
*parity 1 divorced
birth 1 F divorced 1
14 0 0
15 0 .00009
16 0 .00009
17 0 .0001
18 0 .00013
19 0 .00019
20 0 .13353
21 0 .0669
22 0 .12189
23 0 .17942
24 0 .33571
25 0 .28806
26 0 .04202
27 0 .03443
28 0 .01609
29 0 .01507
30 0 .00654
31 0 .01313
32 0 .00448
33 0 .00325
34 0 .00553
35 0 .00316
36 0 .00434
37 0 .01018
38 0 .00781
39 0 .01929
40 0 .02058
41 0 .00732
42 0 .00637
43 0 .00711
44 0 .01003
45 0 .00459
46 0 .00864
47 0 .00733
48 0 .0039
49 0 .00719
50 0 .01033
51 0 .00616
100 0 0
*parity 2 married
birth 1 F married 2
14 0 0
15 0 .00145
16 0 .00146
17 0 .00148
18 0 .09464
19 0 .02532
20 0 .02163
21 0 .02108
22 0 .02441
23 0 .02943
24 0 .0289
25 0 .02872
26 0 .02495
27 0 .02337
28 0 .02441
29 0 .02187
30 0 .0214
31 0 .01883
32 0 .01873
33 0 .015
34 0 .01556
35 0 .01382
36 0 .01365
37 0 .01224
38 0 .01206
39 0 .01042
40 0 .00936
41 0 .00755
42 0 .00663
43 0 .00548
44 0 .00458
45 0 .00436
46 0 .0034
47 0 .00294
48 0 .00265
49 0 .00279
50 0 .00358
51 0 .00387
100 0 0
*parity 2 single
birth 1 F single 2
14 0 0
15 0 .00006
16 0 .00006
17 0 .00006
18 0 .00006
19 0 .02552
20 0 .01176
21 0 .00959
22 0 .0077
23 0 .00732
24 0 .00511
25 0 .00397
26 0 .00393
27 0 .00296
28 0 .00285
29 0 .00278
30 0 .00259
31 0 .00278
32 0 .00208
33 0 .0025
34 0 .00202
35 0 .00266
36 0 .00255
37 0 .00357
38 0 .002
39 0 .00294
40 0 .00261
41 0 .00269
42 0 .00195
43 0 .00165
44 0 .00123
45 0 .00079
46 0 .00046
47 0 .00085
48 0 .00094
49 0 .00036
50 0 .00017
51 0 .00019
100 0 0
*parity 2 widowed
birth 1 F widowed 2
14 0 0
15 0 .00009
16 0 .00009
17 0 .00009
18 0 .00009
19 0 .00012
20 0 .02247
21 0 .02851
22 0 .03861
23 0 .0206
24 0 .01993
25 0 .01771
26 0 .02685
27 0 .01758
28 0 .01538
29 0 .0124
30 0 .01064
31 0 .00773
32 0 .00704
33 0 .00678
34 0 .0061
35 0 .00586
36 0 .00395
37 0 .00303
38 0 .00316
39 0 .00216
40 0 .0021
41 0 .00178
42 0 .00138
43 0 .00103
44 0 .001
45 0 .00064
46 0 .0008
47 0 .00045
48 0 .00038
49 0 .00043
50 0 .00049
51 0 .00037
100 0 0
*parity 2 divorced
birth 1 F divorced 2
14 0 0
15 0 .00009
16 0 .00009
17 0 .00009
18 0 .00009
19 0 .00012
20 0 .02247
21 0 .02851
22 0 .03861
23 0 .0206
24 0 .01993
25 0 .01771
26 0 .02685
27 0 .01758
28 0 .01538
29 0 .0124
30 0 .01064
31 0 .00773
32 0 .00704
33 0 .00678
34 0 .0061
35 0 .00586
36 0 .00395
37 0 .00303
38 0 .00316
39 0 .00216
40 0 .0021
41 0 .00178
42 0 .00138
43 0 .00103
44 0 .001
45 0 .00064
46 0 .0008
47 0 .00045
48 0 .00038
49 0 .00043
50 0 .00049
51 0 .00037
100 0 0
