*parity 0 married
birth 1 F married 0
14 0 0
15 0 .00007
16 0 .0003
17 0 .06975
18 0 .05985
19 0 .06268
20 0 .0548
21 0 .05413
22 0 .04861
23 0 .05169
24 0 .04271
25 0 .04062
26 0 .05791
27 0 .07675
28 0 .07243
29 0 .04513
30 0 .04745
31 0 .0283
32 0 .03087
33 0 .02128
34 0 .01802
35 0 .01416
36 0 .00615
37 0 .00293
38 0 .00172
39 0 .00111
40 0 .00083
41 0 .00044
42 0 .00026
43 0 .00016
44 0 .00009
45 0 .00006
46 0 .00003
47 0 .00001
48 0 .00001
49 0 0
50 0 0
51 0 0
100 0 0
*parity 0 single
birth 1 F single 0
14 0 0
15 0 .00017
16 0 .00068
17 0 .00131
18 0 .00219
19 0 .0031
20 0 .00382
21 0 .00411
22 0 .00424
23 0 .00428
24 0 .00422
25 0 .00426
26 0 .00423
27 0 .00416
28 0 .00416
29 0 .00415
30 0 .00382
31 0 .00343
32 0 .00306
33 0 .00257
34 0 .00217
35 0 .00182
36 0 .00167
37 0 .00136
38 0 .00115
39 0 .00098
40 0 .00071
41 0 .00057
42 0 .00041
43 0 .00027
44 0 .00018
45 0 .00013
46 0 .00008
47 0 .00005
48 0 .00002
49 0 .00001
50 0 0
51 0 0
100 0 0
*parity 0 widowed
birth 1 F widowed 0
14 0 0
15 0 .00001
16 0 .00006
17 0 .31415
18 0 .52785
19 0 .00024
20 0 .84319
21 0 .00028
22 0 .00026
23 0 .36855
24 0 .23509
25 0 .00022
26 0 .0002
27 0 .00019
28 0 .18122
29 0 .16371
30 0 .00013
31 0 .00011
32 0 .30119
33 0 .00008
34 0 .00006
35 0 .14619
36 0 .11422
37 0 .09175
38 0 .01797
39 0 .00671
40 0 .00434
41 0 .00344
42 0 .00098
43 0 .00033
44 0 .00025
45 0 .0001
46 0 .00004
47 0 .00002
48 0 .00001
49 0 0
50 0 0
51 0 0
100 0 0
*parity 0 divorced
birth 1 F divorced 0
14 0 0
15 0 .00001
16 0 .00006
17 0 .31415
18 0 .52785
19 0 .00024
20 0 .84319
21 0 .00028
22 0 .00026
23 0 .36855
24 0 .23509
25 0 .00022
26 0 .0002
27 0 .00019
28 0 .18122
29 0 .16371
30 0 .00013
31 0 .00011
32 0 .30119
33 0 .00008
34 0 .00006
35 0 .14619
36 0 .11422
37 0 .09175
38 0 .01797
39 0 .00671
40 0 .00434
41 0 .00344
42 0 .00098
43 0 .00033
44 0 .00025
45 0 .0001
46 0 .00004
47 0 .00002
48 0 .00001
49 0 0
50 0 0
51 0 0
100 0 0
*parity 1 married
birth 1 F married 1
14 0 0
15 0 0
16 0 .00002
17 0 .17361
18 0 .02262
19 0 .02745
20 0 .01579
21 0 .01593
22 0 .01318
23 0 .01589
24 0 .01739
25 0 .01517
26 0 .01427
27 0 .01449
28 0 .01225
29 0 .01204
30 0 .01194
31 0 .01134
32 0 .00963
33 0 .00864
34 0 .00635
35 0 .00655
36 0 .00541
37 0 .00319
38 0 .00249
39 0 .00206
40 0 .00125
41 0 .00105
42 0 .00065
43 0 .00041
44 0 .0002
45 0 .0001
46 0 .00005
47 0 .00003
48 0 .00001
49 0 0
50 0 0
51 0 0
100 0 0
*parity 1 single
birth 1 F single 1
14 0 0
15 0 0
16 0 .00004
17 0 .0279
18 0 .0243
19 0 .02561
20 0 .02322
21 0 .02504
22 0 .0268
23 0 .02401
24 0 .02503
25 0 .02381
26 0 .02591
27 0 .02466
28 0 .02537
29 0 .02767
30 0 .02436
31 0 .02145
32 0 .02083
33 0 .02495
34 0 .02782
35 0 .0218
36 0 .01551
37 0 .01576
38 0 .01491
39 0 .0131
40 0 .01016
41 0 .00729
42 0 .00518
43 0 .00521
44 0 .00377
45 0 .00241
46 0 .00092
47 0 .0003
48 0 .00016
49 0 .00008
50 0 .00003
51 0 .00001
100 0 0
*parity 1 widowed
birth 1 F widowed 1
14 0 0
15 0 0
16 0 0
17 0 .00001
18 0 .00003
19 0 .05837
20 0 .0484
21 0 .39463
22 0 .0664
23 0 .08744
24 0 .08112
25 0 .57777
26 0 .09688
27 0 .06375
28 0 .1869
29 0 .10798
30 0 .08329
31 0 .44906
32 0 .09943
33 0 .17269
34 0 .12758
35 0 .04327
36 0 .03389
37 0 .01933
38 0 .00622
39 0 .00656
40 0 .00473
41 0 .00152
42 0 .0013
43 0 .00053
44 0 .00023
45 0 .00011
46 0 .00003
47 0 .00002
48 0 .00001
49 0 0
50 0 0
51 0 0
100 0 0
*parity 1 divorced
birth 1 F divorced 1
14 0 0
15 0 0
16 0 0
17 0 .00001
18 0 .00003
19 0 .05837
20 0 .0484
21 0 .39463
22 0 .0664
23 0 .08744
24 0 .08112
25 0 .57777
26 0 .09688
27 0 .06375
28 0 .1869
29 0 .10798
30 0 .08329
31 0 .44906
32 0 .09943
33 0 .17269
34 0 .12758
35 0 .04327
36 0 .03389
37 0 .01933
38 0 .00622
39 0 .00656
40 0 .00473
41 0 .00152
42 0 .0013
43 0 .00053
44 0 .00023
45 0 .00011
46 0 .00003
47 0 .00002
48 0 .00001
49 0 0
50 0 0
51 0 0
100 0 0
*parity 2 married
birth 1 F married 2
14 0 0
15 0 0
16 0 0
17 0 0
18 0 .00465
19 0 .00504
20 0 .01552
21 0 .01283
22 0 .01442
23 0 .01195
24 0 .01133
25 0 .01045
26 0 .00949
27 0 .00846
28 0 .00888
29 0 .00711
30 0 .00652
31 0 .00607
32 0 .00529
33 0 .00446
34 0 .00408
35 0 .00362
36 0 .00284
37 0 .00242
38 0 .0019
39 0 .00143
40 0 .00114
41 0 .00087
42 0 .00064
43 0 .00044
44 0 .00031
45 0 .00019
46 0 .00012
47 0 .00007
48 0 .00003
49 0 .00002
50 0 .00001
51 0 0
100 0 0
*parity 2 single
birth 1 F single 2
14 0 0
15 0 0
16 0 0
17 0 .0079
18 0 .01944
19 0 .01205
20 0 .01149
21 0 .01484
22 0 .01338
23 0 .01237
24 0 .01219
25 0 .01311
26 0 .01119
27 0 .01119
28 0 .00959
29 0 .00903
30 0 .00899
31 0 .00828
32 0 .00748
33 0 .00714
34 0 .0063
35 0 .00555
36 0 .00544
37 0 .00535
38 0 .00503
39 0 .00449
40 0 .00402
41 0 .00294
42 0 .00249
43 0 .00204
44 0 .00148
45 0 .00117
46 0 .00073
47 0 .00044
48 0 .00022
49 0 .00012
50 0 .00004
51 0 .00002
100 0 0
*parity 2 widowed
birth 1 F widowed 2
14 0 0
15 0 0
16 0 0
17 0 0
18 0 0
19 0 .00001
20 0 .07281
21 0 .01892
22 0 .01519
23 0 .01131
24 0 .01651
25 0 .00738
26 0 .01068
27 0 .0077
28 0 .00826
29 0 .0064
30 0 .00492
31 0 .00464
32 0 .00455
33 0 .00315
34 0 .00318
35 0 .00249
36 0 .00172
37 0 .00151
38 0 .00125
39 0 .00092
40 0 .00081
41 0 .00058
42 0 .00038
43 0 .00026
44 0 .00018
45 0 .0001
46 0 .00005
47 0 .00003
48 0 .00001
49 0 .00001
50 0 0
51 0 0
100 0 0
*parity 2 divorced
birth 1 F divorced 2
14 0 0
15 0 0
16 0 0
17 0 0
18 0 0
19 0 .00001
20 0 .07281
21 0 .01892
22 0 .01519
23 0 .01131
24 0 .01651
25 0 .00738
26 0 .01068
27 0 .0077
28 0 .00826
29 0 .0064
30 0 .00492
31 0 .00464
32 0 .00455
33 0 .00315
34 0 .00318
35 0 .00249
36 0 .00172
37 0 .00151
38 0 .00125
39 0 .00092
40 0 .00081
41 0 .00058
42 0 .00038
43 0 .00026
44 0 .00018
45 0 .0001
46 0 .00005
47 0 .00003
48 0 .00001
49 0 .00001
50 0 0
51 0 0
100 0 0
