*parity 0 married
birth 1 F married 0
14 0 0
15 0 .00022
16 0 .00101
17 0 .02964
18 0 .02594
19 0 .03421
20 0 .04201
21 0 .03531
22 0 .03805
23 0 .0385
24 0 .03375
25 0 .03127
26 0 .02326
27 0 .01833
28 0 .01405
29 0 .01204
30 0 .00896
31 0 .00669
32 0 .00556
33 0 .00465
34 0 .00365
35 0 .0033
36 0 .00247
37 0 .00225
38 0 .00176
39 0 .0012
40 0 .00089
41 0 .00071
42 0 .00047
43 0 .00035
44 0 .00019
45 0 .00011
46 0 .00007
47 0 .00003
48 0 .00001
49 0 .00001
50 0 0
51 0 0
100 0 0
*parity 0 single
birth 1 F single 0
14 0 0
15 0 0
16 0 0
17 0 0
18 0 .00001
19 0 .00002
20 0 .00002
21 0 .00003
22 0 .00003
23 0 .00003
24 0 .00003
25 0 .00002
26 0 .00002
27 0 .00002
28 0 .00002
29 0 .00002
30 0 .00002
31 0 .00002
32 0 .00002
33 0 .00001
34 0 .00001
35 0 .00001
36 0 .00001
37 0 .00001
38 0 .00001
39 0 .00001
40 0 .00001
41 0 0
42 0 0
43 0 0
44 0 0
45 0 0
46 0 0
47 0 0
48 0 0
49 0 0
50 0 0
51 0 0
100 0 0
*parity 0 widowed
birth 1 F widowed 0
14 0 0
15 0 0
16 0 .00002
17 0 .03067
18 0 .01759
19 0 .02811
20 0 .00012
21 0 .01574
22 0 .00722
23 0 .00581
24 0 .00578
25 0 .00456
26 0 .00327
27 0 .0037
28 0 .00146
29 0 .00299
30 0 .00075
31 0 .00078
32 0 .00079
33 0 .00048
34 0 .0004
35 0 .00029
36 0 .00018
37 0 .00016
38 0 .00016
39 0 .0001
40 0 .00007
41 0 .00004
42 0 .00003
43 0 .00002
44 0 .00002
45 0 .00001
46 0 0
47 0 0
48 0 0
49 0 0
50 0 0
51 0 0
100 0 0
*parity 0 divorced
birth 1 F divorced 0
14 0 0
15 0 0
16 0 .00002
17 0 .03067
18 0 .01759
19 0 .02811
20 0 .00012
21 0 .01574
22 0 .00722
23 0 .00581
24 0 .00578
25 0 .00456
26 0 .00327
27 0 .0037
28 0 .00146
29 0 .00299
30 0 .00075
31 0 .00078
32 0 .00079
33 0 .00048
34 0 .0004
35 0 .00029
36 0 .00018
37 0 .00016
38 0 .00016
39 0 .0001
40 0 .00007
41 0 .00004
42 0 .00003
43 0 .00002
44 0 .00002
45 0 .00001
46 0 0
47 0 0
48 0 0
49 0 0
50 0 0
51 0 0
100 0 0
*parity 1 married
birth 1 F married 1
14 0 0
15 0 0
16 0 .00007
17 0 .00028
18 0 .03518
19 0 .02679
20 0 .02489
21 0 .03212
22 0 .03627
23 0 .03519
24 0 .04982
25 0 .04415
26 0 .05598
27 0 .05407
28 0 .05181
29 0 .03659
30 0 .03592
31 0 .03826
32 0 .02469
33 0 .02543
34 0 .02374
35 0 .01485
36 0 .01267
37 0 .00915
38 0 .00835
39 0 .00798
40 0 .00513
41 0 .00497
42 0 .00259
43 0 .00207
44 0 .00115
45 0 .00106
46 0 .00054
47 0 .0002
48 0 .00007
49 0 .00003
50 0 .00001
51 0 .00001
100 0 0
*parity 1 single
birth 1 F single 1
14 0 0
15 0 0
16 0 0
17 0 0
18 0 0
19 0 0
20 0 .00001
21 0 .00001
22 0 .00001
23 0 .00001
24 0 .00001
25 0 .00419
26 0 .00001
27 0 .00001
28 0 .00634
29 0 .0059
30 0 .00001
31 0 .00406
32 0 0
33 0 0
34 0 0
35 0 0
36 0 0
37 0 0
38 0 0
39 0 0
40 0 0
41 0 0
42 0 0
43 0 0
44 0 .00005
45 0 0
46 0 0
47 0 0
48 0 0
49 0 0
50 0 0
51 0 0
100 0 0
*parity 1 widowed
birth 1 F widowed 1
14 0 0
15 0 0
16 0 0
17 0 0
18 0 .00001
19 0 .00003
20 0 .00582
21 0 .00831
22 0 .00844
23 0 .00746
24 0 .00747
25 0 .00708
26 0 .0047
27 0 .00528
28 0 .00536
29 0 .00249
30 0 .00343
31 0 .00245
32 0 .00279
33 0 .00192
34 0 .00095
35 0 .0008
36 0 .00063
37 0 .0008
38 0 .00036
39 0 .00032
40 0 .00027
41 0 .00021
42 0 .00016
43 0 .0001
44 0 .00006
45 0 .00004
46 0 .00002
47 0 .00001
48 0 0
49 0 0
50 0 0
51 0 0
100 0 0
*parity 1 divorced
birth 1 F divorced 1
14 0 0
15 0 0
16 0 0
17 0 0
18 0 .00001
19 0 .00003
20 0 .00582
21 0 .00831
22 0 .00844
23 0 .00746
24 0 .00747
25 0 .00708
26 0 .0047
27 0 .00528
28 0 .00536
29 0 .00249
30 0 .00343
31 0 .00245
32 0 .00279
33 0 .00192
34 0 .00095
35 0 .0008
36 0 .00063
37 0 .0008
38 0 .00036
39 0 .00032
40 0 .00027
41 0 .00021
42 0 .00016
43 0 .0001
44 0 .00006
45 0 .00004
46 0 .00002
47 0 .00001
48 0 0
49 0 0
50 0 0
51 0 0
100 0 0
*parity 2 married
birth 1 F married 2
14 0 0
15 0 0
16 0 .00001
17 0 .00003
18 0 .09483
19 0 .02657
20 0 .02837
21 0 .0281
22 0 .02071
23 0 .02322
24 0 .02013
25 0 .02213
26 0 .02143
27 0 .02037
28 0 .01782
29 0 .01714
30 0 .01871
31 0 .01689
32 0 .01518
33 0 .01379
34 0 .01349
35 0 .01239
36 0 .01167
37 0 .01077
38 0 .00904
39 0 .00796
40 0 .00683
41 0 .00552
42 0 .00415
43 0 .00276
44 0 .00197
45 0 .00141
46 0 .00084
47 0 .0005
48 0 .00029
49 0 .00015
50 0 .00007
51 0 .00003
100 0 0
*parity 2 single
birth 1 F single 2
14 0 0
15 0 0
16 0 0
17 0 0
18 0 0
19 0 0
20 0 0
21 0 0
22 0 .00001
23 0 .00001
24 0 .00001
25 0 .00001
26 0 .00001
27 0 .00001
28 0 .00001
29 0 .00001
30 0 .00001
31 0 .00001
32 0 .00001
33 0 .00001
34 0 .00001
35 0 .00001
36 0 .00001
37 0 .00001
38 0 .0067
39 0 .00001
40 0 .00001
41 0 0
42 0 0
43 0 0
44 0 0
45 0 0
46 0 .0006
47 0 0
48 0 0
49 0 0
50 0 0
51 0 0
100 0 0
*parity 2 widowed
birth 1 F widowed 2
14 0 0
15 0 0
16 0 0
17 0 0
18 0 0
19 0 .00001
20 0 .01272
21 0 .01259
22 0 .00964
23 0 .01371
24 0 .00576
25 0 .00295
26 0 .00337
27 0 .0029
28 0 .00357
29 0 .00366
30 0 .00228
31 0 .00231
32 0 .00221
33 0 .00129
34 0 .00124
35 0 .00119
36 0 .00121
37 0 .00081
38 0 .00067
39 0 .00068
40 0 .00075
41 0 .00033
42 0 .00028
43 0 .00019
44 0 .00017
45 0 .00008
46 0 .00004
47 0 .00003
48 0 .00001
49 0 .00001
50 0 0
51 0 0
100 0 0
*parity 2 divorced
birth 1 F divorced 2
14 0 0
15 0 0
16 0 0
17 0 0
18 0 0
19 0 .00001
20 0 .01272
21 0 .01259
22 0 .00964
23 0 .01371
24 0 .00576
25 0 .00295
26 0 .00337
27 0 .0029
28 0 .00357
29 0 .00366
30 0 .00228
31 0 .00231
32 0 .00221
33 0 .00129
34 0 .00124
35 0 .00119
36 0 .00121
37 0 .00081
38 0 .00067
39 0 .00068
40 0 .00075
41 0 .00033
42 0 .00028
43 0 .00019
44 0 .00017
45 0 .00008
46 0 .00004
47 0 .00003
48 0 .00001
49 0 .00001
50 0 0
51 0 0
100 0 0
