*parity 0 married
birth 1 F married 0
14 0 0
15 0 .00022
16 0 .00098
17 0 .03804
18 0 .02919
19 0 .03575
20 0 .04588
21 0 .0437
22 0 .05567
23 0 .05724
24 0 .07513
25 0 .08354
26 0 .05838
27 0 .04683
28 0 .04027
29 0 .05439
30 0 .04028
31 0 .02991
32 0 .02872
33 0 .01866
34 0 .0136
35 0 .01573
36 0 .01196
37 0 .01161
38 0 .00902
39 0 .00543
40 0 .00408
41 0 .00366
42 0 .00212
43 0 .00114
44 0 .00073
45 0 .00053
46 0 .00024
47 0 .0002
48 0 .00008
49 0 .00002
50 0 0
51 0 0
100 0 0
*parity 0 single
birth 1 F single 0
14 0 0
15 0 .00001
16 0 .00003
17 0 .00007
18 0 .00013
19 0 .00021
20 0 .00027
21 0 .00033
22 0 .00033
23 0 .00033
24 0 .00033
25 0 .00033
26 0 .00035
27 0 .00036
28 0 .00035
29 0 .00032
30 0 .00036
31 0 .00034
32 0 .00032
33 0 .00023
34 0 .00023
35 0 .00022
36 0 .00025
37 0 .00024
38 0 .00021
39 0 .00019
40 0 .00017
41 0 .0001
42 0 .00009
43 0 .00005
44 0 .00004
45 0 .00002
46 0 .00002
47 0 .00001
48 0 0
49 0 0
50 0 0
51 0 0
100 0 0
*parity 0 widowed
birth 1 F widowed 0
14 0 0
15 0 .00001
16 0 .00006
17 0 .00013
18 0 .08675
19 0 .12396
20 0 .09613
21 0 .0004
22 0 .18043
23 0 .48917
24 0 .43734
25 0 .39318
26 0 .17352
27 0 .0002
28 0 .00018
29 0 .04109
30 0 .0923
31 0 .05001
32 0 .11737
33 0 .02572
34 0 .03663
35 0 .00974
36 0 .04594
37 0 .01151
38 0 .00456
39 0 .00314
40 0 .00256
41 0 .0013
42 0 .00072
43 0 .00106
44 0 .00026
45 0 .0002
46 0 .00087
47 0 .00006
48 0 .00001
49 0 .00001
50 0 0
51 0 0
100 0 0
*parity 0 divorced
birth 1 F divorced 0
14 0 0
15 0 .00001
16 0 .00006
17 0 .00013
18 0 .08675
19 0 .12396
20 0 .09613
21 0 .0004
22 0 .18043
23 0 .48917
24 0 .43734
25 0 .39318
26 0 .17352
27 0 .0002
28 0 .00018
29 0 .04109
30 0 .0923
31 0 .05001
32 0 .11737
33 0 .02572
34 0 .03663
35 0 .00974
36 0 .04594
37 0 .01151
38 0 .00456
39 0 .00314
40 0 .00256
41 0 .0013
42 0 .00072
43 0 .00106
44 0 .00026
45 0 .0002
46 0 .00087
47 0 .00006
48 0 .00001
49 0 .00001
50 0 0
51 0 0
100 0 0
*parity 1 married
birth 1 F married 1
14 0 0
15 0 0
16 0 .00006
17 0 .18577
18 0 .09101
19 0 .05243
20 0 .03904
21 0 .02705
22 0 .02787
23 0 .02455
24 0 .02149
25 0 .02345
26 0 .02428
27 0 .02998
28 0 .03239
29 0 .02454
30 0 .02314
31 0 .02104
32 0 .01627
33 0 .01858
34 0 .0168
35 0 .01839
36 0 .01311
37 0 .01644
38 0 .01246
39 0 .01019
40 0 .008
41 0 .01049
42 0 .01064
43 0 .00572
44 0 .00317
45 0 .00286
46 0 .00262
47 0 .0005
48 0 .00018
49 0 .0001
50 0 .00003
51 0 .00005
100 0 0
*parity 1 single
birth 1 F single 1
14 0 0
15 0 0
16 0 0
17 0 .00001
18 0 .01171
19 0 .07252
20 0 .11552
21 0 .05133
22 0 .01517
23 0 .0987
24 0 .00014
25 0 .00014
26 0 .19134
27 0 .00012
28 0 .00011
29 0 .0001
30 0 .00009
31 0 .00008
32 0 .00007
33 0 .08126
34 0 .05945
35 0 .00004
36 0 .01251
37 0 .00003
38 0 .01102
39 0 .00001
40 0 .00708
41 0 .00001
42 0 .00001
43 0 0
44 0 0
45 0 0
46 0 0
47 0 0
48 0 .00009
49 0 0
50 0 .00001
51 0 0
100 0 0
*parity 1 widowed
birth 1 F widowed 1
14 0 0
15 0 0
16 0 0
17 0 .00002
18 0 .06763
19 0 .06981
20 0 .07413
21 0 .03294
22 0 .01668
23 0 .03167
24 0 .02159
25 0 .01756
26 0 .02631
27 0 .0361
28 0 .01237
29 0 .01089
30 0 .01541
31 0 .01234
32 0 .00612
33 0 .0046
34 0 .00337
35 0 .00839
36 0 .00516
37 0 .00317
38 0 .00223
39 0 .00153
40 0 .00151
41 0 .00104
42 0 .00059
43 0 .0008
44 0 .00062
45 0 .00195
46 0 .00016
47 0 .00006
48 0 .00003
49 0 .00001
50 0 0
51 0 0
100 0 0
*parity 1 divorced
birth 1 F divorced 1
14 0 0
15 0 0
16 0 0
17 0 .00002
18 0 .06763
19 0 .06981
20 0 .07413
21 0 .03294
22 0 .01668
23 0 .03167
24 0 .02159
25 0 .01756
26 0 .02631
27 0 .0361
28 0 .01237
29 0 .01089
30 0 .01541
31 0 .01234
32 0 .00612
33 0 .0046
34 0 .00337
35 0 .00839
36 0 .00516
37 0 .00317
38 0 .00223
39 0 .00153
40 0 .00151
41 0 .00104
42 0 .00059
43 0 .0008
44 0 .00062
45 0 .00195
46 0 .00016
47 0 .00006
48 0 .00003
49 0 .00001
50 0 0
51 0 0
100 0 0
*parity 2 married
birth 1 F married 2
14 0 0
15 0 0
16 0 0
17 0 .00002
18 0 .0056
19 0 .00511
20 0 .00942
21 0 .0163
22 0 .01766
23 0 .01741
24 0 .01683
25 0 .0151
26 0 .01274
27 0 .01105
28 0 .01131
29 0 .01127
30 0 .01014
31 0 .00945
32 0 .00891
33 0 .00858
34 0 .0078
35 0 .00661
36 0 .00614
37 0 .00524
38 0 .00478
39 0 .00436
40 0 .00356
41 0 .00286
42 0 .0021
43 0 .00163
44 0 .00118
45 0 .00081
46 0 .00046
47 0 .00028
48 0 .00016
49 0 .00008
50 0 .00004
51 0 .00002
100 0 0
*parity 2 single
birth 1 F single 2
14 0 0
15 0 0
16 0 0
17 0 0
18 0 0
19 0 .01528
20 0 .01141
21 0 .00899
22 0 .03237
23 0 .01487
24 0 .0154
25 0 .02886
26 0 .01874
27 0 .02831
28 0 .02133
29 0 .02574
30 0 .03067
31 0 .0328
32 0 .02086
33 0 .02119
34 0 .02923
35 0 .03192
36 0 .02363
37 0 .01721
38 0 .03651
39 0 .02149
40 0 .02336
41 0 .01998
42 0 .01568
43 0 .01167
44 0 .01209
45 0 .00768
46 0 .00305
47 0 .00001
48 0 .00259
49 0 .00065
50 0 .00053
51 0 0
100 0 0
*parity 2 widowed
birth 1 F widowed 2
14 0 0
15 0 0
16 0 0
17 0 0
18 0 .00001
19 0 .00981
20 0 .01318
21 0 .01514
22 0 .017
23 0 .0112
24 0 .01165
25 0 .00734
26 0 .00833
27 0 .00559
28 0 .00418
29 0 .00372
30 0 .00323
31 0 .00283
32 0 .00271
33 0 .00236
34 0 .00218
35 0 .00166
36 0 .00136
37 0 .00114
38 0 .00098
39 0 .00075
40 0 .0007
41 0 .00044
42 0 .00036
43 0 .00023
44 0 .00017
45 0 .0001
46 0 .00006
47 0 .00003
48 0 .00002
49 0 .00001
50 0 0
51 0 0
100 0 0
*parity 2 divorced
birth 1 F divorced 2
14 0 0
15 0 0
16 0 0
17 0 0
18 0 .00001
19 0 .00981
20 0 .01318
21 0 .01514
22 0 .017
23 0 .0112
24 0 .01165
25 0 .00734
26 0 .00833
27 0 .00559
28 0 .00418
29 0 .00372
30 0 .00323
31 0 .00283
32 0 .00271
33 0 .00236
34 0 .00218
35 0 .00166
36 0 .00136
37 0 .00114
38 0 .00098
39 0 .00075
40 0 .0007
41 0 .00044
42 0 .00036
43 0 .00023
44 0 .00017
45 0 .0001
46 0 .00006
47 0 .00003
48 0 .00002
49 0 .00001
50 0 0
51 0 0
100 0 0
