*parity 0 married
birth 1 F married 0
14 0 0
15 0 .00022
16 0 .0009
17 0 .03398
18 0 .02776
19 0 .02508
20 0 .02659
21 0 .0234
22 0 .02211
23 0 .0244
24 0 .02104
25 0 .01944
26 0 .01766
27 0 .01714
28 0 .01603
29 0 .01252
30 0 .01178
31 0 .01069
32 0 .00859
33 0 .00786
34 0 .00662
35 0 .00568
36 0 .00581
37 0 .00527
38 0 .0036
39 0 .0031
40 0 .00224
41 0 .00163
42 0 .00149
43 0 .00096
44 0 .00071
45 0 .00038
46 0 .00033
47 0 .00013
48 0 .00009
49 0 .00003
50 0 .00001
51 0 .00001
100 0 0
*parity 0 single
birth 1 F single 0
14 0 0
15 0 .00001
16 0 .00006
17 0 .00011
18 0 .00019
19 0 .00029
20 0 .00037
21 0 .0004
22 0 .00044
23 0 .00043
24 0 .00045
25 0 .00049
26 0 .00052
27 0 .00057
28 0 .00061
29 0 .00067
30 0 .00069
31 0 .00062
32 0 .0007
33 0 .00071
34 0 .00061
35 0 .00056
36 0 .00047
37 0 .00049
38 0 .0004
39 0 .00035
40 0 .00026
41 0 .00022
42 0 .00017
43 0 .00013
44 0 .0001
45 0 .00007
46 0 .00004
47 0 .00002
48 0 .00001
49 0 0
50 0 0
51 0 0
100 0 0
*parity 0 widowed
birth 1 F widowed 0
14 0 0
15 0 .00001
16 0 .00005
17 0 .00009
18 0 .06897
19 0 .14147
20 0 .03516
21 0 .03342
22 0 .01782
23 0 .01623
24 0 .01685
25 0 .0158
26 0 .01002
27 0 .0077
28 0 .00498
29 0 .00331
30 0 .00294
31 0 .00292
32 0 .00201
33 0 .00128
34 0 .00114
35 0 .00115
36 0 .00093
37 0 .00072
38 0 .00076
39 0 .00048
40 0 .00028
41 0 .00018
42 0 .00021
43 0 .00021
44 0 .00015
45 0 .00009
46 0 .00004
47 0 .00003
48 0 .00003
49 0 0
50 0 0
51 0 0
100 0 0
*parity 0 divorced
birth 1 F divorced 0
14 0 0
15 0 .00001
16 0 .00005
17 0 .00009
18 0 .06897
19 0 .14147
20 0 .03516
21 0 .03342
22 0 .01782
23 0 .01623
24 0 .01685
25 0 .0158
26 0 .01002
27 0 .0077
28 0 .00498
29 0 .00331
30 0 .00294
31 0 .00292
32 0 .00201
33 0 .00128
34 0 .00114
35 0 .00115
36 0 .00093
37 0 .00072
38 0 .00076
39 0 .00048
40 0 .00028
41 0 .00018
42 0 .00021
43 0 .00021
44 0 .00015
45 0 .00009
46 0 .00004
47 0 .00003
48 0 .00003
49 0 0
50 0 0
51 0 0
100 0 0
*parity 1 married
birth 1 F married 1
14 0 0
15 0 0
16 0 .00005
17 0 .00017
18 0 .01397
19 0 .01612
20 0 .02389
21 0 .02266
22 0 .01921
23 0 .02137
24 0 .02043
25 0 .01704
26 0 .01706
27 0 .01547
28 0 .0151
29 0 .01652
30 0 .01452
31 0 .01475
32 0 .01432
33 0 .01272
34 0 .01122
35 0 .00966
36 0 .00774
37 0 .00782
38 0 .00515
39 0 .00349
40 0 .00276
41 0 .0026
42 0 .00145
43 0 .00103
44 0 .00079
45 0 .00039
46 0 .00026
47 0 .00021
48 0 .00016
49 0 .00004
50 0 .00001
51 0 .00001
100 0 0
*parity 1 single
birth 1 F single 1
14 0 0
15 0 0
16 0 0
17 0 .00001
18 0 .04056
19 0 .08163
20 0 .01154
21 0 .03611
22 0 .03915
23 0 .09022
24 0 .04308
25 0 .10701
26 0 .10399
27 0 .32206
28 0 .00017
29 0 .15103
30 0 .0927
31 0 .12167
32 0 .00012
33 0 .08131
34 0 .00009
35 0 .05429
36 0 .00006
37 0 .00004
38 0 .00003
39 0 .01949
40 0 .00002
41 0 .01431
42 0 .00001
43 0 0
44 0 0
45 0 0
46 0 0
47 0 0
48 0 0
49 0 0
50 0 0
51 0 0
100 0 0
*parity 1 widowed
birth 1 F widowed 1
14 0 0
15 0 0
16 0 0
17 0 .00001
18 0 .0085
19 0 .0076
20 0 .01519
21 0 .00796
22 0 .00757
23 0 .00597
24 0 .00443
25 0 .00434
26 0 .00339
27 0 .00314
28 0 .00261
29 0 .00226
30 0 .00199
31 0 .00192
32 0 .00156
33 0 .0012
34 0 .00096
35 0 .00108
36 0 .00067
37 0 .00053
38 0 .00037
39 0 .00028
40 0 .00021
41 0 .00018
42 0 .0001
43 0 .00007
44 0 .00004
45 0 .00004
46 0 .00002
47 0 .00001
48 0 .00001
49 0 0
50 0 0
51 0 0
100 0 0
*parity 1 divorced
birth 1 F divorced 1
14 0 0
15 0 0
16 0 0
17 0 .00001
18 0 .0085
19 0 .0076
20 0 .01519
21 0 .00796
22 0 .00757
23 0 .00597
24 0 .00443
25 0 .00434
26 0 .00339
27 0 .00314
28 0 .00261
29 0 .00226
30 0 .00199
31 0 .00192
32 0 .00156
33 0 .0012
34 0 .00096
35 0 .00108
36 0 .00067
37 0 .00053
38 0 .00037
39 0 .00028
40 0 .00021
41 0 .00018
42 0 .0001
43 0 .00007
44 0 .00004
45 0 .00004
46 0 .00002
47 0 .00001
48 0 .00001
49 0 0
50 0 0
51 0 0
100 0 0
*parity 2 married
birth 1 F married 2
14 0 0
15 0 0
16 0 0
17 0 .00001
18 0 .00006
19 0 .00809
20 0 .00548
21 0 .00991
22 0 .01078
23 0 .01
24 0 .0105
25 0 .0108
26 0 .01159
27 0 .01063
28 0 .01063
29 0 .00949
30 0 .00913
31 0 .00785
32 0 .00699
33 0 .0062
34 0 .00576
35 0 .00451
36 0 .00425
37 0 .00335
38 0 .00303
39 0 .0025
40 0 .00202
41 0 .00152
42 0 .00104
43 0 .00077
44 0 .00051
45 0 .00033
46 0 .00019
47 0 .00011
48 0 .00005
49 0 .00002
50 0 .00001
51 0 0
100 0 0
*parity 2 single
birth 1 F single 2
14 0 0
15 0 0
16 0 0
17 0 0
18 0 0
19 0 .00001
20 0 .03048
21 0 .02876
22 0 .01878
23 0 .01448
24 0 .02417
25 0 .05135
26 0 .01395
27 0 .0195
28 0 .02277
29 0 .03145
30 0 .01896
31 0 .03005
32 0 .03242
33 0 .02435
34 0 .03581
35 0 .06093
36 0 .0172
37 0 .01444
38 0 .01487
39 0 .01788
40 0 .02007
41 0 .05086
42 0 .00954
43 0 .00978
44 0 .00687
45 0 .00542
46 0 .00001
47 0 .00171
48 0 0
49 0 0
50 0 0
51 0 0
100 0 0
*parity 2 widowed
birth 1 F widowed 2
14 0 0
15 0 0
16 0 0
17 0 0
18 0 0
19 0 .00243
20 0 .00638
21 0 .00688
22 0 .00463
23 0 .00287
24 0 .00473
25 0 .00391
26 0 .00346
27 0 .00287
28 0 .00218
29 0 .00255
30 0 .00197
31 0 .00153
32 0 .00128
33 0 .00116
34 0 .00091
35 0 .00084
36 0 .00057
37 0 .00045
38 0 .00038
39 0 .00031
40 0 .00025
41 0 .00015
42 0 .00013
43 0 .00007
44 0 .00005
45 0 .00003
46 0 .00002
47 0 .00001
48 0 0
49 0 0
50 0 0
51 0 0
100 0 0
*parity 2 divorced
birth 1 F divorced 2
14 0 0
15 0 0
16 0 0
17 0 0
18 0 0
19 0 .00243
20 0 .00638
21 0 .00688
22 0 .00463
23 0 .00287
24 0 .00473
25 0 .00391
26 0 .00346
27 0 .00287
28 0 .00218
29 0 .00255
30 0 .00197
31 0 .00153
32 0 .00128
33 0 .00116
34 0 .00091
35 0 .00084
36 0 .00057
37 0 .00045
38 0 .00038
39 0 .00031
40 0 .00025
41 0 .00015
42 0 .00013
43 0 .00007
44 0 .00005
45 0 .00003
46 0 .00002
47 0 .00001
48 0 0
49 0 0
50 0 0
51 0 0
100 0 0
