*parity 0 married
birth 1 F married 0
14 0 0
15 0 .00014
16 0 .00061
17 0 .02959
18 0 .02337
19 0 .02574
20 0 .02632
21 0 .02686
22 0 .01994
23 0 .0191
24 0 .01813
25 0 .01775
26 0 .01944
27 0 .01675
28 0 .01561
29 0 .01422
30 0 .01344
31 0 .01129
32 0 .00866
33 0 .00904
34 0 .00682
35 0 .00606
36 0 .00604
37 0 .0062
38 0 .00456
39 0 .00264
40 0 .00141
41 0 .00083
42 0 .00059
43 0 .00037
44 0 .00021
45 0 .00012
46 0 .00007
47 0 .00003
48 0 .00002
49 0 0
50 0 0
51 0 0
100 0 0
*parity 0 single
birth 1 F single 0
14 0 0
15 0 .00008
16 0 .00032
17 0 .00066
18 0 .0012
19 0 .00177
20 0 .00228
21 0 .00261
22 0 .00283
23 0 .00293
24 0 .00302
25 0 .00299
26 0 .00325
27 0 .00346
28 0 .00377
29 0 .00404
30 0 .0041
31 0 .00454
32 0 .00434
33 0 .00371
34 0 .00412
35 0 .00424
36 0 .00376
37 0 .00274
38 0 .00383
39 0 .0029
40 0 .00204
41 0 .00214
42 0 .00138
43 0 .00079
44 0 .00098
45 0 .00042
46 0 .00022
47 0 .00016
48 0 .00006
49 0 .00002
50 0 0
51 0 0
100 0 0
*parity 0 widowed
birth 1 F widowed 0
14 0 0
15 0 .00004
16 0 .00015
17 0 .00029
18 0 1.5938
19 0 .00067
20 0 .26051
21 0 .10867
22 0 .00077
23 0 .34799
24 0 .64441
25 0 1.69097
26 0 .18965
27 0 1.35689
28 0 .40347
29 0 .10932
30 0 .19191
31 0 .12066
32 0 .11081
33 0 .15803
34 0 .26712
35 0 .21634
36 0 .0848
37 0 .0328
38 0 .0132
39 0 .00611
40 0 .00369
41 0 .00101
42 0 .00086
43 0 .00041
44 0 .00014
45 0 .00007
46 0 .00004
47 0 .00002
48 0 .00001
49 0 0
50 0 0
51 0 0
100 0 0
*parity 0 divorced
birth 1 F divorced 0
14 0 0
15 0 .00004
16 0 .00015
17 0 .00029
18 0 1.5938
19 0 .00067
20 0 .26051
21 0 .10867
22 0 .00077
23 0 .34799
24 0 .64441
25 0 1.69097
26 0 .18965
27 0 1.35689
28 0 .40347
29 0 .10932
30 0 .19191
31 0 .12066
32 0 .11081
33 0 .15803
34 0 .26712
35 0 .21634
36 0 .0848
37 0 .0328
38 0 .0132
39 0 .00611
40 0 .00369
41 0 .00101
42 0 .00086
43 0 .00041
44 0 .00014
45 0 .00007
46 0 .00004
47 0 .00002
48 0 .00001
49 0 0
50 0 0
51 0 0
100 0 0
*parity 1 married
birth 1 F married 1
14 0 0
15 0 0
16 0 .00003
17 0 .00013
18 0 .03035
19 0 .02297
20 0 .01471
21 0 .02042
22 0 .02683
23 0 .02801
24 0 .02584
25 0 .02065
26 0 .01611
27 0 .013
28 0 .01193
29 0 .01171
30 0 .01111
31 0 .01269
32 0 .01551
33 0 .02042
34 0 .03286
35 0 .16578
36 0 .3469
37 0 .11436
38 0 .1604
39 0 .07392
40 0 .33156
41 0 .22117
42 0 .00009
43 0 .01827
44 0 .04869
45 0 .02546
46 0 .00643
47 0 .00297
48 0 0
49 0 .00074
50 0 .00008
51 0 .00015
100 0 0
*parity 1 single
birth 1 F single 1
14 0 0
15 0 0
16 0 .06213
17 0 .03296
18 0 .02205
19 0 .04007
20 0 .04976
21 0 .039
22 0 .03954
23 0 .04343
24 0 .03739
25 0 .04084
26 0 .05422
27 0 .05809
28 0 .11899
29 0 .10717
30 0 .33918
31 0 .42289
32 0 1
33 0 .98408
34 0 .28732
35 0 .23669
36 0 .18573
37 0 .14286
38 0 .17175
39 0 .11873
40 0 .08876
41 0 .0296
42 0 .03716
43 0 .04891
44 0 .02607
45 0 .00001
46 0 0
47 0 0
48 0 0
49 0 0
50 0 .00013
51 0 .00008
100 0 0
*parity 1 widowed
birth 1 F widowed 1
14 0 0
15 0 0
16 0 .00001
17 0 .00003
18 0 .0284
19 0 .03809
20 0 .03909
21 0 .04807
22 0 .03594
23 0 .02652
24 0 .03592
25 0 .04278
26 0 .02581
27 0 .02894
28 0 .02794
29 0 .03656
30 0 .03227
31 0 .04322
32 0 .15085
33 0 .22628
34 0 .07928
35 0 .32654
36 0 .12812
37 0 .0657
38 0 .07898
39 0 .0364
40 0 .04082
41 0 .05445
42 0 .00002
43 0 .01125
44 0 .00599
45 0 .00157
46 0 .00106
47 0 .00049
48 0 .00028
49 0 .00018
50 0 0
51 0 .00004
100 0 0
*parity 1 divorced
birth 1 F divorced 1
14 0 0
15 0 0
16 0 .00001
17 0 .00003
18 0 .0284
19 0 .03809
20 0 .03909
21 0 .04807
22 0 .03594
23 0 .02652
24 0 .03592
25 0 .04278
26 0 .02581
27 0 .02894
28 0 .02794
29 0 .03656
30 0 .03227
31 0 .04322
32 0 .15085
33 0 .22628
34 0 .07928
35 0 .32654
36 0 .12812
37 0 .0657
38 0 .07898
39 0 .0364
40 0 .04082
41 0 .05445
42 0 .00002
43 0 .01125
44 0 .00599
45 0 .00157
46 0 .00106
47 0 .00049
48 0 .00028
49 0 .00018
50 0 0
51 0 .00004
100 0 0
*parity 2 married
birth 1 F married 2
14 0 0
15 0 0
16 0 0
17 0 .00001
18 0 .00386
19 0 .00694
20 0 .02333
21 0 .00997
22 0 .00915
23 0 .00972
24 0 .00945
25 0 .01036
26 0 .00974
27 0 .00955
28 0 .00856
29 0 .00743
30 0 .00688
31 0 .00566
32 0 .00508
33 0 .00434
34 0 .00371
35 0 .00321
36 0 .00274
37 0 .00256
38 0 .00217
39 0 .00195
40 0 .00176
41 0 .00139
42 0 .00103
43 0 .00076
44 0 .0006
45 0 .00041
46 0 .00024
47 0 .00015
48 0 .00008
49 0 .00004
50 0 .00002
51 0 .00001
100 0 0
*parity 2 single
birth 1 F single 2
14 0 0
15 0 0
16 0 0
17 0 .00651
18 0 .02064
19 0 .02013
20 0 .01666
21 0 .01566
22 0 .02022
23 0 .01802
24 0 .01785
25 0 .01842
26 0 .01903
27 0 .01646
28 0 .01904
29 0 .01927
30 0 .02169
31 0 .01847
32 0 .02032
33 0 .0219
34 0 .02327
35 0 .02216
36 0 .02205
37 0 .02534
38 0 .0239
39 0 .02109
40 0 .02833
41 0 .02946
42 0 .03021
43 0 .03541
44 0 .02596
45 0 .01655
46 0 .0221
47 0 .02465
48 0 .00587
49 0 .00001
50 0 .00124
51 0 .00065
100 0 0
*parity 2 widowed
birth 1 F widowed 2
14 0 0
15 0 0
16 0 0
17 0 0
18 0 .03797
19 0 .01852
20 0 .02528
21 0 .01373
22 0 .00967
23 0 .00799
24 0 .00845
25 0 .00779
26 0 .00585
27 0 .00637
28 0 .00497
29 0 .00471
30 0 .00378
31 0 .00334
32 0 .00274
33 0 .0023
34 0 .00214
35 0 .00183
36 0 .00173
37 0 .0013
38 0 .00114
39 0 .00096
40 0 .00075
41 0 .00058
42 0 .00044
43 0 .00033
44 0 .00021
45 0 .00014
46 0 .00008
47 0 .00005
48 0 .00002
49 0 .00001
50 0 0
51 0 0
100 0 0
*parity 2 divorced
birth 1 F divorced 2
14 0 0
15 0 0
16 0 0
17 0 0
18 0 .03797
19 0 .01852
20 0 .02528
21 0 .01373
22 0 .00967
23 0 .00799
24 0 .00845
25 0 .00779
26 0 .00585
27 0 .00637
28 0 .00497
29 0 .00471
30 0 .00378
31 0 .00334
32 0 .00274
33 0 .0023
34 0 .00214
35 0 .00183
36 0 .00173
37 0 .0013
38 0 .00114
39 0 .00096
40 0 .00075
41 0 .00058
42 0 .00044
43 0 .00033
44 0 .00021
45 0 .00014
46 0 .00008
47 0 .00005
48 0 .00002
49 0 .00001
50 0 0
51 0 0
100 0 0
