*parity 0 married
birth 1 F married 0
14 0 0
15 0 .0002
16 0 .00083
17 0 .05957
18 0 .05596
19 0 .04908
20 0 .05307
21 0 .04777
22 0 .04448
23 0 .03741
24 0 .04083
25 0 .03329
26 0 .02503
27 0 .02631
28 0 .02356
29 0 .01488
30 0 .01086
31 0 .00753
32 0 .00658
33 0 .00487
34 0 .00373
35 0 .00298
36 0 .00244
37 0 .00168
38 0 .00129
39 0 .0009
40 0 .00066
41 0 .00049
42 0 .00028
43 0 .00019
44 0 .00013
45 0 .00007
46 0 .00004
47 0 .00002
48 0 .00001
49 0 0
50 0 0
51 0 0
100 0 0
*parity 0 single
birth 1 F single 0
14 0 0
15 0 .00003
16 0 .00014
17 0 .00027
18 0 .00046
19 0 .00067
20 0 .00079
21 0 .00087
22 0 .00088
23 0 .00086
24 0 .00088
25 0 .00087
26 0 .00091
27 0 .00086
28 0 .00086
29 0 .00091
30 0 .00097
31 0 .00116
32 0 .00095
33 0 .00099
34 0 .00091
35 0 .00101
36 0 .00091
37 0 .00078
38 0 .00084
39 0 .00068
40 0 .00078
41 0 .00053
42 0 .00036
43 0 .00032
44 0 .00018
45 0 .00023
46 0 .0002
47 0 .00006
48 0 .00006
49 0 .00001
50 0 0
51 0 .00001
100 0 0
*parity 0 widowed
birth 1 F widowed 0
14 0 0
15 0 .00001
16 0 .00005
17 0 .00009
18 0 .00014
19 0 .06932
20 0 .11397
21 0 .00023
22 0 .05615
23 0 .04387
24 0 .00019
25 0 .10143
26 0 .09881
27 0 .0231
28 0 .01347
29 0 .01154
30 0 .00844
31 0 .00577
32 0 .00307
33 0 .00241
34 0 .00191
35 0 .00098
36 0 .00062
37 0 .0005
38 0 .00031
39 0 .0003
40 0 .0002
41 0 .00013
42 0 .00007
43 0 .00004
44 0 .00002
45 0 .00001
46 0 .00001
47 0 0
48 0 0
49 0 0
50 0 0
51 0 0
100 0 0
*parity 0 divorced
birth 1 F divorced 0
14 0 0
15 0 .00001
16 0 .00005
17 0 .00009
18 0 .00014
19 0 .06932
20 0 .11397
21 0 .00023
22 0 .05615
23 0 .04387
24 0 .00019
25 0 .10143
26 0 .09881
27 0 .0231
28 0 .01347
29 0 .01154
30 0 .00844
31 0 .00577
32 0 .00307
33 0 .00241
34 0 .00191
35 0 .00098
36 0 .00062
37 0 .0005
38 0 .00031
39 0 .0003
40 0 .0002
41 0 .00013
42 0 .00007
43 0 .00004
44 0 .00002
45 0 .00001
46 0 .00001
47 0 0
48 0 0
49 0 0
50 0 0
51 0 0
100 0 0
*parity 1 married
birth 1 F married 1
14 0 0
15 0 0
16 0 .00004
17 0 .00016
18 0 .01892
19 0 .01586
20 0 .02214
21 0 .02307
22 0 .02598
23 0 .02948
24 0 .03098
25 0 .0329
26 0 .03713
27 0 .03659
28 0 .04494
29 0 .0396
30 0 .02827
31 0 .03137
32 0 .02303
33 0 .02132
34 0 .02074
35 0 .01672
36 0 .01391
37 0 .01255
38 0 .00857
39 0 .00617
40 0 .00557
41 0 .00311
42 0 .00263
43 0 .00141
44 0 .00071
45 0 .00045
46 0 .00022
47 0 .00014
48 0 .00006
49 0 .00002
50 0 .00001
51 0 0
100 0 0
*parity 1 single
birth 1 F single 1
14 0 0
15 0 0
16 0 .00001
17 0 .00003
18 0 .01869
19 0 .03746
20 0 .02282
21 0 .02032
22 0 .02044
23 0 .02681
24 0 .02332
25 0 .04286
26 0 .03309
27 0 .02609
28 0 .02386
29 0 .02068
30 0 .02058
31 0 .01662
32 0 .04451
33 0 .03571
34 0 .03162
35 0 .03494
36 0 .00015
37 0 .06361
38 0 .02209
39 0 .06786
40 0 .00005
41 0 .03045
42 0 .00002
43 0 .00001
44 0 .00637
45 0 .00339
46 0 0
47 0 .00046
48 0 .00042
49 0 0
50 0 .00004
51 0 .00002
100 0 0
*parity 1 widowed
birth 1 F widowed 1
14 0 0
15 0 0
16 0 0
17 0 .00001
18 0 .00002
19 0 .01012
20 0 .0771
21 0 .05491
22 0 .02624
23 0 .05133
24 0 .04136
25 0 .02896
26 0 .02236
27 0 .04406
28 0 .02534
29 0 .02184
30 0 .02921
31 0 .01036
32 0 .00859
33 0 .00603
34 0 .0045
35 0 .00373
36 0 .00274
37 0 .00148
38 0 .00157
39 0 .00072
40 0 .00049
41 0 .00035
42 0 .00033
43 0 .00019
44 0 .00006
45 0 .00004
46 0 .00002
47 0 .00001
48 0 0
49 0 0
50 0 0
51 0 0
100 0 0
*parity 1 divorced
birth 1 F divorced 1
14 0 0
15 0 0
16 0 0
17 0 .00001
18 0 .00002
19 0 .01012
20 0 .0771
21 0 .05491
22 0 .02624
23 0 .05133
24 0 .04136
25 0 .02896
26 0 .02236
27 0 .04406
28 0 .02534
29 0 .02184
30 0 .02921
31 0 .01036
32 0 .00859
33 0 .00603
34 0 .0045
35 0 .00373
36 0 .00274
37 0 .00148
38 0 .00157
39 0 .00072
40 0 .00049
41 0 .00035
42 0 .00033
43 0 .00019
44 0 .00006
45 0 .00004
46 0 .00002
47 0 .00001
48 0 0
49 0 0
50 0 0
51 0 0
100 0 0
*parity 2 married
birth 1 F married 2
14 0 0
15 0 0
16 0 0
17 0 .00001
18 0 .00005
19 0 .03124
20 0 .01613
21 0 .01248
22 0 .01258
23 0 .01289
24 0 .01023
25 0 .01104
26 0 .01016
27 0 .01102
28 0 .00937
29 0 .00974
30 0 .00854
31 0 .0072
32 0 .00677
33 0 .00611
34 0 .00559
35 0 .00459
36 0 .00421
37 0 .00375
38 0 .00339
39 0 .00281
40 0 .00227
41 0 .00162
42 0 .00137
43 0 .00095
44 0 .0007
45 0 .00047
46 0 .00027
47 0 .00015
48 0 .00007
49 0 .00004
50 0 .00001
51 0 .00001
100 0 0
*parity 2 single
birth 1 F single 2
14 0 0
15 0 0
16 0 0
17 0 0
18 0 .00933
19 0 .02684
20 0 .01386
21 0 .02101
22 0 .01578
23 0 .01865
24 0 .01278
25 0 .01298
26 0 .01342
27 0 .01455
28 0 .0141
29 0 .0116
30 0 .01264
31 0 .01573
32 0 .01791
33 0 .01238
34 0 .01634
35 0 .02599
36 0 .01982
37 0 .01753
38 0 .0148
39 0 .03874
40 0 .0128
41 0 .01124
42 0 .00844
43 0 .01904
44 0 .01
45 0 .02581
46 0 .00517
47 0 .0032
48 0 .00101
49 0 .00258
50 0 .00044
51 0 .00012
100 0 0
*parity 2 widowed
birth 1 F widowed 2
14 0 0
15 0 0
16 0 0
17 0 0
18 0 0
19 0 .00001
20 0 .01873
21 0 .01774
22 0 .01066
23 0 .00687
24 0 .00559
25 0 .00368
26 0 .00411
27 0 .00303
28 0 .00342
29 0 .00259
30 0 .00296
31 0 .00195
32 0 .00216
33 0 .00176
34 0 .00129
35 0 .00118
36 0 .00086
37 0 .00089
38 0 .00056
39 0 .00048
40 0 .00034
41 0 .0003
42 0 .00021
43 0 .00014
44 0 .0001
45 0 .00006
46 0 .00003
47 0 .00002
48 0 .00001
49 0 0
50 0 0
51 0 0
100 0 0
*parity 2 divorced
birth 1 F divorced 2
14 0 0
15 0 0
16 0 0
17 0 0
18 0 0
19 0 .00001
20 0 .01873
21 0 .01774
22 0 .01066
23 0 .00687
24 0 .00559
25 0 .00368
26 0 .00411
27 0 .00303
28 0 .00342
29 0 .00259
30 0 .00296
31 0 .00195
32 0 .00216
33 0 .00176
34 0 .00129
35 0 .00118
36 0 .00086
37 0 .00089
38 0 .00056
39 0 .00048
40 0 .00034
41 0 .0003
42 0 .00021
43 0 .00014
44 0 .0001
45 0 .00006
46 0 .00003
47 0 .00002
48 0 .00001
49 0 0
50 0 0
51 0 0
100 0 0
