*parity 0 married
birth 1 F married 0
14 0 0
15 0 .00009
16 0 .00039
17 0 .06578
18 0 .05307
19 0 .05356
20 0 .07485
21 0 .09498
22 0 .09695
23 0 .09803
24 0 .08551
25 0 .11507
26 0 .12412
27 0 .09311
28 0 .07162
29 0 .09219
30 0 .10744
31 0 .05163
32 0 .08687
33 0 .02587
34 0 .0391
35 0 .01546
36 0 .00487
37 0 .00196
38 0 .00134
39 0 .00094
40 0 .00057
41 0 .0004
42 0 .00025
43 0 .00016
44 0 .0001
45 0 .00006
46 0 .00004
47 0 .00002
48 0 .00001
49 0 0
50 0 0
51 0 0
100 0 0
*parity 0 single
birth 1 F single 0
14 0 0
15 0 .00015
16 0 .0006
17 0 .00116
18 0 .00196
19 0 .00279
20 0 .00338
21 0 .00366
22 0 .00373
23 0 .00366
24 0 .00375
25 0 .00359
26 0 .00377
27 0 .00373
28 0 .00367
29 0 .00337
30 0 .00326
31 0 .00279
32 0 .00257
33 0 .00226
34 0 .00213
35 0 .00209
36 0 .00187
37 0 .00177
38 0 .00158
39 0 .00146
40 0 .00121
41 0 .00104
42 0 .00077
43 0 .00063
44 0 .00045
45 0 .00031
46 0 .00018
47 0 .00017
48 0 .00007
49 0 .00002
50 0 0
51 0 .00001
100 0 0
*parity 0 widowed
birth 1 F widowed 0
14 0 0
15 0 .00002
16 0 .00007
17 0 .00013
18 0 .28752
19 0 .15477
20 0 .45702
21 0 .96386
22 0 .00031
23 0 .00029
24 0 .00027
25 0 .73234
26 0 .00024
27 0 .00022
28 0 .65291
29 0 .5867
30 0 .00015
31 0 .00013
32 0 .00011
33 0 .0964
34 0 .10761
35 0 .05762
36 0 .04714
37 0 .00537
38 0 .00397
39 0 .0018
40 0 .00107
41 0 .00056
42 0 .00033
43 0 .00015
44 0 .00007
45 0 .00004
46 0 .00002
47 0 .00001
48 0 0
49 0 0
50 0 0
51 0 0
100 0 0
*parity 0 divorced
birth 1 F divorced 0
14 0 0
15 0 .00002
16 0 .00007
17 0 .00013
18 0 .28752
19 0 .15477
20 0 .45702
21 0 .96386
22 0 .00031
23 0 .00029
24 0 .00027
25 0 .73234
26 0 .00024
27 0 .00022
28 0 .65291
29 0 .5867
30 0 .00015
31 0 .00013
32 0 .00011
33 0 .0964
34 0 .10761
35 0 .05762
36 0 .04714
37 0 .00537
38 0 .00397
39 0 .0018
40 0 .00107
41 0 .00056
42 0 .00033
43 0 .00015
44 0 .00007
45 0 .00004
46 0 .00002
47 0 .00001
48 0 0
49 0 0
50 0 0
51 0 0
100 0 0
*parity 1 married
birth 1 F married 1
14 0 0
15 0 0
16 0 .00002
17 0 .00008
18 0 .0184
19 0 .01566
20 0 .02676
21 0 .02195
22 0 .02264
23 0 .02694
24 0 .02226
25 0 .02338
26 0 .01636
27 0 .01683
28 0 .01764
29 0 .01759
30 0 .01297
31 0 .01335
32 0 .0136
33 0 .01024
34 0 .00586
35 0 .00416
36 0 .00349
37 0 .00322
38 0 .00308
39 0 .00236
40 0 .0022
41 0 .00123
42 0 .00089
43 0 .00061
44 0 .00027
45 0 .00014
46 0 .00006
47 0 .00003
48 0 .00002
49 0 .00001
50 0 0
51 0 0
100 0 0
*parity 1 single
birth 1 F single 1
14 0 0
15 0 0
16 0 .01908
17 0 .02372
18 0 .02955
19 0 .03369
20 0 .02432
21 0 .02963
22 0 .02427
23 0 .02977
24 0 .02619
25 0 .03143
26 0 .02716
27 0 .02527
28 0 .02647
29 0 .02305
30 0 .02082
31 0 .02394
32 0 .02154
33 0 .02001
34 0 .01995
35 0 .01516
36 0 .01639
37 0 .0221
38 0 .03023
39 0 .03583
40 0 .01754
41 0 .01238
42 0 .00904
43 0 .0162
44 0 .01652
45 0 .0107
46 0 .00107
47 0 .00047
48 0 .00039
49 0 .00012
50 0 .00006
51 0 0
100 0 0
*parity 1 widowed
birth 1 F widowed 1
14 0 0
15 0 0
16 0 0
17 0 .00001
18 0 .00004
19 0 .19389
20 0 .15882
21 0 .06418
22 0 .07676
23 0 .61623
24 0 .00022
25 0 .64353
26 0 .1027
27 0 .00021
28 0 .16993
29 0 .09293
30 0 .07893
31 0 .56697
32 0 .16531
33 0 .13509
34 0 .15677
35 0 .02139
36 0 .01002
37 0 .00663
38 0 .0026
39 0 .00213
40 0 .00149
41 0 .00101
42 0 .00044
43 0 .00015
44 0 .00009
45 0 .00005
46 0 .00002
47 0 .00001
48 0 0
49 0 0
50 0 0
51 0 0
100 0 0
*parity 1 divorced
birth 1 F divorced 1
14 0 0
15 0 0
16 0 0
17 0 .00001
18 0 .00004
19 0 .19389
20 0 .15882
21 0 .06418
22 0 .07676
23 0 .61623
24 0 .00022
25 0 .64353
26 0 .1027
27 0 .00021
28 0 .16993
29 0 .09293
30 0 .07893
31 0 .56697
32 0 .16531
33 0 .13509
34 0 .15677
35 0 .02139
36 0 .01002
37 0 .00663
38 0 .0026
39 0 .00213
40 0 .00149
41 0 .00101
42 0 .00044
43 0 .00015
44 0 .00009
45 0 .00005
46 0 .00002
47 0 .00001
48 0 0
49 0 0
50 0 0
51 0 0
100 0 0
*parity 2 married
birth 1 F married 2
14 0 0
15 0 0
16 0 0
17 0 .00001
18 0 .00003
19 0 .01904
20 0 .00734
21 0 .0092
22 0 .0113
23 0 .01044
24 0 .00944
25 0 .01028
26 0 .01028
27 0 .00951
28 0 .00912
29 0 .0088
30 0 .00812
31 0 .00757
32 0 .00627
33 0 .00535
34 0 .0043
35 0 .00362
36 0 .00301
37 0 .00243
38 0 .00203
39 0 .00162
40 0 .00136
41 0 .00099
42 0 .0008
43 0 .00055
44 0 .0004
45 0 .00026
46 0 .00015
47 0 .00008
48 0 .00005
49 0 .00002
50 0 .00001
51 0 0
100 0 0
*parity 2 single
birth 1 F single 2
14 0 0
15 0 0
16 0 0
17 0 .00001
18 0 .0114
19 0 .01205
20 0 .01623
21 0 .0143
22 0 .01494
23 0 .01306
24 0 .01309
25 0 .01208
26 0 .01116
27 0 .01119
28 0 .01051
29 0 .01027
30 0 .01019
31 0 .00885
32 0 .00781
33 0 .00801
34 0 .00751
35 0 .0077
36 0 .00794
37 0 .00781
38 0 .00694
39 0 .00625
40 0 .00563
41 0 .00494
42 0 .00386
43 0 .00323
44 0 .00274
45 0 .00182
46 0 .00138
47 0 .00082
48 0 .00048
49 0 .00021
50 0 .00009
51 0 .00004
100 0 0
*parity 2 widowed
birth 1 F widowed 2
14 0 0
15 0 0
16 0 0
17 0 0
18 0 0
19 0 .03602
20 0 .04042
21 0 .01181
22 0 .0111
23 0 .00838
24 0 .01147
25 0 .00915
26 0 .00813
27 0 .00628
28 0 .00466
29 0 .00527
30 0 .00408
31 0 .00402
32 0 .0032
33 0 .00268
34 0 .00256
35 0 .00179
36 0 .00148
37 0 .00129
38 0 .00093
39 0 .00072
40 0 .00054
41 0 .0004
42 0 .00026
43 0 .00019
44 0 .00012
45 0 .00007
46 0 .00004
47 0 .00002
48 0 .00001
49 0 .00001
50 0 0
51 0 0
100 0 0
*parity 2 divorced
birth 1 F divorced 2
14 0 0
15 0 0
16 0 0
17 0 0
18 0 0
19 0 .03602
20 0 .04042
21 0 .01181
22 0 .0111
23 0 .00838
24 0 .01147
25 0 .00915
26 0 .00813
27 0 .00628
28 0 .00466
29 0 .00527
30 0 .00408
31 0 .00402
32 0 .0032
33 0 .00268
34 0 .00256
35 0 .00179
36 0 .00148
37 0 .00129
38 0 .00093
39 0 .00072
40 0 .00054
41 0 .0004
42 0 .00026
43 0 .00019
44 0 .00012
45 0 .00007
46 0 .00004
47 0 .00002
48 0 .00001
49 0 .00001
50 0 0
51 0 0
100 0 0
