*parity all married
birth 1 F married 0
14 0 0
15 0 .0001
16 0 .00071
17 0 .00234
18 0 .00555
19 0 .01032
20 0 .01553
21 0 .01971
22 0 .02213
23 0 .02319
24 0 .0234
25 0 .02252
26 0 .02088
27 0 .01877
28 0 .01712
29 0 .01561
30 0 .01455
31 0 .01288
32 0 .01177
33 0 .01072
34 0 .01032
35 0 .00974
36 0 .00921
37 0 .00853
38 0 .00794
39 0 .00715
40 0 .00633
41 0 .00494
42 0 .00381
43 0 .00279
44 0 .00208
45 0 .00141
46 0 .00086
47 0 .00054
48 0 .0003
49 0 .00017
50 0 .0001
51 0 .00006
100 0 0
*parity all single
birth 1 F single 0
14 0 0
15 0 .0001
16 0 .00071
17 0 .00234
18 0 .00555
19 0 .01032
20 0 .01553
21 0 .01971
22 0 .02213
23 0 .02319
24 0 .0234
25 0 .02252
26 0 .02088
27 0 .01877
28 0 .01712
29 0 .01561
30 0 .01455
31 0 .01288
32 0 .01177
33 0 .01072
34 0 .01032
35 0 .00974
36 0 .00921
37 0 .00853
38 0 .00794
39 0 .00715
40 0 .00633
41 0 .00494
42 0 .00381
43 0 .00279
44 0 .00208
45 0 .00141
46 0 .00086
47 0 .00054
48 0 .0003
49 0 .00017
50 0 .0001
51 0 .00006
100 0 0
*parity all widowed
birth 1 F widowed 0
14 0 0
15 0 .0001
16 0 .00071
17 0 .00234
18 0 .00555
19 0 .01032
20 0 .01553
21 0 .01971
22 0 .02213
23 0 .02319
24 0 .0234
25 0 .02252
26 0 .02088
27 0 .01877
28 0 .01712
29 0 .01561
30 0 .01455
31 0 .01288
32 0 .01177
33 0 .01072
34 0 .01032
35 0 .00974
36 0 .00921
37 0 .00853
38 0 .00794
39 0 .00715
40 0 .00633
41 0 .00494
42 0 .00381
43 0 .00279
44 0 .00208
45 0 .00141
46 0 .00086
47 0 .00054
48 0 .0003
49 0 .00017
50 0 .0001
51 0 .00006
100 0 0
*parity all divorced
birth 1 F divorced 0
14 0 0
15 0 .0001
16 0 .00071
17 0 .00234
18 0 .00555
19 0 .01032
20 0 .01553
21 0 .01971
22 0 .02213
23 0 .02319
24 0 .0234
25 0 .02252
26 0 .02088
27 0 .01877
28 0 .01712
29 0 .01561
30 0 .01455
31 0 .01288
32 0 .01177
33 0 .01072
34 0 .01032
35 0 .00974
36 0 .00921
37 0 .00853
38 0 .00794
39 0 .00715
40 0 .00633
41 0 .00494
42 0 .00381
43 0 .00279
44 0 .00208
45 0 .00141
46 0 .00086
47 0 .00054
48 0 .0003
49 0 .00017
50 0 .0001
51 0 .00006
100 0 0
