*parity 0 married
birth 1 F married 0
14 0 0
15 0 .0002
16 0 .00079
17 0 .09889
18 0 .04982
19 0 .07353
20 0 .06492
21 0 .0958
22 0 .11432
23 0 .09328
24 0 .10176
25 0 .12562
26 0 .11787
27 0 .10067
28 0 .15841
29 0 .16149
30 0 .08615
31 0 .04467
32 0 .02352
33 0 .01631
34 0 .0098
35 0 .00654
36 0 .00435
37 0 .00275
38 0 .00232
39 0 .00158
40 0 .00121
41 0 .00095
42 0 .00062
43 0 .00034
44 0 .00022
45 0 .00013
46 0 .00007
47 0 .00005
48 0 .00002
49 0 .00001
50 0 0
51 0 0
100 0 0
*parity 0 single
birth 1 F single 0
14 0 0
15 0 .00004
16 0 .00017
17 0 .00033
18 0 .00057
19 0 .00078
20 0 .00096
21 0 .00101
22 0 .00103
23 0 .00103
24 0 .00101
25 0 .00107
26 0 .00102
27 0 .00103
28 0 .001
29 0 .00097
30 0 .00098
31 0 .00092
32 0 .00095
33 0 .00098
34 0 .00099
35 0 .00096
36 0 .00096
37 0 .0008
38 0 .00083
39 0 .00079
40 0 .00061
41 0 .00051
42 0 .00045
43 0 .00054
44 0 .00032
45 0 .00022
46 0 .00012
47 0 .00007
48 0 .00004
49 0 .00003
50 0 0
51 0 0
100 0 0
*parity 0 widowed
birth 1 F widowed 0
14 0 0
15 0 .00001
16 0 .00005
17 0 .06678
18 0 .11011
19 0 .0002
20 0 .33475
21 0 .00023
22 0 .00022
23 0 .0002
24 0 .29985
25 0 .27763
26 0 .00017
27 0 .24719
28 0 .00015
29 0 .00013
30 0 .17453
31 0 .0001
32 0 .12271
33 0 .04806
34 0 .07942
35 0 .01078
36 0 .00381
37 0 .00269
38 0 .00132
39 0 .00129
40 0 .00088
41 0 .00037
42 0 .00029
43 0 .00019
44 0 .00007
45 0 .00005
46 0 .00003
47 0 .00002
48 0 .00001
49 0 0
50 0 0
51 0 0
100 0 0
*parity 0 divorced
birth 1 F divorced 0
14 0 0
15 0 .00001
16 0 .00005
17 0 .06678
18 0 .11011
19 0 .0002
20 0 .33475
21 0 .00023
22 0 .00022
23 0 .0002
24 0 .29985
25 0 .27763
26 0 .00017
27 0 .24719
28 0 .00015
29 0 .00013
30 0 .17453
31 0 .0001
32 0 .12271
33 0 .04806
34 0 .07942
35 0 .01078
36 0 .00381
37 0 .00269
38 0 .00132
39 0 .00129
40 0 .00088
41 0 .00037
42 0 .00029
43 0 .00019
44 0 .00007
45 0 .00005
46 0 .00003
47 0 .00002
48 0 .00001
49 0 0
50 0 0
51 0 0
100 0 0
*parity 1 married
birth 1 F married 1
14 0 0
15 0 0
16 0 .00004
17 0 .00015
18 0 .01798
19 0 .019
20 0 .01808
21 0 .02079
22 0 .01678
23 0 .0194
24 0 .01997
25 0 .01918
26 0 .01902
27 0 .0193
28 0 .02307
29 0 .01994
30 0 .01599
31 0 .01492
32 0 .01141
33 0 .00962
34 0 .00698
35 0 .00653
36 0 .00578
37 0 .00496
38 0 .00353
39 0 .00279
40 0 .00196
41 0 .00146
42 0 .00088
43 0 .00055
44 0 .00033
45 0 .00022
46 0 .00013
47 0 .00005
48 0 .00002
49 0 .00001
50 0 0
51 0 0
100 0 0
*parity 1 single
birth 1 F single 1
14 0 0
15 0 0
16 0 .00001
17 0 .02412
18 0 .01618
19 0 .02449
20 0 .02367
21 0 .02902
22 0 .02801
23 0 .03077
24 0 .02727
25 0 .0264
26 0 .02264
27 0 .02702
28 0 .03097
29 0 .02964
30 0 .0286
31 0 .02884
32 0 .04749
33 0 .05248
34 0 .05807
35 0 .06756
36 0 .05596
37 0 .10496
38 0 .00011
39 0 .06365
40 0 .00006
41 0 .00004
42 0 .03844
43 0 .00759
44 0 .01302
45 0 .00685
46 0 .00085
47 0 0
48 0 0
49 0 0
50 0 0
51 0 .00003
100 0 0
*parity 1 widowed
birth 1 F widowed 1
14 0 0
15 0 0
16 0 0
17 0 .00001
18 0 .00002
19 0 .02527
20 0 .11323
21 0 .01815
22 0 .10249
23 0 .02501
24 0 .01322
25 0 .01252
26 0 .04716
27 0 .0131
28 0 .01511
29 0 .01126
30 0 .01059
31 0 .00687
32 0 .00764
33 0 .00511
34 0 .00424
35 0 .00264
36 0 .00154
37 0 .00107
38 0 .00099
39 0 .00069
40 0 .00044
41 0 .00032
42 0 .00017
43 0 .00012
44 0 .00006
45 0 .00003
46 0 .00002
47 0 .00001
48 0 0
49 0 0
50 0 0
51 0 0
100 0 0
*parity 1 divorced
birth 1 F divorced 1
14 0 0
15 0 0
16 0 0
17 0 .00001
18 0 .00002
19 0 .02527
20 0 .11323
21 0 .01815
22 0 .10249
23 0 .02501
24 0 .01322
25 0 .01252
26 0 .04716
27 0 .0131
28 0 .01511
29 0 .01126
30 0 .01059
31 0 .00687
32 0 .00764
33 0 .00511
34 0 .00424
35 0 .00264
36 0 .00154
37 0 .00107
38 0 .00099
39 0 .00069
40 0 .00044
41 0 .00032
42 0 .00017
43 0 .00012
44 0 .00006
45 0 .00003
46 0 .00002
47 0 .00001
48 0 0
49 0 0
50 0 0
51 0 0
100 0 0
*parity 2 married
birth 1 F married 2
14 0 0
15 0 0
16 0 0
17 0 .00001
18 0 .00005
19 0 .01702
20 0 .01545
21 0 .01563
22 0 .01508
23 0 .01396
24 0 .01426
25 0 .01068
26 0 .01191
27 0 .01002
28 0 .00832
29 0 .00826
30 0 .00769
31 0 .00658
32 0 .00614
33 0 .00513
34 0 .00475
35 0 .00403
36 0 .00365
37 0 .00324
38 0 .00267
39 0 .00221
40 0 .00179
41 0 .00132
42 0 .00102
43 0 .00072
44 0 .00052
45 0 .00032
46 0 .00019
47 0 .00011
48 0 .00005
49 0 .00003
50 0 .00001
51 0 0
100 0 0
*parity 2 single
birth 1 F single 2
14 0 0
15 0 0
16 0 0
17 0 0
18 0 .00001
19 0 .04825
20 0 .01629
21 0 .01172
22 0 .01138
23 0 .01122
24 0 .01387
25 0 .01046
26 0 .01162
27 0 .01232
28 0 .0123
29 0 .01152
30 0 .00965
31 0 .0137
32 0 .01327
33 0 .01235
34 0 .0126
35 0 .01776
36 0 .01093
37 0 .01652
38 0 .01307
39 0 .01136
40 0 .01647
41 0 .00861
42 0 .00689
43 0 .00685
44 0 .0043
45 0 .00435
46 0 .00332
47 0 .00179
48 0 .0021
49 0 .00135
50 0 .00048
51 0 .00009
100 0 0
*parity 2 widowed
birth 1 F widowed 2
14 0 0
15 0 0
16 0 0
17 0 0
18 0 0
19 0 .00001
20 0 .00002
21 0 .05277
22 0 .01388
23 0 .00789
24 0 .00683
25 0 .00624
26 0 .00403
27 0 .00515
28 0 .00437
29 0 .0035
30 0 .00307
31 0 .00292
32 0 .00182
33 0 .00174
34 0 .00161
35 0 .00128
36 0 .00108
37 0 .00088
38 0 .00066
39 0 .00052
40 0 .00039
41 0 .00028
42 0 .00019
43 0 .00014
44 0 .00009
45 0 .00006
46 0 .00003
47 0 .00001
48 0 .00001
49 0 0
50 0 0
51 0 0
100 0 0
*parity 2 divorced
birth 1 F divorced 2
14 0 0
15 0 0
16 0 0
17 0 0
18 0 0
19 0 .00001
20 0 .00002
21 0 .05277
22 0 .01388
23 0 .00789
24 0 .00683
25 0 .00624
26 0 .00403
27 0 .00515
28 0 .00437
29 0 .0035
30 0 .00307
31 0 .00292
32 0 .00182
33 0 .00174
34 0 .00161
35 0 .00128
36 0 .00108
37 0 .00088
38 0 .00066
39 0 .00052
40 0 .00039
41 0 .00028
42 0 .00019
43 0 .00014
44 0 .00009
45 0 .00006
46 0 .00003
47 0 .00001
48 0 .00001
49 0 0
50 0 0
51 0 0
100 0 0
