*parity 0 married
birth 1 F married 0
14 0 0
15 0 .00022
16 0 .00098
17 0 .04359
18 0 .03548
19 0 .03724
20 0 .03597
21 0 .03689
22 0 .03887
23 0 .03581
24 0 .03109
25 0 .02253
26 0 .02035
27 0 .01616
28 0 .01448
29 0 .01213
30 0 .01088
31 0 .00782
32 0 .00524
33 0 .00546
34 0 .00434
35 0 .00333
36 0 .00254
37 0 .00219
38 0 .00171
39 0 .00126
40 0 .00096
41 0 .00075
42 0 .00045
43 0 .00033
44 0 .00019
45 0 .00012
46 0 .00007
47 0 .00004
48 0 .00001
49 0 .00001
50 0 0
51 0 0
100 0 0
*parity 0 single
birth 1 F single 0
14 0 0
15 0 .00001
16 0 .00003
17 0 .00007
18 0 .00014
19 0 .00023
20 0 .00032
21 0 .00037
22 0 .00036
23 0 .00036
24 0 .00037
25 0 .00037
26 0 .0004
27 0 .00039
28 0 .00035
29 0 .00036
30 0 .00033
31 0 .00031
32 0 .00038
33 0 .0003
34 0 .0003
35 0 .00025
36 0 .00025
37 0 .00017
38 0 .00019
39 0 .00014
40 0 .00014
41 0 .00016
42 0 .00008
43 0 .00007
44 0 .00005
45 0 .00002
46 0 .00001
47 0 .00001
48 0 0
49 0 0
50 0 0
51 0 0
100 0 0
*parity 0 widowed
birth 1 F widowed 0
14 0 0
15 0 .00001
16 0 .00004
17 0 .00008
18 0 .07196
19 0 .09819
20 0 .06081
21 0 .18405
22 0 .05914
23 0 .04545
24 0 .01662
25 0 .01572
26 0 .03946
27 0 .009
28 0 .00897
29 0 .01082
30 0 .00684
31 0 .0044
32 0 .00174
33 0 .00137
34 0 .00102
35 0 .00098
36 0 .00069
37 0 .00053
38 0 .00037
39 0 .00022
40 0 .00022
41 0 .0001
42 0 .00007
43 0 .00004
44 0 .00003
45 0 .00002
46 0 .00001
47 0 0
48 0 0
49 0 0
50 0 0
51 0 0
100 0 0
*parity 0 divorced
birth 1 F divorced 0
14 0 0
15 0 .00001
16 0 .00004
17 0 .00008
18 0 .07196
19 0 .09819
20 0 .06081
21 0 .18405
22 0 .05914
23 0 .04545
24 0 .01662
25 0 .01572
26 0 .03946
27 0 .009
28 0 .00897
29 0 .01082
30 0 .00684
31 0 .0044
32 0 .00174
33 0 .00137
34 0 .00102
35 0 .00098
36 0 .00069
37 0 .00053
38 0 .00037
39 0 .00022
40 0 .00022
41 0 .0001
42 0 .00007
43 0 .00004
44 0 .00003
45 0 .00002
46 0 .00001
47 0 0
48 0 0
49 0 0
50 0 0
51 0 0
100 0 0
*parity 1 married
birth 1 F married 1
14 0 0
15 0 0
16 0 .00007
17 0 .00026
18 0 .0262
19 0 .02924
20 0 .02419
21 0 .03066
22 0 .03748
23 0 .04009
24 0 .0414
25 0 .04426
26 0 .03352
27 0 .03305
28 0 .03638
29 0 .0344
30 0 .02848
31 0 .0285
32 0 .0325
33 0 .0254
34 0 .01844
35 0 .01862
36 0 .01356
37 0 .01579
38 0 .01703
39 0 .01698
40 0 .01319
41 0 .00599
42 0 .00528
43 0 .00319
44 0 .00263
45 0 .00228
46 0 .00052
47 0 .00029
48 0 .0002
49 0 .00007
50 0 .00004
51 0 .00003
100 0 0
*parity 1 single
birth 1 F single 1
14 0 0
15 0 0
16 0 0
17 0 .00001
18 0 .00002
19 0 .03434
20 0 .01289
21 0 .02567
22 0 .03766
23 0 .02534
24 0 .02952
25 0 .04801
26 0 .00014
27 0 .08141
28 0 .04549
29 0 .03199
30 0 .10777
31 0 .04649
32 0 .00007
33 0 .00006
34 0 .01705
35 0 .04191
36 0 .03317
37 0 .00003
38 0 .00002
39 0 .01495
40 0 .01205
41 0 .00401
42 0 .0025
43 0 0
44 0 0
45 0 0
46 0 .00046
47 0 0
48 0 0
49 0 0
50 0 0
51 0 0
100 0 0
*parity 1 widowed
birth 1 F widowed 1
14 0 0
15 0 0
16 0 0
17 0 .00001
18 0 .00003
19 0 .02135
20 0 .04808
21 0 .09577
22 0 .11707
23 0 .04201
24 0 .01976
25 0 .11939
26 0 .02176
27 0 .01265
28 0 .01305
29 0 .01591
30 0 .0335
31 0 .01445
32 0 .0073
33 0 .00483
34 0 .00707
35 0 .00261
36 0 .00229
37 0 .00218
38 0 .00197
39 0 .00169
40 0 .00125
41 0 .001
42 0 .00155
43 0 .00028
44 0 .00012
45 0 .00007
46 0 .00006
47 0 .00004
48 0 .00001
49 0 0
50 0 0
51 0 0
100 0 0
*parity 1 divorced
birth 1 F divorced 1
14 0 0
15 0 0
16 0 0
17 0 .00001
18 0 .00003
19 0 .02135
20 0 .04808
21 0 .09577
22 0 .11707
23 0 .04201
24 0 .01976
25 0 .11939
26 0 .02176
27 0 .01265
28 0 .01305
29 0 .01591
30 0 .0335
31 0 .01445
32 0 .0073
33 0 .00483
34 0 .00707
35 0 .00261
36 0 .00229
37 0 .00218
38 0 .00197
39 0 .00169
40 0 .00125
41 0 .001
42 0 .00155
43 0 .00028
44 0 .00012
45 0 .00007
46 0 .00006
47 0 .00004
48 0 .00001
49 0 0
50 0 0
51 0 0
100 0 0
*parity 2 married
birth 1 F married 2
14 0 0
15 0 0
16 0 .00001
17 0 .00002
18 0 .00011
19 0 .03256
20 0 .03107
21 0 .02272
22 0 .02261
23 0 .02148
24 0 .02096
25 0 .01995
26 0 .01766
27 0 .01799
28 0 .01618
29 0 .01478
30 0 .01434
31 0 .0138
32 0 .0129
33 0 .01126
34 0 .01032
35 0 .01044
36 0 .00942
37 0 .00848
38 0 .0073
39 0 .00651
40 0 .00566
41 0 .0045
42 0 .00356
43 0 .00247
44 0 .00186
45 0 .00138
46 0 .00079
47 0 .00047
48 0 .00028
49 0 .00014
50 0 .00007
51 0 .00003
100 0 0
*parity 2 single
birth 1 F single 2
14 0 0
15 0 0
16 0 0
17 0 0
18 0 0
19 0 .00001
20 0 .00003
21 0 .02174
22 0 .02094
23 0 .03609
24 0 .04598
25 0 .023
26 0 .04448
27 0 .02389
28 0 .04593
29 0 .03486
30 0 .02589
31 0 .01857
32 0 .01863
33 0 .02661
34 0 .02481
35 0 .04019
36 0 .02881
37 0 .0185
38 0 .05845
39 0 .02432
40 0 .01505
41 0 .01344
42 0 .01614
43 0 .01663
44 0 .00003
45 0 .00821
46 0 .00922
47 0 .00537
48 0 .0014
49 0 .00068
50 0 .00027
51 0 .00022
100 0 0
*parity 2 widowed
birth 1 F widowed 2
14 0 0
15 0 0
16 0 0
17 0 0
18 0 0
19 0 .00001
20 0 .01103
21 0 .00624
22 0 .00814
23 0 .00898
24 0 .00693
25 0 .00696
26 0 .00512
27 0 .00487
28 0 .00446
29 0 .00366
30 0 .00322
31 0 .00266
32 0 .00257
33 0 .00201
34 0 .0022
35 0 .00143
36 0 .00163
37 0 .00124
38 0 .00099
39 0 .00093
40 0 .00066
41 0 .00046
42 0 .00036
43 0 .00025
44 0 .00019
45 0 .00009
46 0 .00007
47 0 .00003
48 0 .00002
49 0 .00001
50 0 0
51 0 0
100 0 0
*parity 2 divorced
birth 1 F divorced 2
14 0 0
15 0 0
16 0 0
17 0 0
18 0 0
19 0 .00001
20 0 .01103
21 0 .00624
22 0 .00814
23 0 .00898
24 0 .00693
25 0 .00696
26 0 .00512
27 0 .00487
28 0 .00446
29 0 .00366
30 0 .00322
31 0 .00266
32 0 .00257
33 0 .00201
34 0 .0022
35 0 .00143
36 0 .00163
37 0 .00124
38 0 .00099
39 0 .00093
40 0 .00066
41 0 .00046
42 0 .00036
43 0 .00025
44 0 .00019
45 0 .00009
46 0 .00007
47 0 .00003
48 0 .00002
49 0 .00001
50 0 0
51 0 0
100 0 0
