*parity 0 married
birth 1 F married 0
14 0 0
15 0 .0001
16 0 .00043
17 0 .03059
18 0 .02039
19 0 .02059
20 0 .02522
21 0 .01977
22 0 .01777
23 0 .01478
24 0 .01181
25 0 .01174
26 0 .00905
27 0 .00752
28 0 .00722
29 0 .00532
30 0 .00447
31 0 .00352
32 0 .00256
33 0 .00228
34 0 .00177
35 0 .00147
36 0 .00128
37 0 .00098
38 0 .00083
39 0 .00066
40 0 .00048
41 0 .00036
42 0 .00024
43 0 .00017
44 0 .00011
45 0 .00008
46 0 .00004
47 0 .00002
48 0 .00001
49 0 0
50 0 0
51 0 0
100 0 0
*parity 0 single
birth 1 F single 0
14 0 0
15 0 .00012
16 0 .00053
17 0 .00109
18 0 .00201
19 0 .00305
20 0 .0039
21 0 .00451
22 0 .00472
23 0 .00481
24 0 .0049
25 0 .00497
26 0 .00493
27 0 .00503
28 0 .00462
29 0 .00489
30 0 .00504
31 0 .00583
32 0 .00638
33 0 .00519
34 0 .00618
35 0 .00567
36 0 .00601
37 0 .0069
38 0 .0051
39 0 .00613
40 0 .00507
41 0 .00402
42 0 .00392
43 0 .00339
44 0 .00171
45 0 .00187
46 0 .00062
47 0 .00032
48 0 .00022
49 0 .00005
50 0 .00001
51 0 .00001
100 0 0
*parity 0 widowed
birth 1 F widowed 0
14 0 0
15 0 .00003
16 0 .00013
17 0 .51521
18 0 .20786
19 0 .30879
20 0 .30846
21 0 .17116
22 0 .10725
23 0 .26634
24 0 .09504
25 0 .06318
26 0 .03238
27 0 .0186
28 0 .01433
29 0 .01279
30 0 .00784
31 0 .00581
32 0 .00515
33 0 .00315
34 0 .00266
35 0 .00147
36 0 .00104
37 0 .0007
38 0 .00058
39 0 .0004
40 0 .00029
41 0 .0002
42 0 .00013
43 0 .00008
44 0 .00005
45 0 .00003
46 0 .00002
47 0 .00001
48 0 0
49 0 0
50 0 0
51 0 0
100 0 0
*parity 0 divorced
birth 1 F divorced 0
14 0 0
15 0 .00003
16 0 .00013
17 0 .51521
18 0 .20786
19 0 .30879
20 0 .30846
21 0 .17116
22 0 .10725
23 0 .26634
24 0 .09504
25 0 .06318
26 0 .03238
27 0 .0186
28 0 .01433
29 0 .01279
30 0 .00784
31 0 .00581
32 0 .00515
33 0 .00315
34 0 .00266
35 0 .00147
36 0 .00104
37 0 .0007
38 0 .00058
39 0 .0004
40 0 .00029
41 0 .0002
42 0 .00013
43 0 .00008
44 0 .00005
45 0 .00003
46 0 .00002
47 0 .00001
48 0 0
49 0 0
50 0 0
51 0 0
100 0 0
*parity 1 married
birth 1 F married 1
14 0 0
15 0 0
16 0 .00003
17 0 .19974
18 0 .02013
19 0 .02134
20 0 .02004
21 0 .02108
22 0 .01964
23 0 .01925
24 0 .02156
25 0 .02074
26 0 .01975
27 0 .01978
28 0 .015
29 0 .01897
30 0 .01563
31 0 .01313
32 0 .01094
33 0 .01017
34 0 .00808
35 0 .0074
36 0 .00523
37 0 .00519
38 0 .00476
39 0 .0033
40 0 .00249
41 0 .00178
42 0 .00134
43 0 .0009
44 0 .00057
45 0 .00034
46 0 .00019
47 0 .00012
48 0 .00004
49 0 .00001
50 0 .00001
51 0 0
100 0 0
*parity 1 single
birth 1 F single 1
14 0 0
15 0 0
16 0 .02156
17 0 .03509
18 0 .02798
19 0 .02898
20 0 .02847
21 0 .02866
22 0 .02853
23 0 .03353
24 0 .0314
25 0 .03715
26 0 .03895
27 0 .03602
28 0 .03913
29 0 .04012
30 0 .05947
31 0 .05204
32 0 .04331
33 0 .04549
34 0 .10352
35 0 .09207
36 0 .0734
37 0 .10015
38 0 .05312
39 0 .03908
40 0 .06696
41 0 .09283
42 0 .02256
43 0 .03104
44 0 .01761
45 0 .01221
46 0 .00358
47 0 0
48 0 .00207
49 0 0
50 0 0
51 0 0
100 0 0
*parity 1 widowed
birth 1 F widowed 1
14 0 0
15 0 0
16 0 .00001
17 0 .00003
18 0 .05154
19 0 .04178
20 0 .02298
21 0 .02566
22 0 .04505
23 0 .02055
24 0 .01662
25 0 .04198
26 0 .03186
27 0 .02791
28 0 .02726
29 0 .01587
30 0 .01725
31 0 .01034
32 0 .00769
33 0 .00477
34 0 .00372
35 0 .00406
36 0 .00422
37 0 .00215
38 0 .00127
39 0 .00101
40 0 .00089
41 0 .00049
42 0 .00032
43 0 .00018
44 0 .00015
45 0 .00008
46 0 .00005
47 0 .00003
48 0 .00001
49 0 0
50 0 0
51 0 0
100 0 0
*parity 1 divorced
birth 1 F divorced 1
14 0 0
15 0 0
16 0 .00001
17 0 .00003
18 0 .05154
19 0 .04178
20 0 .02298
21 0 .02566
22 0 .04505
23 0 .02055
24 0 .01662
25 0 .04198
26 0 .03186
27 0 .02791
28 0 .02726
29 0 .01587
30 0 .01725
31 0 .01034
32 0 .00769
33 0 .00477
34 0 .00372
35 0 .00406
36 0 .00422
37 0 .00215
38 0 .00127
39 0 .00101
40 0 .00089
41 0 .00049
42 0 .00032
43 0 .00018
44 0 .00015
45 0 .00008
46 0 .00005
47 0 .00003
48 0 .00001
49 0 0
50 0 0
51 0 0
100 0 0
*parity 2 married
birth 1 F married 2
14 0 0
15 0 0
16 0 0
17 0 .00001
18 0 .00004
19 0 .02546
20 0 .02201
21 0 .02094
22 0 .01867
23 0 .01773
24 0 .01628
25 0 .01348
26 0 .01439
27 0 .01306
28 0 .01302
29 0 .01093
30 0 .00933
31 0 .00809
32 0 .00738
33 0 .00691
34 0 .00631
35 0 .00565
36 0 .00479
37 0 .0044
38 0 .0037
39 0 .00336
40 0 .00269
41 0 .00222
42 0 .00156
43 0 .00118
44 0 .0008
45 0 .00051
46 0 .00032
47 0 .00019
48 0 .0001
49 0 .00005
50 0 .00002
51 0 .00001
100 0 0
*parity 2 single
birth 1 F single 2
14 0 0
15 0 0
16 0 0
17 0 .00001
18 0 .01783
19 0 .03522
20 0 .0205
21 0 .02785
22 0 .03185
23 0 .02931
24 0 .03123
25 0 .02273
26 0 .02417
27 0 .02452
28 0 .02461
29 0 .02419
30 0 .02509
31 0 .0244
32 0 .02744
33 0 .02896
34 0 .02859
35 0 .03256
36 0 .02949
37 0 .03013
38 0 .03499
39 0 .02714
40 0 .03465
41 0 .02473
42 0 .02487
43 0 .01816
44 0 .01602
45 0 .0117
46 0 .01264
47 0 .00807
48 0 .00404
49 0 .00255
50 0 .00116
51 0 .00028
100 0 0
*parity 2 widowed
birth 1 F widowed 2
14 0 0
15 0 0
16 0 0
17 0 0
18 0 .00001
19 0 .06769
20 0 .00008
21 0 .1093
22 0 .02965
23 0 .03169
24 0 .03029
25 0 .00983
26 0 .00966
27 0 .00857
28 0 .00854
29 0 .0072
30 0 .00613
31 0 .00519
32 0 .0048
33 0 .00391
34 0 .00303
35 0 .00248
36 0 .00227
37 0 .00191
38 0 .0016
39 0 .00125
40 0 .00102
41 0 .00072
42 0 .00058
43 0 .00038
44 0 .00026
45 0 .00016
46 0 .00009
47 0 .00006
48 0 .00003
49 0 .00001
50 0 .00001
51 0 0
100 0 0
*parity 2 divorced
birth 1 F divorced 2
14 0 0
15 0 0
16 0 0
17 0 0
18 0 .00001
19 0 .06769
20 0 .00008
21 0 .1093
22 0 .02965
23 0 .03169
24 0 .03029
25 0 .00983
26 0 .00966
27 0 .00857
28 0 .00854
29 0 .0072
30 0 .00613
31 0 .00519
32 0 .0048
33 0 .00391
34 0 .00303
35 0 .00248
36 0 .00227
37 0 .00191
38 0 .0016
39 0 .00125
40 0 .00102
41 0 .00072
42 0 .00058
43 0 .00038
44 0 .00026
45 0 .00016
46 0 .00009
47 0 .00006
48 0 .00003
49 0 .00001
50 0 .00001
51 0 0
100 0 0
