*parity 0 married
birth 1 F married 0
14 0 0
15 0 .00022
16 0 .00091
17 0 .03195
18 0 .02346
19 0 .02843
20 0 .02673
21 0 .02359
22 0 .02419
23 0 .0233
24 0 .02251
25 0 .01745
26 0 .0165
27 0 .01688
28 0 .01362
29 0 .01383
30 0 .01343
31 0 .01329
32 0 .01132
33 0 .01176
34 0 .00966
35 0 .00961
36 0 .00679
37 0 .0061
38 0 .00769
39 0 .0052
40 0 .00441
41 0 .0028
42 0 .00304
43 0 .00118
44 0 .00123
45 0 .00088
46 0 .0005
47 0 .00027
48 0 .00011
49 0 .00002
50 0 .00001
51 0 .00001
100 0 0
*parity 0 single
birth 1 F single 0
14 0 0
15 0 .00001
16 0 .00004
17 0 .00009
18 0 .00015
19 0 .00022
20 0 .00028
21 0 .00032
22 0 .00032
23 0 .00033
24 0 .00035
25 0 .00039
26 0 .00044
27 0 .00044
28 0 .00052
29 0 .00057
30 0 .00057
31 0 .00055
32 0 .00055
33 0 .00055
34 0 .00043
35 0 .00042
36 0 .00038
37 0 .00033
38 0 .00029
39 0 .00025
40 0 .00025
41 0 .00018
42 0 .00014
43 0 .00007
44 0 .00005
45 0 .00003
46 0 .00003
47 0 .00001
48 0 .00001
49 0 0
50 0 0
51 0 0
100 0 0
*parity 0 widowed
birth 1 F widowed 0
14 0 0
15 0 .00001
16 0 .00004
17 0 .00008
18 0 .03607
19 0 .03712
20 0 .11828
21 0 .04159
22 0 .03448
23 0 .01251
24 0 .01102
25 0 .00615
26 0 .00675
27 0 .00614
28 0 .00533
29 0 .00427
30 0 .00324
31 0 .00377
32 0 .00254
33 0 .00215
34 0 .00272
35 0 .00165
36 0 .00114
37 0 .00084
38 0 .00104
39 0 .00173
40 0 .00139
41 0 .00139
42 0 .0004
43 0 .00036
44 0 .00087
45 0 .00021
46 0 .00015
47 0 .00003
48 0 .00005
49 0 0
50 0 0
51 0 0
100 0 0
*parity 0 divorced
birth 1 F divorced 0
14 0 0
15 0 .00001
16 0 .00004
17 0 .00008
18 0 .03607
19 0 .03712
20 0 .11828
21 0 .04159
22 0 .03448
23 0 .01251
24 0 .01102
25 0 .00615
26 0 .00675
27 0 .00614
28 0 .00533
29 0 .00427
30 0 .00324
31 0 .00377
32 0 .00254
33 0 .00215
34 0 .00272
35 0 .00165
36 0 .00114
37 0 .00084
38 0 .00104
39 0 .00173
40 0 .00139
41 0 .00139
42 0 .0004
43 0 .00036
44 0 .00087
45 0 .00021
46 0 .00015
47 0 .00003
48 0 .00005
49 0 0
50 0 0
51 0 0
100 0 0
*parity 1 married
birth 1 F married 1
14 0 0
15 0 0
16 0 .00005
17 0 .00017
18 0 .04522
19 0 .04177
20 0 .02007
21 0 .01591
22 0 .01668
23 0 .01671
24 0 .01578
25 0 .01677
26 0 .01492
27 0 .01759
28 0 .01845
29 0 .01752
30 0 .0159
31 0 .01372
32 0 .01344
33 0 .01308
34 0 .01024
35 0 .00824
36 0 .00751
37 0 .0077
38 0 .00515
39 0 .00467
40 0 .00444
41 0 .00286
42 0 .00253
43 0 .00269
44 0 .0022
45 0 .00117
46 0 .00046
47 0 .00029
48 0 .00007
49 0 .00003
50 0 .00001
51 0 .00001
100 0 0
*parity 1 single
birth 1 F single 1
14 0 0
15 0 0
16 0 .00331
17 0 .00001
18 0 .00002
19 0 .00004
20 0 .02924
21 0 .04157
22 0 .09838
23 0 .07724
24 0 .12387
25 0 .12598
26 0 .03572
27 0 .02664
28 0 .07729
29 0 .00013
30 0 .04841
31 0 .08156
32 0 .02732
33 0 .06268
34 0 .10007
35 0 .00006
36 0 .00005
37 0 .04116
38 0 .00003
39 0 .02472
40 0 .00001
41 0 .00489
42 0 .00001
43 0 0
44 0 0
45 0 0
46 0 0
47 0 0
48 0 0
49 0 .00004
50 0 0
51 0 .00001
100 0 0
*parity 1 widowed
birth 1 F widowed 1
14 0 0
15 0 0
16 0 0
17 0 .00001
18 0 .03532
19 0 .00713
20 0 .01078
21 0 .00562
22 0 .00554
23 0 .00452
24 0 .0038
25 0 .00376
26 0 .00313
27 0 .00316
28 0 .00258
29 0 .00203
30 0 .00165
31 0 .00227
32 0 .00173
33 0 .00134
34 0 .001
35 0 .00085
36 0 .00069
37 0 .00072
38 0 .00043
39 0 .00041
40 0 .00027
41 0 .00041
42 0 .00018
43 0 .00013
44 0 .0001
45 0 .00008
46 0 .00004
47 0 .00002
48 0 0
49 0 0
50 0 0
51 0 0
100 0 0
*parity 1 divorced
birth 1 F divorced 1
14 0 0
15 0 0
16 0 0
17 0 .00001
18 0 .03532
19 0 .00713
20 0 .01078
21 0 .00562
22 0 .00554
23 0 .00452
24 0 .0038
25 0 .00376
26 0 .00313
27 0 .00316
28 0 .00258
29 0 .00203
30 0 .00165
31 0 .00227
32 0 .00173
33 0 .00134
34 0 .001
35 0 .00085
36 0 .00069
37 0 .00072
38 0 .00043
39 0 .00041
40 0 .00027
41 0 .00041
42 0 .00018
43 0 .00013
44 0 .0001
45 0 .00008
46 0 .00004
47 0 .00002
48 0 0
49 0 0
50 0 0
51 0 0
100 0 0
*parity 2 married
birth 1 F married 2
14 0 0
15 0 0
16 0 0
17 0 .00001
18 0 .00405
19 0 .00362
20 0 .0079
21 0 .0134
22 0 .01561
23 0 .01322
24 0 .0134
25 0 .01258
26 0 .01155
27 0 .00975
28 0 .00895
29 0 .0083
30 0 .00775
31 0 .00649
32 0 .00623
33 0 .00523
34 0 .00505
35 0 .00433
36 0 .00373
37 0 .00313
38 0 .00252
39 0 .00209
40 0 .00157
41 0 .00123
42 0 .00088
43 0 .00064
44 0 .00042
45 0 .00027
46 0 .00016
47 0 .00009
48 0 .00004
49 0 .00002
50 0 .00001
51 0 0
100 0 0
*parity 2 single
birth 1 F single 2
14 0 0
15 0 0
16 0 0
17 0 0
18 0 .00429
19 0 .00001
20 0 .02778
21 0 .02614
22 0 .01549
23 0 .02191
24 0 .01361
25 0 .0225
26 0 .02182
27 0 .03066
28 0 .02163
29 0 .0181
30 0 .01753
31 0 .02208
32 0 .02033
33 0 .02743
34 0 .01833
35 0 .01804
36 0 .01972
37 0 .04263
38 0 .0184
39 0 .01647
40 0 .01795
41 0 .01677
42 0 .00002
43 0 .00891
44 0 .00001
45 0 .00001
46 0 0
47 0 0
48 0 .00122
49 0 0
50 0 0
51 0 0
100 0 0
*parity 2 widowed
birth 1 F widowed 2
14 0 0
15 0 0
16 0 0
17 0 0
18 0 0
19 0 .00419
20 0 .00469
21 0 .0106
22 0 .00523
23 0 .00617
24 0 .00373
25 0 .0042
26 0 .00402
27 0 .00255
28 0 .00224
29 0 .00168
30 0 .00186
31 0 .00142
32 0 .00107
33 0 .00086
34 0 .00078
35 0 .00066
36 0 .0006
37 0 .00039
38 0 .00035
39 0 .00024
40 0 .0002
41 0 .00013
42 0 .00009
43 0 .00007
44 0 .00004
45 0 .00003
46 0 .00002
47 0 .00001
48 0 0
49 0 0
50 0 0
51 0 0
100 0 0
*parity 2 divorced
birth 1 F divorced 2
14 0 0
15 0 0
16 0 0
17 0 0
18 0 0
19 0 .00419
20 0 .00469
21 0 .0106
22 0 .00523
23 0 .00617
24 0 .00373
25 0 .0042
26 0 .00402
27 0 .00255
28 0 .00224
29 0 .00168
30 0 .00186
31 0 .00142
32 0 .00107
33 0 .00086
34 0 .00078
35 0 .00066
36 0 .0006
37 0 .00039
38 0 .00035
39 0 .00024
40 0 .0002
41 0 .00013
42 0 .00009
43 0 .00007
44 0 .00004
45 0 .00003
46 0 .00002
47 0 .00001
48 0 0
49 0 0
50 0 0
51 0 0
100 0 0
