*parity 0 married
birth 1 F married 0
14 0 0
15 0 .00023
16 0 .00092
17 0 .03179
18 0 .0301
19 0 .02745
20 0 .02439
21 0 .0262
22 0 .02513
23 0 .02309
24 0 .01855
25 0 .01949
26 0 .01822
27 0 .01557
28 0 .01549
29 0 .01535
30 0 .01503
31 0 .01278
32 0 .01379
33 0 .01253
34 0 .01134
35 0 .00835
36 0 .00831
37 0 .0097
38 0 .00753
39 0 .00664
40 0 .00412
41 0 .00499
42 0 .002
43 0 .00219
44 0 .00165
45 0 .00102
46 0 .00043
47 0 .00025
48 0 .00007
49 0 .00003
50 0 .00001
51 0 0
100 0 0
*parity 0 single
birth 1 F single 0
14 0 0
15 0 .00001
16 0 .00004
17 0 .00008
18 0 .00014
19 0 .00021
20 0 .00027
21 0 .00029
22 0 .0003
23 0 .00032
24 0 .00034
25 0 .00037
26 0 .00039
27 0 .00044
28 0 .00051
29 0 .00051
30 0 .00054
31 0 .00054
32 0 .00055
33 0 .00042
34 0 .00045
35 0 .00039
36 0 .00034
37 0 .00032
38 0 .00026
39 0 .00027
40 0 .00022
41 0 .00016
42 0 .00009
43 0 .00007
44 0 .00005
45 0 .00003
46 0 .00002
47 0 .00002
48 0 0
49 0 0
50 0 0
51 0 0
100 0 0
*parity 0 widowed
birth 1 F widowed 0
14 0 0
15 0 .00001
16 0 .00004
17 0 .13451
18 0 .05537
19 0 .15574
20 0 .04118
21 0 .04046
22 0 .01721
23 0 .01544
24 0 .00756
25 0 .00764
26 0 .00882
27 0 .00649
28 0 .00495
29 0 .00406
30 0 .00442
31 0 .00335
32 0 .00297
33 0 .00336
34 0 .00253
35 0 .0015
36 0 .0011
37 0 .00142
38 0 .00331
39 0 .00173
40 0 .00202
41 0 .00061
42 0 .00057
43 0 .00142
44 0 .00035
45 0 .00034
46 0 .00007
47 0 .00011
48 0 .00001
49 0 0
50 0 0
51 0 0
100 0 0
*parity 0 divorced
birth 1 F divorced 0
14 0 0
15 0 .00001
16 0 .00004
17 0 .13451
18 0 .05537
19 0 .15574
20 0 .04118
21 0 .04046
22 0 .01721
23 0 .01544
24 0 .00756
25 0 .00764
26 0 .00882
27 0 .00649
28 0 .00495
29 0 .00406
30 0 .00442
31 0 .00335
32 0 .00297
33 0 .00336
34 0 .00253
35 0 .0015
36 0 .0011
37 0 .00142
38 0 .00331
39 0 .00173
40 0 .00202
41 0 .00061
42 0 .00057
43 0 .00142
44 0 .00035
45 0 .00034
46 0 .00007
47 0 .00011
48 0 .00001
49 0 0
50 0 0
51 0 0
100 0 0
*parity 1 married
birth 1 F married 1
14 0 0
15 0 0
16 0 .00005
17 0 .28163
18 0 .0539
19 0 .02604
20 0 .01606
21 0 .01599
22 0 .01717
23 0 .01579
24 0 .01819
25 0 .01443
26 0 .01783
27 0 .01844
28 0 .01765
29 0 .01643
30 0 .01408
31 0 .01532
32 0 .01368
33 0 .0118
34 0 .00947
35 0 .00928
36 0 .00967
37 0 .00656
38 0 .00645
39 0 .00593
40 0 .00422
41 0 .00398
42 0 .00435
43 0 .00373
44 0 .00223
45 0 .00095
46 0 .00067
47 0 .00016
48 0 .00008
49 0 .00004
50 0 .00001
51 0 .00001
100 0 0
*parity 1 single
birth 1 F single 1
14 0 0
15 0 0
16 0 0
17 0 .01262
18 0 .00002
19 0 .014
20 0 .03861
21 0 .07667
22 0 .04884
23 0 .0736
24 0 .11658
25 0 .03372
26 0 .04571
27 0 .11152
28 0 .19459
29 0 .09752
30 0 .05659
31 0 .04829
32 0 .02735
33 0 .03737
34 0 .10143
35 0 .00005
36 0 .00004
37 0 .03877
38 0 .00003
39 0 .00002
40 0 .0068
41 0 .00001
42 0 .00001
43 0 0
44 0 0
45 0 0
46 0 0
47 0 0
48 0 .0001
49 0 0
50 0 .00001
51 0 0
100 0 0
*parity 1 widowed
birth 1 F widowed 1
14 0 0
15 0 0
16 0 0
17 0 .00001
18 0 .0121
19 0 .00939
20 0 .00777
21 0 .00748
22 0 .00499
23 0 .00423
24 0 .00417
25 0 .00357
26 0 .00361
27 0 .00266
28 0 .00225
29 0 .00189
30 0 .0028
31 0 .0019
32 0 .0015
33 0 .0012
34 0 .00104
35 0 .00088
36 0 .00092
37 0 .00062
38 0 .00058
39 0 .0004
40 0 .00061
41 0 .00029
42 0 .00023
43 0 .00018
44 0 .00015
45 0 .00007
46 0 .00003
47 0 .00001
48 0 0
49 0 0
50 0 0
51 0 0
100 0 0
*parity 1 divorced
birth 1 F divorced 1
14 0 0
15 0 0
16 0 0
17 0 .00001
18 0 .0121
19 0 .00939
20 0 .00777
21 0 .00748
22 0 .00499
23 0 .00423
24 0 .00417
25 0 .00357
26 0 .00361
27 0 .00266
28 0 .00225
29 0 .00189
30 0 .0028
31 0 .0019
32 0 .0015
33 0 .0012
34 0 .00104
35 0 .00088
36 0 .00092
37 0 .00062
38 0 .00058
39 0 .0004
40 0 .00061
41 0 .00029
42 0 .00023
43 0 .00018
44 0 .00015
45 0 .00007
46 0 .00003
47 0 .00001
48 0 0
49 0 0
50 0 0
51 0 0
100 0 0
*parity 2 married
birth 1 F married 2
14 0 0
15 0 0
16 0 0
17 0 .00001
18 0 .00301
19 0 .00601
20 0 .01472
21 0 .01695
22 0 .01481
23 0 .01464
24 0 .01442
25 0 .01359
26 0 .01061
27 0 .01001
28 0 .00906
29 0 .00837
30 0 .00721
31 0 .00674
32 0 .00592
33 0 .00563
34 0 .00496
35 0 .00434
36 0 .00366
37 0 .00304
38 0 .00254
39 0 .00195
40 0 .00163
41 0 .0012
42 0 .0009
43 0 .0006
44 0 .00042
45 0 .00028
46 0 .00016
47 0 .00009
48 0 .00005
49 0 .00002
50 0 .00001
51 0 0
100 0 0
*parity 2 single
birth 1 F single 2
14 0 0
15 0 0
16 0 0
17 0 0
18 0 0
19 0 .01239
20 0 .01385
21 0 .01215
22 0 .01941
23 0 .0132
24 0 .02597
25 0 .0214
26 0 .01802
27 0 .02899
28 0 .02373
29 0 .02263
30 0 .01911
31 0 .01994
32 0 .04138
33 0 .01871
34 0 .02161
35 0 .02102
36 0 .03111
37 0 .01364
38 0 .01511
39 0 .0159
40 0 .02112
41 0 .00003
42 0 .01196
43 0 .00002
44 0 .00001
45 0 .00001
46 0 0
47 0 .00244
48 0 0
49 0 0
50 0 0
51 0 0
100 0 0
*parity 2 widowed
birth 1 F widowed 2
14 0 0
15 0 0
16 0 0
17 0 0
18 0 .00448
19 0 .00443
20 0 .01486
21 0 .00652
22 0 .00695
23 0 .00596
24 0 .00536
25 0 .00473
26 0 .00295
27 0 .00242
28 0 .00186
29 0 .00218
30 0 .00177
31 0 .0013
32 0 .00106
33 0 .00096
34 0 .0008
35 0 .00072
36 0 .00049
37 0 .00042
38 0 .0003
39 0 .00026
40 0 .00018
41 0 .00013
42 0 .0001
43 0 .00007
44 0 .00005
45 0 .00003
46 0 .00002
47 0 .00001
48 0 0
49 0 0
50 0 0
51 0 0
100 0 0
*parity 2 divorced
birth 1 F divorced 2
14 0 0
15 0 0
16 0 0
17 0 0
18 0 .00448
19 0 .00443
20 0 .01486
21 0 .00652
22 0 .00695
23 0 .00596
24 0 .00536
25 0 .00473
26 0 .00295
27 0 .00242
28 0 .00186
29 0 .00218
30 0 .00177
31 0 .0013
32 0 .00106
33 0 .00096
34 0 .0008
35 0 .00072
36 0 .00049
37 0 .00042
38 0 .0003
39 0 .00026
40 0 .00018
41 0 .00013
42 0 .0001
43 0 .00007
44 0 .00005
45 0 .00003
46 0 .00002
47 0 .00001
48 0 0
49 0 0
50 0 0
51 0 0
100 0 0
