*parity all married
birth 1 F married 0
14 0 0
15 0 .00013
16 0 .00087
17 0 .00246
18 0 .00544
19 0 .00968
20 0 .01417
21 0 .01773
22 0 .0198
23 0 .02077
24 0 .02101
25 0 .02037
26 0 .01911
27 0 .01745
28 0 .01611
29 0 .01483
30 0 .01385
31 0 .01233
32 0 .01124
33 0 .01019
34 0 .00964
35 0 .00896
36 0 .00834
37 0 .00761
38 0 .00697
39 0 .00619
40 0 .00541
41 0 .00419
42 0 .00321
43 0 .00233
44 0 .00172
45 0 .00114
46 0 .00069
47 0 .00042
48 0 .00022
49 0 .00011
50 0 .00005
51 0 .00002
100 0 0
*parity all single
birth 1 F single 0
14 0 0
15 0 .00013
16 0 .00087
17 0 .00246
18 0 .00544
19 0 .00968
20 0 .01417
21 0 .01773
22 0 .0198
23 0 .02077
24 0 .02101
25 0 .02037
26 0 .01911
27 0 .01745
28 0 .01611
29 0 .01483
30 0 .01385
31 0 .01233
32 0 .01124
33 0 .01019
34 0 .00964
35 0 .00896
36 0 .00834
37 0 .00761
38 0 .00697
39 0 .00619
40 0 .00541
41 0 .00419
42 0 .00321
43 0 .00233
44 0 .00172
45 0 .00114
46 0 .00069
47 0 .00042
48 0 .00022
49 0 .00011
50 0 .00005
51 0 .00002
100 0 0
*parity all widowed
birth 1 F widowed 0
14 0 0
15 0 .00013
16 0 .00087
17 0 .00246
18 0 .00544
19 0 .00968
20 0 .01417
21 0 .01773
22 0 .0198
23 0 .02077
24 0 .02101
25 0 .02037
26 0 .01911
27 0 .01745
28 0 .01611
29 0 .01483
30 0 .01385
31 0 .01233
32 0 .01124
33 0 .01019
34 0 .00964
35 0 .00896
36 0 .00834
37 0 .00761
38 0 .00697
39 0 .00619
40 0 .00541
41 0 .00419
42 0 .00321
43 0 .00233
44 0 .00172
45 0 .00114
46 0 .00069
47 0 .00042
48 0 .00022
49 0 .00011
50 0 .00005
51 0 .00002
100 0 0
*parity all divorced
birth 1 F divorced 0
14 0 0
15 0 .00013
16 0 .00087
17 0 .00246
18 0 .00544
19 0 .00968
20 0 .01417
21 0 .01773
22 0 .0198
23 0 .02077
24 0 .02101
25 0 .02037
26 0 .01911
27 0 .01745
28 0 .01611
29 0 .01483
30 0 .01385
31 0 .01233
32 0 .01124
33 0 .01019
34 0 .00964
35 0 .00896
36 0 .00834
37 0 .00761
38 0 .00697
39 0 .00619
40 0 .00541
41 0 .00419
42 0 .00321
43 0 .00233
44 0 .00172
45 0 .00114
46 0 .00069
47 0 .00042
48 0 .00022
49 0 .00011
50 0 .00005
51 0 .00002
100 0 0
