*parity 0 married
birth 1 F married 0
14 0 0
15 0 .00008
16 0 .00035
17 0 .05291
18 0 .05239
19 0 .0496
20 0 .05274
21 0 .06827
22 0 .06165
23 0 .07716
24 0 .08178
25 0 .1071
26 0 .09779
27 0 .1131
28 0 .18686
29 0 .20279
30 0 1
31 0 .27361
32 0 .09946
33 0 .06917
34 0 .02121
35 0 .00879
36 0 .00472
37 0 .00431
38 0 .00328
39 0 .00175
40 0 .00078
41 0 .00045
42 0 .00028
43 0 .00016
44 0 .0001
45 0 .00005
46 0 .00003
47 0 .00002
48 0 .00001
49 0 0
50 0 0
51 0 0
100 0 0
*parity 0 single
birth 1 F single 0
14 0 0
15 0 .00016
16 0 .00064
17 0 .00123
18 0 .00206
19 0 .00298
20 0 .00358
21 0 .00389
22 0 .00395
23 0 .00384
24 0 .00384
25 0 .0039
26 0 .0039
27 0 .00385
28 0 .00374
29 0 .0036
30 0 .00328
31 0 .00307
32 0 .00259
33 0 .00227
34 0 .00202
35 0 .00178
36 0 .00161
37 0 .00135
38 0 .00126
39 0 .00098
40 0 .00085
41 0 .00064
42 0 .00047
43 0 .00035
44 0 .00022
45 0 .00015
46 0 .00009
47 0 .00006
48 0 .00003
49 0 .00001
50 0 0
51 0 0
100 0 0
*parity 0 widowed
birth 1 F widowed 0
14 0 0
15 0 .00002
16 0 .00006
17 0 .37744
18 0 .30829
19 0 .00026
20 0 .0003
21 0 .45659
22 0 .00029
23 0 .00027
24 0 .3865
25 0 .72581
26 0 .00022
27 0 .0002
28 0 .00019
29 0 .47015
30 0 .00014
31 0 .00012
32 0 .28379
33 0 .00008
34 0 .09457
35 0 .00005
36 0 .06522
37 0 .03277
38 0 .01162
39 0 .02003
40 0 .00532
41 0 .00145
42 0 .00065
43 0 .0003
44 0 .0001
45 0 .00006
46 0 .00003
47 0 .00001
48 0 .00001
49 0 0
50 0 0
51 0 0
100 0 0
*parity 0 divorced
birth 1 F divorced 0
14 0 0
15 0 .00002
16 0 .00006
17 0 .37744
18 0 .30829
19 0 .00026
20 0 .0003
21 0 .45659
22 0 .00029
23 0 .00027
24 0 .3865
25 0 .72581
26 0 .00022
27 0 .0002
28 0 .00019
29 0 .47015
30 0 .00014
31 0 .00012
32 0 .28379
33 0 .00008
34 0 .09457
35 0 .00005
36 0 .06522
37 0 .03277
38 0 .01162
39 0 .02003
40 0 .00532
41 0 .00145
42 0 .00065
43 0 .0003
44 0 .0001
45 0 .00006
46 0 .00003
47 0 .00001
48 0 .00001
49 0 0
50 0 0
51 0 0
100 0 0
*parity 1 married
birth 1 F married 1
14 0 0
15 0 0
16 0 .00002
17 0 .00007
18 0 .01834
19 0 .01522
20 0 .01376
21 0 .01544
22 0 .01595
23 0 .01837
24 0 .01751
25 0 .01419
26 0 .01628
27 0 .01644
28 0 .01881
29 0 .01455
30 0 .01241
31 0 .01171
32 0 .01197
33 0 .00957
34 0 .00679
35 0 .00649
36 0 .00487
37 0 .00338
38 0 .00202
39 0 .00148
40 0 .0013
41 0 .00101
42 0 .00062
43 0 .00035
44 0 .00024
45 0 .00017
46 0 .00007
47 0 .00003
48 0 .00001
49 0 .00001
50 0 0
51 0 0
100 0 0
*parity 1 single
birth 1 F single 1
14 0 0
15 0 0
16 0 .05542
17 0 .03682
18 0 .03169
19 0 .02271
20 0 .03901
21 0 .0299
22 0 .02479
23 0 .03077
24 0 .03248
25 0 .03285
26 0 .02626
27 0 .02237
28 0 .02605
29 0 .02968
30 0 .02725
31 0 .02321
32 0 .02161
33 0 .02306
34 0 .02597
35 0 .0281
36 0 .02192
37 0 .01607
38 0 .01621
39 0 .01418
40 0 .01304
41 0 .01298
42 0 .00822
43 0 .00555
44 0 .00591
45 0 .00239
46 0 .00125
47 0 .00056
48 0 .00021
49 0 .0001
50 0 .00006
51 0 .00004
100 0 0
*parity 1 widowed
birth 1 F widowed 1
14 0 0
15 0 0
16 0 0
17 0 .00001
18 0 .00003
19 0 .07059
20 0 .14969
21 0 .106
22 0 .50341
23 0 .5798
24 0 .20822
25 0 .09072
26 0 .21006
27 0 .63023
28 0 .58699
29 0 .51905
30 0 .47379
31 0 .00015
32 0 .12525
33 0 .11498
34 0 .1375
35 0 .11739
36 0 .0969
37 0 .01815
38 0 .00428
39 0 .00304
40 0 .00279
41 0 .00145
42 0 .00058
43 0 .00032
44 0 .00026
45 0 .00011
46 0 .00006
47 0 .00003
48 0 .00001
49 0 0
50 0 0
51 0 0
100 0 0
*parity 1 divorced
birth 1 F divorced 1
14 0 0
15 0 0
16 0 0
17 0 .00001
18 0 .00003
19 0 .07059
20 0 .14969
21 0 .106
22 0 .50341
23 0 .5798
24 0 .20822
25 0 .09072
26 0 .21006
27 0 .63023
28 0 .58699
29 0 .51905
30 0 .47379
31 0 .00015
32 0 .12525
33 0 .11498
34 0 .1375
35 0 .11739
36 0 .0969
37 0 .01815
38 0 .00428
39 0 .00304
40 0 .00279
41 0 .00145
42 0 .00058
43 0 .00032
44 0 .00026
45 0 .00011
46 0 .00006
47 0 .00003
48 0 .00001
49 0 0
50 0 0
51 0 0
100 0 0
*parity 2 married
birth 1 F married 2
14 0 0
15 0 0
16 0 0
17 0 .00001
18 0 .00002
19 0 .0129
20 0 .01696
21 0 .01519
22 0 .01707
23 0 .01396
24 0 .01167
25 0 .0112
26 0 .01072
27 0 .00942
28 0 .00817
29 0 .0075
30 0 .00744
31 0 .00627
32 0 .0055
33 0 .0051
34 0 .00455
35 0 .00338
36 0 .00284
37 0 .00236
38 0 .00194
39 0 .00155
40 0 .00122
41 0 .0009
42 0 .00067
43 0 .0005
44 0 .00034
45 0 .00022
46 0 .00014
47 0 .00007
48 0 .00004
49 0 .00002
50 0 .00001
51 0 0
100 0 0
*parity 2 single
birth 1 F single 2
14 0 0
15 0 0
16 0 0
17 0 .00823
18 0 .01061
19 0 .01118
20 0 .01198
21 0 .01192
22 0 .01503
23 0 .01256
24 0 .01241
25 0 .01158
26 0 .01103
27 0 .0115
28 0 .01016
29 0 .00927
30 0 .00909
31 0 .00871
32 0 .00862
33 0 .00726
34 0 .00652
35 0 .00668
36 0 .00638
37 0 .00583
38 0 .00534
39 0 .00541
40 0 .00483
41 0 .00405
42 0 .00344
43 0 .00258
44 0 .00203
45 0 .00134
46 0 .00094
47 0 .00064
48 0 .00029
49 0 .00017
50 0 .00006
51 0 .00003
100 0 0
*parity 2 widowed
birth 1 F widowed 2
14 0 0
15 0 0
16 0 0
17 0 0
18 0 0
19 0 .00001
20 0 .01513
21 0 .02052
22 0 .0094
23 0 .0138
24 0 .01173
25 0 .01133
26 0 .00938
27 0 .00823
28 0 .00651
29 0 .00812
30 0 .00634
31 0 .00418
32 0 .00387
33 0 .00335
34 0 .00303
35 0 .00224
36 0 .00182
37 0 .00154
38 0 .00115
39 0 .00088
40 0 .00067
41 0 .00049
42 0 .00036
43 0 .00024
44 0 .00015
45 0 .00009
46 0 .00005
47 0 .00003
48 0 .00001
49 0 .00001
50 0 0
51 0 0
100 0 0
*parity 2 divorced
birth 1 F divorced 2
14 0 0
15 0 0
16 0 0
17 0 0
18 0 0
19 0 .00001
20 0 .01513
21 0 .02052
22 0 .0094
23 0 .0138
24 0 .01173
25 0 .01133
26 0 .00938
27 0 .00823
28 0 .00651
29 0 .00812
30 0 .00634
31 0 .00418
32 0 .00387
33 0 .00335
34 0 .00303
35 0 .00224
36 0 .00182
37 0 .00154
38 0 .00115
39 0 .00088
40 0 .00067
41 0 .00049
42 0 .00036
43 0 .00024
44 0 .00015
45 0 .00009
46 0 .00005
47 0 .00003
48 0 .00001
49 0 .00001
50 0 0
51 0 0
100 0 0
