*parity 0 married
birth 1 F married 0
14 0 0
15 0 .00024
16 0 .00104
17 0 .03215
18 0 .03042
19 0 .02955
20 0 .03017
21 0 .02916
22 0 .03197
23 0 .03963
24 0 .03832
25 0 .05264
26 0 .04423
27 0 .04644
28 0 .06516
29 0 .14262
30 0 .1366
31 0 .24262
32 0 .40157
33 0 .61524
34 0 .06151
35 0 .01805
36 0 .02368
37 0 .0153
38 0 .00744
39 0 .00506
40 0 .00297
41 0 .00193
42 0 .00117
43 0 .0008
44 0 .00048
45 0 .00028
46 0 .00016
47 0 .00007
48 0 .00003
49 0 .00001
50 0 0
51 0 0
100 0 0
*parity 0 single
birth 1 F single 0
14 0 0
15 0 0
16 0 .00001
17 0 .00003
18 0 .00006
19 0 .00009
20 0 .00012
21 0 .00014
22 0 .00015
23 0 .00015
24 0 .00015
25 0 .00017
26 0 .00018
27 0 .00017
28 0 .00016
29 0 .00016
30 0 .00015
31 0 .00015
32 0 .00013
33 0 .00012
34 0 .00012
35 0 .00009
36 0 .0001
37 0 .00009
38 0 .00009
39 0 .00008
40 0 .00005
41 0 .00004
42 0 .00002
43 0 .00002
44 0 .00001
45 0 .00001
46 0 .00001
47 0 0
48 0 0
49 0 0
50 0 0
51 0 0
100 0 0
*parity 0 widowed
birth 1 F widowed 0
14 0 0
15 0 .00001
16 0 .00004
17 0 .00007
18 0 .05804
19 0 .08692
20 0 .09881
21 0 .08192
22 0 .0316
23 0 .03064
24 0 .04888
25 0 .01887
26 0 .03385
27 0 .12327
28 0 .05279
29 0 .04671
30 0 .00008
31 0 .00007
32 0 .01108
33 0 .02121
34 0 .01802
35 0 .00731
36 0 .00572
37 0 .00299
38 0 .00167
39 0 .00054
40 0 .00075
41 0 .00046
42 0 .00022
43 0 .00013
44 0 .00008
45 0 .00002
46 0 .00001
47 0 .00001
48 0 0
49 0 0
50 0 0
51 0 0
100 0 0
*parity 0 divorced
birth 1 F divorced 0
14 0 0
15 0 .00001
16 0 .00004
17 0 .00007
18 0 .05804
19 0 .08692
20 0 .09881
21 0 .08192
22 0 .0316
23 0 .03064
24 0 .04888
25 0 .01887
26 0 .03385
27 0 .12327
28 0 .05279
29 0 .04671
30 0 .00008
31 0 .00007
32 0 .01108
33 0 .02121
34 0 .01802
35 0 .00731
36 0 .00572
37 0 .00299
38 0 .00167
39 0 .00054
40 0 .00075
41 0 .00046
42 0 .00022
43 0 .00013
44 0 .00008
45 0 .00002
46 0 .00001
47 0 .00001
48 0 0
49 0 0
50 0 0
51 0 0
100 0 0
*parity 1 married
birth 1 F married 1
14 0 0
15 0 0
16 0 .00006
17 0 .35848
18 0 .01944
19 0 .01755
20 0 .02125
21 0 .02189
22 0 .02175
23 0 .02092
24 0 .02338
25 0 .01911
26 0 .02109
27 0 .02904
28 0 .0342
29 0 .03766
30 0 .05421
31 0 .03905
32 0 .04396
33 0 .02858
34 0 .01976
35 0 .03174
36 0 .0442
37 0 .01844
38 0 .01543
39 0 .00668
40 0 .00611
41 0 .00424
42 0 .00464
43 0 .00239
44 0 .00112
45 0 .00057
46 0 .00027
47 0 .00013
48 0 .00004
49 0 .00002
50 0 .00001
51 0 0
100 0 0
*parity 1 single
birth 1 F single 1
14 0 0
15 0 0
16 0 0
17 0 0
18 0 .00001
19 0 .01365
20 0 .02138
21 0 .02094
22 0 .06945
23 0 .03143
24 0 .03261
25 0 .03448
26 0 .00005
27 0 .00005
28 0 .00005
29 0 .02172
30 0 .03926
31 0 .00003
32 0 .00003
33 0 .02415
34 0 .0212
35 0 .00002
36 0 .01364
37 0 .00001
38 0 .00001
39 0 .00001
40 0 0
41 0 .00104
42 0 .00205
43 0 0
44 0 0
45 0 0
46 0 0
47 0 .0001
48 0 0
49 0 .00001
50 0 0
51 0 0
100 0 0
*parity 1 widowed
birth 1 F widowed 1
14 0 0
15 0 0
16 0 0
17 0 .00001
18 0 .00002
19 0 .01403
20 0 .0157
21 0 .01468
22 0 .0119
23 0 .00808
24 0 .00699
25 0 .00633
26 0 .00895
27 0 .00874
28 0 .00992
29 0 .00859
30 0 .00594
31 0 .00523
32 0 .00351
33 0 .00477
34 0 .00272
35 0 .0028
36 0 .00195
37 0 .00144
38 0 .00075
39 0 .00043
40 0 .00031
41 0 .0002
42 0 .00018
43 0 .00011
44 0 .00006
45 0 .00002
46 0 .00001
47 0 .00001
48 0 0
49 0 0
50 0 0
51 0 0
100 0 0
*parity 1 divorced
birth 1 F divorced 1
14 0 0
15 0 0
16 0 0
17 0 .00001
18 0 .00002
19 0 .01403
20 0 .0157
21 0 .01468
22 0 .0119
23 0 .00808
24 0 .00699
25 0 .00633
26 0 .00895
27 0 .00874
28 0 .00992
29 0 .00859
30 0 .00594
31 0 .00523
32 0 .00351
33 0 .00477
34 0 .00272
35 0 .0028
36 0 .00195
37 0 .00144
38 0 .00075
39 0 .00043
40 0 .00031
41 0 .0002
42 0 .00018
43 0 .00011
44 0 .00006
45 0 .00002
46 0 .00001
47 0 .00001
48 0 0
49 0 0
50 0 0
51 0 0
100 0 0
*parity 2 married
birth 1 F married 2
14 0 0
15 0 0
16 0 0
17 0 .00002
18 0 .00009
19 0 .02928
20 0 .01468
21 0 .01606
22 0 .01578
23 0 .01357
24 0 .01323
25 0 .01156
26 0 .01039
27 0 .00903
28 0 .0088
29 0 .00794
30 0 .00741
31 0 .00664
32 0 .00651
33 0 .00592
34 0 .00597
35 0 .00561
36 0 .00464
37 0 .00441
38 0 .004
39 0 .00366
40 0 .00319
41 0 .00245
42 0 .00192
43 0 .00141
44 0 .00103
45 0 .00071
46 0 .00043
47 0 .00027
48 0 .00014
49 0 .00007
50 0 .00003
51 0 .00001
100 0 0
*parity 2 single
birth 1 F single 2
14 0 0
15 0 0
16 0 0
17 0 0
18 0 0
19 0 0
20 0 .00001
21 0 .00002
22 0 .01725
23 0 .03914
24 0 .0495
25 0 .06187
26 0 .02277
27 0 .00006
28 0 .00006
29 0 .00006
30 0 .06251
31 0 .00006
32 0 .00006
33 0 .00005
34 0 .00005
35 0 .00005
36 0 .00004
37 0 .00004
38 0 .00003
39 0 .02662
40 0 .00003
41 0 .00002
42 0 .00001
43 0 .00001
44 0 .00001
45 0 .00001
46 0 .00304
47 0 0
48 0 0
49 0 0
50 0 0
51 0 .00007
100 0 0
*parity 2 widowed
birth 1 F widowed 2
14 0 0
15 0 0
16 0 0
17 0 0
18 0 0
19 0 .00001
20 0 .01544
21 0 .00886
22 0 .00739
23 0 .00719
24 0 .00398
25 0 .00442
26 0 .00475
27 0 .00299
28 0 .00224
29 0 .00191
30 0 .00191
31 0 .00195
32 0 .00147
33 0 .00145
34 0 .00102
35 0 .00085
36 0 .00077
37 0 .00062
38 0 .00056
39 0 .00054
40 0 .00042
41 0 .00035
42 0 .00022
43 0 .00014
44 0 .00011
45 0 .00007
46 0 .00004
47 0 .00002
48 0 .00001
49 0 .00001
50 0 0
51 0 0
100 0 0
*parity 2 divorced
birth 1 F divorced 2
14 0 0
15 0 0
16 0 0
17 0 0
18 0 0
19 0 .00001
20 0 .01544
21 0 .00886
22 0 .00739
23 0 .00719
24 0 .00398
25 0 .00442
26 0 .00475
27 0 .00299
28 0 .00224
29 0 .00191
30 0 .00191
31 0 .00195
32 0 .00147
33 0 .00145
34 0 .00102
35 0 .00085
36 0 .00077
37 0 .00062
38 0 .00056
39 0 .00054
40 0 .00042
41 0 .00035
42 0 .00022
43 0 .00014
44 0 .00011
45 0 .00007
46 0 .00004
47 0 .00002
48 0 .00001
49 0 .00001
50 0 0
51 0 0
100 0 0
