*parity 0 married
birth 1 F married 0
14 0 0
15 0 .00022
16 0 .0009
17 0 .06623
18 0 .03276
19 0 .04048
20 0 .04798
21 0 .04783
22 0 .05648
23 0 .04857
24 0 .04287
25 0 .05429
26 0 .04535
27 0 .03768
28 0 .03063
29 0 .02289
30 0 .01741
31 0 .01347
32 0 .01149
33 0 .00906
34 0 .00699
35 0 .00556
36 0 .00442
37 0 .00322
38 0 .00249
39 0 .00229
40 0 .00135
41 0 .00096
42 0 .00059
43 0 .0004
44 0 .00023
45 0 .00015
46 0 .00009
47 0 .00006
48 0 .00002
49 0 .00001
50 0 0
51 0 0
100 0 0
*parity 0 single
birth 1 F single 0
14 0 0
15 0 .00002
16 0 .0001
17 0 .00019
18 0 .00034
19 0 .00049
20 0 .00061
21 0 .00069
22 0 .00069
23 0 .0007
24 0 .00069
25 0 .00071
26 0 .00073
27 0 .00079
28 0 .00087
29 0 .00093
30 0 .00098
31 0 .00104
32 0 .00109
33 0 .00115
34 0 .00102
35 0 .00105
36 0 .00083
37 0 .00082
38 0 .00077
39 0 .00075
40 0 .00064
41 0 .00045
42 0 .00038
43 0 .0003
44 0 .00023
45 0 .00013
46 0 .00011
47 0 .00007
48 0 .00003
49 0 .00001
50 0 0
51 0 0
100 0 0
*parity 0 widowed
birth 1 F widowed 0
14 0 0
15 0 .00001
16 0 .00005
17 0 .13885
18 0 .0472
19 0 .10081
20 0 .05195
21 0 .35997
22 0 .31878
23 0 .27677
24 0 .12561
25 0 .00019
26 0 .05607
27 0 .02582
28 0 .01877
29 0 .01115
30 0 .01281
31 0 .00659
32 0 .00417
33 0 .00219
34 0 .00127
35 0 .00112
36 0 .0007
37 0 .00044
38 0 .00037
39 0 .00028
40 0 .00019
41 0 .00013
42 0 .00006
43 0 .00004
44 0 .00003
45 0 .00001
46 0 .00001
47 0 0
48 0 0
49 0 0
50 0 0
51 0 0
100 0 0
*parity 0 divorced
birth 1 F divorced 0
14 0 0
15 0 .00001
16 0 .00005
17 0 .13885
18 0 .0472
19 0 .10081
20 0 .05195
21 0 .35997
22 0 .31878
23 0 .27677
24 0 .12561
25 0 .00019
26 0 .05607
27 0 .02582
28 0 .01877
29 0 .01115
30 0 .01281
31 0 .00659
32 0 .00417
33 0 .00219
34 0 .00127
35 0 .00112
36 0 .0007
37 0 .00044
38 0 .00037
39 0 .00028
40 0 .00019
41 0 .00013
42 0 .00006
43 0 .00004
44 0 .00003
45 0 .00001
46 0 .00001
47 0 0
48 0 0
49 0 0
50 0 0
51 0 0
100 0 0
*parity 1 married
birth 1 F married 1
14 0 0
15 0 0
16 0 .00005
17 0 .27053
18 0 .02269
19 0 .01784
20 0 .01926
21 0 .01724
22 0 .01717
23 0 .01808
24 0 .02129
25 0 .02033
26 0 .01903
27 0 .01804
28 0 .01483
29 0 .01447
30 0 .01547
31 0 .01325
32 0 .01207
33 0 .01219
34 0 .01369
35 0 .01054
36 0 .00889
37 0 .00882
38 0 .00702
39 0 .00422
40 0 .00306
41 0 .00214
42 0 .00154
43 0 .00102
44 0 .00047
45 0 .00027
46 0 .00018
47 0 .00007
48 0 .00003
49 0 .00001
50 0 0
51 0 0
100 0 0
*parity 1 single
birth 1 F single 1
14 0 0
15 0 0
16 0 .00805
17 0 .00002
18 0 .02011
19 0 .01892
20 0 .01941
21 0 .01971
22 0 .02
23 0 .05659
24 0 .037
25 0 .03995
26 0 .04633
27 0 .20242
28 0 .04879
29 0 .05994
30 0 .0784
31 0 .17293
32 0 .15484
33 0 .13489
34 0 .11103
35 0 .06301
36 0 .0001
37 0 .12889
38 0 .00006
39 0 .07976
40 0 .00003
41 0 .00002
42 0 .0258
43 0 .00521
44 0 0
45 0 0
46 0 .00229
47 0 0
48 0 0
49 0 0
50 0 .00004
51 0 .00002
100 0 0
*parity 1 widowed
birth 1 F widowed 1
14 0 0
15 0 0
16 0 0
17 0 .00001
18 0 .00003
19 0 .03787
20 0 .01805
21 0 .00762
22 0 .01001
23 0 .00684
24 0 .00886
25 0 .00769
26 0 .00435
27 0 .00405
28 0 .00399
29 0 .00304
30 0 .00289
31 0 .00216
32 0 .00138
33 0 .00144
34 0 .00141
35 0 .00108
36 0 .00078
37 0 .00067
38 0 .00052
39 0 .00032
40 0 .00021
41 0 .00013
42 0 .00008
43 0 .00005
44 0 .00003
45 0 .00001
46 0 .00001
47 0 0
48 0 0
49 0 0
50 0 0
51 0 0
100 0 0
*parity 1 divorced
birth 1 F divorced 1
14 0 0
15 0 0
16 0 0
17 0 .00001
18 0 .00003
19 0 .03787
20 0 .01805
21 0 .00762
22 0 .01001
23 0 .00684
24 0 .00886
25 0 .00769
26 0 .00435
27 0 .00405
28 0 .00399
29 0 .00304
30 0 .00289
31 0 .00216
32 0 .00138
33 0 .00144
34 0 .00141
35 0 .00108
36 0 .00078
37 0 .00067
38 0 .00052
39 0 .00032
40 0 .00021
41 0 .00013
42 0 .00008
43 0 .00005
44 0 .00003
45 0 .00001
46 0 .00001
47 0 0
48 0 0
49 0 0
50 0 0
51 0 0
100 0 0
*parity 2 married
birth 1 F married 2
14 0 0
15 0 0
16 0 0
17 0 .00001
18 0 .00006
19 0 .02181
20 0 .01868
21 0 .0144
22 0 .01685
23 0 .01745
24 0 .01344
25 0 .01114
26 0 .01188
27 0 .01146
28 0 .01058
29 0 .01005
30 0 .00887
31 0 .00838
32 0 .00773
33 0 .0067
34 0 .00598
35 0 .00527
36 0 .00505
37 0 .00446
38 0 .00367
39 0 .00305
40 0 .00278
41 0 .0022
42 0 .00179
43 0 .0012
44 0 .00091
45 0 .00061
46 0 .00036
47 0 .0002
48 0 .00011
49 0 .00005
50 0 .00002
51 0 .00001
100 0 0
*parity 2 single
birth 1 F single 2
14 0 0
15 0 0
16 0 0
17 0 0
18 0 .00001
19 0 .00937
20 0 .01284
21 0 .03815
22 0 .02745
23 0 .01312
24 0 .01345
25 0 .01523
26 0 .02004
27 0 .01179
28 0 .01435
29 0 .02272
30 0 .01604
31 0 .02784
32 0 .02308
33 0 .01686
34 0 .01768
35 0 .02323
36 0 .02002
37 0 .02317
38 0 .02984
39 0 .02393
40 0 .01932
41 0 .02438
42 0 .01438
43 0 .02328
44 0 .02171
45 0 .02049
46 0 .00598
47 0 .00602
48 0 .00313
49 0 .0006
50 0 .00107
51 0 .00023
100 0 0
*parity 2 widowed
birth 1 F widowed 2
14 0 0
15 0 0
16 0 0
17 0 0
18 0 0
19 0 .00703
20 0 .01607
21 0 .01432
22 0 .00749
23 0 .00404
24 0 .00673
25 0 .00483
26 0 .00397
27 0 .00261
28 0 .00313
29 0 .0025
30 0 .0021
31 0 .00169
32 0 .0016
33 0 .00126
34 0 .00103
35 0 .00094
36 0 .00077
37 0 .00058
38 0 .00051
39 0 .00043
40 0 .00035
41 0 .00025
42 0 .00018
43 0 .00014
44 0 .00009
45 0 .00006
46 0 .00003
47 0 .00002
48 0 .00001
49 0 0
50 0 0
51 0 0
100 0 0
*parity 2 divorced
birth 1 F divorced 2
14 0 0
15 0 0
16 0 0
17 0 0
18 0 0
19 0 .00703
20 0 .01607
21 0 .01432
22 0 .00749
23 0 .00404
24 0 .00673
25 0 .00483
26 0 .00397
27 0 .00261
28 0 .00313
29 0 .0025
30 0 .0021
31 0 .00169
32 0 .0016
33 0 .00126
34 0 .00103
35 0 .00094
36 0 .00077
37 0 .00058
38 0 .00051
39 0 .00043
40 0 .00035
41 0 .00025
42 0 .00018
43 0 .00014
44 0 .00009
45 0 .00006
46 0 .00003
47 0 .00002
48 0 .00001
49 0 0
50 0 0
51 0 0
100 0 0
