*parity 0 married
birth 1 F married 0
14 0 0
15 0 .00007
16 0 .0003
17 0 .05861
18 0 .04816
19 0 .061
20 0 .06407
21 0 .05588
22 0 .04689
23 0 .04282
24 0 .05109
25 0 .04051
26 0 .04046
27 0 .06567
28 0 .07698
29 0 .05121
30 0 .04264
31 0 .04428
32 0 .02169
33 0 .02117
34 0 .01699
35 0 .0124
36 0 .00733
37 0 .00304
38 0 .00168
39 0 .00108
40 0 .0007
41 0 .00051
42 0 .00027
43 0 .00015
44 0 .0001
45 0 .00005
46 0 .00003
47 0 .00001
48 0 .00001
49 0 0
50 0 0
51 0 0
100 0 0
*parity 0 single
birth 1 F single 0
14 0 0
15 0 .00017
16 0 .00069
17 0 .00131
18 0 .00221
19 0 .00312
20 0 .00377
21 0 .00416
22 0 .00424
23 0 .00427
24 0 .00434
25 0 .00427
26 0 .00431
27 0 .00426
28 0 .00411
29 0 .00406
30 0 .00396
31 0 .00341
32 0 .00307
33 0 .00267
34 0 .00221
35 0 .00184
36 0 .00156
37 0 .00146
38 0 .00115
39 0 .00093
40 0 .00078
41 0 .00053
42 0 .00041
43 0 .00028
44 0 .00018
45 0 .00011
46 0 .00008
47 0 .00005
48 0 .00002
49 0 .00001
50 0 0
51 0 0
100 0 0
*parity 0 widowed
birth 1 F widowed 0
14 0 0
15 0 .00001
16 0 .00006
17 0 .00011
18 0 .1694
19 0 .00024
20 0 .80877
21 0 .85285
22 0 .26798
23 0 .18152
24 0 .34173
25 0 .32823
26 0 .61753
27 0 .29077
28 0 .53665
29 0 .48242
30 0 .00013
31 0 .35879
32 0 .00009
33 0 .24333
34 0 .19853
35 0 .00005
36 0 .05798
37 0 .08884
38 0 .03485
39 0 .01064
40 0 .00242
41 0 .00268
42 0 .0014
43 0 .00051
44 0 .00016
45 0 .0001
46 0 .00004
47 0 .00002
48 0 .00001
49 0 0
50 0 0
51 0 0
100 0 0
*parity 0 divorced
birth 1 F divorced 0
14 0 0
15 0 .00001
16 0 .00006
17 0 .00011
18 0 .1694
19 0 .00024
20 0 .80877
21 0 .85285
22 0 .26798
23 0 .18152
24 0 .34173
25 0 .32823
26 0 .61753
27 0 .29077
28 0 .53665
29 0 .48242
30 0 .00013
31 0 .35879
32 0 .00009
33 0 .24333
34 0 .19853
35 0 .00005
36 0 .05798
37 0 .08884
38 0 .03485
39 0 .01064
40 0 .00242
41 0 .00268
42 0 .0014
43 0 .00051
44 0 .00016
45 0 .0001
46 0 .00004
47 0 .00002
48 0 .00001
49 0 0
50 0 0
51 0 0
100 0 0
*parity 1 married
birth 1 F married 1
14 0 0
15 0 0
16 0 .00002
17 0 .00006
18 0 .02397
19 0 .03027
20 0 .02143
21 0 .01539
22 0 .0157
23 0 .01444
24 0 .01446
25 0 .01725
26 0 .01496
27 0 .01339
28 0 .0136
29 0 .01173
30 0 .01144
31 0 .01081
32 0 .00973
33 0 .00896
34 0 .00739
35 0 .00529
36 0 .00502
37 0 .00424
38 0 .00239
39 0 .00186
40 0 .00143
41 0 .00084
42 0 .00066
43 0 .00038
44 0 .00024
45 0 .0001
46 0 .00005
47 0 .00002
48 0 .00001
49 0 0
50 0 0
51 0 0
100 0 0
*parity 1 single
birth 1 F single 1
14 0 0
15 0 0
16 0 .02694
17 0 .02517
18 0 .03588
19 0 .0233
20 0 .02539
21 0 .02613
22 0 .0231
23 0 .02689
24 0 .02341
25 0 .02467
26 0 .02348
27 0 .02656
28 0 .02458
29 0 .02531
30 0 .02568
31 0 .0247
32 0 .0205
33 0 .01766
34 0 .02197
35 0 .02826
36 0 .02107
37 0 .0137
38 0 .01428
39 0 .01261
40 0 .01197
41 0 .00816
42 0 .00497
43 0 .00367
44 0 .00332
45 0 .00212
46 0 .00143
47 0 .00045
48 0 .00013
49 0 .00005
50 0 .00002
51 0 .00002
100 0 0
*parity 1 widowed
birth 1 F widowed 1
14 0 0
15 0 0
16 0 0
17 0 .00001
18 0 .08582
19 0 .05894
20 0 .09285
21 0 .09861
22 0 .47635
23 0 .17226
24 0 .09171
25 0 .09531
26 0 .00018
27 0 .07064
28 0 .0615
29 0 .13259
30 0 .16595
31 0 .11156
32 0 .00012
33 0 .06788
34 0 .28808
35 0 .20744
36 0 .0172
37 0 .02184
38 0 .01281
39 0 .00278
40 0 .00296
41 0 .0024
42 0 .00085
43 0 .00067
44 0 .00026
45 0 .00011
46 0 .00005
47 0 .00001
48 0 .00001
49 0 0
50 0 0
51 0 0
100 0 0
*parity 1 divorced
birth 1 F divorced 1
14 0 0
15 0 0
16 0 0
17 0 .00001
18 0 .08582
19 0 .05894
20 0 .09285
21 0 .09861
22 0 .47635
23 0 .17226
24 0 .09171
25 0 .09531
26 0 .00018
27 0 .07064
28 0 .0615
29 0 .13259
30 0 .16595
31 0 .11156
32 0 .00012
33 0 .06788
34 0 .28808
35 0 .20744
36 0 .0172
37 0 .02184
38 0 .01281
39 0 .00278
40 0 .00296
41 0 .0024
42 0 .00085
43 0 .00067
44 0 .00026
45 0 .00011
46 0 .00005
47 0 .00001
48 0 .00001
49 0 0
50 0 0
51 0 0
100 0 0
*parity 2 married
birth 1 F married 2
14 0 0
15 0 0
16 0 0
17 0 0
18 0 .00446
19 0 .00453
20 0 .00904
21 0 .01211
22 0 .01249
23 0 .0129
24 0 .01114
25 0 .00987
26 0 .00944
27 0 .00863
28 0 .0079
29 0 .008
30 0 .00624
31 0 .00571
32 0 .00544
33 0 .0046
34 0 .00402
35 0 .00357
36 0 .00309
37 0 .00228
38 0 .00194
39 0 .0015
40 0 .00115
41 0 .00085
42 0 .00063
43 0 .00045
44 0 .0003
45 0 .0002
46 0 .00011
47 0 .00007
48 0 .00003
49 0 .00002
50 0 .00001
51 0 0
100 0 0
*parity 2 single
birth 1 F single 2
14 0 0
15 0 0
16 0 0
17 0 .00001
18 0 .00946
19 0 .01406
20 0 .01485
21 0 .01254
22 0 .01524
23 0 .01281
24 0 .0123
25 0 .01188
26 0 .01215
27 0 .01033
28 0 .0106
29 0 .00898
30 0 .00858
31 0 .00836
32 0 .00765
33 0 .00697
34 0 .00648
35 0 .00561
36 0 .00504
37 0 .00505
38 0 .00487
39 0 .00453
40 0 .00392
41 0 .00325
42 0 .00237
43 0 .00192
44 0 .00153
45 0 .00102
46 0 .00075
47 0 .00043
48 0 .00022
49 0 .00011
50 0 .00005
51 0 .00002
100 0 0
*parity 2 widowed
birth 1 F widowed 2
14 0 0
15 0 0
16 0 0
17 0 0
18 0 .01093
19 0 .00001
20 0 .03492
21 0 .04413
22 0 .02024
23 0 .01215
24 0 .0112
25 0 .01255
26 0 .00682
27 0 .0093
28 0 .00706
29 0 .00719
30 0 .00546
31 0 .00422
32 0 .00398
33 0 .00375
34 0 .00262
35 0 .00259
36 0 .00206
37 0 .00139
38 0 .00126
39 0 .00102
40 0 .0007
41 0 .00058
42 0 .00041
43 0 .00026
44 0 .00017
45 0 .00011
46 0 .00005
47 0 .00003
48 0 .00001
49 0 .00001
50 0 0
51 0 0
100 0 0
*parity 2 divorced
birth 1 F divorced 2
14 0 0
15 0 0
16 0 0
17 0 0
18 0 .01093
19 0 .00001
20 0 .03492
21 0 .04413
22 0 .02024
23 0 .01215
24 0 .0112
25 0 .01255
26 0 .00682
27 0 .0093
28 0 .00706
29 0 .00719
30 0 .00546
31 0 .00422
32 0 .00398
33 0 .00375
34 0 .00262
35 0 .00259
36 0 .00206
37 0 .00139
38 0 .00126
39 0 .00102
40 0 .0007
41 0 .00058
42 0 .00041
43 0 .00026
44 0 .00017
45 0 .00011
46 0 .00005
47 0 .00003
48 0 .00001
49 0 .00001
50 0 0
51 0 0
100 0 0
