*parity all married
birth 1 F married 0
14 0 0
15 0 .00853
16 0 .00817
17 0 .00874
18 0 .01054
19 0 .01399
20 0 .01832
21 0 .02201
22 0 .02408
23 0 .02479
24 0 .02466
25 0 .02343
26 0 .02144
27 0 .01902
28 0 .01727
29 0 .01592
30 0 .01532
31 0 .01426
32 0 .01387
33 0 .01365
34 0 .01414
35 0 .01441
36 0 .01466
37 0 .0147
38 0 .01474
39 0 .01449
40 0 .0141
41 0 .01301
42 0 .01212
43 0 .01126
44 0 .01068
45 0 .01007
46 0 .00956
47 0 .00927
48 0 .00904
49 0 .00891
50 0 .00884
51 0 .0088
100 0 0
*parity all single
birth 1 F single 0
14 0 0
15 0 .00853
16 0 .00817
17 0 .00874
18 0 .01054
19 0 .01399
20 0 .01832
21 0 .02201
22 0 .02408
23 0 .02479
24 0 .02466
25 0 .02343
26 0 .02144
27 0 .01902
28 0 .01727
29 0 .01592
30 0 .01532
31 0 .01426
32 0 .01387
33 0 .01365
34 0 .01414
35 0 .01441
36 0 .01466
37 0 .0147
38 0 .01474
39 0 .01449
40 0 .0141
41 0 .01301
42 0 .01212
43 0 .01126
44 0 .01068
45 0 .01007
46 0 .00956
47 0 .00927
48 0 .00904
49 0 .00891
50 0 .00884
51 0 .0088
100 0 0
*parity all widowed
birth 1 F widowed 0
14 0 0
15 0 .00853
16 0 .00817
17 0 .00874
18 0 .01054
19 0 .01399
20 0 .01832
21 0 .02201
22 0 .02408
23 0 .02479
24 0 .02466
25 0 .02343
26 0 .02144
27 0 .01902
28 0 .01727
29 0 .01592
30 0 .01532
31 0 .01426
32 0 .01387
33 0 .01365
34 0 .01414
35 0 .01441
36 0 .01466
37 0 .0147
38 0 .01474
39 0 .01449
40 0 .0141
41 0 .01301
42 0 .01212
43 0 .01126
44 0 .01068
45 0 .01007
46 0 .00956
47 0 .00927
48 0 .00904
49 0 .00891
50 0 .00884
51 0 .0088
100 0 0
*parity all divorced
birth 1 F divorced 0
14 0 0
15 0 .00853
16 0 .00817
17 0 .00874
18 0 .01054
19 0 .01399
20 0 .01832
21 0 .02201
22 0 .02408
23 0 .02479
24 0 .02466
25 0 .02343
26 0 .02144
27 0 .01902
28 0 .01727
29 0 .01592
30 0 .01532
31 0 .01426
32 0 .01387
33 0 .01365
34 0 .01414
35 0 .01441
36 0 .01466
37 0 .0147
38 0 .01474
39 0 .01449
40 0 .0141
41 0 .01301
42 0 .01212
43 0 .01126
44 0 .01068
45 0 .01007
46 0 .00956
47 0 .00927
48 0 .00904
49 0 .00891
50 0 .00884
51 0 .0088
100 0 0
