*parity 0 married
birth 1 F married 0
14 0 0
15 0 .00012
16 0 .00073
17 0 .03256
18 0 .02925
19 0 .03485
20 0 .05062
21 0 .05632
22 0 .0471
23 0 .04559
24 0 .04271
25 0 .03217
26 0 .03226
27 0 .02147
28 0 .01128
29 0 .00639
30 0 .0047
31 0 .00335
32 0 .00244
33 0 .00194
34 0 .00176
35 0 .00121
36 0 .00151
37 0 .00143
38 0 .00158
39 0 .00103
40 0 .00113
41 0 .0009
42 0 .00065
43 0 .00055
44 0 .00037
45 0 .00021
46 0 .00015
47 0 .00007
48 0 .00004
49 0 .00003
50 0 .00001
51 0 .00001
100 0 0
*parity 0 single
birth 1 F single 0
14 0 0
15 0 0
16 0 .00003
17 0 .00008
18 0 .00018
19 0 .00033
20 0 .00044
21 0 .00053
22 0 .00057
23 0 .00055
24 0 .00051
25 0 .00046
26 0 .00037
27 0 .00026
28 0 .00024
29 0 .00021
30 0 .00016
31 0 .0001
32 0 .00008
33 0 .00009
34 0 .00009
35 0 .00009
36 0 .00011
37 0 .00011
38 0 .00006
39 0 .00012
40 0 .00017
41 0 .00021
42 0 .00025
43 0 .00009
44 0 .00012
45 0 .00008
46 0 .00004
47 0 .00003
48 0 .00001
49 0 0
50 0 0
51 0 0
100 0 0
*parity 0 widowed
birth 1 F widowed 0
14 0 0
15 0 .00001
16 0 .00003
17 0 .00009
18 0 .21266
19 0 .11243
20 0 .10433
21 0 .24259
22 0 .10906
23 0 .1858
24 0 .09627
25 0 .02757
26 0 .05827
27 0 .02366
28 0 .08358
29 0 .00657
30 0 .00418
31 0 .00246
32 0 .00226
33 0 .00131
34 0 .00085
35 0 .00059
36 0 .00049
37 0 .00052
38 0 .00042
39 0 .00044
40 0 .00022
41 0 .00013
42 0 .00009
43 0 .00009
44 0 .00004
45 0 .00002
46 0 .00001
47 0 .00001
48 0 0
49 0 0
50 0 0
51 0 0
100 0 0
*parity 0 divorced
birth 1 F divorced 0
14 0 0
15 0 .00001
16 0 .00003
17 0 .00009
18 0 .21266
19 0 .11243
20 0 .10433
21 0 .24259
22 0 .10906
23 0 .1858
24 0 .09627
25 0 .02757
26 0 .05827
27 0 .02366
28 0 .08358
29 0 .00657
30 0 .00418
31 0 .00246
32 0 .00226
33 0 .00131
34 0 .00085
35 0 .00059
36 0 .00049
37 0 .00052
38 0 .00042
39 0 .00044
40 0 .00022
41 0 .00013
42 0 .00009
43 0 .00009
44 0 .00004
45 0 .00002
46 0 .00001
47 0 .00001
48 0 0
49 0 0
50 0 0
51 0 0
100 0 0
*parity 1 married
birth 1 F married 1
14 0 0
15 0 0
16 0 .00008
17 0 .36621
18 0 .04017
19 0 .02879
20 0 .0427
21 0 .03957
22 0 .05627
23 0 .06483
24 0 .07435
25 0 .07931
26 0 .06606
27 0 .06144
28 0 .05694
29 0 .05485
30 0 .06134
31 0 .05198
32 0 .05252
33 0 .15123
34 0 .04222
35 0 .05028
36 0 .03129
37 0 .01725
38 0 .01878
39 0 .01988
40 0 .00798
41 0 .0047
42 0 .00473
43 0 .00203
44 0 .00123
45 0 .00051
46 0 .00022
47 0 .00016
48 0 .00006
49 0 .00002
50 0 .00001
51 0 0
100 0 0
*parity 1 single
birth 1 F single 1
14 0 0
15 0 0
16 0 0
17 0 .00001
18 0 .00004
19 0 .00008
20 0 .03842
21 0 .03838
22 0 .06517
23 0 .06702
24 0 .03497
25 0 .04372
26 0 .0289
27 0 .15996
28 0 .02616
29 0 .02625
30 0 .03993
31 0 .0597
32 0 .00005
33 0 .00004
34 0 .02748
35 0 .0077
36 0 .00274
37 0 .00089
38 0 .00038
39 0 .00038
40 0 .0005
41 0 .00075
42 0 .00109
43 0 .00027
44 0 .00017
45 0 .0002
46 0 .00004
47 0 .00011
48 0 .00001
49 0 0
50 0 0
51 0 0
100 0 0
*parity 1 widowed
birth 1 F widowed 1
14 0 0
15 0 0
16 0 0
17 0 .00001
18 0 .05209
19 0 .03778
20 0 .03098
21 0 .27856
22 0 .03942
23 0 .02948
24 0 .01139
25 0 .02645
26 0 .24474
27 0 .00019
28 0 .03164
29 0 .03176
30 0 .0322
31 0 .02407
32 0 .01399
33 0 .01051
34 0 .00416
35 0 .00466
36 0 .0029
37 0 .00613
38 0 .01653
39 0 .00598
40 0 .00172
41 0 .00091
42 0 .00039
43 0 .00021
44 0 .00013
45 0 .00005
46 0 .00003
47 0 .00001
48 0 0
49 0 0
50 0 0
51 0 0
100 0 0
*parity 1 divorced
birth 1 F divorced 1
14 0 0
15 0 0
16 0 0
17 0 .00001
18 0 .05209
19 0 .03778
20 0 .03098
21 0 .27856
22 0 .03942
23 0 .02948
24 0 .01139
25 0 .02645
26 0 .24474
27 0 .00019
28 0 .03164
29 0 .03176
30 0 .0322
31 0 .02407
32 0 .01399
33 0 .01051
34 0 .00416
35 0 .00466
36 0 .0029
37 0 .00613
38 0 .01653
39 0 .00598
40 0 .00172
41 0 .00091
42 0 .00039
43 0 .00021
44 0 .00013
45 0 .00005
46 0 .00003
47 0 .00001
48 0 0
49 0 0
50 0 0
51 0 0
100 0 0
*parity 2 married
birth 1 F married 2
14 0 0
15 0 0
16 0 .00001
17 0 .00003
18 0 .00016
19 0 .05413
20 0 .03102
21 0 .02972
22 0 .02631
23 0 .0265
24 0 .02519
25 0 .02387
26 0 .02333
27 0 .02431
28 0 .02217
29 0 .02235
30 0 .02194
31 0 .02323
32 0 .02179
33 0 .01684
34 0 .01698
35 0 .0172
36 0 .0139
37 0 .01273
38 0 .01233
39 0 .01043
40 0 .00849
41 0 .00661
42 0 .00512
43 0 .00374
44 0 .00274
45 0 .00201
46 0 .00128
47 0 .00072
48 0 .0004
49 0 .00021
50 0 .00009
51 0 .00004
100 0 0
*parity 2 single
birth 1 F single 2
14 0 0
15 0 0
16 0 0
17 0 0
18 0 .00001
19 0 .00002
20 0 .00005
21 0 .11265
22 0 .03425
23 0 .01667
24 0 .03967
25 0 .03494
26 0 .02418
27 0 .04445
28 0 .02009
29 0 .04492
30 0 .05615
31 0 .03051
32 0 .02854
33 0 .08447
34 0 .02275
35 0 .01418
36 0 .03203
37 0 .00918
38 0 .00583
39 0 .00677
40 0 .0081
41 0 .0077
42 0 .00704
43 0 .00191
44 0 .00151
45 0 .00082
46 0 .00045
47 0 .00034
48 0 .00012
49 0 .00007
50 0 .00002
51 0 .00001
100 0 0
*parity 2 widowed
birth 1 F widowed 2
14 0 0
15 0 0
16 0 0
17 0 0
18 0 .00001
19 0 .00002
20 0 .06464
21 0 .02271
22 0 .04143
23 0 .0166
24 0 .04199
25 0 .02377
26 0 .00954
27 0 .01024
28 0 .01182
29 0 .00724
30 0 .00647
31 0 .00499
32 0 .00566
33 0 .00398
34 0 .00357
35 0 .00422
36 0 .0025
37 0 .00244
38 0 .00253
39 0 .00179
40 0 .00134
41 0 .00092
42 0 .0006
43 0 .00049
44 0 .0004
45 0 .00025
46 0 .00012
47 0 .00007
48 0 .00004
49 0 .00002
50 0 .00001
51 0 0
100 0 0
*parity 2 divorced
birth 1 F divorced 2
14 0 0
15 0 0
16 0 0
17 0 0
18 0 .00001
19 0 .00002
20 0 .06464
21 0 .02271
22 0 .04143
23 0 .0166
24 0 .04199
25 0 .02377
26 0 .00954
27 0 .01024
28 0 .01182
29 0 .00724
30 0 .00647
31 0 .00499
32 0 .00566
33 0 .00398
34 0 .00357
35 0 .00422
36 0 .0025
37 0 .00244
38 0 .00253
39 0 .00179
40 0 .00134
41 0 .00092
42 0 .0006
43 0 .00049
44 0 .0004
45 0 .00025
46 0 .00012
47 0 .00007
48 0 .00004
49 0 .00002
50 0 .00001
51 0 0
100 0 0
