*parity 0 married
birth 1 F married 0
14 0 0
15 0 .00008
16 0 .00033
17 0 .05193
18 0 .03202
19 0 .05161
20 0 .04417
21 0 .04676
22 0 .03948
23 0 .02845
24 0 .02588
25 0 .02192
26 0 .01956
27 0 .01887
28 0 .01646
29 0 .01393
30 0 .01207
31 0 .00972
32 0 .0076
33 0 .00721
34 0 .00437
35 0 .0024
36 0 .00155
37 0 .00124
38 0 .0008
39 0 .00055
40 0 .00037
41 0 .00024
42 0 .00015
43 0 .00009
44 0 .00006
45 0 .00003
46 0 .00002
47 0 .00001
48 0 0
49 0 0
50 0 0
51 0 0
100 0 0
*parity 0 single
birth 1 F single 0
14 0 0
15 0 .00016
16 0 .00065
17 0 .00126
18 0 .00212
19 0 .00297
20 0 .00364
21 0 .00392
22 0 .00399
23 0 .00409
24 0 .0041
25 0 .00394
26 0 .00412
27 0 .00385
28 0 .00396
29 0 .00371
30 0 .00333
31 0 .00297
32 0 .00252
33 0 .00215
34 0 .00194
35 0 .00171
36 0 .00148
37 0 .00126
38 0 .00108
39 0 .00088
40 0 .00076
41 0 .0006
42 0 .00041
43 0 .00027
44 0 .0002
45 0 .00013
46 0 .00008
47 0 .00005
48 0 .00002
49 0 .00001
50 0 0
51 0 0
100 0 0
*parity 0 widowed
birth 1 F widowed 0
14 0 0
15 0 .00001
16 0 .00006
17 0 .26281
18 0 .43989
19 0 .61571
20 0 .69461
21 0 .71842
22 0 .33898
23 0 .63762
24 0 .55196
25 0 .1022
26 0 .15088
27 0 .05457
28 0 .08448
29 0 .03524
30 0 .02401
31 0 .03163
32 0 .02428
33 0 .0336
34 0 .01063
35 0 .00515
36 0 .0027
37 0 .00181
38 0 .00109
39 0 .00079
40 0 .00052
41 0 .00032
42 0 .00022
43 0 .00009
44 0 .00006
45 0 .00002
46 0 .00001
47 0 .00001
48 0 0
49 0 0
50 0 0
51 0 0
100 0 0
*parity 0 divorced
birth 1 F divorced 0
14 0 0
15 0 .00001
16 0 .00006
17 0 .26281
18 0 .43989
19 0 .61571
20 0 .69461
21 0 .71842
22 0 .33898
23 0 .63762
24 0 .55196
25 0 .1022
26 0 .15088
27 0 .05457
28 0 .08448
29 0 .03524
30 0 .02401
31 0 .03163
32 0 .02428
33 0 .0336
34 0 .01063
35 0 .00515
36 0 .0027
37 0 .00181
38 0 .00109
39 0 .00079
40 0 .00052
41 0 .00032
42 0 .00022
43 0 .00009
44 0 .00006
45 0 .00002
46 0 .00001
47 0 .00001
48 0 0
49 0 0
50 0 0
51 0 0
100 0 0
*parity 1 married
birth 1 F married 1
14 0 0
15 0 0
16 0 .00002
17 0 .00007
18 0 .02749
19 0 .01884
20 0 .0168
21 0 .0194
22 0 .0232
23 0 .02247
24 0 .0237
25 0 .02744
26 0 .02439
27 0 .02871
28 0 .02467
29 0 .02489
30 0 .02868
31 0 .02205
32 0 .01881
33 0 .02705
34 0 .01682
35 0 .01123
36 0 .00909
37 0 .00678
38 0 .00509
39 0 .00402
40 0 .00306
41 0 .00208
42 0 .00169
43 0 .00096
44 0 .00042
45 0 .00021
46 0 .00012
47 0 .00006
48 0 .00002
49 0 .00001
50 0 0
51 0 0
100 0 0
*parity 1 single
birth 1 F single 1
14 0 0
15 0 0
16 0 .04201
17 0 .014
18 0 .0229
19 0 .02747
20 0 .02529
21 0 .02843
22 0 .02656
23 0 .02254
24 0 .02047
25 0 .025
26 0 .02382
27 0 .02487
28 0 .02116
29 0 .02098
30 0 .02536
31 0 .02543
32 0 .02285
33 0 .02019
34 0 .02248
35 0 .02029
36 0 .02485
37 0 .01452
38 0 .01421
39 0 .01384
40 0 .00971
41 0 .0094
42 0 .00545
43 0 .00456
44 0 .00265
45 0 .00107
46 0 .0008
47 0 .00055
48 0 .00021
49 0 .00007
50 0 .00002
51 0 .00001
100 0 0
*parity 1 widowed
birth 1 F widowed 1
14 0 0
15 0 0
16 0 0
17 0 .00001
18 0 .03727
19 0 .03066
20 0 .05999
21 0 .06663
22 0 .05752
23 0 .0379
24 0 .03427
25 0 .01717
26 0 .10468
27 0 .02837
28 0 .0874
29 0 .14246
30 0 .07879
31 0 .03225
32 0 .01927
33 0 .01676
34 0 .00956
35 0 .00844
36 0 .01049
37 0 .00711
38 0 .00455
39 0 .00229
40 0 .00277
41 0 .00149
42 0 .00101
43 0 .00102
44 0 .00018
45 0 .0001
46 0 .00006
47 0 .00003
48 0 .00001
49 0 0
50 0 0
51 0 0
100 0 0
*parity 1 divorced
birth 1 F divorced 1
14 0 0
15 0 0
16 0 0
17 0 .00001
18 0 .03727
19 0 .03066
20 0 .05999
21 0 .06663
22 0 .05752
23 0 .0379
24 0 .03427
25 0 .01717
26 0 .10468
27 0 .02837
28 0 .0874
29 0 .14246
30 0 .07879
31 0 .03225
32 0 .01927
33 0 .01676
34 0 .00956
35 0 .00844
36 0 .01049
37 0 .00711
38 0 .00455
39 0 .00229
40 0 .00277
41 0 .00149
42 0 .00101
43 0 .00102
44 0 .00018
45 0 .0001
46 0 .00006
47 0 .00003
48 0 .00001
49 0 0
50 0 0
51 0 0
100 0 0
*parity 2 married
birth 1 F married 2
14 0 0
15 0 0
16 0 0
17 0 .00001
18 0 .00002
19 0 .0521
20 0 .01454
21 0 .01153
22 0 .01108
23 0 .01238
24 0 .01266
25 0 .01014
26 0 .01001
27 0 .01029
28 0 .00822
29 0 .00865
30 0 .0076
31 0 .00692
32 0 .00764
33 0 .00583
34 0 .00462
35 0 .00444
36 0 .00351
37 0 .00298
38 0 .00233
39 0 .00195
40 0 .0015
41 0 .00112
42 0 .00081
43 0 .00058
44 0 .00038
45 0 .00028
46 0 .00016
47 0 .00009
48 0 .00005
49 0 .00002
50 0 .00001
51 0 0
100 0 0
*parity 2 single
birth 1 F single 2
14 0 0
15 0 0
16 0 0
17 0 .02386
18 0 .0512
19 0 .01787
20 0 .02322
21 0 .01861
22 0 .01625
23 0 .01594
24 0 .01506
25 0 .01654
26 0 .01233
27 0 .01329
28 0 .01241
29 0 .01099
30 0 .01075
31 0 .01002
32 0 .0089
33 0 .00818
34 0 .00771
35 0 .00727
36 0 .0072
37 0 .00683
38 0 .00645
39 0 .00599
40 0 .00467
41 0 .00406
42 0 .00328
43 0 .00293
44 0 .00245
45 0 .00187
46 0 .00103
47 0 .00056
48 0 .00032
49 0 .00015
50 0 .00007
51 0 .00003
100 0 0
*parity 2 widowed
birth 1 F widowed 2
14 0 0
15 0 0
16 0 0
17 0 0
18 0 0
19 0 .00001
20 0 .00003
21 0 .01875
22 0 .01914
23 0 .01695
24 0 .01615
25 0 .02438
26 0 .01014
27 0 .00722
28 0 .00815
29 0 .00821
30 0 .00512
31 0 .00464
32 0 .0042
33 0 .00319
34 0 .00361
35 0 .00304
36 0 .00261
37 0 .00171
38 0 .00169
39 0 .00105
40 0 .00093
41 0 .00054
42 0 .00041
43 0 .00028
44 0 .0002
45 0 .00011
46 0 .00007
47 0 .00004
48 0 .00002
49 0 .00001
50 0 0
51 0 0
100 0 0
*parity 2 divorced
birth 1 F divorced 2
14 0 0
15 0 0
16 0 0
17 0 0
18 0 0
19 0 .00001
20 0 .00003
21 0 .01875
22 0 .01914
23 0 .01695
24 0 .01615
25 0 .02438
26 0 .01014
27 0 .00722
28 0 .00815
29 0 .00821
30 0 .00512
31 0 .00464
32 0 .0042
33 0 .00319
34 0 .00361
35 0 .00304
36 0 .00261
37 0 .00171
38 0 .00169
39 0 .00105
40 0 .00093
41 0 .00054
42 0 .00041
43 0 .00028
44 0 .0002
45 0 .00011
46 0 .00007
47 0 .00004
48 0 .00002
49 0 .00001
50 0 0
51 0 0
100 0 0
