*parity 0 married
birth 1 F married 0
14 0 0
15 0 .00018
16 0 .00091
17 0 .05259
18 0 .036
19 0 .06348
20 0 .0666
21 0 .07129
22 0 .08359
23 0 .06322
24 0 .06406
25 0 .0397
26 0 .03536
27 0 .02554
28 0 .01746
29 0 .01116
30 0 .00925
31 0 .0065
32 0 .00546
33 0 .00393
34 0 .0047
35 0 .0036
36 0 .00387
37 0 .00287
38 0 .00268
39 0 .00203
40 0 .00169
41 0 .00152
42 0 .00076
43 0 .00058
44 0 .00045
45 0 .00023
46 0 .00014
47 0 .0001
48 0 .00004
49 0 .00001
50 0 0
51 0 0
100 0 0
*parity 0 single
birth 1 F single 0
14 0 0
15 0 0
16 0 0
17 0 0
18 0 .00001
19 0 .00002
20 0 .00002
21 0 .00003
22 0 .00003
23 0 .00003
24 0 .00002
25 0 .00002
26 0 .00002
27 0 .00002
28 0 .00002
29 0 .00002
30 0 .00002
31 0 .00002
32 0 .00002
33 0 .00002
34 0 .00003
35 0 .00003
36 0 .00003
37 0 .00002
38 0 .00003
39 0 .00003
40 0 .00004
41 0 .00002
42 0 .00001
43 0 .00002
44 0 0
45 0 .00002
46 0 .00001
47 0 .00001
48 0 0
49 0 0
50 0 0
51 0 0
100 0 0
*parity 0 widowed
birth 1 F widowed 0
14 0 0
15 0 0
16 0 .00001
17 0 .00002
18 0 .00004
19 0 .03914
20 0 .00786
21 0 .01312
22 0 .04539
23 0 .00007
24 0 .01179
25 0 .01461
26 0 .00429
27 0 .00191
28 0 .01302
29 0 .00171
30 0 .00116
31 0 .00051
32 0 .00045
33 0 .00044
34 0 .0003
35 0 .00024
36 0 .00018
37 0 .00013
38 0 .00013
39 0 .0001
40 0 .00004
41 0 .00007
42 0 .00004
43 0 .00004
44 0 .00001
45 0 .00001
46 0 0
47 0 0
48 0 0
49 0 0
50 0 0
51 0 0
100 0 0
*parity 0 divorced
birth 1 F divorced 0
14 0 0
15 0 0
16 0 .00001
17 0 .00002
18 0 .00004
19 0 .03914
20 0 .00786
21 0 .01312
22 0 .04539
23 0 .00007
24 0 .01179
25 0 .01461
26 0 .00429
27 0 .00191
28 0 .01302
29 0 .00171
30 0 .00116
31 0 .00051
32 0 .00045
33 0 .00044
34 0 .0003
35 0 .00024
36 0 .00018
37 0 .00013
38 0 .00013
39 0 .0001
40 0 .00004
41 0 .00007
42 0 .00004
43 0 .00004
44 0 .00001
45 0 .00001
46 0 0
47 0 0
48 0 0
49 0 0
50 0 0
51 0 0
100 0 0
*parity 1 married
birth 1 F married 1
14 0 0
15 0 0
16 0 .00008
17 0 .00031
18 0 .03043
19 0 .02881
20 0 .03589
21 0 .04652
22 0 .04795
23 0 .06891
24 0 .0725
25 0 .09149
26 0 .07598
27 0 .06011
28 0 .06499
29 0 .04381
30 0 .04201
31 0 .03681
32 0 .02694
33 0 .0195
34 0 .01454
35 0 .00918
36 0 .00833
37 0 .00859
38 0 .00609
39 0 .00389
40 0 .00281
41 0 .00201
42 0 .00141
43 0 .00117
44 0 .00082
45 0 .00031
46 0 .00019
47 0 .0001
48 0 .00005
49 0 .00001
50 0 0
51 0 0
100 0 0
*parity 1 single
birth 1 F single 1
14 0 0
15 0 0
16 0 0
17 0 0
18 0 0
19 0 0
20 0 .00001
21 0 .00001
22 0 .00698
23 0 .00808
24 0 .00001
25 0 .00241
26 0 .003
27 0 .00033
28 0 .00017
29 0 .00011
30 0 .00006
31 0 .00005
32 0 .00007
33 0 .00005
34 0 .00004
35 0 .0001
36 0 .00008
37 0 .00006
38 0 .00009
39 0 .00008
40 0 .00005
41 0 .00004
42 0 .00008
43 0 .00003
44 0 .00006
45 0 .00001
46 0 .00001
47 0 .00001
48 0 0
49 0 0
50 0 0
51 0 0
100 0 0
*parity 1 widowed
birth 1 F widowed 1
14 0 0
15 0 0
16 0 0
17 0 0
18 0 .00001
19 0 .01246
20 0 .01007
21 0 .02911
22 0 .01588
23 0 .00919
24 0 .01735
25 0 .00657
26 0 .00545
27 0 .00608
28 0 .00254
29 0 .00248
30 0 .00358
31 0 .00224
32 0 .0014
33 0 .00151
34 0 .00047
35 0 .00075
36 0 .00128
37 0 .00031
38 0 .00041
39 0 .00026
40 0 .0003
41 0 .00015
42 0 .00009
43 0 .00004
44 0 .00002
45 0 .00001
46 0 .00001
47 0 0
48 0 0
49 0 0
50 0 0
51 0 0
100 0 0
*parity 1 divorced
birth 1 F divorced 1
14 0 0
15 0 0
16 0 0
17 0 0
18 0 .00001
19 0 .01246
20 0 .01007
21 0 .02911
22 0 .01588
23 0 .00919
24 0 .01735
25 0 .00657
26 0 .00545
27 0 .00608
28 0 .00254
29 0 .00248
30 0 .00358
31 0 .00224
32 0 .0014
33 0 .00151
34 0 .00047
35 0 .00075
36 0 .00128
37 0 .00031
38 0 .00041
39 0 .00026
40 0 .0003
41 0 .00015
42 0 .00009
43 0 .00004
44 0 .00002
45 0 .00001
46 0 .00001
47 0 0
48 0 0
49 0 0
50 0 0
51 0 0
100 0 0
*parity 2 married
birth 1 F married 2
14 0 0
15 0 0
16 0 .00001
17 0 .00003
18 0 .00015
19 0 .0352
20 0 .02212
21 0 .02272
22 0 .02361
23 0 .02247
24 0 .02394
25 0 .02285
26 0 .0209
27 0 .02048
28 0 .02197
29 0 .02118
30 0 .01858
31 0 .01807
32 0 .01538
33 0 .01564
34 0 .01315
35 0 .01302
36 0 .01118
37 0 .01033
38 0 .00871
39 0 .0085
40 0 .00751
41 0 .00556
42 0 .00457
43 0 .00308
44 0 .0023
45 0 .00155
46 0 .00092
47 0 .00053
48 0 .00028
49 0 .00016
50 0 .00007
51 0 .00003
100 0 0
*parity 2 single
birth 1 F single 2
14 0 0
15 0 0
16 0 0
17 0 0
18 0 0
19 0 0
20 0 0
21 0 0
22 0 .00001
23 0 .00001
24 0 .00799
25 0 .00471
26 0 .00318
27 0 .00513
28 0 .01031
29 0 .0008
30 0 .00079
31 0 .00051
32 0 .00039
33 0 .00023
34 0 .00027
35 0 .00019
36 0 .00022
37 0 .00019
38 0 .00021
39 0 .00015
40 0 .00018
41 0 .00013
42 0 .00015
43 0 .00021
44 0 .00007
45 0 .00024
46 0 .00006
47 0 .00002
48 0 .00002
49 0 .00001
50 0 .00001
51 0 0
100 0 0
*parity 2 widowed
birth 1 F widowed 2
14 0 0
15 0 0
16 0 0
17 0 0
18 0 0
19 0 0
20 0 .00672
21 0 .01359
22 0 .00989
23 0 .01499
24 0 .00404
25 0 .00858
26 0 .00435
27 0 .00334
28 0 .00261
29 0 .00317
30 0 .00664
31 0 .00175
32 0 .00136
33 0 .0013
34 0 .00167
35 0 .00088
36 0 .00061
37 0 .00071
38 0 .00061
39 0 .00049
40 0 .00041
41 0 .00028
42 0 .00019
43 0 .00011
44 0 .00008
45 0 .00006
46 0 .00003
47 0 .00002
48 0 .00001
49 0 .00001
50 0 0
51 0 0
100 0 0
*parity 2 divorced
birth 1 F divorced 2
14 0 0
15 0 0
16 0 0
17 0 0
18 0 0
19 0 0
20 0 .00672
21 0 .01359
22 0 .00989
23 0 .01499
24 0 .00404
25 0 .00858
26 0 .00435
27 0 .00334
28 0 .00261
29 0 .00317
30 0 .00664
31 0 .00175
32 0 .00136
33 0 .0013
34 0 .00167
35 0 .00088
36 0 .00061
37 0 .00071
38 0 .00061
39 0 .00049
40 0 .00041
41 0 .00028
42 0 .00019
43 0 .00011
44 0 .00008
45 0 .00006
46 0 .00003
47 0 .00002
48 0 .00001
49 0 .00001
50 0 0
51 0 0
100 0 0
