*parity all married
birth 1 F married 0
14 0 0
15 0 .00056
16 0 .00109
17 0 .00265
18 0 .00577
19 0 .01047
20 0 .01564
21 0 .01982
22 0 .02223
23 0 .02327
24 0 .02345
25 0 .02253
26 0 .02086
27 0 .0187
28 0 .01703
29 0 .01552
30 0 .01449
31 0 .01286
32 0 .0118
33 0 .01081
34 0 .01048
35 0 .00997
36 0 .00949
37 0 .00886
38 0 .00832
39 0 .00757
40 0 .00677
41 0 .0054
42 0 .00428
43 0 .00327
44 0 .00256
45 0 .00189
46 0 .00134
47 0 .00102
48 0 .00078
49 0 .00065
50 0 .00057
51 0 .00054
100 0 0
*parity all single
birth 1 F single 0
14 0 0
15 0 .00056
16 0 .00109
17 0 .00265
18 0 .00577
19 0 .01047
20 0 .01564
21 0 .01982
22 0 .02223
23 0 .02327
24 0 .02345
25 0 .02253
26 0 .02086
27 0 .0187
28 0 .01703
29 0 .01552
30 0 .01449
31 0 .01286
32 0 .0118
33 0 .01081
34 0 .01048
35 0 .00997
36 0 .00949
37 0 .00886
38 0 .00832
39 0 .00757
40 0 .00677
41 0 .0054
42 0 .00428
43 0 .00327
44 0 .00256
45 0 .00189
46 0 .00134
47 0 .00102
48 0 .00078
49 0 .00065
50 0 .00057
51 0 .00054
100 0 0
*parity all widowed
birth 1 F widowed 0
14 0 0
15 0 .00056
16 0 .00109
17 0 .00265
18 0 .00577
19 0 .01047
20 0 .01564
21 0 .01982
22 0 .02223
23 0 .02327
24 0 .02345
25 0 .02253
26 0 .02086
27 0 .0187
28 0 .01703
29 0 .01552
30 0 .01449
31 0 .01286
32 0 .0118
33 0 .01081
34 0 .01048
35 0 .00997
36 0 .00949
37 0 .00886
38 0 .00832
39 0 .00757
40 0 .00677
41 0 .0054
42 0 .00428
43 0 .00327
44 0 .00256
45 0 .00189
46 0 .00134
47 0 .00102
48 0 .00078
49 0 .00065
50 0 .00057
51 0 .00054
100 0 0
*parity all divorced
birth 1 F divorced 0
14 0 0
15 0 .00056
16 0 .00109
17 0 .00265
18 0 .00577
19 0 .01047
20 0 .01564
21 0 .01982
22 0 .02223
23 0 .02327
24 0 .02345
25 0 .02253
26 0 .02086
27 0 .0187
28 0 .01703
29 0 .01552
30 0 .01449
31 0 .01286
32 0 .0118
33 0 .01081
34 0 .01048
35 0 .00997
36 0 .00949
37 0 .00886
38 0 .00832
39 0 .00757
40 0 .00677
41 0 .0054
42 0 .00428
43 0 .00327
44 0 .00256
45 0 .00189
46 0 .00134
47 0 .00102
48 0 .00078
49 0 .00065
50 0 .00057
51 0 .00054
100 0 0
