*parity 0 married
birth 1 F married 0
14 0 0
15 0 .00008
16 0 .00059
17 0 .03409
18 0 .03006
19 0 .03772
20 0 .05461
21 0 .05532
22 0 .07962
23 0 .11722
24 0 .16308
25 0 .34579
26 0 .27239
27 0 .28305
28 0 .06593
29 0 .01544
30 0 .00949
31 0 .00278
32 0 .00193
33 0 .00171
34 0 .00223
35 0 .00458
36 0 .00272
37 0 .00355
38 0 .005
39 0 .00344
40 0 .01335
41 0 .00631
42 0 .05311
43 0 .01687
44 0 .00004
45 0 .00002
46 0 .00001
47 0 0
48 0 0
49 0 .00047
50 0 0
51 0 0
100 0 0
*parity 0 single
birth 1 F single 0
14 0 0
15 0 0
16 0 .00002
17 0 .00008
18 0 .00018
19 0 .00034
20 0 .00049
21 0 .00062
22 0 .0006
23 0 .00054
24 0 .00049
25 0 .00043
26 0 .00035
27 0 .00025
28 0 .00016
29 0 .00009
30 0 .00008
31 0 .00004
32 0 .00003
33 0 .00003
34 0 .00004
35 0 .00004
36 0 .00007
37 0 .00018
38 0 .00031
39 0 .00054
40 0 .00092
41 0 .00046
42 0 .0003
43 0 .00033
44 0 .00019
45 0 .00024
46 0 .00012
47 0 0
48 0 0
49 0 0
50 0 0
51 0 0
100 0 0
*parity 0 widowed
birth 1 F widowed 0
14 0 0
15 0 0
16 0 .00003
17 0 .10967
18 0 .11723
19 0 .38796
20 0 .47117
21 0 .00045
22 0 .00043
23 0 .00037
24 0 .0003
25 0 .00023
26 0 .00016
27 0 .0001
28 0 .06749
29 0 .00004
30 0 .00509
31 0 .00001
32 0 .00155
33 0 .00155
34 0 .00138
35 0 .00216
36 0 .00173
37 0 .00107
38 0 .00154
39 0 .00157
40 0 .00114
41 0 .00056
42 0 .00065
43 0 .00033
44 0 .00117
45 0 0
46 0 0
47 0 0
48 0 0
49 0 0
50 0 0
51 0 0
100 0 0
*parity 0 divorced
birth 1 F divorced 0
14 0 0
15 0 0
16 0 .00003
17 0 .10967
18 0 .11723
19 0 .38796
20 0 .47117
21 0 .00045
22 0 .00043
23 0 .00037
24 0 .0003
25 0 .00023
26 0 .00016
27 0 .0001
28 0 .06749
29 0 .00004
30 0 .00509
31 0 .00001
32 0 .00155
33 0 .00155
34 0 .00138
35 0 .00216
36 0 .00173
37 0 .00107
38 0 .00154
39 0 .00157
40 0 .00114
41 0 .00056
42 0 .00065
43 0 .00033
44 0 .00117
45 0 0
46 0 0
47 0 0
48 0 0
49 0 0
50 0 0
51 0 0
100 0 0
*parity 1 married
birth 1 F married 1
14 0 0
15 0 0
16 0 .00008
17 0 .00033
18 0 .03853
19 0 .04146
20 0 .10424
21 0 .19481
22 0 .83051
23 0 .55146
24 0 .4047
25 0 .39187
26 0 .24369
27 0 .19373
28 0 .12539
29 0 1
30 0 .34996
31 0 1
32 0 .001
33 0 .00074
34 0 .00063
35 0 .00055
36 0 .00049
37 0 .10787
38 0 .00039
39 0 .02417
40 0 .02452
41 0 .00685
42 0 .00414
43 0 .005
44 0 .00243
45 0 .00383
46 0 .00332
47 0 .00224
48 0 .00082
49 0 0
50 0 0
51 0 0
100 0 0
*parity 1 single
birth 1 F single 1
14 0 0
15 0 0
16 0 0
17 0 .00001
18 0 .00004
19 0 .05553
20 0 .03531
21 0 .08185
22 0 .07361
23 0 .02534
24 0 .02163
25 0 .02916
26 0 .10079
27 0 .00016
28 0 .00013
29 0 .09166
30 0 .06893
31 0 .00005
32 0 .00796
33 0 .00207
34 0 .00057
35 0 .00036
36 0 .00034
37 0 .00044
38 0 .00046
39 0 .00069
40 0 .00048
41 0 .00037
42 0 .00051
43 0 .00043
44 0 .00016
45 0 .00011
46 0 .00007
47 0 .00009
48 0 .00006
49 0 .00001
50 0 0
51 0 .00001
100 0 0
*parity 1 widowed
birth 1 F widowed 1
14 0 0
15 0 0
16 0 0
17 0 .00002
18 0 .00005
19 0 .03436
20 0 .21852
21 0 .06078
22 0 .18219
23 0 .12545
24 0 .37485
25 0 .00029
26 0 .24947
27 0 .07241
28 0 .17115
29 0 .00012
30 0 .00009
31 0 .00007
32 0 .00005
33 0 .03069
34 0 .00003
35 0 .0216
36 0 .00002
37 0 .00002
38 0 .00002
39 0 .00236
40 0 .00105
41 0 .0015
42 0 .00056
43 0 .00134
44 0 .00022
45 0 .0001
46 0 .00012
47 0 .00003
48 0 .00008
49 0 0
50 0 0
51 0 0
100 0 0
*parity 1 divorced
birth 1 F divorced 1
14 0 0
15 0 0
16 0 0
17 0 .00002
18 0 .00005
19 0 .03436
20 0 .21852
21 0 .06078
22 0 .18219
23 0 .12545
24 0 .37485
25 0 .00029
26 0 .24947
27 0 .07241
28 0 .17115
29 0 .00012
30 0 .00009
31 0 .00007
32 0 .00005
33 0 .03069
34 0 .00003
35 0 .0216
36 0 .00002
37 0 .00002
38 0 .00002
39 0 .00236
40 0 .00105
41 0 .0015
42 0 .00056
43 0 .00134
44 0 .00022
45 0 .0001
46 0 .00012
47 0 .00003
48 0 .00008
49 0 0
50 0 0
51 0 0
100 0 0
*parity 2 married
birth 1 F married 2
14 0 0
15 0 0
16 0 .00001
17 0 .00004
18 0 .00018
19 0 .03553
20 0 .01371
21 0 .01437
22 0 .01588
23 0 .0195
24 0 .01946
25 0 .01896
26 0 .01889
27 0 .01865
28 0 .01913
29 0 .01994
30 0 .01759
31 0 .01812
32 0 .01598
33 0 .01451
34 0 .01476
35 0 .01472
36 0 .01206
37 0 .01034
38 0 .0094
39 0 .00883
40 0 .00728
41 0 .0061
42 0 .00481
43 0 .00355
44 0 .00261
45 0 .00181
46 0 .00106
47 0 .00064
48 0 .00035
49 0 .00018
50 0 .00009
51 0 .00004
100 0 0
*parity 2 single
birth 1 F single 2
14 0 0
15 0 0
16 0 0
17 0 0
18 0 .00001
19 0 .00002
20 0 .02124
21 0 .03128
22 0 .02896
23 0 .02548
24 0 .04096
25 0 .05143
26 0 .03097
27 0 .03452
28 0 .03055
29 0 .03599
30 0 .03881
31 0 .01807
32 0 .01379
33 0 .01103
34 0 .01015
35 0 .00644
36 0 .01109
37 0 .00806
38 0 .008
39 0 .00626
40 0 .00613
41 0 .00303
42 0 .00181
43 0 .00118
44 0 .00081
45 0 .00074
46 0 .0004
47 0 .00032
48 0 .00014
49 0 .00013
50 0 .00003
51 0 .00001
100 0 0
*parity 2 widowed
birth 1 F widowed 2
14 0 0
15 0 0
16 0 0
17 0 0
18 0 .00001
19 0 .00003
20 0 .02628
21 0 .0129
22 0 .0209
23 0 .01577
24 0 .02281
25 0 .01697
26 0 .01311
27 0 .00941
28 0 .01013
29 0 .007
30 0 .00696
31 0 .00467
32 0 .00529
33 0 .00405
34 0 .00359
35 0 .00319
36 0 .0031
37 0 .00227
38 0 .00172
39 0 .00142
40 0 .00131
41 0 .001
42 0 .00071
43 0 .00047
44 0 .00041
45 0 .00021
46 0 .00014
47 0 .00008
48 0 .00004
49 0 .00002
50 0 .00001
51 0 0
100 0 0
*parity 2 divorced
birth 1 F divorced 2
14 0 0
15 0 0
16 0 0
17 0 0
18 0 .00001
19 0 .00003
20 0 .02628
21 0 .0129
22 0 .0209
23 0 .01577
24 0 .02281
25 0 .01697
26 0 .01311
27 0 .00941
28 0 .01013
29 0 .007
30 0 .00696
31 0 .00467
32 0 .00529
33 0 .00405
34 0 .00359
35 0 .00319
36 0 .0031
37 0 .00227
38 0 .00172
39 0 .00142
40 0 .00131
41 0 .001
42 0 .00071
43 0 .00047
44 0 .00041
45 0 .00021
46 0 .00014
47 0 .00008
48 0 .00004
49 0 .00002
50 0 .00001
51 0 0
100 0 0
