*parity 0 married
birth 1 F married 0
14 0 0
15 0 .00012
16 0 .0005
17 0 .03042
18 0 .01946
19 0 .01876
20 0 .01928
21 0 .01855
22 0 .01681
23 0 .01452
24 0 .01453
25 0 .01316
26 0 .0133
27 0 .01411
28 0 .01036
29 0 .00848
30 0 .00672
31 0 .00645
32 0 .00534
33 0 .00442
34 0 .00367
35 0 .00301
36 0 .00287
37 0 .00221
38 0 .0021
39 0 .00177
40 0 .00124
41 0 .00108
42 0 .00086
43 0 .00057
44 0 .00038
45 0 .00018
46 0 .00009
47 0 .00006
48 0 .00002
49 0 .00001
50 0 0
51 0 0
100 0 0
*parity 0 single
birth 1 F single 0
14 0 0
15 0 .0001
16 0 .00043
17 0 .00085
18 0 .0015
19 0 .00226
20 0 .00284
21 0 .00321
22 0 .00342
23 0 .00344
24 0 .00355
25 0 .00372
26 0 .00391
27 0 .0038
28 0 .00427
29 0 .00525
30 0 .00553
31 0 .0051
32 0 .00589
33 0 .00591
34 0 .00612
35 0 .0052
36 0 .00552
37 0 .00558
38 0 .00441
39 0 .00345
40 0 .00268
41 0 .00287
42 0 .00176
43 0 .00193
44 0 .00081
45 0 .00062
46 0 .00042
47 0 .00021
48 0 .00013
49 0 .00004
50 0 .00001
51 0 .00001
100 0 0
*parity 0 widowed
birth 1 F widowed 0
14 0 0
15 0 .00003
16 0 .00014
17 0 .34676
18 0 1.16032
19 0 .32887
20 0 .40144
21 0 .73557
22 0 .20875
23 0 .66069
24 0 .00057
25 0 .8495
26 0 .17216
27 0 1.40367
28 0 .2511
29 0 .06787
30 0 .11172
31 0 .09543
32 0 .04376
33 0 .00018
34 0 .02824
35 0 .0169
36 0 .00773
37 0 .00433
38 0 .00516
39 0 .0026
40 0 .0018
41 0 .00161
42 0 .00168
43 0 .00082
44 0 .00042
45 0 .00017
46 0 .00011
47 0 .00004
48 0 .00001
49 0 0
50 0 0
51 0 0
100 0 0
*parity 0 divorced
birth 1 F divorced 0
14 0 0
15 0 .00003
16 0 .00014
17 0 .34676
18 0 1.16032
19 0 .32887
20 0 .40144
21 0 .73557
22 0 .20875
23 0 .66069
24 0 .00057
25 0 .8495
26 0 .17216
27 0 1.40367
28 0 .2511
29 0 .06787
30 0 .11172
31 0 .09543
32 0 .04376
33 0 .00018
34 0 .02824
35 0 .0169
36 0 .00773
37 0 .00433
38 0 .00516
39 0 .0026
40 0 .0018
41 0 .00161
42 0 .00168
43 0 .00082
44 0 .00042
45 0 .00017
46 0 .00011
47 0 .00004
48 0 .00001
49 0 0
50 0 0
51 0 0
100 0 0
*parity 1 married
birth 1 F married 1
14 0 0
15 0 0
16 0 .00003
17 0 .26737
18 0 .03469
19 0 .0297
20 0 .02614
21 0 .02585
22 0 .01903
23 0 .01853
24 0 .01722
25 0 .01708
26 0 .0141
27 0 .01485
28 0 .01692
29 0 .01501
30 0 .01292
31 0 .01033
32 0 .00868
33 0 .0093
34 0 .01022
35 0 .01131
36 0 .00963
37 0 .00676
38 0 .00577
39 0 .00573
40 0 .0057
41 0 .00522
42 0 .00481
43 0 .0036
44 0 .00177
45 0 .00113
46 0 .01182
47 0 .00124
48 0 .0007
49 0 0
50 0 .0001
51 0 .00003
100 0 0
*parity 1 single
birth 1 F single 1
14 0 0
15 0 0
16 0 .03109
17 0 .04617
18 0 .03932
19 0 .03353
20 0 .03627
21 0 .03164
22 0 .03651
23 0 .03746
24 0 .03373
25 0 .04117
26 0 .03881
27 0 .04288
28 0 .06483
29 0 .07802
30 0 .10763
31 0 .12099
32 0 .25717
33 0 .34656
34 0 1
35 0 .47517
36 0 .2723
37 0 .11249
38 0 .52802
39 0 .00019
40 0 .11561
41 0 .07662
42 0 .10386
43 0 .01243
44 0 .00002
45 0 .0037
46 0 .0034
47 0 0
48 0 .00091
49 0 .00057
50 0 .00017
51 0 0
100 0 0
*parity 1 widowed
birth 1 F widowed 1
14 0 0
15 0 0
16 0 .00001
17 0 .00003
18 0 .01819
19 0 .06934
20 0 .10055
21 0 .10367
22 0 .04326
23 0 .03405
24 0 .03023
25 0 .02092
26 0 .01584
27 0 .01563
28 0 .01517
29 0 .01265
30 0 .01051
31 0 .00605
32 0 .00535
33 0 .0057
34 0 .00499
35 0 .00769
36 0 .00488
37 0 .01319
38 0 .0105
39 0 .02871
40 0 .00669
41 0 .00232
42 0 .00275
43 0 .00165
44 0 .00167
45 0 .00065
46 0 .00041
47 0 .00014
48 0 .0001
49 0 .00006
50 0 .00001
51 0 .00003
100 0 0
*parity 1 divorced
birth 1 F divorced 1
14 0 0
15 0 0
16 0 .00001
17 0 .00003
18 0 .01819
19 0 .06934
20 0 .10055
21 0 .10367
22 0 .04326
23 0 .03405
24 0 .03023
25 0 .02092
26 0 .01584
27 0 .01563
28 0 .01517
29 0 .01265
30 0 .01051
31 0 .00605
32 0 .00535
33 0 .0057
34 0 .00499
35 0 .00769
36 0 .00488
37 0 .01319
38 0 .0105
39 0 .02871
40 0 .00669
41 0 .00232
42 0 .00275
43 0 .00165
44 0 .00167
45 0 .00065
46 0 .00041
47 0 .00014
48 0 .0001
49 0 .00006
50 0 .00001
51 0 .00003
100 0 0
*parity 2 married
birth 1 F married 2
14 0 0
15 0 0
16 0 0
17 0 .00001
18 0 .00676
19 0 .00438
20 0 .00566
21 0 .00644
22 0 .00832
23 0 .01136
24 0 .00968
25 0 .00946
26 0 .00964
27 0 .0087
28 0 .00676
29 0 .00616
30 0 .00578
31 0 .00561
32 0 .00502
33 0 .00431
34 0 .00374
35 0 .00313
36 0 .00279
37 0 .00245
38 0 .00214
39 0 .00172
40 0 .00143
41 0 .00108
42 0 .00077
43 0 .00058
44 0 .0004
45 0 .00028
46 0 .00016
47 0 .0001
48 0 .00005
49 0 .00003
50 0 .00001
51 0 0
100 0 0
*parity 2 single
birth 1 F single 2
14 0 0
15 0 0
16 0 0
17 0 .00951
18 0 .00743
19 0 .00983
20 0 .01329
21 0 .01771
22 0 .0148
23 0 .0164
24 0 .01955
25 0 .01641
26 0 .01602
27 0 .01459
28 0 .01641
29 0 .01562
30 0 .01787
31 0 .01856
32 0 .0191
33 0 .01775
34 0 .01958
35 0 .01903
36 0 .01918
37 0 .02098
38 0 .02134
39 0 .01842
40 0 .02105
41 0 .01541
42 0 .01277
43 0 .0122
44 0 .01016
45 0 .01591
46 0 .00805
47 0 .00472
48 0 .00365
49 0 .00177
50 0 .00089
51 0 .00035
100 0 0
*parity 2 widowed
birth 1 F widowed 2
14 0 0
15 0 0
16 0 0
17 0 0
18 0 .00001
19 0 .00782
20 0 .00699
21 0 .00694
22 0 .01048
23 0 .00845
24 0 .00748
25 0 .00684
26 0 .00608
27 0 .00539
28 0 .00492
29 0 .00407
30 0 .00382
31 0 .00341
32 0 .0028
33 0 .00218
34 0 .00179
35 0 .00158
36 0 .00126
37 0 .00102
38 0 .00077
39 0 .00066
40 0 .00053
41 0 .00038
42 0 .00029
43 0 .00019
44 0 .00014
45 0 .00009
46 0 .00005
47 0 .00003
48 0 .00001
49 0 .00001
50 0 0
51 0 0
100 0 0
*parity 2 divorced
birth 1 F divorced 2
14 0 0
15 0 0
16 0 0
17 0 0
18 0 .00001
19 0 .00782
20 0 .00699
21 0 .00694
22 0 .01048
23 0 .00845
24 0 .00748
25 0 .00684
26 0 .00608
27 0 .00539
28 0 .00492
29 0 .00407
30 0 .00382
31 0 .00341
32 0 .0028
33 0 .00218
34 0 .00179
35 0 .00158
36 0 .00126
37 0 .00102
38 0 .00077
39 0 .00066
40 0 .00053
41 0 .00038
42 0 .00029
43 0 .00019
44 0 .00014
45 0 .00009
46 0 .00005
47 0 .00003
48 0 .00001
49 0 .00001
50 0 0
51 0 0
100 0 0
