*parity 0 married
birth 1 F married 0
14 0 0
15 0 .0001
16 0 .0004
17 0 .07257
18 0 .04161
19 0 .05979
20 0 .05748
21 0 .06226
22 0 .0568
23 0 .04973
24 0 .04343
25 0 .03676
26 0 .02912
27 0 .02364
28 0 .02167
29 0 .01626
30 0 .01095
31 0 .00871
32 0 .00686
33 0 .00518
34 0 .00282
35 0 .00203
36 0 .00154
37 0 .00102
38 0 .0008
39 0 .00054
40 0 .00036
41 0 .00026
42 0 .00017
43 0 .0001
44 0 .00007
45 0 .00004
46 0 .00002
47 0 .00001
48 0 .00001
49 0 0
50 0 0
51 0 0
100 0 0
*parity 0 single
birth 1 F single 0
14 0 0
15 0 .00014
16 0 .00059
17 0 .00114
18 0 .00194
19 0 .00272
20 0 .00334
21 0 .00359
22 0 .00366
23 0 .00365
24 0 .00352
25 0 .00352
26 0 .00341
27 0 .00344
28 0 .00329
29 0 .00309
30 0 .00314
31 0 .00274
32 0 .00233
33 0 .00215
34 0 .0021
35 0 .00211
36 0 .00189
37 0 .00176
38 0 .00154
39 0 .00146
40 0 .00126
41 0 .001
42 0 .0008
43 0 .00056
44 0 .00044
45 0 .00039
46 0 .00023
47 0 .00013
48 0 .00007
49 0 .00002
50 0 0
51 0 .00001
100 0 0
*parity 0 widowed
birth 1 F widowed 0
14 0 0
15 0 .00002
16 0 .00007
17 0 .00013
18 0 .46857
19 0 .64263
20 0 .75511
21 0 .76472
22 0 .00032
23 0 .67026
24 0 .1304
25 0 .6774
26 0 .1068
27 0 .20837
28 0 .1414
29 0 .06101
30 0 .06976
31 0 .02229
32 0 .02457
33 0 .01578
34 0 .00524
35 0 .00318
36 0 .00255
37 0 .0012
38 0 .00074
39 0 .00049
40 0 .00035
41 0 .00017
42 0 .00011
43 0 .00006
44 0 .00003
45 0 .00002
46 0 .00001
47 0 .00001
48 0 0
49 0 0
50 0 0
51 0 0
100 0 0
*parity 0 divorced
birth 1 F divorced 0
14 0 0
15 0 .00002
16 0 .00007
17 0 .00013
18 0 .46857
19 0 .64263
20 0 .75511
21 0 .76472
22 0 .00032
23 0 .67026
24 0 .1304
25 0 .6774
26 0 .1068
27 0 .20837
28 0 .1414
29 0 .06101
30 0 .06976
31 0 .02229
32 0 .02457
33 0 .01578
34 0 .00524
35 0 .00318
36 0 .00255
37 0 .0012
38 0 .00074
39 0 .00049
40 0 .00035
41 0 .00017
42 0 .00011
43 0 .00006
44 0 .00003
45 0 .00002
46 0 .00001
47 0 .00001
48 0 0
49 0 0
50 0 0
51 0 0
100 0 0
*parity 1 married
birth 1 F married 1
14 0 0
15 0 0
16 0 .00002
17 0 .00008
18 0 .02471
19 0 .02306
20 0 .0217
21 0 .02299
22 0 .03026
23 0 .03614
24 0 .03785
25 0 .02961
26 0 .03574
27 0 .04188
28 0 .03717
29 0 .03737
30 0 .02953
31 0 .02506
32 0 .02171
33 0 .02112
34 0 .01381
35 0 .01153
36 0 .00963
37 0 .00581
38 0 .00469
39 0 .00316
40 0 .00242
41 0 .00132
42 0 .00097
43 0 .00057
44 0 .00033
45 0 .00019
46 0 .00011
47 0 .00006
48 0 .00002
49 0 .00001
50 0 0
51 0 0
100 0 0
*parity 1 single
birth 1 F single 1
14 0 0
15 0 0
16 0 .03341
17 0 .01742
18 0 .02335
19 0 .02712
20 0 .02641
21 0 .02457
22 0 .02638
23 0 .02123
24 0 .02338
25 0 .02337
26 0 .02364
27 0 .02099
28 0 .02566
29 0 .03138
30 0 .02272
31 0 .02475
32 0 .02779
33 0 .03565
34 0 .02656
35 0 .02554
36 0 .01909
37 0 .02643
38 0 .0183
39 0 .01342
40 0 .01545
41 0 .01457
42 0 .01121
43 0 .00729
44 0 .00539
45 0 .00754
46 0 .00229
47 0 .00198
48 0 .00035
49 0 .00009
50 0 .00004
51 0 .00003
100 0 0
*parity 1 widowed
birth 1 F widowed 1
14 0 0
15 0 0
16 0 0
17 0 .00001
18 0 .04005
19 0 .00007
20 0 .0876
21 0 .11897
22 0 .0476
23 0 .04809
24 0 .03782
25 0 .02592
26 0 .01811
27 0 .02363
28 0 .02359
29 0 .01694
30 0 .02469
31 0 .01611
32 0 .01437
33 0 .02384
34 0 .01483
35 0 .01045
36 0 .01139
37 0 .00378
38 0 .00339
39 0 .00141
40 0 .00095
41 0 .00111
42 0 .00044
43 0 .00022
44 0 .00009
45 0 .00006
46 0 .00004
47 0 .00001
48 0 0
49 0 0
50 0 0
51 0 0
100 0 0
*parity 1 divorced
birth 1 F divorced 1
14 0 0
15 0 0
16 0 0
17 0 .00001
18 0 .04005
19 0 .00007
20 0 .0876
21 0 .11897
22 0 .0476
23 0 .04809
24 0 .03782
25 0 .02592
26 0 .01811
27 0 .02363
28 0 .02359
29 0 .01694
30 0 .02469
31 0 .01611
32 0 .01437
33 0 .02384
34 0 .01483
35 0 .01045
36 0 .01139
37 0 .00378
38 0 .00339
39 0 .00141
40 0 .00095
41 0 .00111
42 0 .00044
43 0 .00022
44 0 .00009
45 0 .00006
46 0 .00004
47 0 .00001
48 0 0
49 0 0
50 0 0
51 0 0
100 0 0
*parity 2 married
birth 1 F married 2
14 0 0
15 0 0
16 0 0
17 0 .00001
18 0 .00003
19 0 .01354
20 0 .01268
21 0 .01434
22 0 .00959
23 0 .0121
24 0 .01146
25 0 .01237
26 0 .01201
27 0 .01092
28 0 .00925
29 0 .00997
30 0 .00921
31 0 .00853
32 0 .00798
33 0 .00573
34 0 .0051
35 0 .0039
36 0 .0033
37 0 .00295
38 0 .00245
39 0 .00204
40 0 .00166
41 0 .00131
42 0 .00093
43 0 .0007
44 0 .00048
45 0 .0003
46 0 .00018
47 0 .0001
48 0 .00005
49 0 .00003
50 0 .00001
51 0 0
100 0 0
*parity 2 single
birth 1 F single 2
14 0 0
15 0 0
16 0 0
17 0 .02137
18 0 .04511
19 0 .0375
20 0 .02172
21 0 .02057
22 0 .01833
23 0 .01749
24 0 .01886
25 0 .01558
26 0 .01575
27 0 .01361
28 0 .0129
29 0 .01176
30 0 .01108
31 0 .01002
32 0 .00971
33 0 .00928
34 0 .00934
35 0 .00952
36 0 .00944
37 0 .00904
38 0 .00825
39 0 .00803
40 0 .0088
41 0 .00646
42 0 .00614
43 0 .00433
44 0 .0035
45 0 .00291
46 0 .00169
47 0 .00119
48 0 .00048
49 0 .00031
50 0 .00012
51 0 .00006
100 0 0
*parity 2 widowed
birth 1 F widowed 2
14 0 0
15 0 0
16 0 0
17 0 0
18 0 0
19 0 .03002
20 0 .02235
21 0 .03059
22 0 .01554
23 0 .01067
24 0 .0176
25 0 .02717
26 0 .02341
27 0 .01397
28 0 .01475
29 0 .00696
30 0 .00496
31 0 .00585
32 0 .0041
33 0 .00287
34 0 .00314
35 0 .00221
36 0 .00168
37 0 .00155
38 0 .00117
39 0 .00097
40 0 .00064
41 0 .00047
42 0 .00034
43 0 .00024
44 0 .00015
45 0 .00009
46 0 .00005
47 0 .00003
48 0 .00001
49 0 .00001
50 0 0
51 0 0
100 0 0
*parity 2 divorced
birth 1 F divorced 2
14 0 0
15 0 0
16 0 0
17 0 0
18 0 0
19 0 .03002
20 0 .02235
21 0 .03059
22 0 .01554
23 0 .01067
24 0 .0176
25 0 .02717
26 0 .02341
27 0 .01397
28 0 .01475
29 0 .00696
30 0 .00496
31 0 .00585
32 0 .0041
33 0 .00287
34 0 .00314
35 0 .00221
36 0 .00168
37 0 .00155
38 0 .00117
39 0 .00097
40 0 .00064
41 0 .00047
42 0 .00034
43 0 .00024
44 0 .00015
45 0 .00009
46 0 .00005
47 0 .00003
48 0 .00001
49 0 .00001
50 0 0
51 0 0
100 0 0
