*parity 0 married
birth 1 F married 0
14 0 0
15 0 .00011
16 0 .00044
17 0 .22738
18 0 .02459
19 0 .03732
20 0 .03363
21 0 .03232
22 0 .02544
23 0 .02259
24 0 .02184
25 0 .01795
26 0 .01747
27 0 .01444
28 0 .01393
29 0 .00949
30 0 .00733
31 0 .00528
32 0 .00409
33 0 .00333
34 0 .00287
35 0 .00206
36 0 .00182
37 0 .00132
38 0 .00118
39 0 .00089
40 0 .00065
41 0 .00047
42 0 .00034
43 0 .00022
44 0 .00016
45 0 .0001
46 0 .00007
47 0 .00004
48 0 .00002
49 0 .00001
50 0 0
51 0 0
100 0 0
*parity 0 single
birth 1 F single 0
14 0 0
15 0 .00013
16 0 .00052
17 0 .00101
18 0 .00181
19 0 .00261
20 0 .00331
21 0 .00356
22 0 .00384
23 0 .00392
24 0 .00413
25 0 .00429
26 0 .00438
27 0 .00466
28 0 .00471
29 0 .0048
30 0 .0053
31 0 .00552
32 0 .00575
33 0 .00607
34 0 .00595
35 0 .00561
36 0 .0056
37 0 .00515
38 0 .00435
39 0 .00566
40 0 .00626
41 0 .0041
42 0 .00436
43 0 .00355
44 0 .00241
45 0 .0012
46 0 .001
47 0 .00048
48 0 .00028
49 0 .00005
50 0 .00002
51 0 .00001
100 0 0
*parity 0 widowed
birth 1 F widowed 0
14 0 0
15 0 .00003
16 0 .00011
17 0 .00021
18 0 1.02181
19 0 .44396
20 0 .00056
21 0 .00058
22 0 .23131
23 0 .64488
24 0 .31456
25 0 .63839
26 0 .56335
27 0 .33734
28 0 .1192
29 0 .0663
30 0 .06823
31 0 .12222
32 0 .04319
33 0 .01794
34 0 .01105
35 0 .00457
36 0 .00337
37 0 .00233
38 0 .00146
39 0 .00118
40 0 .00075
41 0 .00052
42 0 .00028
43 0 .00015
44 0 .00009
45 0 .00006
46 0 .00004
47 0 .00002
48 0 .00001
49 0 0
50 0 0
51 0 0
100 0 0
*parity 0 divorced
birth 1 F divorced 0
14 0 0
15 0 .00003
16 0 .00011
17 0 .00021
18 0 1.02181
19 0 .44396
20 0 .00056
21 0 .00058
22 0 .23131
23 0 .64488
24 0 .31456
25 0 .63839
26 0 .56335
27 0 .33734
28 0 .1192
29 0 .0663
30 0 .06823
31 0 .12222
32 0 .04319
33 0 .01794
34 0 .01105
35 0 .00457
36 0 .00337
37 0 .00233
38 0 .00146
39 0 .00118
40 0 .00075
41 0 .00052
42 0 .00028
43 0 .00015
44 0 .00009
45 0 .00006
46 0 .00004
47 0 .00002
48 0 .00001
49 0 0
50 0 0
51 0 0
100 0 0
*parity 1 married
birth 1 F married 1
14 0 0
15 0 0
16 0 .00002
17 0 .00009
18 0 .04109
19 0 .02085
20 0 .01577
21 0 .02104
22 0 .01672
23 0 .0175
24 0 .01436
25 0 .01611
26 0 .01442
27 0 .01553
28 0 .01531
29 0 .01788
30 0 .01548
31 0 .01317
32 0 .01321
33 0 .01088
34 0 .00819
35 0 .00661
36 0 .00527
37 0 .00487
38 0 .00324
39 0 .00258
40 0 .00212
41 0 .0017
42 0 .00133
43 0 .00075
44 0 .00043
45 0 .00019
46 0 .00008
47 0 .00005
48 0 .00002
49 0 .00001
50 0 0
51 0 0
100 0 0
*parity 1 single
birth 1 F single 1
14 0 0
15 0 0
16 0 .08577
17 0 .0291
18 0 .02785
19 0 .02382
20 0 .02798
21 0 .03282
22 0 .02775
23 0 .03256
24 0 .02981
25 0 .0288
26 0 .02952
27 0 .03169
28 0 .03996
29 0 .05267
30 0 .04166
31 0 .06498
32 0 .07692
33 0 .08274
34 0 .09519
35 0 .18192
36 0 .24687
37 0 .66701
38 0 .12924
39 0 .05995
40 0 .13774
41 0 .08445
42 0 .0738
43 0 .06447
44 0 .07271
45 0 .03864
46 0 .01953
47 0 .00849
48 0 0
49 0 .00097
50 0 0
51 0 .00007
100 0 0
*parity 1 widowed
birth 1 F widowed 1
14 0 0
15 0 0
16 0 .00001
17 0 .00002
18 0 .02543
19 0 .17007
20 0 .04523
21 0 .05096
22 0 .03651
23 0 .0493
24 0 .05451
25 0 .03567
26 0 .02183
27 0 .02666
28 0 .02605
29 0 .02363
30 0 .02149
31 0 .01292
32 0 .0092
33 0 .00675
34 0 .00415
35 0 .003
36 0 .00205
37 0 .00156
38 0 .00109
39 0 .00067
40 0 .00059
41 0 .00039
42 0 .00029
43 0 .00015
44 0 .00008
45 0 .00004
46 0 .00002
47 0 .00001
48 0 .00001
49 0 0
50 0 0
51 0 0
100 0 0
*parity 1 divorced
birth 1 F divorced 1
14 0 0
15 0 0
16 0 .00001
17 0 .00002
18 0 .02543
19 0 .17007
20 0 .04523
21 0 .05096
22 0 .03651
23 0 .0493
24 0 .05451
25 0 .03567
26 0 .02183
27 0 .02666
28 0 .02605
29 0 .02363
30 0 .02149
31 0 .01292
32 0 .0092
33 0 .00675
34 0 .00415
35 0 .003
36 0 .00205
37 0 .00156
38 0 .00109
39 0 .00067
40 0 .00059
41 0 .00039
42 0 .00029
43 0 .00015
44 0 .00008
45 0 .00004
46 0 .00002
47 0 .00001
48 0 .00001
49 0 0
50 0 0
51 0 0
100 0 0
*parity 2 married
birth 1 F married 2
14 0 0
15 0 0
16 0 0
17 0 .00001
18 0 .00458
19 0 .00528
20 0 .00724
21 0 .01253
22 0 .01416
23 0 .01301
24 0 .01193
25 0 .01082
26 0 .01024
27 0 .00858
28 0 .0086
29 0 .00718
30 0 .00649
31 0 .0057
32 0 .00475
33 0 .00453
34 0 .00395
35 0 .00372
36 0 .00334
37 0 .00291
38 0 .00253
39 0 .00209
40 0 .00169
41 0 .00136
42 0 .001
43 0 .00075
44 0 .00056
45 0 .00036
46 0 .00022
47 0 .00012
48 0 .00006
49 0 .00003
50 0 .00001
51 0 .00001
100 0 0
*parity 2 single
birth 1 F single 2
14 0 0
15 0 0
16 0 0
17 0 .00887
18 0 .00996
19 0 .01123
20 0 .01588
21 0 .01273
22 0 .01533
23 0 .01233
24 0 .0129
25 0 .01208
26 0 .01225
27 0 .01203
28 0 .01015
29 0 .01169
30 0 .01176
31 0 .01224
32 0 .01419
33 0 .01305
34 0 .0141
35 0 .01563
36 0 .01495
37 0 .01589
38 0 .01582
39 0 .01741
40 0 .01594
41 0 .01312
42 0 .01114
43 0 .0113
44 0 .00985
45 0 .0058
46 0 .00503
47 0 .0032
48 0 .00135
49 0 .00078
50 0 .00024
51 0 .00016
100 0 0
*parity 2 widowed
birth 1 F widowed 2
14 0 0
15 0 0
16 0 0
17 0 0
18 0 .00001
19 0 .01293
20 0 .01421
21 0 .01097
22 0 .01024
23 0 .00882
24 0 .00781
25 0 .00752
26 0 .00713
27 0 .00517
28 0 .00458
29 0 .00381
30 0 .0035
31 0 .00306
32 0 .00263
33 0 .00211
34 0 .00197
35 0 .00171
36 0 .00137
37 0 .00114
38 0 .00096
39 0 .00076
40 0 .00058
41 0 .0004
42 0 .00028
43 0 .0002
44 0 .00013
45 0 .00009
46 0 .00005
47 0 .00003
48 0 .00001
49 0 .00001
50 0 0
51 0 0
100 0 0
*parity 2 divorced
birth 1 F divorced 2
14 0 0
15 0 0
16 0 0
17 0 0
18 0 .00001
19 0 .01293
20 0 .01421
21 0 .01097
22 0 .01024
23 0 .00882
24 0 .00781
25 0 .00752
26 0 .00713
27 0 .00517
28 0 .00458
29 0 .00381
30 0 .0035
31 0 .00306
32 0 .00263
33 0 .00211
34 0 .00197
35 0 .00171
36 0 .00137
37 0 .00114
38 0 .00096
39 0 .00076
40 0 .00058
41 0 .0004
42 0 .00028
43 0 .0002
44 0 .00013
45 0 .00009
46 0 .00005
47 0 .00003
48 0 .00001
49 0 .00001
50 0 0
51 0 0
100 0 0
