*parity 0 married
birth 1 F married 0
14 0 0
15 0 .00023
16 0 .00091
17 0 .03897
18 0 .0206
19 0 .02399
20 0 .02156
21 0 .01842
22 0 .01772
23 0 .01696
24 0 .01358
25 0 .01392
26 0 .01285
27 0 .01155
28 0 .01165
29 0 .01017
30 0 .00888
31 0 .0074
32 0 .00696
33 0 .00576
34 0 .00461
35 0 .00394
36 0 .00395
37 0 .00263
38 0 .00207
39 0 .00128
40 0 .00098
41 0 .00074
42 0 .00049
43 0 .00028
44 0 .0002
45 0 .00012
46 0 .00006
47 0 .00003
48 0 .00002
49 0 0
50 0 0
51 0 0
100 0 0
*parity 0 single
birth 1 F single 0
14 0 0
15 0 .00001
16 0 .00003
17 0 .00006
18 0 .00012
19 0 .00017
20 0 .00022
21 0 .00026
22 0 .00025
23 0 .00026
24 0 .0003
25 0 .0003
26 0 .00035
27 0 .0004
28 0 .00038
29 0 .00046
30 0 .00048
31 0 .00041
32 0 .0004
33 0 .00035
34 0 .00034
35 0 .00035
36 0 .00029
37 0 .00028
38 0 .00021
39 0 .00016
40 0 .00021
41 0 .00008
42 0 .00007
43 0 .00007
44 0 .00003
45 0 .00002
46 0 .00002
47 0 .00001
48 0 0
49 0 0
50 0 0
51 0 0
100 0 0
*parity 0 widowed
birth 1 F widowed 0
14 0 0
15 0 .00001
16 0 .00004
17 0 .00008
18 0 .02932
19 0 .01909
20 0 .01247
21 0 .0108
22 0 .01263
23 0 .00997
24 0 .00682
25 0 .00486
26 0 .00399
27 0 .00505
28 0 .00352
29 0 .00274
30 0 .00199
31 0 .00157
32 0 .00132
33 0 .0012
34 0 .00104
35 0 .00068
36 0 .00056
37 0 .00037
38 0 .00033
39 0 .00023
40 0 .00013
41 0 .0001
42 0 .00006
43 0 .00003
44 0 .00002
45 0 .00001
46 0 .00001
47 0 0
48 0 0
49 0 0
50 0 0
51 0 0
100 0 0
*parity 0 divorced
birth 1 F divorced 0
14 0 0
15 0 .00001
16 0 .00004
17 0 .00008
18 0 .02932
19 0 .01909
20 0 .01247
21 0 .0108
22 0 .01263
23 0 .00997
24 0 .00682
25 0 .00486
26 0 .00399
27 0 .00505
28 0 .00352
29 0 .00274
30 0 .00199
31 0 .00157
32 0 .00132
33 0 .0012
34 0 .00104
35 0 .00068
36 0 .00056
37 0 .00037
38 0 .00033
39 0 .00023
40 0 .00013
41 0 .0001
42 0 .00006
43 0 .00003
44 0 .00002
45 0 .00001
46 0 .00001
47 0 0
48 0 0
49 0 0
50 0 0
51 0 0
100 0 0
*parity 1 married
birth 1 F married 1
14 0 0
15 0 0
16 0 .00005
17 0 .24058
18 0 .01782
19 0 .01514
20 0 .01669
21 0 .01664
22 0 .02121
23 0 .01909
24 0 .02307
25 0 .01992
26 0 .01995
27 0 .01827
28 0 .02425
29 0 .02275
30 0 .02039
31 0 .0255
32 0 .02088
33 0 .02338
34 0 .01578
35 0 .02208
36 0 .01434
37 0 .01562
38 0 .01278
39 0 .01009
40 0 .00766
41 0 .00686
42 0 .00431
43 0 .00204
44 0 .00079
45 0 .0008
46 0 .00045
47 0 .00013
48 0 .00006
49 0 .00004
50 0 .00001
51 0 .00001
100 0 0
*parity 1 single
birth 1 F single 1
14 0 0
15 0 0
16 0 0
17 0 .00001
18 0 .02282
19 0 .04375
20 0 .0696
21 0 .0242
22 0 .0291
23 0 .03317
24 0 .04697
25 0 .13116
26 0 .06533
27 0 .025
28 0 .01966
29 0 .10736
30 0 .0363
31 0 .01803
32 0 .04316
33 0 .03036
34 0 .02569
35 0 .04524
36 0 .03304
37 0 .00003
38 0 .00002
39 0 .00001
40 0 .00869
41 0 .00289
42 0 0
43 0 .00224
44 0 0
45 0 0
46 0 0
47 0 0
48 0 0
49 0 0
50 0 0
51 0 0
100 0 0
*parity 1 widowed
birth 1 F widowed 1
14 0 0
15 0 0
16 0 0
17 0 .00001
18 0 .0095
19 0 .0078
20 0 .01738
21 0 .01209
22 0 .00765
23 0 .00828
24 0 .00533
25 0 .00565
26 0 .00859
27 0 .00678
28 0 .00545
29 0 .00344
30 0 .00439
31 0 .00386
32 0 .00327
33 0 .00281
34 0 .00207
35 0 .00226
36 0 .00196
37 0 .00154
38 0 .00111
39 0 .00138
40 0 .00155
41 0 .00144
42 0 .00043
43 0 .00035
44 0 .00018
45 0 .00006
46 0 .00005
47 0 .00001
48 0 .00001
49 0 0
50 0 0
51 0 0
100 0 0
*parity 1 divorced
birth 1 F divorced 1
14 0 0
15 0 0
16 0 0
17 0 .00001
18 0 .0095
19 0 .0078
20 0 .01738
21 0 .01209
22 0 .00765
23 0 .00828
24 0 .00533
25 0 .00565
26 0 .00859
27 0 .00678
28 0 .00545
29 0 .00344
30 0 .00439
31 0 .00386
32 0 .00327
33 0 .00281
34 0 .00207
35 0 .00226
36 0 .00196
37 0 .00154
38 0 .00111
39 0 .00138
40 0 .00155
41 0 .00144
42 0 .00043
43 0 .00035
44 0 .00018
45 0 .00006
46 0 .00005
47 0 .00001
48 0 .00001
49 0 0
50 0 0
51 0 0
100 0 0
*parity 2 married
birth 1 F married 2
14 0 0
15 0 0
16 0 0
17 0 .00001
18 0 .00005
19 0 .02317
20 0 .01716
21 0 .01606
22 0 .01446
23 0 .01398
24 0 .01193
25 0 .01191
26 0 .00973
27 0 .00953
28 0 .00879
29 0 .00762
30 0 .00749
31 0 .0071
32 0 .00616
33 0 .0056
34 0 .00515
35 0 .00415
36 0 .00366
37 0 .00307
38 0 .00248
39 0 .0022
40 0 .00179
41 0 .00134
42 0 .00104
43 0 .00074
44 0 .00054
45 0 .00035
46 0 .0002
47 0 .00012
48 0 .00006
49 0 .00003
50 0 .00001
51 0 0
100 0 0
*parity 2 single
birth 1 F single 2
14 0 0
15 0 0
16 0 0
17 0 .00069
18 0 0
19 0 .00001
20 0 .00001
21 0 .01498
22 0 .00003
23 0 .02046
24 0 .03774
25 0 .07974
26 0 .02954
27 0 .03104
28 0 .01202
29 0 .04755
30 0 .02103
31 0 .05685
32 0 .01662
33 0 .01934
34 0 .02434
35 0 .01795
36 0 .0147
37 0 .0469
38 0 .01272
39 0 .00004
40 0 .00003
41 0 .00002
42 0 .01448
43 0 .01016
44 0 .00001
45 0 .00451
46 0 0
47 0 0
48 0 0
49 0 .00037
50 0 0
51 0 0
100 0 0
*parity 2 widowed
birth 1 F widowed 2
14 0 0
15 0 0
16 0 0
17 0 0
18 0 0
19 0 .00001
20 0 .01019
21 0 .0034
22 0 .0051
23 0 .00426
24 0 .00314
25 0 .00343
26 0 .00299
27 0 .00204
28 0 .00179
29 0 .00192
30 0 .00173
31 0 .00138
32 0 .00131
33 0 .00094
34 0 .00093
35 0 .00068
36 0 .0005
37 0 .00048
38 0 .00047
39 0 .00037
40 0 .00024
41 0 .00019
42 0 .00012
43 0 .0001
44 0 .00006
45 0 .00004
46 0 .00002
47 0 .00002
48 0 .00001
49 0 0
50 0 0
51 0 0
100 0 0
*parity 2 divorced
birth 1 F divorced 2
14 0 0
15 0 0
16 0 0
17 0 0
18 0 0
19 0 .00001
20 0 .01019
21 0 .0034
22 0 .0051
23 0 .00426
24 0 .00314
25 0 .00343
26 0 .00299
27 0 .00204
28 0 .00179
29 0 .00192
30 0 .00173
31 0 .00138
32 0 .00131
33 0 .00094
34 0 .00093
35 0 .00068
36 0 .0005
37 0 .00048
38 0 .00047
39 0 .00037
40 0 .00024
41 0 .00019
42 0 .00012
43 0 .0001
44 0 .00006
45 0 .00004
46 0 .00002
47 0 .00002
48 0 .00001
49 0 0
50 0 0
51 0 0
100 0 0
