*parity 0 married
birth 1 F married 0
14 0 0
15 0 .00022
16 0 .00092
17 0 .04763
18 0 .02846
19 0 .0343
20 0 .0353
21 0 .03231
22 0 .03348
23 0 .03057
24 0 .02846
25 0 .02739
26 0 .02308
27 0 .01969
28 0 .01656
29 0 .01479
30 0 .01261
31 0 .01201
32 0 .00873
33 0 .00756
34 0 .00581
35 0 .00481
36 0 .00372
37 0 .00339
38 0 .00251
39 0 .00206
40 0 .00141
41 0 .00103
42 0 .00082
43 0 .00063
44 0 .00036
45 0 .00025
46 0 .00012
47 0 .00008
48 0 .00005
49 0 .00002
50 0 0
51 0 0
100 0 0
*parity 0 single
birth 1 F single 0
14 0 0
15 0 .00002
16 0 .00008
17 0 .00015
18 0 .00027
19 0 .0004
20 0 .0005
21 0 .00057
22 0 .00057
23 0 .00059
24 0 .00063
25 0 .00065
26 0 .00069
27 0 .00076
28 0 .00079
29 0 .00082
30 0 .0009
31 0 .00095
32 0 .00091
33 0 .00081
34 0 .00078
35 0 .00075
36 0 .0008
37 0 .0006
38 0 .00063
39 0 .00071
40 0 .00046
41 0 .00038
42 0 .00023
43 0 .00021
44 0 .0001
45 0 .0001
46 0 .00006
47 0 .00005
48 0 .00001
49 0 .00001
50 0 0
51 0 0
100 0 0
*parity 0 widowed
birth 1 F widowed 0
14 0 0
15 0 .00001
16 0 .00005
17 0 .0001
18 0 .20484
19 0 .0396
20 0 .08013
21 0 .02645
22 0 .02529
23 0 .02938
24 0 .01329
25 0 .01213
26 0 .00917
27 0 .01025
28 0 .00659
29 0 .00455
30 0 .00454
31 0 .00296
32 0 .00221
33 0 .00172
34 0 .00114
35 0 .00079
36 0 .00069
37 0 .00053
38 0 .00032
39 0 .00022
40 0 .0002
41 0 .00014
42 0 .00011
43 0 .00007
44 0 .00005
45 0 .00002
46 0 .00001
47 0 .00001
48 0 .00001
49 0 0
50 0 0
51 0 0
100 0 0
*parity 0 divorced
birth 1 F divorced 0
14 0 0
15 0 .00001
16 0 .00005
17 0 .0001
18 0 .20484
19 0 .0396
20 0 .08013
21 0 .02645
22 0 .02529
23 0 .02938
24 0 .01329
25 0 .01213
26 0 .00917
27 0 .01025
28 0 .00659
29 0 .00455
30 0 .00454
31 0 .00296
32 0 .00221
33 0 .00172
34 0 .00114
35 0 .00079
36 0 .00069
37 0 .00053
38 0 .00032
39 0 .00022
40 0 .0002
41 0 .00014
42 0 .00011
43 0 .00007
44 0 .00005
45 0 .00002
46 0 .00001
47 0 .00001
48 0 .00001
49 0 0
50 0 0
51 0 0
100 0 0
*parity 1 married
birth 1 F married 1
14 0 0
15 0 0
16 0 .00005
17 0 .00018
18 0 .02097
19 0 .01525
20 0 .01744
21 0 .01756
22 0 .02024
23 0 .01923
24 0 .01738
25 0 .01865
26 0 .02152
27 0 .01917
28 0 .01876
29 0 .02057
30 0 .01877
31 0 .01366
32 0 .01367
33 0 .01207
34 0 .0109
35 0 .01026
36 0 .00724
37 0 .00663
38 0 .00648
39 0 .00446
40 0 .00318
41 0 .0024
42 0 .0015
43 0 .00119
44 0 .00054
45 0 .00027
46 0 .00014
47 0 .00009
48 0 .00004
49 0 .00001
50 0 .00001
51 0 0
100 0 0
*parity 1 single
birth 1 F single 1
14 0 0
15 0 0
16 0 .00517
17 0 .00002
18 0 .01296
19 0 .05152
20 0 .02066
21 0 .0427
22 0 .03137
23 0 .05732
24 0 .18404
25 0 .37968
26 0 .09178
27 0 .18645
28 0 .09665
29 0 .1873
30 0 .09125
31 0 .1137
32 0 .29171
33 0 .13082
34 0 .2201
35 0 .0001
36 0 .03533
37 0 .10648
38 0 .08011
39 0 .02649
40 0 .03987
41 0 .02532
42 0 .00001
43 0 .01002
44 0 0
45 0 .00158
46 0 0
47 0 0
48 0 0
49 0 0
50 0 0
51 0 0
100 0 0
*parity 1 widowed
birth 1 F widowed 1
14 0 0
15 0 0
16 0 0
17 0 .00001
18 0 .00003
19 0 .0173
20 0 .01388
21 0 .00782
22 0 .00916
23 0 .0077
24 0 .00603
25 0 .00531
26 0 .00525
27 0 .00398
28 0 .004
29 0 .00315
30 0 .00288
31 0 .00234
32 0 .0017
33 0 .00152
34 0 .00108
35 0 .00083
36 0 .00074
37 0 .00051
38 0 .0004
39 0 .00029
40 0 .00019
41 0 .00017
42 0 .00009
43 0 .00005
44 0 .00003
45 0 .00002
46 0 .00001
47 0 0
48 0 0
49 0 0
50 0 0
51 0 0
100 0 0
*parity 1 divorced
birth 1 F divorced 1
14 0 0
15 0 0
16 0 0
17 0 .00001
18 0 .00003
19 0 .0173
20 0 .01388
21 0 .00782
22 0 .00916
23 0 .0077
24 0 .00603
25 0 .00531
26 0 .00525
27 0 .00398
28 0 .004
29 0 .00315
30 0 .00288
31 0 .00234
32 0 .0017
33 0 .00152
34 0 .00108
35 0 .00083
36 0 .00074
37 0 .00051
38 0 .0004
39 0 .00029
40 0 .00019
41 0 .00017
42 0 .00009
43 0 .00005
44 0 .00003
45 0 .00002
46 0 .00001
47 0 0
48 0 0
49 0 0
50 0 0
51 0 0
100 0 0
*parity 2 married
birth 1 F married 2
14 0 0
15 0 0
16 0 0
17 0 .00001
18 0 .00006
19 0 .01445
20 0 .01586
21 0 .01789
22 0 .01438
23 0 .01492
24 0 .01469
25 0 .01311
26 0 .01107
27 0 .01025
28 0 .01082
29 0 .01004
30 0 .00866
31 0 .00847
32 0 .00834
33 0 .00749
34 0 .00736
35 0 .00602
36 0 .00547
37 0 .00468
38 0 .00405
39 0 .00332
40 0 .00287
41 0 .00197
42 0 .00155
43 0 .00108
44 0 .00082
45 0 .00054
46 0 .00031
47 0 .00018
48 0 .00008
49 0 .00004
50 0 .00001
51 0 .00001
100 0 0
*parity 2 single
birth 1 F single 2
14 0 0
15 0 0
16 0 0
17 0 0
18 0 .00001
19 0 .00001
20 0 .02092
21 0 .04349
22 0 .02251
23 0 .01643
24 0 .01907
25 0 .01183
26 0 .01348
27 0 .01848
28 0 .03159
29 0 .02003
30 0 .03053
31 0 .03336
32 0 .01773
33 0 .02521
34 0 .02378
35 0 .02675
36 0 .03094
37 0 .03773
38 0 .04556
39 0 .04303
40 0 .02983
41 0 .02677
42 0 .07623
43 0 .02939
44 0 .0099
45 0 .02783
46 0 .01503
47 0 .007
48 0 .00174
49 0 .00063
50 0 .00072
51 0 .00024
100 0 0
*parity 2 widowed
birth 1 F widowed 2
14 0 0
15 0 0
16 0 0
17 0 0
18 0 0
19 0 .00001
20 0 .00562
21 0 .01461
22 0 .00756
23 0 .00675
24 0 .00496
25 0 .00381
26 0 .00383
27 0 .0043
28 0 .00263
29 0 .00222
30 0 .00232
31 0 .00181
32 0 .00167
33 0 .00139
34 0 .00112
35 0 .00114
36 0 .00091
37 0 .00069
38 0 .00052
39 0 .00043
40 0 .00035
41 0 .00026
42 0 .00017
43 0 .00011
44 0 .00008
45 0 .00005
46 0 .00003
47 0 .00001
48 0 .00001
49 0 0
50 0 0
51 0 0
100 0 0
*parity 2 divorced
birth 1 F divorced 2
14 0 0
15 0 0
16 0 0
17 0 0
18 0 0
19 0 .00001
20 0 .00562
21 0 .01461
22 0 .00756
23 0 .00675
24 0 .00496
25 0 .00381
26 0 .00383
27 0 .0043
28 0 .00263
29 0 .00222
30 0 .00232
31 0 .00181
32 0 .00167
33 0 .00139
34 0 .00112
35 0 .00114
36 0 .00091
37 0 .00069
38 0 .00052
39 0 .00043
40 0 .00035
41 0 .00026
42 0 .00017
43 0 .00011
44 0 .00008
45 0 .00005
46 0 .00003
47 0 .00001
48 0 .00001
49 0 0
50 0 0
51 0 0
100 0 0
