*parity 0 married
birth 1 F married 0
14 0 0
15 0 .00012
16 0 .00064
17 0 .0328
18 0 .02992
19 0 .03274
20 0 .04193
21 0 .04631
22 0 .06548
23 0 .07757
24 0 .08489
25 0 .06406
26 0 .05349
27 0 .04009
28 0 .02171
29 0 .01458
30 0 .00998
31 0 .00784
32 0 .00484
33 0 .0038
34 0 .00279
35 0 .00247
36 0 .00194
37 0 .00171
38 0 .00136
39 0 .00112
40 0 .00082
41 0 .00054
42 0 .00035
43 0 .00026
44 0 .0002
45 0 .00012
46 0 .00007
47 0 .00003
48 0 .00002
49 0 .00001
50 0 0
51 0 0
100 0 0
*parity 0 single
birth 1 F single 0
14 0 0
15 0 .00002
16 0 .00012
17 0 .00031
18 0 .00065
19 0 .00115
20 0 .00163
21 0 .00195
22 0 .00202
23 0 .00199
24 0 .00196
25 0 .00177
26 0 .00163
27 0 .00145
28 0 .00126
29 0 .00122
30 0 .00094
31 0 .0011
32 0 .00103
33 0 .00083
34 0 .00077
35 0 .00095
36 0 .00091
37 0 .0008
38 0 .00071
39 0 .0007
40 0 .00064
41 0 .00037
42 0 .00038
43 0 .00033
44 0 .00019
45 0 .00019
46 0 .00009
47 0 .00004
48 0 .00002
49 0 .00001
50 0 0
51 0 0
100 0 0
*parity 0 widowed
birth 1 F widowed 0
14 0 0
15 0 .00002
16 0 .00012
17 0 .39661
18 0 .73208
19 0 1.06718
20 0 .00115
21 0 .79035
22 0 .00116
23 0 1.70013
24 0 .00087
25 0 .0007
26 0 .00055
27 0 .34083
28 0 .28097
29 0 .19006
30 0 .03888
31 0 .07603
32 0 .05978
33 0 .01531
34 0 .00705
35 0 .00471
36 0 .00352
37 0 .00318
38 0 .00164
39 0 .00114
40 0 .00076
41 0 .00053
42 0 .00042
43 0 .00022
44 0 .00015
45 0 .00009
46 0 .00005
47 0 .00002
48 0 .00001
49 0 .00001
50 0 0
51 0 0
100 0 0
*parity 0 divorced
birth 1 F divorced 0
14 0 0
15 0 .00002
16 0 .00012
17 0 .39661
18 0 .73208
19 0 1.06718
20 0 .00115
21 0 .79035
22 0 .00116
23 0 1.70013
24 0 .00087
25 0 .0007
26 0 .00055
27 0 .34083
28 0 .28097
29 0 .19006
30 0 .03888
31 0 .07603
32 0 .05978
33 0 .01531
34 0 .00705
35 0 .00471
36 0 .00352
37 0 .00318
38 0 .00164
39 0 .00114
40 0 .00076
41 0 .00053
42 0 .00042
43 0 .00022
44 0 .00015
45 0 .00009
46 0 .00005
47 0 .00002
48 0 .00001
49 0 .00001
50 0 0
51 0 0
100 0 0
*parity 1 married
birth 1 F married 1
14 0 0
15 0 0
16 0 .00006
17 0 .00024
18 0 .03621
19 0 .02843
20 0 .09243
21 0 .11371
22 0 .06746
23 0 .06245
24 0 .06313
25 0 .07927
26 0 .07762
27 0 .1917
28 0 .21488
29 0 .30469
30 0 .22512
31 0 .20006
32 0 .04661
33 0 .06445
34 0 .31412
35 0 .20131
36 0 .832
37 0 .14153
38 0 .19969
39 0 .05176
40 0 .1792
41 0 .05007
42 0 .17053
43 0 .00008
44 0 .00967
45 0 .00145
46 0 .00032
47 0 .00013
48 0 .00005
49 0 .00002
50 0 .00001
51 0 .00001
100 0 0
*parity 1 single
birth 1 F single 1
14 0 0
15 0 0
16 0 .00001
17 0 .05885
18 0 .06742
19 0 .17073
20 0 .34421
21 0 .43755
22 0 .27633
23 0 .08414
24 0 .29622
25 0 .45261
26 0 .24858
27 0 .16657
28 0 .4601
29 0 .22692
30 0 .0652
31 0 .00028
32 0 .35581
33 0 .138
34 0 .23395
35 0 .18741
36 0 .15491
37 0 .04392
38 0 .00008
39 0 .08674
40 0 .06673
41 0 .00003
42 0 .03175
43 0 .00001
44 0 .0126
45 0 .00001
46 0 .00343
47 0 0
48 0 0
49 0 .00009
50 0 .00007
51 0 0
100 0 0
*parity 1 widowed
birth 1 F widowed 1
14 0 0
15 0 0
16 0 .00001
17 0 .00004
18 0 .00013
19 0 .05775
20 0 .04763
21 0 .33301
22 0 .46736
23 0 .00088
24 0 .75148
25 0 .00081
26 0 .00072
27 0 .00061
28 0 .93379
29 0 .00043
30 0 .29775
31 0 .1512
32 0 .12035
33 0 .14004
34 0 .23741
35 0 .00013
36 0 .0524
37 0 .1337
38 0 .0566
39 0 .00006
40 0 .00005
41 0 .00003
42 0 .03222
43 0 .00143
44 0 .00085
45 0 .00034
46 0 .00007
47 0 .00003
48 0 .00001
49 0 0
50 0 0
51 0 0
100 0 0
*parity 1 divorced
birth 1 F divorced 1
14 0 0
15 0 0
16 0 .00001
17 0 .00004
18 0 .00013
19 0 .05775
20 0 .04763
21 0 .33301
22 0 .46736
23 0 .00088
24 0 .75148
25 0 .00081
26 0 .00072
27 0 .00061
28 0 .93379
29 0 .00043
30 0 .29775
31 0 .1512
32 0 .12035
33 0 .14004
34 0 .23741
35 0 .00013
36 0 .0524
37 0 .1337
38 0 .0566
39 0 .00006
40 0 .00005
41 0 .00003
42 0 .03222
43 0 .00143
44 0 .00085
45 0 .00034
46 0 .00007
47 0 .00003
48 0 .00001
49 0 0
50 0 0
51 0 0
100 0 0
*parity 2 married
birth 1 F married 2
14 0 0
15 0 0
16 0 0
17 0 .00002
18 0 .00011
19 0 .03484
20 0 .00843
21 0 .01044
22 0 .01284
23 0 .01352
24 0 .01367
25 0 .01389
26 0 .01357
27 0 .0122
28 0 .01223
29 0 .01155
30 0 .01185
31 0 .01069
32 0 .01033
33 0 .00991
34 0 .00972
35 0 .00916
36 0 .00849
37 0 .00812
38 0 .00752
39 0 .00703
40 0 .00644
41 0 .0054
42 0 .00403
43 0 .00296
44 0 .00216
45 0 .00152
46 0 .00099
47 0 .00066
48 0 .0003
49 0 .00016
50 0 .00007
51 0 .00003
100 0 0
*parity 2 single
birth 1 F single 2
14 0 0
15 0 0
16 0 0
17 0 0
18 0 .00002
19 0 .01802
20 0 .02186
21 0 .01686
22 0 .01688
23 0 .02543
24 0 .02498
25 0 .03226
26 0 .03338
27 0 .05193
28 0 .04627
29 0 .0722
30 0 .08716
31 0 .05345
32 0 .11659
33 0 .10461
34 0 .13733
35 0 .11297
36 0 .15499
37 0 .29115
38 0 .36829
39 0 .19037
40 0 .27173
41 0 .1247
42 0 .12012
43 0 .34518
44 0 .13115
45 0 .08409
46 0 .05144
47 0 .0605
48 0 .00002
49 0 .01499
50 0 .00677
51 0 .00267
100 0 0
*parity 2 widowed
birth 1 F widowed 2
14 0 0
15 0 0
16 0 0
17 0 0
18 0 .00002
19 0 .00007
20 0 .03944
21 0 .02752
22 0 .02344
23 0 .03466
24 0 .0295
25 0 .02393
26 0 .01927
27 0 .01569
28 0 .01565
29 0 .01243
30 0 .01344
31 0 .00844
32 0 .00829
33 0 .00672
34 0 .00613
35 0 .00481
36 0 .00478
37 0 .00373
38 0 .00358
39 0 .00288
40 0 .00245
41 0 .0019
42 0 .00151
43 0 .00105
44 0 .00073
45 0 .00046
46 0 .00027
47 0 .00016
48 0 .00008
49 0 .00004
50 0 .00002
51 0 .00001
100 0 0
*parity 2 divorced
birth 1 F divorced 2
14 0 0
15 0 0
16 0 0
17 0 0
18 0 .00002
19 0 .00007
20 0 .03944
21 0 .02752
22 0 .02344
23 0 .03466
24 0 .0295
25 0 .02393
26 0 .01927
27 0 .01569
28 0 .01565
29 0 .01243
30 0 .01344
31 0 .00844
32 0 .00829
33 0 .00672
34 0 .00613
35 0 .00481
36 0 .00478
37 0 .00373
38 0 .00358
39 0 .00288
40 0 .00245
41 0 .0019
42 0 .00151
43 0 .00105
44 0 .00073
45 0 .00046
46 0 .00027
47 0 .00016
48 0 .00008
49 0 .00004
50 0 .00002
51 0 .00001
100 0 0
