*parity 0 married
birth 1 F married 0
14 0 0
15 0 .00022
16 0 .0009
17 0 .05338
18 0 .04565
19 0 .05859
20 0 .05947
21 0 .05576
22 0 .05561
23 0 .06649
24 0 .07271
25 0 .10992
26 0 .0717
27 0 .08675
28 0 .047
29 0 .02632
30 0 .01976
31 0 .01586
32 0 .01462
33 0 .01262
34 0 .00823
35 0 .00632
36 0 .00496
37 0 .00399
38 0 .00279
39 0 .00232
40 0 .0019
41 0 .00113
42 0 .0008
43 0 .00043
44 0 .00025
45 0 .00015
46 0 .00008
47 0 .00005
48 0 .00002
49 0 .00001
50 0 0
51 0 0
100 0 0
*parity 0 single
birth 1 F single 0
14 0 0
15 0 .00003
16 0 .00012
17 0 .00023
18 0 .0004
19 0 .00057
20 0 .00073
21 0 .0008
22 0 .00083
23 0 .00078
24 0 .00082
25 0 .00079
26 0 .00081
27 0 .00084
28 0 .00091
29 0 .00102
30 0 .00112
31 0 .00103
32 0 .00108
33 0 .00118
34 0 .00103
35 0 .00117
36 0 .00111
37 0 .00079
38 0 .00093
39 0 .00072
40 0 .00071
41 0 .00064
42 0 .00049
43 0 .00033
44 0 .00035
45 0 .00018
46 0 .00017
47 0 .00013
48 0 .00003
49 0 .00001
50 0 0
51 0 0
100 0 0
*parity 0 widowed
birth 1 F widowed 0
14 0 0
15 0 .00001
16 0 .00005
17 0 .00009
18 0 .00015
19 0 .07762
20 0 .18074
21 0 .00024
22 0 .33513
23 0 .15369
24 0 .00019
25 0 .13133
26 0 .12105
27 0 .10365
28 0 .09034
29 0 .15863
30 0 .02259
31 0 .02699
32 0 .01884
33 0 .02514
34 0 .00434
35 0 .00235
36 0 .00116
37 0 .0007
38 0 .00076
39 0 .00048
40 0 .00027
41 0 .00018
42 0 .00008
43 0 .00005
44 0 .00003
45 0 .00002
46 0 .00001
47 0 0
48 0 0
49 0 0
50 0 0
51 0 0
100 0 0
*parity 0 divorced
birth 1 F divorced 0
14 0 0
15 0 .00001
16 0 .00005
17 0 .00009
18 0 .00015
19 0 .07762
20 0 .18074
21 0 .00024
22 0 .33513
23 0 .15369
24 0 .00019
25 0 .13133
26 0 .12105
27 0 .10365
28 0 .09034
29 0 .15863
30 0 .02259
31 0 .02699
32 0 .01884
33 0 .02514
34 0 .00434
35 0 .00235
36 0 .00116
37 0 .0007
38 0 .00076
39 0 .00048
40 0 .00027
41 0 .00018
42 0 .00008
43 0 .00005
44 0 .00003
45 0 .00002
46 0 .00001
47 0 0
48 0 0
49 0 0
50 0 0
51 0 0
100 0 0
*parity 1 married
birth 1 F married 1
14 0 0
15 0 0
16 0 .00005
17 0 .29439
18 0 .02415
19 0 .01803
20 0 .01865
21 0 .02686
22 0 .02985
23 0 .03075
24 0 .02248
25 0 .02059
26 0 .01942
27 0 .01768
28 0 .01532
29 0 .01576
30 0 .01397
31 0 .01267
32 0 .01082
33 0 .00901
34 0 .0093
35 0 .00853
36 0 .00672
37 0 .00606
38 0 .00605
39 0 .00482
40 0 .00308
41 0 .0021
42 0 .00135
43 0 .00083
44 0 .0005
45 0 .00027
46 0 .00015
47 0 .00008
48 0 .00003
49 0 .00001
50 0 0
51 0 0
100 0 0
*parity 1 single
birth 1 F single 1
14 0 0
15 0 0
16 0 .00001
17 0 .03789
18 0 .02486
19 0 .06495
20 0 .03144
21 0 .05314
22 0 .03842
23 0 .03928
24 0 .0216
25 0 .03609
26 0 .09411
27 0 .03398
28 0 .04283
29 0 .08804
30 0 .39912
31 0 .06748
32 0 .00025
33 0 .00021
34 0 .22014
35 0 .10426
36 0 .17634
37 0 .03392
38 0 .02374
39 0 .07254
40 0 .05635
41 0 .00003
42 0 .02607
43 0 .00001
44 0 .00001
45 0 .00564
46 0 .00274
47 0 0
48 0 0
49 0 .00018
50 0 .00005
51 0 0
100 0 0
*parity 1 widowed
birth 1 F widowed 1
14 0 0
15 0 0
16 0 0
17 0 .00001
18 0 .00003
19 0 .00005
20 0 .03173
21 0 .01716
22 0 .01186
23 0 .0222
24 0 .00872
25 0 .00598
26 0 .00507
27 0 .00457
28 0 .00405
29 0 .00323
30 0 .00278
31 0 .00239
32 0 .0017
33 0 .00121
34 0 .00108
35 0 .00081
36 0 .00079
37 0 .00083
38 0 .00038
39 0 .00031
40 0 .00023
41 0 .00016
42 0 .00008
43 0 .00006
44 0 .00003
45 0 .00002
46 0 .00001
47 0 0
48 0 0
49 0 0
50 0 0
51 0 0
100 0 0
*parity 1 divorced
birth 1 F divorced 1
14 0 0
15 0 0
16 0 0
17 0 .00001
18 0 .00003
19 0 .00005
20 0 .03173
21 0 .01716
22 0 .01186
23 0 .0222
24 0 .00872
25 0 .00598
26 0 .00507
27 0 .00457
28 0 .00405
29 0 .00323
30 0 .00278
31 0 .00239
32 0 .0017
33 0 .00121
34 0 .00108
35 0 .00081
36 0 .00079
37 0 .00083
38 0 .00038
39 0 .00031
40 0 .00023
41 0 .00016
42 0 .00008
43 0 .00006
44 0 .00003
45 0 .00002
46 0 .00001
47 0 0
48 0 0
49 0 0
50 0 0
51 0 0
100 0 0
*parity 2 married
birth 1 F married 2
14 0 0
15 0 0
16 0 0
17 0 .00002
18 0 .00006
19 0 .02851
20 0 .01375
21 0 .01038
22 0 .00979
23 0 .01233
24 0 .01303
25 0 .01323
26 0 .013
27 0 .01117
28 0 .01114
29 0 .00997
30 0 .00881
31 0 .00851
32 0 .00778
33 0 .00678
34 0 .00651
35 0 .00548
36 0 .00496
37 0 .00438
38 0 .00369
39 0 .00314
40 0 .00255
41 0 .00211
42 0 .00165
43 0 .00127
44 0 .0009
45 0 .00062
46 0 .00038
47 0 .00021
48 0 .0001
49 0 .00005
50 0 .00002
51 0 .00001
100 0 0
*parity 2 single
birth 1 F single 2
14 0 0
15 0 0
16 0 0
17 0 0
18 0 .00001
19 0 .00002
20 0 .01356
21 0 .01348
22 0 .02218
23 0 .01578
24 0 .01635
25 0 .01809
26 0 .01298
27 0 .01656
28 0 .01686
29 0 .01664
30 0 .01986
31 0 .02681
32 0 .01931
33 0 .01877
34 0 .01688
35 0 .02695
36 0 .01963
37 0 .02769
38 0 .02068
39 0 .02111
40 0 .02065
41 0 .01903
42 0 .02311
43 0 .00812
44 0 .01295
45 0 .00895
46 0 .00761
47 0 .00886
48 0 .00177
49 0 .00091
50 0 .00034
51 0 .00065
100 0 0
*parity 2 widowed
birth 1 F widowed 2
14 0 0
15 0 0
16 0 0
17 0 0
18 0 0
19 0 .01481
20 0 .01095
21 0 .00374
22 0 .00689
23 0 .00432
24 0 .00609
25 0 .00531
26 0 .00524
27 0 .00451
28 0 .00352
29 0 .00255
30 0 .00282
31 0 .00207
32 0 .00163
33 0 .00149
34 0 .00114
35 0 .001
36 0 .00085
37 0 .00064
38 0 .00055
39 0 .0004
40 0 .00034
41 0 .00023
42 0 .00019
43 0 .00013
44 0 .00009
45 0 .00006
46 0 .00003
47 0 .00002
48 0 .00001
49 0 0
50 0 0
51 0 0
100 0 0
*parity 2 divorced
birth 1 F divorced 2
14 0 0
15 0 0
16 0 0
17 0 0
18 0 0
19 0 .01481
20 0 .01095
21 0 .00374
22 0 .00689
23 0 .00432
24 0 .00609
25 0 .00531
26 0 .00524
27 0 .00451
28 0 .00352
29 0 .00255
30 0 .00282
31 0 .00207
32 0 .00163
33 0 .00149
34 0 .00114
35 0 .001
36 0 .00085
37 0 .00064
38 0 .00055
39 0 .0004
40 0 .00034
41 0 .00023
42 0 .00019
43 0 .00013
44 0 .00009
45 0 .00006
46 0 .00003
47 0 .00002
48 0 .00001
49 0 0
50 0 0
51 0 0
100 0 0
