*parity all married
birth 1 F married 0
14 0 0
15 0 .00016
16 0 .00095
17 0 .00251
18 0 .00536
19 0 .00932
20 0 .01345
21 0 .01669
22 0 .01859
23 0 .01949
24 0 .01975
25 0 .01923
26 0 .01816
27 0 .01671
28 0 .01553
29 0 .01437
30 0 .01343
31 0 .012
32 0 .01092
33 0 .00987
34 0 .00926
35 0 .00855
36 0 .00788
37 0 .00713
38 0 .00648
39 0 .00572
40 0 .00496
41 0 .00383
42 0 .00292
43 0 .00212
44 0 .00155
45 0 .00103
46 0 .00062
47 0 .00037
48 0 .00019
49 0 .0001
50 0 .00004
51 0 .00002
100 0 0
*parity all single
birth 1 F single 0
14 0 0
15 0 .00016
16 0 .00095
17 0 .00251
18 0 .00536
19 0 .00932
20 0 .01345
21 0 .01669
22 0 .01859
23 0 .01949
24 0 .01975
25 0 .01923
26 0 .01816
27 0 .01671
28 0 .01553
29 0 .01437
30 0 .01343
31 0 .012
32 0 .01092
33 0 .00987
34 0 .00926
35 0 .00855
36 0 .00788
37 0 .00713
38 0 .00648
39 0 .00572
40 0 .00496
41 0 .00383
42 0 .00292
43 0 .00212
44 0 .00155
45 0 .00103
46 0 .00062
47 0 .00037
48 0 .00019
49 0 .0001
50 0 .00004
51 0 .00002
100 0 0
*parity all widowed
birth 1 F widowed 0
14 0 0
15 0 .00016
16 0 .00095
17 0 .00251
18 0 .00536
19 0 .00932
20 0 .01345
21 0 .01669
22 0 .01859
23 0 .01949
24 0 .01975
25 0 .01923
26 0 .01816
27 0 .01671
28 0 .01553
29 0 .01437
30 0 .01343
31 0 .012
32 0 .01092
33 0 .00987
34 0 .00926
35 0 .00855
36 0 .00788
37 0 .00713
38 0 .00648
39 0 .00572
40 0 .00496
41 0 .00383
42 0 .00292
43 0 .00212
44 0 .00155
45 0 .00103
46 0 .00062
47 0 .00037
48 0 .00019
49 0 .0001
50 0 .00004
51 0 .00002
100 0 0
*parity all divorced
birth 1 F divorced 0
14 0 0
15 0 .00016
16 0 .00095
17 0 .00251
18 0 .00536
19 0 .00932
20 0 .01345
21 0 .01669
22 0 .01859
23 0 .01949
24 0 .01975
25 0 .01923
26 0 .01816
27 0 .01671
28 0 .01553
29 0 .01437
30 0 .01343
31 0 .012
32 0 .01092
33 0 .00987
34 0 .00926
35 0 .00855
36 0 .00788
37 0 .00713
38 0 .00648
39 0 .00572
40 0 .00496
41 0 .00383
42 0 .00292
43 0 .00212
44 0 .00155
45 0 .00103
46 0 .00062
47 0 .00037
48 0 .00019
49 0 .0001
50 0 .00004
51 0 .00002
100 0 0
