*parity 0 married
birth 1 F married 0
14 0 0
15 0 .00008
16 0 .00033
17 0 .06392
18 0 .04572
19 0 .05014
20 0 .05821
21 0 .05562
22 0 .0678
23 0 .05987
24 0 .07379
25 0 .0527
26 0 .05305
27 0 .09193
28 0 .11974
29 0 .09762
30 0 .08127
31 0 .08665
32 0 .06671
33 0 .06312
34 0 .03982
35 0 .01176
36 0 .00529
37 0 .0026
38 0 .00151
39 0 .00113
40 0 .00074
41 0 .00048
42 0 .00027
43 0 .00017
44 0 .0001
45 0 .00006
46 0 .00003
47 0 .00002
48 0 .00001
49 0 0
50 0 0
51 0 0
100 0 0
*parity 0 single
birth 1 F single 0
14 0 0
15 0 .00016
16 0 .00066
17 0 .00126
18 0 .00212
19 0 .00305
20 0 .00367
21 0 .00401
22 0 .00401
23 0 .00414
24 0 .00402
25 0 .00414
26 0 .00397
27 0 .0041
28 0 .0039
29 0 .00383
30 0 .00351
31 0 .00311
32 0 .00284
33 0 .00231
34 0 .00203
35 0 .00176
36 0 .00164
37 0 .00136
38 0 .00127
39 0 .00101
40 0 .00079
41 0 .00061
42 0 .00044
43 0 .00031
44 0 .00021
45 0 .00012
46 0 .00009
47 0 .00005
48 0 .00003
49 0 .00001
50 0 0
51 0 0
100 0 0
*parity 0 widowed
birth 1 F widowed 0
14 0 0
15 0 .00001
16 0 .00006
17 0 .00011
18 0 .29126
19 0 .38331
20 0 .00029
21 0 .23541
22 0 .43815
23 0 .41957
24 0 .38952
25 0 .00023
26 0 .00021
27 0 .0002
28 0 .00018
29 0 .00016
30 0 .00014
31 0 .00012
32 0 .0001
33 0 .25279
34 0 .09786
35 0 .04854
36 0 .0382
37 0 .03015
38 0 .01718
39 0 .00916
40 0 .00236
41 0 .00097
42 0 .00052
43 0 .00026
44 0 .00012
45 0 .00011
46 0 .00004
47 0 .00002
48 0 .00001
49 0 0
50 0 0
51 0 0
100 0 0
*parity 0 divorced
birth 1 F divorced 0
14 0 0
15 0 .00001
16 0 .00006
17 0 .00011
18 0 .29126
19 0 .38331
20 0 .00029
21 0 .23541
22 0 .43815
23 0 .41957
24 0 .38952
25 0 .00023
26 0 .00021
27 0 .0002
28 0 .00018
29 0 .00016
30 0 .00014
31 0 .00012
32 0 .0001
33 0 .25279
34 0 .09786
35 0 .04854
36 0 .0382
37 0 .03015
38 0 .01718
39 0 .00916
40 0 .00236
41 0 .00097
42 0 .00052
43 0 .00026
44 0 .00012
45 0 .00011
46 0 .00004
47 0 .00002
48 0 .00001
49 0 0
50 0 0
51 0 0
100 0 0
*parity 1 married
birth 1 F married 1
14 0 0
15 0 0
16 0 .00002
17 0 .19953
18 0 .0187
19 0 .01294
20 0 .02034
21 0 .02123
22 0 .01597
23 0 .01612
24 0 .01808
25 0 .02014
26 0 .02342
27 0 .01508
28 0 .01509
29 0 .0166
30 0 .01462
31 0 .01161
32 0 .01056
33 0 .0099
34 0 .00809
35 0 .0067
36 0 .00528
37 0 .0045
38 0 .00248
39 0 .00192
40 0 .00132
41 0 .0009
42 0 .00072
43 0 .00051
44 0 .00023
45 0 .00011
46 0 .00006
47 0 .00003
48 0 .00001
49 0 0
50 0 0
51 0 0
100 0 0
*parity 1 single
birth 1 F single 1
14 0 0
15 0 0
16 0 .02741
17 0 .02661
18 0 .0319
19 0 .02655
20 0 .02333
21 0 .02594
22 0 .02918
23 0 .02445
24 0 .02647
25 0 .02317
26 0 .02837
27 0 .0251
28 0 .02541
29 0 .02114
30 0 .01932
31 0 .02389
32 0 .01854
33 0 .0231
34 0 .02298
35 0 .01912
36 0 .02011
37 0 .02223
38 0 .02057
39 0 .01428
40 0 .01162
41 0 .00755
42 0 .00893
43 0 .00523
44 0 .00274
45 0 .00204
46 0 .00171
47 0 .00066
48 0 .00015
49 0 .00005
50 0 .00002
51 0 .00001
100 0 0
*parity 1 widowed
birth 1 F widowed 1
14 0 0
15 0 0
16 0 0
17 0 .00001
18 0 .00003
19 0 .19085
20 0 .10616
21 0 .21832
22 0 .26023
23 0 .11972
24 0 .0002
25 0 .0002
26 0 .56279
27 0 .14274
28 0 .00019
29 0 .52892
30 0 .50289
31 0 .22607
32 0 .13387
33 0 .17658
34 0 .07109
35 0 .04315
36 0 .01702
37 0 .06677
38 0 .01444
39 0 .00278
40 0 .0022
41 0 .00206
42 0 .00113
43 0 .00056
44 0 .00026
45 0 .00009
46 0 .00003
47 0 .00002
48 0 .00001
49 0 0
50 0 0
51 0 0
100 0 0
*parity 1 divorced
birth 1 F divorced 1
14 0 0
15 0 0
16 0 0
17 0 .00001
18 0 .00003
19 0 .19085
20 0 .10616
21 0 .21832
22 0 .26023
23 0 .11972
24 0 .0002
25 0 .0002
26 0 .56279
27 0 .14274
28 0 .00019
29 0 .52892
30 0 .50289
31 0 .22607
32 0 .13387
33 0 .17658
34 0 .07109
35 0 .04315
36 0 .01702
37 0 .06677
38 0 .01444
39 0 .00278
40 0 .0022
41 0 .00206
42 0 .00113
43 0 .00056
44 0 .00026
45 0 .00009
46 0 .00003
47 0 .00002
48 0 .00001
49 0 0
50 0 0
51 0 0
100 0 0
*parity 2 married
birth 1 F married 2
14 0 0
15 0 0
16 0 0
17 0 .00001
18 0 .00002
19 0 .0161
20 0 .0098
21 0 .01066
22 0 .01248
23 0 .01183
24 0 .01092
25 0 .00939
26 0 .00855
27 0 .00871
28 0 .00788
29 0 .00737
30 0 .00677
31 0 .00634
32 0 .00579
33 0 .00513
34 0 .00432
35 0 .00374
36 0 .00303
37 0 .00232
38 0 .00191
39 0 .00159
40 0 .00126
41 0 .00091
42 0 .00065
43 0 .00046
44 0 .00035
45 0 .00021
46 0 .00013
47 0 .00007
48 0 .00004
49 0 .00002
50 0 .00001
51 0 0
100 0 0
*parity 2 single
birth 1 F single 2
14 0 0
15 0 0
16 0 0
17 0 .00001
18 0 .01386
19 0 .01045
20 0 .01664
21 0 .01227
22 0 .01439
23 0 .01266
24 0 .01291
25 0 .01246
26 0 .01158
27 0 .01051
28 0 .0106
29 0 .00988
30 0 .01005
31 0 .00868
32 0 .00779
33 0 .00708
34 0 .00638
35 0 .00607
36 0 .00553
37 0 .00567
38 0 .00554
39 0 .00457
40 0 .00428
41 0 .00378
42 0 .00311
43 0 .00216
44 0 .00165
45 0 .00129
46 0 .00086
47 0 .00047
48 0 .00026
49 0 .00013
50 0 .00005
51 0 .00002
100 0 0
*parity 2 widowed
birth 1 F widowed 2
14 0 0
15 0 0
16 0 0
17 0 0
18 0 0
19 0 .00001
20 0 .01605
21 0 .0134
22 0 .01713
23 0 .01301
24 0 .00901
25 0 .00727
26 0 .00865
27 0 .00752
28 0 .00719
29 0 .00559
30 0 .0051
31 0 .0043
32 0 .00405
33 0 .00322
34 0 .00296
35 0 .00233
36 0 .00178
37 0 .0014
38 0 .00107
39 0 .00094
40 0 .00069
41 0 .00047
42 0 .00033
43 0 .00024
44 0 .00015
45 0 .0001
46 0 .00005
47 0 .00003
48 0 .00001
49 0 .00001
50 0 0
51 0 0
100 0 0
*parity 2 divorced
birth 1 F divorced 2
14 0 0
15 0 0
16 0 0
17 0 0
18 0 0
19 0 .00001
20 0 .01605
21 0 .0134
22 0 .01713
23 0 .01301
24 0 .00901
25 0 .00727
26 0 .00865
27 0 .00752
28 0 .00719
29 0 .00559
30 0 .0051
31 0 .0043
32 0 .00405
33 0 .00322
34 0 .00296
35 0 .00233
36 0 .00178
37 0 .0014
38 0 .00107
39 0 .00094
40 0 .00069
41 0 .00047
42 0 .00033
43 0 .00024
44 0 .00015
45 0 .0001
46 0 .00005
47 0 .00003
48 0 .00001
49 0 .00001
50 0 0
51 0 0
100 0 0
