*parity all married
birth 1 F married 0
14 0 0
15 0 .00795
16 0 .00765
17 0 .00827
18 0 .01013
19 0 .01364
20 0 .01799
21 0 .02169
22 0 .02377
23 0 .02449
24 0 .02439
25 0 .02318
26 0 .02122
27 0 .01883
28 0 .01709
29 0 .01574
30 0 .01512
31 0 .01403
32 0 .0136
33 0 .01333
34 0 .01378
35 0 .014
36 0 .01421
37 0 .01421
38 0 .01422
39 0 .01394
40 0 .01353
41 0 .01243
42 0 .01153
43 0 .01067
44 0 .01008
45 0 .00947
46 0 .00896
47 0 .00867
48 0 .00844
49 0 .00832
50 0 .00824
51 0 .00821
100 0 0
*parity all single
birth 1 F single 0
14 0 0
15 0 .00795
16 0 .00765
17 0 .00827
18 0 .01013
19 0 .01364
20 0 .01799
21 0 .02169
22 0 .02377
23 0 .02449
24 0 .02439
25 0 .02318
26 0 .02122
27 0 .01883
28 0 .01709
29 0 .01574
30 0 .01512
31 0 .01403
32 0 .0136
33 0 .01333
34 0 .01378
35 0 .014
36 0 .01421
37 0 .01421
38 0 .01422
39 0 .01394
40 0 .01353
41 0 .01243
42 0 .01153
43 0 .01067
44 0 .01008
45 0 .00947
46 0 .00896
47 0 .00867
48 0 .00844
49 0 .00832
50 0 .00824
51 0 .00821
100 0 0
*parity all widowed
birth 1 F widowed 0
14 0 0
15 0 .00795
16 0 .00765
17 0 .00827
18 0 .01013
19 0 .01364
20 0 .01799
21 0 .02169
22 0 .02377
23 0 .02449
24 0 .02439
25 0 .02318
26 0 .02122
27 0 .01883
28 0 .01709
29 0 .01574
30 0 .01512
31 0 .01403
32 0 .0136
33 0 .01333
34 0 .01378
35 0 .014
36 0 .01421
37 0 .01421
38 0 .01422
39 0 .01394
40 0 .01353
41 0 .01243
42 0 .01153
43 0 .01067
44 0 .01008
45 0 .00947
46 0 .00896
47 0 .00867
48 0 .00844
49 0 .00832
50 0 .00824
51 0 .00821
100 0 0
*parity all divorced
birth 1 F divorced 0
14 0 0
15 0 .00795
16 0 .00765
17 0 .00827
18 0 .01013
19 0 .01364
20 0 .01799
21 0 .02169
22 0 .02377
23 0 .02449
24 0 .02439
25 0 .02318
26 0 .02122
27 0 .01883
28 0 .01709
29 0 .01574
30 0 .01512
31 0 .01403
32 0 .0136
33 0 .01333
34 0 .01378
35 0 .014
36 0 .01421
37 0 .01421
38 0 .01422
39 0 .01394
40 0 .01353
41 0 .01243
42 0 .01153
43 0 .01067
44 0 .01008
45 0 .00947
46 0 .00896
47 0 .00867
48 0 .00844
49 0 .00832
50 0 .00824
51 0 .00821
100 0 0
