*parity 0 married
birth 1 F married 0
14 0 0
15 0 .0001
16 0 .00041
17 0 .06371
18 0 .05772
19 0 .04528
20 0 .05531
21 0 .0566
22 0 .05961
23 0 .05118
24 0 .06614
25 0 .05623
26 0 .0522
27 0 .05033
28 0 .03612
29 0 .02907
30 0 .03414
31 0 .02112
32 0 .01365
33 0 .00731
34 0 .00439
35 0 .00372
36 0 .00247
37 0 .00181
38 0 .00131
39 0 .0009
40 0 .0007
41 0 .00043
42 0 .00028
43 0 .00018
44 0 .00011
45 0 .00007
46 0 .00004
47 0 .00002
48 0 .00001
49 0 0
50 0 0
51 0 0
100 0 0
*parity 0 single
birth 1 F single 0
14 0 0
15 0 .00014
16 0 .00057
17 0 .0011
18 0 .0019
19 0 .00275
20 0 .00336
21 0 .00363
22 0 .00371
23 0 .00382
24 0 .00365
25 0 .00384
26 0 .00372
27 0 .00365
28 0 .00366
29 0 .00348
30 0 .00319
31 0 .00317
32 0 .00309
33 0 .0031
34 0 .00275
35 0 .00298
36 0 .00265
37 0 .00286
38 0 .00282
39 0 .00331
40 0 .0021
41 0 .0019
42 0 .00178
43 0 .00144
44 0 .00114
45 0 .00069
46 0 .00068
47 0 .00035
48 0 .00014
49 0 .00005
50 0 .00001
51 0 .00001
100 0 0
*parity 0 widowed
birth 1 F widowed 0
14 0 0
15 0 .00002
16 0 .00008
17 0 .5693
18 0 .96113
19 0 .64376
20 0 .00042
21 0 .00043
22 0 1.31964
23 0 .00038
24 0 .00035
25 0 .99358
26 0 .89044
27 0 .00028
28 0 .00025
29 0 .65523
30 0 .00019
31 0 .00016
32 0 .3715
33 0 .0594
34 0 .03851
35 0 .01636
36 0 .02069
37 0 .01714
38 0 .00595
39 0 .00157
40 0 .00077
41 0 .00052
42 0 .00029
43 0 .00015
44 0 .00008
45 0 .00003
46 0 .00002
47 0 .00001
48 0 0
49 0 0
50 0 0
51 0 0
100 0 0
*parity 0 divorced
birth 1 F divorced 0
14 0 0
15 0 .00002
16 0 .00008
17 0 .5693
18 0 .96113
19 0 .64376
20 0 .00042
21 0 .00043
22 0 1.31964
23 0 .00038
24 0 .00035
25 0 .99358
26 0 .89044
27 0 .00028
28 0 .00025
29 0 .65523
30 0 .00019
31 0 .00016
32 0 .3715
33 0 .0594
34 0 .03851
35 0 .01636
36 0 .02069
37 0 .01714
38 0 .00595
39 0 .00157
40 0 .00077
41 0 .00052
42 0 .00029
43 0 .00015
44 0 .00008
45 0 .00003
46 0 .00002
47 0 .00001
48 0 0
49 0 0
50 0 0
51 0 0
100 0 0
*parity 1 married
birth 1 F married 1
14 0 0
15 0 0
16 0 .00002
17 0 .00008
18 0 .01346
19 0 .02209
20 0 .03002
21 0 .02325
22 0 .02031
23 0 .01782
24 0 .02202
25 0 .02027
26 0 .0185
27 0 .01757
28 0 .0131
29 0 .01406
30 0 .01457
31 0 .01057
32 0 .00806
33 0 .00785
34 0 .00678
35 0 .00552
36 0 .00445
37 0 .00376
38 0 .003
39 0 .00237
40 0 .00172
41 0 .00171
42 0 .00125
43 0 .00082
44 0 .00043
45 0 .00026
46 0 .00014
47 0 .00005
48 0 .00002
49 0 .00001
50 0 0
51 0 0
100 0 0
*parity 1 single
birth 1 F single 1
14 0 0
15 0 0
16 0 .02737
17 0 .03409
18 0 .02884
19 0 .04169
20 0 .02817
21 0 .03229
22 0 .03069
23 0 .02621
24 0 .0317
25 0 .02816
26 0 .03086
27 0 .03223
28 0 .03018
29 0 .0289
30 0 .03563
31 0 .04576
32 0 .04797
33 0 .04879
34 0 .04572
35 0 .03239
36 0 .0731
37 0 .07529
38 0 .04043
39 0 .03423
40 0 .10163
41 0 .05263
42 0 .2205
43 0 .06666
44 0 .00003
45 0 .02411
46 0 .02389
47 0 .00404
48 0 .00502
49 0 0
50 0 0
51 0 .0003
100 0 0
*parity 1 widowed
birth 1 F widowed 1
14 0 0
15 0 0
16 0 0
17 0 .00002
18 0 .02779
19 0 .16374
20 0 .07576
21 0 .69404
22 0 .07237
23 0 .14052
24 0 .10286
25 0 .4425
26 0 .42086
27 0 .16912
28 0 .05815
29 0 .02167
30 0 .06865
31 0 .07461
32 0 .0711
33 0 .03227
34 0 .01882
35 0 .00927
36 0 .00367
37 0 .00259
38 0 .00183
39 0 .00116
40 0 .00084
41 0 .0006
42 0 .00036
43 0 .00023
44 0 .00012
45 0 .00007
46 0 .00003
47 0 .00001
48 0 0
49 0 0
50 0 0
51 0 0
100 0 0
*parity 1 divorced
birth 1 F divorced 1
14 0 0
15 0 0
16 0 0
17 0 .00002
18 0 .02779
19 0 .16374
20 0 .07576
21 0 .69404
22 0 .07237
23 0 .14052
24 0 .10286
25 0 .4425
26 0 .42086
27 0 .16912
28 0 .05815
29 0 .02167
30 0 .06865
31 0 .07461
32 0 .0711
33 0 .03227
34 0 .01882
35 0 .00927
36 0 .00367
37 0 .00259
38 0 .00183
39 0 .00116
40 0 .00084
41 0 .0006
42 0 .00036
43 0 .00023
44 0 .00012
45 0 .00007
46 0 .00003
47 0 .00001
48 0 0
49 0 0
50 0 0
51 0 0
100 0 0
*parity 2 married
birth 1 F married 2
14 0 0
15 0 0
16 0 0
17 0 .00001
18 0 .00003
19 0 .00693
20 0 .00635
21 0 .00983
22 0 .01253
23 0 .01222
24 0 .00994
25 0 .00973
26 0 .00987
27 0 .00904
28 0 .01001
29 0 .0091
30 0 .00751
31 0 .00647
32 0 .00537
33 0 .00464
34 0 .00441
35 0 .00352
36 0 .00309
37 0 .00255
38 0 .00217
39 0 .00181
40 0 .00146
41 0 .00116
42 0 .00085
43 0 .00062
44 0 .00045
45 0 .0003
46 0 .00019
47 0 .00011
48 0 .00006
49 0 .00003
50 0 .00001
51 0 .00001
100 0 0
*parity 2 single
birth 1 F single 2
14 0 0
15 0 0
16 0 0
17 0 .00001
18 0 .00773
19 0 .00674
20 0 .01479
21 0 .01536
22 0 .01493
23 0 .01469
24 0 .01564
25 0 .01288
26 0 .01305
27 0 .0131
28 0 .0121
29 0 .01234
30 0 .01053
31 0 .01053
32 0 .01048
33 0 .01014
34 0 .00957
35 0 .01017
36 0 .00983
37 0 .00927
38 0 .00902
39 0 .00844
40 0 .00878
41 0 .00655
42 0 .00607
43 0 .00534
44 0 .00404
45 0 .00357
46 0 .00234
47 0 .00164
48 0 .00088
49 0 .00038
50 0 .00022
51 0 .00008
100 0 0
*parity 2 widowed
birth 1 F widowed 2
14 0 0
15 0 0
16 0 0
17 0 0
18 0 .00001
19 0 .02065
20 0 .01534
21 0 .01354
22 0 .01549
23 0 .01364
24 0 .0103
25 0 .00757
26 0 .00711
27 0 .00594
28 0 .00613
29 0 .00508
30 0 .00508
31 0 .00329
32 0 .00315
33 0 .00233
34 0 .00219
35 0 .00155
36 0 .00142
37 0 .00108
38 0 .00088
39 0 .00072
40 0 .00057
41 0 .00038
42 0 .00027
43 0 .00018
44 0 .00013
45 0 .00008
46 0 .00004
47 0 .00002
48 0 .00001
49 0 .00001
50 0 0
51 0 0
100 0 0
*parity 2 divorced
birth 1 F divorced 2
14 0 0
15 0 0
16 0 0
17 0 0
18 0 .00001
19 0 .02065
20 0 .01534
21 0 .01354
22 0 .01549
23 0 .01364
24 0 .0103
25 0 .00757
26 0 .00711
27 0 .00594
28 0 .00613
29 0 .00508
30 0 .00508
31 0 .00329
32 0 .00315
33 0 .00233
34 0 .00219
35 0 .00155
36 0 .00142
37 0 .00108
38 0 .00088
39 0 .00072
40 0 .00057
41 0 .00038
42 0 .00027
43 0 .00018
44 0 .00013
45 0 .00008
46 0 .00004
47 0 .00002
48 0 .00001
49 0 .00001
50 0 0
51 0 0
100 0 0
