*parity 0 married
birth 1 F married 0
14 0 0
15 0 .00006
16 0 .00051
17 0 .02058
18 0 .02017
19 0 .0282
20 0 .03476
21 0 .04734
22 0 .05122
23 0 .0638
24 0 .0724
25 0 .05334
26 0 .0393
27 0 .02536
28 0 .01099
29 0 .00524
30 0 .00237
31 0 .00075
32 0 .00023
33 0 .00005
34 0 .00044
35 0 .00084
36 0 .0012
37 0 .00141
38 0 .00138
39 0 .00164
40 0 .00188
41 0 .00139
42 0 .00144
43 0 .00067
44 0 .00045
45 0 .00031
46 0 .00017
47 0 .00008
48 0 .00003
49 0 .00002
50 0 .00001
51 0 .00001
100 0 0
*parity 0 single
birth 1 F single 0
14 0 0
15 0 0
16 0 .00002
17 0 .00008
18 0 .00019
19 0 .00037
20 0 .00056
21 0 .00069
22 0 .00073
23 0 .00071
24 0 .00063
25 0 .00054
26 0 .0004
27 0 .00029
28 0 .00017
29 0 .0001
30 0 .00006
31 0 .00003
32 0 .00001
33 0 0
34 0 .00002
35 0 .00004
36 0 .00006
37 0 .00008
38 0 .00009
39 0 .0001
40 0 .00013
41 0 .00011
42 0 .00007
43 0 .00005
44 0 .00004
45 0 .00003
46 0 .00002
47 0 .00001
48 0 0
49 0 0
50 0 0
51 0 0
100 0 0
*parity 0 widowed
birth 1 F widowed 0
14 0 0
15 0 .00001
16 0 .00007
17 0 .12187
18 0 .08651
19 0 .46972
20 0 .00107
21 0 .00117
22 0 .0011
23 0 .36439
24 0 .00077
25 0 .27317
26 0 .0004
27 0 .17959
28 0 .21589
29 0 .05421
30 0 .0177
31 0 .00001
32 0 .00134
33 0 .00028
34 0 .0009
35 0 .00255
36 0 .00217
37 0 .00243
38 0 .00233
39 0 .00348
40 0 .00415
41 0 .00206
42 0 .00099
43 0 .00042
44 0 .00031
45 0 .00021
46 0 .00009
47 0 .00004
48 0 .00001
49 0 .00001
50 0 0
51 0 0
100 0 0
*parity 0 divorced
birth 1 F divorced 0
14 0 0
15 0 .00001
16 0 .00007
17 0 .12187
18 0 .08651
19 0 .46972
20 0 .00107
21 0 .00117
22 0 .0011
23 0 .36439
24 0 .00077
25 0 .27317
26 0 .0004
27 0 .17959
28 0 .21589
29 0 .05421
30 0 .0177
31 0 .00001
32 0 .00134
33 0 .00028
34 0 .0009
35 0 .00255
36 0 .00217
37 0 .00243
38 0 .00233
39 0 .00348
40 0 .00415
41 0 .00206
42 0 .00099
43 0 .00042
44 0 .00031
45 0 .00021
46 0 .00009
47 0 .00004
48 0 .00001
49 0 .00001
50 0 0
51 0 0
100 0 0
*parity 1 married
birth 1 F married 1
14 0 0
15 0 0
16 0 .00007
17 0 .00031
18 0 .03847
19 0 .03796
20 0 .03968
21 0 .04757
22 0 .05451
23 0 .04248
24 0 .04222
25 0 .05261
26 0 .04067
27 0 .04355
28 0 .03896
29 0 .02927
30 0 .02646
31 0 .01561
32 0 .01036
33 0 .00728
34 0 .00744
35 0 .00481
36 0 .00496
37 0 .00542
38 0 .00821
39 0 .00627
40 0 .00524
41 0 .00355
42 0 .00277
43 0 .00151
44 0 .00112
45 0 .00076
46 0 .00041
47 0 .00027
48 0 .00009
49 0 .00003
50 0 .00001
51 0 .00004
100 0 0
*parity 1 single
birth 1 F single 1
14 0 0
15 0 0
16 0 0
17 0 .00001
18 0 .06697
19 0 .00009
20 0 .06527
21 0 .03904
22 0 .05149
23 0 .10551
24 0 .06453
25 0 .17086
26 0 .30904
27 0 .24034
28 0 .00013
29 0 .0001
30 0 .05224
31 0 .00005
32 0 .00003
33 0 .00002
34 0 .00002
35 0 .01318
36 0 .00002
37 0 .02138
38 0 .00001
39 0 .01623
40 0 .00001
41 0 .00001
42 0 .00718
43 0 .00508
44 0 0
45 0 0
46 0 .00077
47 0 0
48 0 0
49 0 0
50 0 0
51 0 0
100 0 0
*parity 1 widowed
birth 1 F widowed 1
14 0 0
15 0 0
16 0 .00001
17 0 .00004
18 0 .00013
19 0 .03901
20 0 .04833
21 0 .06911
22 0 .10801
23 0 .11067
24 0 .20308
25 0 .26883
26 0 .00064
27 0 .37815
28 0 .15484
29 0 .15253
30 0 .0548
31 0 .03157
32 0 .00634
33 0 .00415
34 0 .00223
35 0 .00193
36 0 .00369
37 0 .00354
38 0 .00302
39 0 .00125
40 0 .00168
41 0 .0014
42 0 .00046
43 0 .00031
44 0 .00018
45 0 .00018
46 0 .00009
47 0 .00005
48 0 .00002
49 0 0
50 0 0
51 0 0
100 0 0
*parity 1 divorced
birth 1 F divorced 1
14 0 0
15 0 0
16 0 .00001
17 0 .00004
18 0 .00013
19 0 .03901
20 0 .04833
21 0 .06911
22 0 .10801
23 0 .11067
24 0 .20308
25 0 .26883
26 0 .00064
27 0 .37815
28 0 .15484
29 0 .15253
30 0 .0548
31 0 .03157
32 0 .00634
33 0 .00415
34 0 .00223
35 0 .00193
36 0 .00369
37 0 .00354
38 0 .00302
39 0 .00125
40 0 .00168
41 0 .0014
42 0 .00046
43 0 .00031
44 0 .00018
45 0 .00018
46 0 .00009
47 0 .00005
48 0 .00002
49 0 0
50 0 0
51 0 0
100 0 0
*parity 2 married
birth 1 F married 2
14 0 0
15 0 0
16 0 .00001
17 0 .00003
18 0 .00017
19 0 .03221
20 0 .02802
21 0 .02091
22 0 .02101
23 0 .02405
24 0 .02429
25 0 .02326
26 0 .02411
27 0 .02149
28 0 .02292
29 0 .02132
30 0 .02076
31 0 .01967
32 0 .0195
33 0 .0188
34 0 .01715
35 0 .01645
36 0 .01444
37 0 .01244
38 0 .01135
39 0 .01081
40 0 .00888
41 0 .00705
42 0 .00546
43 0 .00421
44 0 .00318
45 0 .00206
46 0 .00128
47 0 .00078
48 0 .00042
49 0 .00022
50 0 .0001
51 0 .00004
100 0 0
*parity 2 single
birth 1 F single 2
14 0 0
15 0 0
16 0 0
17 0 0
18 0 .00001
19 0 .04102
20 0 .00006
21 0 .09053
22 0 .04104
23 0 .03952
24 0 .04005
25 0 .04991
26 0 .05787
27 0 .04269
28 0 .03828
29 0 .0676
30 0 .10784
31 0 .09759
32 0 .06026
33 0 .04171
34 0 .15925
35 0 .15502
36 0 .05503
37 0 .12846
38 0 .1773
39 0 .15353
40 0 .14602
41 0 .00016
42 0 .04052
43 0 .06465
44 0 .04181
45 0 .01104
46 0 .00632
47 0 .00624
48 0 .00502
49 0 .00451
50 0 .00063
51 0 .00082
100 0 0
*parity 2 widowed
birth 1 F widowed 2
14 0 0
15 0 0
16 0 0
17 0 0
18 0 .00002
19 0 .04303
20 0 .02139
21 0 .02279
22 0 .02511
23 0 .02144
24 0 .02192
25 0 .01919
26 0 .01821
27 0 .01752
28 0 .01495
29 0 .01409
30 0 .01212
31 0 .00861
32 0 .00841
33 0 .00719
34 0 .00709
35 0 .00588
36 0 .00519
37 0 .00456
38 0 .00382
39 0 .00302
40 0 .00262
41 0 .00199
42 0 .00156
43 0 .0012
44 0 .00089
45 0 .00053
46 0 .00028
47 0 .00017
48 0 .00009
49 0 .00005
50 0 .00002
51 0 .00001
100 0 0
*parity 2 divorced
birth 1 F divorced 2
14 0 0
15 0 0
16 0 0
17 0 0
18 0 .00002
19 0 .04303
20 0 .02139
21 0 .02279
22 0 .02511
23 0 .02144
24 0 .02192
25 0 .01919
26 0 .01821
27 0 .01752
28 0 .01495
29 0 .01409
30 0 .01212
31 0 .00861
32 0 .00841
33 0 .00719
34 0 .00709
35 0 .00588
36 0 .00519
37 0 .00456
38 0 .00382
39 0 .00302
40 0 .00262
41 0 .00199
42 0 .00156
43 0 .0012
44 0 .00089
45 0 .00053
46 0 .00028
47 0 .00017
48 0 .00009
49 0 .00005
50 0 .00002
51 0 .00001
100 0 0
