*parity 0 married
birth 1 F married 0
14 0 0
15 0 .0001
16 0 .00044
17 0 .03865
18 0 .02639
19 0 .03164
20 0 .02586
21 0 .02572
22 0 .01953
23 0 .01804
24 0 .01534
25 0 .01284
26 0 .01094
27 0 .00926
28 0 .00833
29 0 .00636
30 0 .00457
31 0 .00374
32 0 .00269
33 0 .00232
34 0 .00191
35 0 .00143
36 0 .00122
37 0 .00099
38 0 .00079
39 0 .00066
40 0 .00047
41 0 .00034
42 0 .00025
43 0 .00015
44 0 .0001
45 0 .00006
46 0 .00004
47 0 .00002
48 0 .00001
49 0 0
50 0 0
51 0 0
100 0 0
*parity 0 single
birth 1 F single 0
14 0 0
15 0 .00013
16 0 .00053
17 0 .00107
18 0 .00191
19 0 .00283
20 0 .00368
21 0 .00411
22 0 .00437
23 0 .00449
24 0 .00451
25 0 .00456
26 0 .00454
27 0 .00465
28 0 .00474
29 0 .00487
30 0 .00503
31 0 .00478
32 0 .00533
33 0 .00536
34 0 .00553
35 0 .00652
36 0 .00512
37 0 .00517
38 0 .00507
39 0 .00461
40 0 .00556
41 0 .00339
42 0 .00327
43 0 .00248
44 0 .00178
45 0 .00141
46 0 .00124
47 0 .00043
48 0 .00028
49 0 .00005
50 0 .00001
51 0 .00002
100 0 0
*parity 0 widowed
birth 1 F widowed 0
14 0 0
15 0 .00003
16 0 .00012
17 0 .26173
18 0 .20905
19 0 1.09694
20 0 .65475
21 0 1.28162
22 0 .63721
23 0 .17587
24 0 .10956
25 0 .06771
26 0 .0743
27 0 .03566
28 0 .02078
29 0 .01195
30 0 .00849
31 0 .00563
32 0 .00466
33 0 .00255
34 0 .002
35 0 .00156
36 0 .00113
37 0 .00084
38 0 .0005
39 0 .00034
40 0 .00023
41 0 .00018
42 0 .00011
43 0 .00007
44 0 .00004
45 0 .00002
46 0 .00001
47 0 .00001
48 0 0
49 0 0
50 0 0
51 0 0
100 0 0
*parity 0 divorced
birth 1 F divorced 0
14 0 0
15 0 .00003
16 0 .00012
17 0 .26173
18 0 .20905
19 0 1.09694
20 0 .65475
21 0 1.28162
22 0 .63721
23 0 .17587
24 0 .10956
25 0 .06771
26 0 .0743
27 0 .03566
28 0 .02078
29 0 .01195
30 0 .00849
31 0 .00563
32 0 .00466
33 0 .00255
34 0 .002
35 0 .00156
36 0 .00113
37 0 .00084
38 0 .0005
39 0 .00034
40 0 .00023
41 0 .00018
42 0 .00011
43 0 .00007
44 0 .00004
45 0 .00002
46 0 .00001
47 0 .00001
48 0 0
49 0 0
50 0 0
51 0 0
100 0 0
*parity 1 married
birth 1 F married 1
14 0 0
15 0 0
16 0 .00003
17 0 .21572
18 0 .02001
19 0 .01987
20 0 .02237
21 0 .01873
22 0 .02375
23 0 .02625
24 0 .02326
25 0 .02017
26 0 .01935
27 0 .01951
28 0 .02108
29 0 .01977
30 0 .01473
31 0 .01334
32 0 .01346
33 0 .0128
34 0 .0104
35 0 .00815
36 0 .00695
37 0 .00517
38 0 .00416
39 0 .00308
40 0 .00234
41 0 .00223
42 0 .00124
43 0 .00077
44 0 .00044
45 0 .00029
46 0 .00016
47 0 .00009
48 0 .00004
49 0 .00001
50 0 .00001
51 0 0
100 0 0
*parity 1 single
birth 1 F single 1
14 0 0
15 0 0
16 0 .0236
17 0 .02007
18 0 .0308
19 0 .02359
20 0 .02544
21 0 .02786
22 0 .02542
23 0 .02327
24 0 .02411
25 0 .02835
26 0 .03
27 0 .03295
28 0 .03612
29 0 .03131
30 0 .04886
31 0 .04815
32 0 .06476
33 0 .06515
34 0 .064
35 0 .05104
36 0 .05577
37 0 .11385
38 0 .04495
39 0 .06288
40 0 .08416
41 0 .13875
42 0 .02531
43 0 .05412
44 0 .03171
45 0 .02968
46 0 .00482
47 0 .00335
48 0 0
49 0 .00022
50 0 0
51 0 .00014
100 0 0
*parity 1 widowed
birth 1 F widowed 1
14 0 0
15 0 0
16 0 .00001
17 0 .00003
18 0 .05059
19 0 .03632
20 0 .03682
21 0 .0312
22 0 .01978
23 0 .01369
24 0 .0162
25 0 .05527
26 0 .09781
27 0 .02675
28 0 .0336
29 0 .02209
30 0 .0184
31 0 .01431
32 0 .00927
33 0 .00894
34 0 .00573
35 0 .00385
36 0 .0021
37 0 .00165
38 0 .00183
39 0 .00138
40 0 .00077
41 0 .0004
42 0 .00028
43 0 .0002
44 0 .0001
45 0 .00005
46 0 .00002
47 0 .00002
48 0 .00001
49 0 0
50 0 0
51 0 0
100 0 0
*parity 1 divorced
birth 1 F divorced 1
14 0 0
15 0 0
16 0 .00001
17 0 .00003
18 0 .05059
19 0 .03632
20 0 .03682
21 0 .0312
22 0 .01978
23 0 .01369
24 0 .0162
25 0 .05527
26 0 .09781
27 0 .02675
28 0 .0336
29 0 .02209
30 0 .0184
31 0 .01431
32 0 .00927
33 0 .00894
34 0 .00573
35 0 .00385
36 0 .0021
37 0 .00165
38 0 .00183
39 0 .00138
40 0 .00077
41 0 .0004
42 0 .00028
43 0 .0002
44 0 .0001
45 0 .00005
46 0 .00002
47 0 .00002
48 0 .00001
49 0 0
50 0 0
51 0 0
100 0 0
*parity 2 married
birth 1 F married 2
14 0 0
15 0 0
16 0 0
17 0 .00001
18 0 .01903
19 0 .0177
20 0 .01217
21 0 .01801
22 0 .01569
23 0 .01633
24 0 .0148
25 0 .01426
26 0 .01355
27 0 .01188
28 0 .01024
29 0 .01059
30 0 .00974
31 0 .0083
32 0 .00731
33 0 .00605
34 0 .00554
35 0 .00509
36 0 .00493
37 0 .00418
38 0 .00377
39 0 .003
40 0 .00265
41 0 .00193
42 0 .00153
43 0 .00111
44 0 .00087
45 0 .00052
46 0 .00032
47 0 .00017
48 0 .00009
49 0 .00005
50 0 .00002
51 0 .00001
100 0 0
*parity 2 single
birth 1 F single 2
14 0 0
15 0 0
16 0 0
17 0 .00001
18 0 .04602
19 0 .02141
20 0 .0203
21 0 .02091
22 0 .02218
23 0 .01914
24 0 .0203
25 0 .02048
26 0 .02046
27 0 .01913
28 0 .01695
29 0 .01763
30 0 .01992
31 0 .02118
32 0 .02129
33 0 .02097
34 0 .0218
35 0 .02152
36 0 .02249
37 0 .02846
38 0 .02839
39 0 .02282
40 0 .02734
41 0 .02372
42 0 .01794
43 0 .01878
44 0 .01135
45 0 .01206
46 0 .00669
47 0 .0045
48 0 .00247
49 0 .00199
50 0 .00074
51 0 .00029
100 0 0
*parity 2 widowed
birth 1 F widowed 2
14 0 0
15 0 0
16 0 0
17 0 0
18 0 .00001
19 0 .00003
20 0 .13181
21 0 .04682
22 0 .06376
23 0 .04253
24 0 .04142
25 0 .00928
26 0 .00716
27 0 .00731
28 0 .00637
29 0 .00563
30 0 .00532
31 0 .00496
32 0 .00402
33 0 .00348
34 0 .00283
35 0 .00256
36 0 .00205
37 0 .00159
38 0 .00127
39 0 .00112
40 0 .0009
41 0 .00067
42 0 .00047
43 0 .00032
44 0 .00021
45 0 .00015
46 0 .00008
47 0 .00005
48 0 .00002
49 0 .00001
50 0 0
51 0 0
100 0 0
*parity 2 divorced
birth 1 F divorced 2
14 0 0
15 0 0
16 0 0
17 0 0
18 0 .00001
19 0 .00003
20 0 .13181
21 0 .04682
22 0 .06376
23 0 .04253
24 0 .04142
25 0 .00928
26 0 .00716
27 0 .00731
28 0 .00637
29 0 .00563
30 0 .00532
31 0 .00496
32 0 .00402
33 0 .00348
34 0 .00283
35 0 .00256
36 0 .00205
37 0 .00159
38 0 .00127
39 0 .00112
40 0 .0009
41 0 .00067
42 0 .00047
43 0 .00032
44 0 .00021
45 0 .00015
46 0 .00008
47 0 .00005
48 0 .00002
49 0 .00001
50 0 0
51 0 0
100 0 0
