*parity 0 married
birth 1 F married 0
14 0 0
15 0 .00144
16 0 .00137
17 0 .04021
18 0 .03387
19 0 .05541
20 0 .0821
21 0 .09695
22 0 .10086
23 0 .11609
24 0 .09802
25 0 .0729
26 0 .06915
27 0 .04231
28 0 .00855
29 0 .00103
30 0 0
31 0 .0023
32 0 .0092
33 0 .02664
34 0 .06725
35 0 .18689
36 0 .00116
37 0 .00129
38 0 .00141
39 0 .00149
40 0 .00155
41 0 .00157
42 0 .00158
43 0 .00158
44 0 .00158
45 0 .78313
46 0 .00157
47 0 .00157
48 0 .00157
49 0 .00157
50 0 .00157
51 0 .00157
100 0 0
*parity 0 single
birth 1 F single 0
14 0 0
15 0 .00006
16 0 .00005
17 0 .00008
18 0 .00016
19 0 .00031
20 0 .00048
21 0 .00065
22 0 .0008
23 0 .00085
24 0 .00104
25 0 .00096
26 0 .00104
27 0 .00138
28 0 .00036
29 0 .00007
30 0 0
31 0 .00013
32 0 .00093
33 0 .00115
34 0 .00796
35 0 .01107
36 0 .00968
37 0 .0143
38 0 .00006
39 0 .00006
40 0 .02506
41 0 .00006
42 0 .00006
43 0 .00006
44 0 .00006
45 0 .01546
46 0 .00006
47 0 .02509
48 0 .01922
49 0 .02339
50 0 .00646
51 0 .00841
100 0 0
*parity 0 widowed
birth 1 F widowed 0
14 0 0
15 0 .00009
16 0 .00008
17 0 .00012
18 0 .09861
19 0 .00033
20 0 .20946
21 0 .0005
22 0 .00047
23 0 .0004
24 0 .00032
25 0 .00023
26 0 .09133
27 0 .02413
28 0 .00398
29 0 .0006
30 0 0
31 0 .00101
32 0 .00994
33 0 .00003
34 0 .00005
35 0 .00006
36 0 .02943
37 0 .00008
38 0 .00008
39 0 .00009
40 0 .00009
41 0 .03922
42 0 .00009
43 0 .02197
44 0 .00009
45 0 .00009
46 0 .01619
47 0 .00009
48 0 .01462
49 0 .00711
50 0 .04911
51 0 .02559
100 0 0
*parity 0 divorced
birth 1 F divorced 0
14 0 0
15 0 .00009
16 0 .00008
17 0 .00012
18 0 .09861
19 0 .00033
20 0 .20946
21 0 .0005
22 0 .00047
23 0 .0004
24 0 .00032
25 0 .00023
26 0 .09133
27 0 .02413
28 0 .00398
29 0 .0006
30 0 0
31 0 .00101
32 0 .00994
33 0 .00003
34 0 .00005
35 0 .00006
36 0 .02943
37 0 .00008
38 0 .00008
39 0 .00009
40 0 .00009
41 0 .03922
42 0 .00009
43 0 .02197
44 0 .00009
45 0 .00009
46 0 .01619
47 0 .00009
48 0 .01462
49 0 .00711
50 0 .04911
51 0 .02559
100 0 0
*parity 1 married
birth 1 F married 1
14 0 0
15 0 .00157
16 0 .00161
17 0 .00178
18 0 .20241
19 0 .22855
20 0 .14093
21 0 .10762
22 0 .08852
23 0 .06465
24 0 .05848
25 0 .04353
26 0 .03625
27 0 .0251
28 0 .03231
29 0 .02975
30 0 .01822
31 0 .01246
32 0 .01333
33 0 .01344
34 0 .01194
35 0 .02336
36 0 .03063
37 0 .03209
38 0 .04747
39 0 .05919
40 0 .1321
41 0 .33666
42 0 .27081
43 0 .10615
44 0 .16965
45 0 .39468
46 0 .542
47 0 .21282
48 0 .06097
49 0 .07405
50 0 .09089
51 0 .03045
100 0 0
*parity 1 single
birth 1 F single 1
14 0 0
15 0 .00006
16 0 .00006
17 0 .00007
18 0 .00303
19 0 .00168
20 0 .00152
21 0 .0017
22 0 .00141
23 0 .00141
24 0 .00125
25 0 .00139
26 0 .00146
27 0 .00159
28 0 .00163
29 0 .00132
30 0 .00128
31 0 .00095
32 0 .0013
33 0 .00123
34 0 .00157
35 0 .004
36 0 .01028
37 0 .00434
38 0 .01312
39 0 .01402
40 0 .02607
41 0 .01329
42 0 .00006
43 0 .02933
44 0 .0067
45 0 .03116
46 0 .00713
47 0 .0084
48 0 .00385
49 0 .0026
50 0 .00294
51 0 .00561
100 0 0
*parity 1 widowed
birth 1 F widowed 1
14 0 0
15 0 .00009
16 0 .0001
17 0 .00011
18 0 .13367
19 0 .17837
20 0 .27073
21 0 .00037
22 0 .093
23 0 .09023
24 0 .10883
25 0 .05227
26 0 .04734
27 0 .01741
28 0 .02134
29 0 .00747
30 0 .02734
31 0 .00337
32 0 .0037
33 0 .00426
34 0 .00717
35 0 .00911
36 0 .01563
37 0 .00925
38 0 .00665
39 0 .00609
40 0 .01322
41 0 .00674
42 0 .01084
43 0 .04461
44 0 .00611
45 0 .0158
46 0 .00407
47 0 .00348
48 0 .01464
49 0 .00889
50 0 .00491
51 0 .00213
100 0 0
*parity 1 divorced
birth 1 F divorced 1
14 0 0
15 0 .00009
16 0 .0001
17 0 .00011
18 0 .13367
19 0 .17837
20 0 .27073
21 0 .00037
22 0 .093
23 0 .09023
24 0 .10883
25 0 .05227
26 0 .04734
27 0 .01741
28 0 .02134
29 0 .00747
30 0 .02734
31 0 .00337
32 0 .0037
33 0 .00426
34 0 .00717
35 0 .00911
36 0 .01563
37 0 .00925
38 0 .00665
39 0 .00609
40 0 .01322
41 0 .00674
42 0 .01084
43 0 .04461
44 0 .00611
45 0 .0158
46 0 .00407
47 0 .00348
48 0 .01464
49 0 .00889
50 0 .00491
51 0 .00213
100 0 0
*parity 2 married
birth 1 F married 2
14 0 0
15 0 .00157
16 0 .00157
17 0 .0016
18 0 .07834
19 0 .02588
20 0 .02495
21 0 .0259
22 0 .03009
23 0 .03484
24 0 .03381
25 0 .03319
26 0 .02863
27 0 .02531
28 0 .02294
29 0 .02237
30 0 .02106
31 0 .01968
32 0 .01685
33 0 .01683
34 0 .01492
35 0 .01397
36 0 .01187
37 0 .01207
38 0 .01163
39 0 .01042
40 0 .00942
41 0 .0084
42 0 .00666
43 0 .00566
44 0 .00513
45 0 .00443
46 0 .00354
47 0 .00318
48 0 .00324
49 0 .00377
50 0 .00383
51 0 .00304
100 0 0
*parity 2 single
birth 1 F single 2
14 0 0
15 0 .00006
16 0 .00006
17 0 .00006
18 0 .00007
19 0 .00725
20 0 .00767
21 0 .00526
22 0 .00445
23 0 .00331
24 0 .00294
25 0 .00301
26 0 .00268
27 0 .00255
28 0 .00277
29 0 .00209
30 0 .00243
31 0 .00225
32 0 .00232
33 0 .00176
34 0 .00284
35 0 .00212
36 0 .00344
37 0 .00255
38 0 .00233
39 0 .0026
40 0 .00448
41 0 .00212
42 0 .00268
43 0 .00135
44 0 .00088
45 0 .00061
46 0 .00129
47 0 .00097
48 0 .00044
49 0 .00021
50 0 .0002
51 0 .00059
100 0 0
*parity 2 widowed
birth 1 F widowed 2
14 0 0
15 0 .00009
16 0 .00009
17 0 .0001
18 0 .0001
19 0 .00013
20 0 .16329
21 0 .01493
22 0 .03532
23 0 .04967
24 0 .04263
25 0 .02989
26 0 .01988
27 0 .01802
28 0 .01309
29 0 .01687
30 0 .01067
31 0 .01142
32 0 .00847
33 0 .00711
34 0 .00481
35 0 .00469
36 0 .00448
37 0 .00382
38 0 .00313
39 0 .00291
40 0 .00188
41 0 .00158
42 0 .00129
43 0 .00124
44 0 .0011
45 0 .00087
46 0 .00055
47 0 .00049
48 0 .00048
49 0 .00064
50 0 .00052
51 0 .00038
100 0 0
*parity 2 divorced
birth 1 F divorced 2
14 0 0
15 0 .00009
16 0 .00009
17 0 .0001
18 0 .0001
19 0 .00013
20 0 .16329
21 0 .01493
22 0 .03532
23 0 .04967
24 0 .04263
25 0 .02989
26 0 .01988
27 0 .01802
28 0 .01309
29 0 .01687
30 0 .01067
31 0 .01142
32 0 .00847
33 0 .00711
34 0 .00481
35 0 .00469
36 0 .00448
37 0 .00382
38 0 .00313
39 0 .00291
40 0 .00188
41 0 .00158
42 0 .00129
43 0 .00124
44 0 .0011
45 0 .00087
46 0 .00055
47 0 .00049
48 0 .00048
49 0 .00064
50 0 .00052
51 0 .00038
100 0 0
