*parity 0 married
birth 1 F married 0
14 0 0
15 0 .0002
16 0 .0008
17 0 .07234
18 0 .07213
19 0 .08431
20 0 .07026
21 0 .08203
22 0 .09235
23 0 .08543
24 0 .08449
25 0 .07783
26 0 .10477
27 0 .1444
28 0 .39334
29 0 .31503
30 0 .11139
31 0 .29853
32 0 .10171
33 0 .03672
34 0 .01321
35 0 .00655
36 0 .00386
37 0 .00345
38 0 .0027
39 0 .00161
40 0 .00137
41 0 .00115
42 0 .00059
43 0 .00037
44 0 .00022
45 0 .00014
46 0 .00009
47 0 .00005
48 0 .00002
49 0 .00001
50 0 0
51 0 0
100 0 0
*parity 0 single
birth 1 F single 0
14 0 0
15 0 .00004
16 0 .00017
17 0 .00033
18 0 .00055
19 0 .00078
20 0 .00096
21 0 .00102
22 0 .00104
23 0 .00103
24 0 .00102
25 0 .00102
26 0 .00099
27 0 .001
28 0 .00101
29 0 .00091
30 0 .0009
31 0 .00095
32 0 .00096
33 0 .00103
34 0 .00101
35 0 .00089
36 0 .00098
37 0 .00076
38 0 .00079
39 0 .00069
40 0 .00048
41 0 .00064
42 0 .00041
43 0 .00035
44 0 .00029
45 0 .00018
46 0 .00009
47 0 .00006
48 0 .00003
49 0 .00001
50 0 0
51 0 0
100 0 0
*parity 0 widowed
birth 1 F widowed 0
14 0 0
15 0 .00001
16 0 .00005
17 0 .00009
18 0 .00015
19 0 .07212
20 0 .12019
21 0 .37091
22 0 .18056
23 0 .0796
24 0 .06969
25 0 .2758
26 0 .26886
27 0 .23821
28 0 .2163
29 0 .00013
30 0 .00012
31 0 .0001
32 0 .05904
33 0 .02692
34 0 .02018
35 0 .0084
36 0 .00275
37 0 .00266
38 0 .00177
39 0 .00088
40 0 .00104
41 0 .00037
42 0 .00017
43 0 .0001
44 0 .00005
45 0 .00003
46 0 .00002
47 0 .00001
48 0 .00001
49 0 0
50 0 0
51 0 0
100 0 0
*parity 0 divorced
birth 1 F divorced 0
14 0 0
15 0 .00001
16 0 .00005
17 0 .00009
18 0 .00015
19 0 .07212
20 0 .12019
21 0 .37091
22 0 .18056
23 0 .0796
24 0 .06969
25 0 .2758
26 0 .26886
27 0 .23821
28 0 .2163
29 0 .00013
30 0 .00012
31 0 .0001
32 0 .05904
33 0 .02692
34 0 .02018
35 0 .0084
36 0 .00275
37 0 .00266
38 0 .00177
39 0 .00088
40 0 .00104
41 0 .00037
42 0 .00017
43 0 .0001
44 0 .00005
45 0 .00003
46 0 .00002
47 0 .00001
48 0 .00001
49 0 0
50 0 0
51 0 0
100 0 0
*parity 1 married
birth 1 F married 1
14 0 0
15 0 0
16 0 .00004
17 0 .00015
18 0 .01755
19 0 .01884
20 0 .02627
21 0 .01974
22 0 .01817
23 0 .01876
24 0 .01978
25 0 .02248
26 0 .02343
27 0 .01937
28 0 .02187
29 0 .02499
30 0 .01941
31 0 .01169
32 0 .01113
33 0 .00797
34 0 .00726
35 0 .00691
36 0 .00878
37 0 .00561
38 0 .00378
39 0 .00329
40 0 .00224
41 0 .00133
42 0 .00111
43 0 .00065
44 0 .0004
45 0 .0002
46 0 .00012
47 0 .00005
48 0 .00003
49 0 .00001
50 0 0
51 0 0
100 0 0
*parity 1 single
birth 1 F single 1
14 0 0
15 0 0
16 0 .01312
17 0 .00003
18 0 .02129
19 0 .02461
20 0 .03053
21 0 .02276
22 0 .0224
23 0 .02062
24 0 .02348
25 0 .02855
26 0 .04062
27 0 .03791
28 0 .0512
29 0 .03649
30 0 .03972
31 0 .04189
32 0 .04161
33 0 .04349
34 0 .05819
35 0 .11545
36 0 .28385
37 0 .07289
38 0 .17237
39 0 .13539
40 0 .08941
41 0 .0584
42 0 .00959
43 0 .02176
44 0 .01271
45 0 0
46 0 0
47 0 0
48 0 0
49 0 .00011
50 0 0
51 0 0
100 0 0
*parity 1 widowed
birth 1 F widowed 1
14 0 0
15 0 0
16 0 0
17 0 .00001
18 0 .00002
19 0 .01755
20 0 .01109
21 0 .01689
22 0 .01241
23 0 .01016
24 0 .00851
25 0 .01074
26 0 .00974
27 0 .00874
28 0 .00664
29 0 .00559
30 0 .0068
31 0 .0056
32 0 .00376
33 0 .00324
34 0 .00283
35 0 .00168
36 0 .00145
37 0 .00085
38 0 .0007
39 0 .00059
40 0 .0004
41 0 .00022
42 0 .00013
43 0 .00008
44 0 .00005
45 0 .00002
46 0 .00001
47 0 .00001
48 0 0
49 0 0
50 0 0
51 0 0
100 0 0
*parity 1 divorced
birth 1 F divorced 1
14 0 0
15 0 0
16 0 0
17 0 .00001
18 0 .00002
19 0 .01755
20 0 .01109
21 0 .01689
22 0 .01241
23 0 .01016
24 0 .00851
25 0 .01074
26 0 .00974
27 0 .00874
28 0 .00664
29 0 .00559
30 0 .0068
31 0 .0056
32 0 .00376
33 0 .00324
34 0 .00283
35 0 .00168
36 0 .00145
37 0 .00085
38 0 .0007
39 0 .00059
40 0 .0004
41 0 .00022
42 0 .00013
43 0 .00008
44 0 .00005
45 0 .00002
46 0 .00001
47 0 .00001
48 0 0
49 0 0
50 0 0
51 0 0
100 0 0
*parity 2 married
birth 1 F married 2
14 0 0
15 0 0
16 0 0
17 0 .00001
18 0 .00005
19 0 .00823
20 0 .00724
21 0 .01395
22 0 .01349
23 0 .01663
24 0 .01349
25 0 .01153
26 0 .01097
27 0 .01074
28 0 .00843
29 0 .00899
30 0 .00817
31 0 .00713
32 0 .00596
33 0 .00533
34 0 .00485
35 0 .00446
36 0 .00364
37 0 .00325
38 0 .00279
39 0 .00237
40 0 .00191
41 0 .00136
42 0 .00114
43 0 .00078
44 0 .00055
45 0 .00035
46 0 .0002
47 0 .00012
48 0 .00006
49 0 .00003
50 0 .00001
51 0 0
100 0 0
*parity 2 single
birth 1 F single 2
14 0 0
15 0 0
16 0 0
17 0 0
18 0 .01594
19 0 .02204
20 0 .01038
21 0 .01366
22 0 .01502
23 0 .02136
24 0 .02119
25 0 .01325
26 0 .0114
27 0 .01342
28 0 .00986
29 0 .01032
30 0 .0106
31 0 .01198
32 0 .01447
33 0 .01269
34 0 .01504
35 0 .01307
36 0 .01131
37 0 .01236
38 0 .0117
39 0 .01247
40 0 .0146
41 0 .01027
42 0 .00869
43 0 .00795
44 0 .00499
45 0 .00571
46 0 .00425
47 0 .00283
48 0 .00262
49 0 .0006
50 0 .00036
51 0 .00011
100 0 0
*parity 2 widowed
birth 1 F widowed 2
14 0 0
15 0 0
16 0 0
17 0 0
18 0 0
19 0 .00419
20 0 .00741
21 0 .00779
22 0 .01225
23 0 .00406
24 0 .00552
25 0 .00419
26 0 .00497
27 0 .00301
28 0 .00366
29 0 .00245
30 0 .00228
31 0 .00175
32 0 .00139
33 0 .00134
34 0 .00107
35 0 .00105
36 0 .00081
37 0 .00071
38 0 .00051
39 0 .0004
40 0 .0003
41 0 .00024
42 0 .00015
43 0 .00012
44 0 .00008
45 0 .00005
46 0 .00003
47 0 .00001
48 0 .00001
49 0 0
50 0 0
51 0 0
100 0 0
*parity 2 divorced
birth 1 F divorced 2
14 0 0
15 0 0
16 0 0
17 0 0
18 0 0
19 0 .00419
20 0 .00741
21 0 .00779
22 0 .01225
23 0 .00406
24 0 .00552
25 0 .00419
26 0 .00497
27 0 .00301
28 0 .00366
29 0 .00245
30 0 .00228
31 0 .00175
32 0 .00139
33 0 .00134
34 0 .00107
35 0 .00105
36 0 .00081
37 0 .00071
38 0 .00051
39 0 .0004
40 0 .0003
41 0 .00024
42 0 .00015
43 0 .00012
44 0 .00008
45 0 .00005
46 0 .00003
47 0 .00001
48 0 .00001
49 0 0
50 0 0
51 0 0
100 0 0
