*parity 0 married
birth 1 F married 0
14 0 0
15 0 .00009
16 0 .00038
17 0 .05876
18 0 .05998
19 0 .06247
20 0 .10003
21 0 .08053
22 0 .13618
23 0 .09121
24 0 .1231
25 0 .19612
26 0 .17265
27 0 .40953
28 0 .24249
29 0 .26737
30 0 .219
31 0 .09686
32 0 .0798
33 0 .02211
34 0 .01013
35 0 .00499
36 0 .00317
37 0 .00248
38 0 .00157
39 0 .00111
40 0 .00068
41 0 .00041
42 0 .00027
43 0 .00016
44 0 .00009
45 0 .00006
46 0 .00003
47 0 .00002
48 0 .00001
49 0 0
50 0 0
51 0 0
100 0 0
*parity 0 single
birth 1 F single 0
14 0 0
15 0 .00015
16 0 .00061
17 0 .00117
18 0 .00197
19 0 .00281
20 0 .00337
21 0 .00371
22 0 .00366
23 0 .00372
24 0 .00368
25 0 .00368
26 0 .00365
27 0 .00366
28 0 .00364
29 0 .00331
30 0 .00321
31 0 .00288
32 0 .00256
33 0 .00231
34 0 .00212
35 0 .00192
36 0 .00164
37 0 .00156
38 0 .00137
39 0 .0012
40 0 .00105
41 0 .0008
42 0 .00064
43 0 .00045
44 0 .0003
45 0 .00022
46 0 .00015
47 0 .00011
48 0 .00005
49 0 .00002
50 0 0
51 0 .00001
100 0 0
*parity 0 widowed
birth 1 F widowed 0
14 0 0
15 0 .00002
16 0 .00007
17 0 .00012
18 0 .12449
19 0 .00028
20 0 .00032
21 0 .00033
22 0 .00031
23 0 .43388
24 0 .38328
25 0 .00025
26 0 .00023
27 0 .00022
28 0 .0002
29 0 .00018
30 0 .00015
31 0 .45235
32 0 .00011
33 0 .00009
34 0 .06217
35 0 .03813
36 0 .02885
37 0 .018
38 0 .00616
39 0 .00383
40 0 .00187
41 0 .00123
42 0 .0005
43 0 .00019
44 0 .0001
45 0 .00006
46 0 .00004
47 0 .00002
48 0 0
49 0 0
50 0 0
51 0 0
100 0 0
*parity 0 divorced
birth 1 F divorced 0
14 0 0
15 0 .00002
16 0 .00007
17 0 .00012
18 0 .12449
19 0 .00028
20 0 .00032
21 0 .00033
22 0 .00031
23 0 .43388
24 0 .38328
25 0 .00025
26 0 .00023
27 0 .00022
28 0 .0002
29 0 .00018
30 0 .00015
31 0 .45235
32 0 .00011
33 0 .00009
34 0 .06217
35 0 .03813
36 0 .02885
37 0 .018
38 0 .00616
39 0 .00383
40 0 .00187
41 0 .00123
42 0 .0005
43 0 .00019
44 0 .0001
45 0 .00006
46 0 .00004
47 0 .00002
48 0 0
49 0 0
50 0 0
51 0 0
100 0 0
*parity 1 married
birth 1 F married 1
14 0 0
15 0 0
16 0 .00002
17 0 .00008
18 0 .01755
19 0 .01731
20 0 .01689
21 0 .0177
22 0 .01891
23 0 .02043
24 0 .02031
25 0 .02118
26 0 .0191
27 0 .01667
28 0 .01578
29 0 .02021
30 0 .01591
31 0 .01336
32 0 .01137
33 0 .0095
34 0 .00809
35 0 .00835
36 0 .00507
37 0 .00395
38 0 .00287
39 0 .00252
40 0 .00161
41 0 .00121
42 0 .00067
43 0 .00038
44 0 .00027
45 0 .00014
46 0 .00007
47 0 .00003
48 0 .00001
49 0 0
50 0 0
51 0 0
100 0 0
*parity 1 single
birth 1 F single 1
14 0 0
15 0 0
16 0 .0204
17 0 .03835
18 0 .03269
19 0 .02724
20 0 .03007
21 0 .02931
22 0 .03139
23 0 .03138
24 0 .02683
25 0 .02816
26 0 .02352
27 0 .02274
28 0 .02641
29 0 .02481
30 0 .03278
31 0 .02627
32 0 .02442
33 0 .02329
34 0 .02884
35 0 .0304
36 0 .02388
37 0 .02732
38 0 .02303
39 0 .01698
40 0 .01567
41 0 .01637
42 0 .01768
43 0 .00553
44 0 .00816
45 0 .00235
46 0 .01127
47 0 0
48 0 .00105
49 0 .00067
50 0 .0002
51 0 0
100 0 0
*parity 1 widowed
birth 1 F widowed 1
14 0 0
15 0 0
16 0 0
17 0 .00001
18 0 .00003
19 0 .03953
20 0 .15633
21 0 .21428
22 0 .26004
23 0 .15546
24 0 .62178
25 0 .13116
26 0 .33365
27 0 .3128
28 0 .16375
29 0 .61534
30 0 .00018
31 0 .11325
32 0 .25658
33 0 .2144
34 0 .12077
35 0 .04045
36 0 .00007
37 0 .02663
38 0 .00553
39 0 .0041
40 0 .00179
41 0 .00134
42 0 .0008
43 0 .00022
44 0 .00015
45 0 .00006
46 0 .00003
47 0 .00001
48 0 0
49 0 0
50 0 0
51 0 0
100 0 0
*parity 1 divorced
birth 1 F divorced 1
14 0 0
15 0 0
16 0 0
17 0 .00001
18 0 .00003
19 0 .03953
20 0 .15633
21 0 .21428
22 0 .26004
23 0 .15546
24 0 .62178
25 0 .13116
26 0 .33365
27 0 .3128
28 0 .16375
29 0 .61534
30 0 .00018
31 0 .11325
32 0 .25658
33 0 .2144
34 0 .12077
35 0 .04045
36 0 .00007
37 0 .02663
38 0 .00553
39 0 .0041
40 0 .00179
41 0 .00134
42 0 .0008
43 0 .00022
44 0 .00015
45 0 .00006
46 0 .00003
47 0 .00001
48 0 0
49 0 0
50 0 0
51 0 0
100 0 0
*parity 2 married
birth 1 F married 2
14 0 0
15 0 0
16 0 0
17 0 .00001
18 0 .00003
19 0 .02123
20 0 .01704
21 0 .01303
22 0 .01279
23 0 .01423
24 0 .01124
25 0 .00962
26 0 .01025
27 0 .00973
28 0 .0085
29 0 .00721
30 0 .00675
31 0 .00669
32 0 .00587
33 0 .00523
34 0 .0042
35 0 .00356
36 0 .00304
37 0 .00241
38 0 .00208
39 0 .00153
40 0 .00131
41 0 .00096
42 0 .00074
43 0 .00058
44 0 .0004
45 0 .00025
46 0 .00014
47 0 .00008
48 0 .00005
49 0 .00002
50 0 .00001
51 0 0
100 0 0
*parity 2 single
birth 1 F single 2
14 0 0
15 0 0
16 0 0
17 0 .00391
18 0 .01051
19 0 .01413
20 0 .01597
21 0 .01394
22 0 .01555
23 0 .0112
24 0 .01351
25 0 .01262
26 0 .01276
27 0 .0119
28 0 .01062
29 0 .01135
30 0 .00918
31 0 .00867
32 0 .00829
33 0 .00771
34 0 .00757
35 0 .0069
36 0 .00746
37 0 .00649
38 0 .00607
39 0 .00669
40 0 .00552
41 0 .00502
42 0 .00366
43 0 .00312
44 0 .00241
45 0 .00177
46 0 .0013
47 0 .00077
48 0 .00041
49 0 .00023
50 0 .00009
51 0 .00004
100 0 0
*parity 2 widowed
birth 1 F widowed 2
14 0 0
15 0 0
16 0 0
17 0 0
18 0 0
19 0 .00001
20 0 .01592
21 0 .02092
22 0 .01327
23 0 .0157
24 0 .01447
25 0 .00971
26 0 .00941
27 0 .00698
28 0 .00658
29 0 .00566
30 0 .00523
31 0 .0044
32 0 .0037
33 0 .00296
34 0 .00235
35 0 .00192
36 0 .00168
37 0 .00129
38 0 .00105
39 0 .00074
40 0 .0006
41 0 .00043
42 0 .00031
43 0 .0002
44 0 .00014
45 0 .00008
46 0 .00005
47 0 .00002
48 0 .00001
49 0 .00001
50 0 0
51 0 0
100 0 0
*parity 2 divorced
birth 1 F divorced 2
14 0 0
15 0 0
16 0 0
17 0 0
18 0 0
19 0 .00001
20 0 .01592
21 0 .02092
22 0 .01327
23 0 .0157
24 0 .01447
25 0 .00971
26 0 .00941
27 0 .00698
28 0 .00658
29 0 .00566
30 0 .00523
31 0 .0044
32 0 .0037
33 0 .00296
34 0 .00235
35 0 .00192
36 0 .00168
37 0 .00129
38 0 .00105
39 0 .00074
40 0 .0006
41 0 .00043
42 0 .00031
43 0 .0002
44 0 .00014
45 0 .00008
46 0 .00005
47 0 .00002
48 0 .00001
49 0 .00001
50 0 0
51 0 0
100 0 0
