*parity 0 married
birth 1 F married 0
14 0 0
15 0 .00023
16 0 .00103
17 0 .03066
18 0 .02481
19 0 .02763
20 0 .03364
21 0 .03708
22 0 .03297
23 0 .03073
24 0 .02928
25 0 .02375
26 0 .02201
27 0 .01745
28 0 .01601
29 0 .01541
30 0 .0118
31 0 .00793
32 0 .00752
33 0 .00645
34 0 .00489
35 0 .00328
36 0 .00267
37 0 .002
38 0 .00172
39 0 .00121
40 0 .00091
41 0 .00067
42 0 .00043
43 0 .00025
44 0 .00018
45 0 .0001
46 0 .00006
47 0 .00003
48 0 .00001
49 0 .00001
50 0 0
51 0 0
100 0 0
*parity 0 single
birth 1 F single 0
14 0 0
15 0 0
16 0 .00001
17 0 .00002
18 0 .00005
19 0 .00008
20 0 .0001
21 0 .00012
22 0 .00012
23 0 .00013
24 0 .00014
25 0 .00015
26 0 .00013
27 0 .00013
28 0 .00014
29 0 .00011
30 0 .00012
31 0 .00012
32 0 .0001
33 0 .00009
34 0 .00009
35 0 .00007
36 0 .00008
37 0 .00006
38 0 .00005
39 0 .00004
40 0 .00003
41 0 .00002
42 0 .00002
43 0 .00001
44 0 .00001
45 0 .00001
46 0 0
47 0 0
48 0 0
49 0 0
50 0 0
51 0 0
100 0 0
*parity 0 widowed
birth 1 F widowed 0
14 0 0
15 0 .00001
16 0 .00003
17 0 .03673
18 0 .04648
19 0 .07412
20 0 .04836
21 0 .01864
22 0 .03909
23 0 .01467
24 0 .01304
25 0 .00779
26 0 .01458
27 0 .01085
28 0 .00464
29 0 .00368
30 0 .00284
31 0 .00197
32 0 .00113
33 0 .00076
34 0 .00084
35 0 .00055
36 0 .00048
37 0 .0003
38 0 .00021
39 0 .00013
40 0 .00013
41 0 .00007
42 0 .00005
43 0 .00003
44 0 .00002
45 0 .00001
46 0 .00001
47 0 0
48 0 0
49 0 0
50 0 0
51 0 0
100 0 0
*parity 0 divorced
birth 1 F divorced 0
14 0 0
15 0 .00001
16 0 .00003
17 0 .03673
18 0 .04648
19 0 .07412
20 0 .04836
21 0 .01864
22 0 .03909
23 0 .01467
24 0 .01304
25 0 .00779
26 0 .01458
27 0 .01085
28 0 .00464
29 0 .00368
30 0 .00284
31 0 .00197
32 0 .00113
33 0 .00076
34 0 .00084
35 0 .00055
36 0 .00048
37 0 .0003
38 0 .00021
39 0 .00013
40 0 .00013
41 0 .00007
42 0 .00005
43 0 .00003
44 0 .00002
45 0 .00001
46 0 .00001
47 0 0
48 0 0
49 0 0
50 0 0
51 0 0
100 0 0
*parity 1 married
birth 1 F married 1
14 0 0
15 0 0
16 0 .00007
17 0 .00026
18 0 .02801
19 0 .0229
20 0 .0276
21 0 .02721
22 0 .03486
23 0 .04417
24 0 .03903
25 0 .03735
26 0 .0365
27 0 .04222
28 0 .04349
29 0 .0399
30 0 .04972
31 0 .0626
32 0 .02982
33 0 .04673
34 0 .02709
35 0 .01916
36 0 .02344
37 0 .02172
38 0 .01656
39 0 .02656
40 0 .01231
41 0 .0059
42 0 .00572
43 0 .00351
44 0 .00215
45 0 .00117
46 0 .00037
47 0 .00029
48 0 .00007
49 0 .00002
50 0 .00001
51 0 0
100 0 0
*parity 1 single
birth 1 F single 1
14 0 0
15 0 0
16 0 0
17 0 0
18 0 .00001
19 0 .02146
20 0 .00003
21 0 .01785
22 0 .00004
23 0 .00005
24 0 .00005
25 0 .042
26 0 .00004
27 0 .00004
28 0 .03079
29 0 .02742
30 0 .02485
31 0 .01043
32 0 .01863
33 0 .00002
34 0 .01213
35 0 .00001
36 0 .00001
37 0 .00001
38 0 .00001
39 0 .00001
40 0 0
41 0 .00209
42 0 0
43 0 0
44 0 .00052
45 0 0
46 0 0
47 0 0
48 0 0
49 0 0
50 0 0
51 0 0
100 0 0
*parity 1 widowed
birth 1 F widowed 1
14 0 0
15 0 0
16 0 0
17 0 .00001
18 0 .00002
19 0 .0211
20 0 .01882
21 0 .01755
22 0 .02548
23 0 .02487
24 0 .01558
25 0 .01126
26 0 .01221
27 0 .02496
28 0 .00908
29 0 .01348
30 0 .00666
31 0 .00615
32 0 .00785
33 0 .00445
34 0 .00397
35 0 .00167
36 0 .0042
37 0 .00122
38 0 .00093
39 0 .00087
40 0 .00065
41 0 .00056
42 0 .00031
43 0 .0003
44 0 .00017
45 0 .00004
46 0 .00002
47 0 .00001
48 0 0
49 0 0
50 0 0
51 0 0
100 0 0
*parity 1 divorced
birth 1 F divorced 1
14 0 0
15 0 0
16 0 0
17 0 .00001
18 0 .00002
19 0 .0211
20 0 .01882
21 0 .01755
22 0 .02548
23 0 .02487
24 0 .01558
25 0 .01126
26 0 .01221
27 0 .02496
28 0 .00908
29 0 .01348
30 0 .00666
31 0 .00615
32 0 .00785
33 0 .00445
34 0 .00397
35 0 .00167
36 0 .0042
37 0 .00122
38 0 .00093
39 0 .00087
40 0 .00065
41 0 .00056
42 0 .00031
43 0 .0003
44 0 .00017
45 0 .00004
46 0 .00002
47 0 .00001
48 0 0
49 0 0
50 0 0
51 0 0
100 0 0
*parity 2 married
birth 1 F married 2
14 0 0
15 0 0
16 0 .00001
17 0 .00002
18 0 .00011
19 0 .02925
20 0 .02298
21 0 .0182
22 0 .0199
23 0 .01561
24 0 .01452
25 0 .0151
26 0 .01504
27 0 .01474
28 0 .01339
29 0 .01346
30 0 .01249
31 0 .01144
32 0 .01111
33 0 .01009
34 0 .00942
35 0 .01019
36 0 .00832
37 0 .00834
38 0 .00743
39 0 .0063
40 0 .00563
41 0 .00443
42 0 .00335
43 0 .00257
44 0 .00177
45 0 .00116
46 0 .00077
47 0 .00046
48 0 .00025
49 0 .00012
50 0 .00005
51 0 .00002
100 0 0
*parity 2 single
birth 1 F single 2
14 0 0
15 0 0
16 0 0
17 0 0
18 0 0
19 0 0
20 0 .00001
21 0 .00002
22 0 .00002
23 0 .00003
24 0 .0408
25 0 .00005
26 0 .00005
27 0 .04697
28 0 .00006
29 0 .04875
30 0 .00006
31 0 .04608
32 0 .00006
33 0 .04139
34 0 .00005
35 0 .00005
36 0 .00004
37 0 .03169
38 0 .00003
39 0 .00003
40 0 .00003
41 0 .00002
42 0 .00002
43 0 .00001
44 0 .00001
45 0 .00001
46 0 0
47 0 0
48 0 0
49 0 0
50 0 0
51 0 0
100 0 0
*parity 2 widowed
birth 1 F widowed 2
14 0 0
15 0 0
16 0 0
17 0 0
18 0 0
19 0 .01348
20 0 .0047
21 0 .0218
22 0 .00987
23 0 .00687
24 0 .00634
25 0 .00914
26 0 .00554
27 0 .0042
28 0 .00326
29 0 .00306
30 0 .00237
31 0 .00309
32 0 .00266
33 0 .00174
34 0 .00179
35 0 .00189
36 0 .00132
37 0 .00111
38 0 .0009
39 0 .00091
40 0 .00063
41 0 .00051
42 0 .00036
43 0 .00026
44 0 .0002
45 0 .00012
46 0 .00007
47 0 .00004
48 0 .00002
49 0 .00001
50 0 0
51 0 0
100 0 0
*parity 2 divorced
birth 1 F divorced 2
14 0 0
15 0 0
16 0 0
17 0 0
18 0 0
19 0 .01348
20 0 .0047
21 0 .0218
22 0 .00987
23 0 .00687
24 0 .00634
25 0 .00914
26 0 .00554
27 0 .0042
28 0 .00326
29 0 .00306
30 0 .00237
31 0 .00309
32 0 .00266
33 0 .00174
34 0 .00179
35 0 .00189
36 0 .00132
37 0 .00111
38 0 .0009
39 0 .00091
40 0 .00063
41 0 .00051
42 0 .00036
43 0 .00026
44 0 .0002
45 0 .00012
46 0 .00007
47 0 .00004
48 0 .00002
49 0 .00001
50 0 0
51 0 0
100 0 0
