*parity 0 married
birth 1 F married 0
14 0 0
15 0 .00009
16 0 .00056
17 0 .03375
18 0 .02757
19 0 .03098
20 0 .03881
21 0 .05347
22 0 .06247
23 0 .06531
24 0 .05606
25 0 .0573
26 0 .04229
27 0 .02955
28 0 .01348
29 0 .00861
30 0 .00619
31 0 .00469
32 0 .00284
33 0 .00215
34 0 .00181
35 0 .0015
36 0 .00147
37 0 .00128
38 0 .00105
39 0 .00095
40 0 .00075
41 0 .00059
42 0 .00042
43 0 .0003
44 0 .00022
45 0 .00011
46 0 .00007
47 0 .00004
48 0 .00002
49 0 .00001
50 0 0
51 0 0
100 0 0
*parity 0 single
birth 1 F single 0
14 0 0
15 0 .00001
16 0 .00009
17 0 .00026
18 0 .0006
19 0 .0011
20 0 .00158
21 0 .00187
22 0 .002
23 0 .0019
24 0 .00188
25 0 .00174
26 0 .00145
27 0 .00124
28 0 .00095
29 0 .00079
30 0 .00067
31 0 .00052
32 0 .00049
33 0 .00041
34 0 .00052
35 0 .0005
36 0 .00045
37 0 .0005
38 0 .00041
39 0 .00041
40 0 .0004
41 0 .00031
42 0 .0003
43 0 .00024
44 0 .00013
45 0 .00012
46 0 .00007
47 0 .00003
48 0 .00002
49 0 .00001
50 0 0
51 0 0
100 0 0
*parity 0 widowed
birth 1 F widowed 0
14 0 0
15 0 .00002
16 0 .0001
17 0 .00028
18 0 .00057
19 0 2.02134
20 0 .77542
21 0 .00131
22 0 2.17557
23 0 .00108
24 0 .0009
25 0 1.18684
26 0 .30233
27 0 .00036
28 0 .4126
29 0 .27468
30 0 .04791
31 0 .07179
32 0 .00845
33 0 .00589
34 0 .00449
35 0 .00544
36 0 .00289
37 0 .00341
38 0 .00158
39 0 .00116
40 0 .00069
41 0 .00044
42 0 .00038
43 0 .00027
44 0 .00016
45 0 .00008
46 0 .00003
47 0 .00002
48 0 .00001
49 0 .00001
50 0 0
51 0 0
100 0 0
*parity 0 divorced
birth 1 F divorced 0
14 0 0
15 0 .00002
16 0 .0001
17 0 .00028
18 0 .00057
19 0 2.02134
20 0 .77542
21 0 .00131
22 0 2.17557
23 0 .00108
24 0 .0009
25 0 1.18684
26 0 .30233
27 0 .00036
28 0 .4126
29 0 .27468
30 0 .04791
31 0 .07179
32 0 .00845
33 0 .00589
34 0 .00449
35 0 .00544
36 0 .00289
37 0 .00341
38 0 .00158
39 0 .00116
40 0 .00069
41 0 .00044
42 0 .00038
43 0 .00027
44 0 .00016
45 0 .00008
46 0 .00003
47 0 .00002
48 0 .00001
49 0 .00001
50 0 0
51 0 0
100 0 0
*parity 1 married
birth 1 F married 1
14 0 0
15 0 0
16 0 .00006
17 0 .00025
18 0 .03636
19 0 .03588
20 0 .04338
21 0 .07346
22 0 .7875
23 0 .91579
24 0 .25709
25 0 .46641
26 0 1
27 0 .30546
28 0 .17036
29 0 .35758
30 0 .68669
31 0 1
32 0 .00101
33 0 .10926
34 0 .10111
35 0 .1399
36 0 .22811
37 0 .2899
38 0 .26087
39 0 .10583
40 0 .04534
41 0 .04271
42 0 .01324
43 0 .00534
44 0 .00258
45 0 .0009
46 0 .00037
47 0 .00018
48 0 .00007
49 0 .00002
50 0 .00001
51 0 .00001
100 0 0
*parity 1 single
birth 1 F single 1
14 0 0
15 0 0
16 0 .00001
17 0 .05393
18 0 .07474
19 0 .05631
20 0 .09414
21 0 .07171
22 0 .08378
23 0 .15058
24 0 .23954
25 0 .11852
26 0 .58868
27 0 .00055
28 0 .75628
29 0 .58794
30 0 .00028
31 0 .36736
32 0 .00017
33 0 .00013
34 0 .00011
35 0 .00009
36 0 .00008
37 0 .00007
38 0 .08578
39 0 .0696
40 0 .00004
41 0 .04213
42 0 .00002
43 0 .01754
44 0 .00551
45 0 0
46 0 .00152
47 0 0
48 0 0
49 0 .00009
50 0 .00002
51 0 0
100 0 0
*parity 1 widowed
birth 1 F widowed 1
14 0 0
15 0 0
16 0 .00001
17 0 .00005
18 0 .04761
19 0 .11508
20 0 .17491
21 0 .63952
22 0 .0009
23 0 .00095
24 0 .40054
25 0 1.45328
26 0 .00074
27 0 .00061
28 0 .84307
29 0 .6554
30 0 .00032
31 0 .00024
32 0 .29346
33 0 .22029
34 0 .06177
35 0 .15385
36 0 .12543
37 0 .05314
38 0 .04781
39 0 .07759
40 0 .02216
41 0 .04697
42 0 .00789
43 0 .00652
44 0 .00082
45 0 .00036
46 0 .00007
47 0 .00003
48 0 .00002
49 0 .00001
50 0 0
51 0 0
100 0 0
*parity 1 divorced
birth 1 F divorced 1
14 0 0
15 0 0
16 0 .00001
17 0 .00005
18 0 .04761
19 0 .11508
20 0 .17491
21 0 .63952
22 0 .0009
23 0 .00095
24 0 .40054
25 0 1.45328
26 0 .00074
27 0 .00061
28 0 .84307
29 0 .6554
30 0 .00032
31 0 .00024
32 0 .29346
33 0 .22029
34 0 .06177
35 0 .15385
36 0 .12543
37 0 .05314
38 0 .04781
39 0 .07759
40 0 .02216
41 0 .04697
42 0 .00789
43 0 .00652
44 0 .00082
45 0 .00036
46 0 .00007
47 0 .00003
48 0 .00002
49 0 .00001
50 0 0
51 0 0
100 0 0
*parity 2 married
birth 1 F married 2
14 0 0
15 0 0
16 0 .00001
17 0 .00003
18 0 .00013
19 0 .0244
20 0 .0229
21 0 .01447
22 0 .01186
23 0 .0141
24 0 .01512
25 0 .01458
26 0 .01444
27 0 .01396
28 0 .01472
29 0 .01388
30 0 .01352
31 0 .01206
32 0 .01206
33 0 .01169
34 0 .01088
35 0 .01062
36 0 .01014
37 0 .00894
38 0 .00917
39 0 .00796
40 0 .00789
41 0 .00596
42 0 .00449
43 0 .00351
44 0 .00272
45 0 .00183
46 0 .00114
47 0 .00071
48 0 .00035
49 0 .00017
50 0 .00008
51 0 .00003
100 0 0
*parity 2 single
birth 1 F single 2
14 0 0
15 0 0
16 0 0
17 0 0
18 0 .00002
19 0 .0254
20 0 .02761
21 0 .0237
22 0 .03166
23 0 .02725
24 0 .02606
25 0 .03442
26 0 .03702
27 0 .05676
28 0 .07898
29 0 .05398
30 0 .11533
31 0 .09063
32 0 .13113
33 0 .11021
34 0 .07886
35 0 .20702
36 0 .14132
37 0 1
38 0 .37653
39 0 .14077
40 0 .18266
41 0 .69623
42 0 .07442
43 0 .18471
44 0 .1353
45 0 .05992
46 0 .00008
47 0 .0227
48 0 .01802
49 0 .00349
50 0 .00758
51 0 .00072
100 0 0
*parity 2 widowed
birth 1 F widowed 2
14 0 0
15 0 0
16 0 0
17 0 .00001
18 0 .00002
19 0 .08496
20 0 .02462
21 0 .02882
22 0 .02161
23 0 .02326
24 0 .03151
25 0 .02499
26 0 .02364
27 0 .01709
28 0 .01622
29 0 .01543
30 0 .01151
31 0 .01117
32 0 .00819
33 0 .00685
34 0 .00706
35 0 .00585
36 0 .00535
37 0 .00501
38 0 .00416
39 0 .00388
40 0 .00288
41 0 .0023
42 0 .0018
43 0 .00108
44 0 .0008
45 0 .00057
46 0 .00034
47 0 .00019
48 0 .00009
49 0 .00005
50 0 .00002
51 0 .00001
100 0 0
*parity 2 divorced
birth 1 F divorced 2
14 0 0
15 0 0
16 0 0
17 0 .00001
18 0 .00002
19 0 .08496
20 0 .02462
21 0 .02882
22 0 .02161
23 0 .02326
24 0 .03151
25 0 .02499
26 0 .02364
27 0 .01709
28 0 .01622
29 0 .01543
30 0 .01151
31 0 .01117
32 0 .00819
33 0 .00685
34 0 .00706
35 0 .00585
36 0 .00535
37 0 .00501
38 0 .00416
39 0 .00388
40 0 .00288
41 0 .0023
42 0 .0018
43 0 .00108
44 0 .0008
45 0 .00057
46 0 .00034
47 0 .00019
48 0 .00009
49 0 .00005
50 0 .00002
51 0 .00001
100 0 0
