*parity 0 married
birth 1 F married 0
14 0 0
15 0 .0001
16 0 .0004
17 0 .076
18 0 .04886
19 0 .04532
20 0 .04755
21 0 .06347
22 0 .05216
23 0 .06064
24 0 .06042
25 0 .04838
26 0 .04084
27 0 .04161
28 0 .03057
29 0 .02653
30 0 .02226
31 0 .01803
32 0 .00965
33 0 .0054
34 0 .00384
35 0 .00286
36 0 .00235
37 0 .00154
38 0 .00121
39 0 .00087
40 0 .00074
41 0 .00049
42 0 .0003
43 0 .00021
44 0 .00014
45 0 .00007
46 0 .00004
47 0 .00002
48 0 .00001
49 0 0
50 0 0
51 0 0
100 0 0
*parity 0 single
birth 1 F single 0
14 0 0
15 0 .00014
16 0 .00058
17 0 .00111
18 0 .0019
19 0 .00273
20 0 .00332
21 0 .00368
22 0 .0038
23 0 .00376
24 0 .00372
25 0 .00374
26 0 .00374
27 0 .00375
28 0 .00382
29 0 .00346
30 0 .0035
31 0 .00326
32 0 .00323
33 0 .00332
34 0 .00335
35 0 .0031
36 0 .00342
37 0 .00323
38 0 .00308
39 0 .00253
40 0 .00259
41 0 .00231
42 0 .00164
43 0 .00156
44 0 .00096
45 0 .00065
46 0 .00042
47 0 .00037
48 0 .00017
49 0 .00004
50 0 .00001
51 0 .00001
100 0 0
*parity 0 widowed
birth 1 F widowed 0
14 0 0
15 0 .00002
16 0 .00008
17 0 .00015
18 0 .81966
19 0 1.17181
20 0 .00039
21 0 .34447
22 0 .24913
23 0 1.06511
24 0 .00033
25 0 .0003
26 0 .00028
27 0 .38189
28 0 .00024
29 0 .00021
30 0 .00018
31 0 .45913
32 0 .05997
33 0 .04813
34 0 .05647
35 0 .08916
36 0 .01477
37 0 .00458
38 0 .0019
39 0 .00114
40 0 .00104
41 0 .00064
42 0 .00031
43 0 .00018
44 0 .0001
45 0 .00004
46 0 .00002
47 0 .00001
48 0 0
49 0 0
50 0 0
51 0 0
100 0 0
*parity 0 divorced
birth 1 F divorced 0
14 0 0
15 0 .00002
16 0 .00008
17 0 .00015
18 0 .81966
19 0 1.17181
20 0 .00039
21 0 .34447
22 0 .24913
23 0 1.06511
24 0 .00033
25 0 .0003
26 0 .00028
27 0 .38189
28 0 .00024
29 0 .00021
30 0 .00018
31 0 .45913
32 0 .05997
33 0 .04813
34 0 .05647
35 0 .08916
36 0 .01477
37 0 .00458
38 0 .0019
39 0 .00114
40 0 .00104
41 0 .00064
42 0 .00031
43 0 .00018
44 0 .0001
45 0 .00004
46 0 .00002
47 0 .00001
48 0 0
49 0 0
50 0 0
51 0 0
100 0 0
*parity 1 married
birth 1 F married 1
14 0 0
15 0 0
16 0 .00002
17 0 .00008
18 0 .01874
19 0 .01322
20 0 .01795
21 0 .01921
22 0 .02235
23 0 .01787
24 0 .01659
25 0 .01775
26 0 .01715
27 0 .01602
28 0 .01591
29 0 .01895
30 0 .01529
31 0 .01321
32 0 .01108
33 0 .00815
34 0 .00729
35 0 .00525
36 0 .00411
37 0 .00341
38 0 .00296
39 0 .00252
40 0 .00194
41 0 .00094
42 0 .00072
43 0 .00057
44 0 .00031
45 0 .00017
46 0 .00011
47 0 .00006
48 0 .00002
49 0 .00001
50 0 0
51 0 0
100 0 0
*parity 1 single
birth 1 F single 1
14 0 0
15 0 0
16 0 .00003
17 0 .02529
18 0 .02495
19 0 .02901
20 0 .02833
21 0 .02418
22 0 .02234
23 0 .02072
24 0 .02766
25 0 .02651
26 0 .02851
27 0 .03011
28 0 .0284
29 0 .03463
30 0 .02883
31 0 .03587
32 0 .03385
33 0 .03108
34 0 .01984
35 0 .02645
36 0 .02403
37 0 .02912
38 0 .03216
39 0 .06856
40 0 .05101
41 0 .0549
42 0 .07217
43 0 .13371
44 0 .03976
45 0 .04503
46 0 .02448
47 0 .01147
48 0 .00164
49 0 0
50 0 .00048
51 0 .00007
100 0 0
*parity 1 widowed
birth 1 F widowed 1
14 0 0
15 0 0
16 0 0
17 0 .00002
18 0 .14052
19 0 .05897
20 0 .05934
21 0 .0716
22 0 .12427
23 0 .08506
24 0 .20134
25 0 .09264
26 0 .79897
27 0 .12545
28 0 .00025
29 0 .13985
30 0 .07041
31 0 .0262
32 0 .01114
33 0 .00845
34 0 .00749
35 0 .00553
36 0 .003
37 0 .00195
38 0 .00182
39 0 .00127
40 0 .0009
41 0 .00046
42 0 .00027
43 0 .00014
44 0 .00007
45 0 .00004
46 0 .00002
47 0 .00001
48 0 0
49 0 0
50 0 0
51 0 0
100 0 0
*parity 1 divorced
birth 1 F divorced 1
14 0 0
15 0 0
16 0 0
17 0 .00002
18 0 .14052
19 0 .05897
20 0 .05934
21 0 .0716
22 0 .12427
23 0 .08506
24 0 .20134
25 0 .09264
26 0 .79897
27 0 .12545
28 0 .00025
29 0 .13985
30 0 .07041
31 0 .0262
32 0 .01114
33 0 .00845
34 0 .00749
35 0 .00553
36 0 .003
37 0 .00195
38 0 .00182
39 0 .00127
40 0 .0009
41 0 .00046
42 0 .00027
43 0 .00014
44 0 .00007
45 0 .00004
46 0 .00002
47 0 .00001
48 0 0
49 0 0
50 0 0
51 0 0
100 0 0
*parity 2 married
birth 1 F married 2
14 0 0
15 0 0
16 0 0
17 0 .00001
18 0 .09195
19 0 .031
20 0 .01665
21 0 .00879
22 0 .00924
23 0 .01307
24 0 .01082
25 0 .01102
26 0 .00994
27 0 .00859
28 0 .00789
29 0 .00738
30 0 .00676
31 0 .00684
32 0 .00546
33 0 .00448
34 0 .00396
35 0 .00343
36 0 .00275
37 0 .00248
38 0 .002
39 0 .00167
40 0 .0013
41 0 .00101
42 0 .00084
43 0 .00057
44 0 .00042
45 0 .00028
46 0 .00018
47 0 .0001
48 0 .00005
49 0 .00003
50 0 .00001
51 0 0
100 0 0
*parity 2 single
birth 1 F single 2
14 0 0
15 0 0
16 0 0
17 0 .00444
18 0 .01201
19 0 .01909
20 0 .01581
21 0 .01554
22 0 .01514
23 0 .01623
24 0 .01429
25 0 .01305
26 0 .0121
27 0 .01277
28 0 .01176
29 0 .01126
30 0 .01041
31 0 .00897
32 0 .00937
33 0 .01022
34 0 .01002
35 0 .00996
36 0 .00931
37 0 .0096
38 0 .00849
39 0 .00836
40 0 .00692
41 0 .0069
42 0 .00515
43 0 .00398
44 0 .00312
45 0 .00276
46 0 .00194
47 0 .00107
48 0 .00071
49 0 .00042
50 0 .00016
51 0 .00007
100 0 0
*parity 2 widowed
birth 1 F widowed 2
14 0 0
15 0 0
16 0 0
17 0 0
18 0 .00001
19 0 .00002
20 0 .0304
21 0 .01707
22 0 .01088
23 0 .00977
24 0 .00949
25 0 .00786
26 0 .00829
27 0 .00549
28 0 .00506
29 0 .00457
30 0 .00403
31 0 .00279
32 0 .00286
33 0 .00246
34 0 .00196
35 0 .00158
36 0 .00141
37 0 .00103
38 0 .00086
39 0 .00064
40 0 .00048
41 0 .00037
42 0 .00025
43 0 .00017
44 0 .00012
45 0 .00007
46 0 .00004
47 0 .00002
48 0 .00001
49 0 .00001
50 0 0
51 0 0
100 0 0
*parity 2 divorced
birth 1 F divorced 2
14 0 0
15 0 0
16 0 0
17 0 0
18 0 .00001
19 0 .00002
20 0 .0304
21 0 .01707
22 0 .01088
23 0 .00977
24 0 .00949
25 0 .00786
26 0 .00829
27 0 .00549
28 0 .00506
29 0 .00457
30 0 .00403
31 0 .00279
32 0 .00286
33 0 .00246
34 0 .00196
35 0 .00158
36 0 .00141
37 0 .00103
38 0 .00086
39 0 .00064
40 0 .00048
41 0 .00037
42 0 .00025
43 0 .00017
44 0 .00012
45 0 .00007
46 0 .00004
47 0 .00002
48 0 .00001
49 0 .00001
50 0 0
51 0 0
100 0 0
