*parity all married
birth 1 F married 0
14 0 0
15 0 .00014
16 0 .00088
17 0 .00247
18 0 .00543
19 0 .00962
20 0 .01405
21 0 .01756
22 0 .0196
23 0 .02055
24 0 .0208
25 0 .02018
26 0 .01895
27 0 .01732
28 0 .01601
29 0 .01475
30 0 .01378
31 0 .01228
32 0 .01119
33 0 .01014
34 0 .00958
35 0 .00889
36 0 .00826
37 0 .00753
38 0 .00688
39 0 .00611
40 0 .00533
41 0 .00413
42 0 .00316
43 0 .0023
44 0 .00169
45 0 .00113
46 0 .00067
47 0 .00041
48 0 .00021
49 0 .00011
50 0 .00005
51 0 .00002
100 0 0
*parity all single
birth 1 F single 0
14 0 0
15 0 .00014
16 0 .00088
17 0 .00247
18 0 .00543
19 0 .00962
20 0 .01405
21 0 .01756
22 0 .0196
23 0 .02055
24 0 .0208
25 0 .02018
26 0 .01895
27 0 .01732
28 0 .01601
29 0 .01475
30 0 .01378
31 0 .01228
32 0 .01119
33 0 .01014
34 0 .00958
35 0 .00889
36 0 .00826
37 0 .00753
38 0 .00688
39 0 .00611
40 0 .00533
41 0 .00413
42 0 .00316
43 0 .0023
44 0 .00169
45 0 .00113
46 0 .00067
47 0 .00041
48 0 .00021
49 0 .00011
50 0 .00005
51 0 .00002
100 0 0
*parity all widowed
birth 1 F widowed 0
14 0 0
15 0 .00014
16 0 .00088
17 0 .00247
18 0 .00543
19 0 .00962
20 0 .01405
21 0 .01756
22 0 .0196
23 0 .02055
24 0 .0208
25 0 .02018
26 0 .01895
27 0 .01732
28 0 .01601
29 0 .01475
30 0 .01378
31 0 .01228
32 0 .01119
33 0 .01014
34 0 .00958
35 0 .00889
36 0 .00826
37 0 .00753
38 0 .00688
39 0 .00611
40 0 .00533
41 0 .00413
42 0 .00316
43 0 .0023
44 0 .00169
45 0 .00113
46 0 .00067
47 0 .00041
48 0 .00021
49 0 .00011
50 0 .00005
51 0 .00002
100 0 0
*parity all divorced
birth 1 F divorced 0
14 0 0
15 0 .00014
16 0 .00088
17 0 .00247
18 0 .00543
19 0 .00962
20 0 .01405
21 0 .01756
22 0 .0196
23 0 .02055
24 0 .0208
25 0 .02018
26 0 .01895
27 0 .01732
28 0 .01601
29 0 .01475
30 0 .01378
31 0 .01228
32 0 .01119
33 0 .01014
34 0 .00958
35 0 .00889
36 0 .00826
37 0 .00753
38 0 .00688
39 0 .00611
40 0 .00533
41 0 .00413
42 0 .00316
43 0 .0023
44 0 .00169
45 0 .00113
46 0 .00067
47 0 .00041
48 0 .00021
49 0 .00011
50 0 .00005
51 0 .00002
100 0 0
