*parity 0 married
birth 1 F married 0
14 0 0
15 0 .00022
16 0 .0009
17 0 .06029
18 0 .04455
19 0 .05101
20 0 .04143
21 0 .03946
22 0 .04124
23 0 .02857
24 0 .03101
25 0 .02375
26 0 .022
27 0 .01949
28 0 .01488
29 0 .01123
30 0 .00929
31 0 .00679
32 0 .00638
33 0 .00479
34 0 .00377
35 0 .00324
36 0 .00228
37 0 .0021
38 0 .00142
39 0 .001
40 0 .00073
41 0 .0006
42 0 .00037
43 0 .00024
44 0 .00015
45 0 .00009
46 0 .00005
47 0 .00003
48 0 .00001
49 0 0
50 0 0
51 0 0
100 0 0
*parity 0 single
birth 1 F single 0
14 0 0
15 0 .00003
16 0 .00011
17 0 .00022
18 0 .00038
19 0 .00054
20 0 .0007
21 0 .00076
22 0 .00077
23 0 .00083
24 0 .0008
25 0 .00085
26 0 .00084
27 0 .00081
28 0 .00096
29 0 .00106
30 0 .00104
31 0 .00123
32 0 .00089
33 0 .00099
34 0 .00106
35 0 .00116
36 0 .00107
37 0 .00095
38 0 .00089
39 0 .00088
40 0 .00072
41 0 .00054
42 0 .00055
43 0 .00043
44 0 .00024
45 0 .00015
46 0 .00015
47 0 .00006
48 0 .00005
49 0 .00001
50 0 0
51 0 0
100 0 0
*parity 0 widowed
birth 1 F widowed 0
14 0 0
15 0 .00001
16 0 .00004
17 0 .09785
18 0 .14899
19 0 .07192
20 0 .08422
21 0 .02504
22 0 .01994
23 0 .01358
24 0 .02169
25 0 .0124
26 0 .02597
27 0 .01176
28 0 .00723
29 0 .00331
30 0 .00244
31 0 .00162
32 0 .00173
33 0 .00132
34 0 .00076
35 0 .00054
36 0 .00033
37 0 .00024
38 0 .00018
39 0 .00014
40 0 .00008
41 0 .00005
42 0 .00004
43 0 .00002
44 0 .00001
45 0 .00001
46 0 0
47 0 0
48 0 0
49 0 0
50 0 0
51 0 0
100 0 0
*parity 0 divorced
birth 1 F divorced 0
14 0 0
15 0 .00001
16 0 .00004
17 0 .09785
18 0 .14899
19 0 .07192
20 0 .08422
21 0 .02504
22 0 .01994
23 0 .01358
24 0 .02169
25 0 .0124
26 0 .02597
27 0 .01176
28 0 .00723
29 0 .00331
30 0 .00244
31 0 .00162
32 0 .00173
33 0 .00132
34 0 .00076
35 0 .00054
36 0 .00033
37 0 .00024
38 0 .00018
39 0 .00014
40 0 .00008
41 0 .00005
42 0 .00004
43 0 .00002
44 0 .00001
45 0 .00001
46 0 0
47 0 0
48 0 0
49 0 0
50 0 0
51 0 0
100 0 0
*parity 1 married
birth 1 F married 1
14 0 0
15 0 0
16 0 .00005
17 0 .20964
18 0 .01625
19 0 .0221
20 0 .02135
21 0 .02313
22 0 .02698
23 0 .02865
24 0 .02938
25 0 .02607
26 0 .02556
27 0 .03415
28 0 .02491
29 0 .02847
30 0 .02568
31 0 .02206
32 0 .02981
33 0 .02072
34 0 .02216
35 0 .01543
36 0 .01067
37 0 .0095
38 0 .0082
39 0 .00662
40 0 .00683
41 0 .00458
42 0 .00215
43 0 .00128
44 0 .00076
45 0 .00057
46 0 .0003
47 0 .00012
48 0 .00006
49 0 .00002
50 0 .00001
51 0 0
100 0 0
*parity 1 single
birth 1 F single 1
14 0 0
15 0 0
16 0 .00001
17 0 .01277
18 0 .06331
19 0 .13455
20 0 .02731
21 0 .04145
22 0 .04436
23 0 .02135
24 0 .03028
25 0 .02936
26 0 .03009
27 0 .03512
28 0 .03981
29 0 .0754
30 0 .03976
31 0 .03157
32 0 .06263
33 0 .1148
34 0 .06476
35 0 .00014
36 0 .0302
37 0 .0926
38 0 .0749
39 0 .00005
40 0 .00004
41 0 .0318
42 0 .02248
43 0 .00684
44 0 .00001
45 0 0
46 0 0
47 0 0
48 0 0
49 0 .00007
50 0 0
51 0 0
100 0 0
*parity 1 widowed
birth 1 F widowed 1
14 0 0
15 0 0
16 0 0
17 0 .00001
18 0 .02557
19 0 .05434
20 0 .00802
21 0 .02929
22 0 .01792
23 0 .02442
24 0 .00993
25 0 .02033
26 0 .0162
27 0 .00798
28 0 .01072
29 0 .00451
30 0 .00489
31 0 .00392
32 0 .00349
33 0 .0029
34 0 .00291
35 0 .00145
36 0 .00119
37 0 .00107
38 0 .00069
39 0 .00044
40 0 .00033
41 0 .00022
42 0 .00016
43 0 .00008
44 0 .00005
45 0 .00003
46 0 .00001
47 0 .00001
48 0 0
49 0 0
50 0 0
51 0 0
100 0 0
*parity 1 divorced
birth 1 F divorced 1
14 0 0
15 0 0
16 0 0
17 0 .00001
18 0 .02557
19 0 .05434
20 0 .00802
21 0 .02929
22 0 .01792
23 0 .02442
24 0 .00993
25 0 .02033
26 0 .0162
27 0 .00798
28 0 .01072
29 0 .00451
30 0 .00489
31 0 .00392
32 0 .00349
33 0 .0029
34 0 .00291
35 0 .00145
36 0 .00119
37 0 .00107
38 0 .00069
39 0 .00044
40 0 .00033
41 0 .00022
42 0 .00016
43 0 .00008
44 0 .00005
45 0 .00003
46 0 .00001
47 0 .00001
48 0 0
49 0 0
50 0 0
51 0 0
100 0 0
*parity 2 married
birth 1 F married 2
14 0 0
15 0 0
16 0 0
17 0 .00001
18 0 .00006
19 0 .01721
20 0 .0177
21 0 .01868
22 0 .01436
23 0 .01442
24 0 .01393
25 0 .01462
26 0 .01387
27 0 .01252
28 0 .01168
29 0 .01101
30 0 .01114
31 0 .00997
32 0 .00862
33 0 .00765
34 0 .00681
35 0 .00639
36 0 .00658
37 0 .00529
38 0 .00487
39 0 .00409
40 0 .0036
41 0 .00251
42 0 .00196
43 0 .00148
44 0 .00106
45 0 .00076
46 0 .00041
47 0 .00025
48 0 .00013
49 0 .00006
50 0 .00003
51 0 .00001
100 0 0
*parity 2 single
birth 1 F single 2
14 0 0
15 0 0
16 0 0
17 0 0
18 0 .00001
19 0 .00002
20 0 .01868
21 0 .03336
22 0 .05189
23 0 .02785
24 0 .01477
25 0 .01733
26 0 .01504
27 0 .0208
28 0 .01242
29 0 .02226
30 0 .02252
31 0 .01958
32 0 .03025
33 0 .02823
34 0 .03872
35 0 .02162
36 0 .03055
37 0 .0239
38 0 .0185
39 0 .02186
40 0 .02096
41 0 .01561
42 0 .03868
43 0 .01677
44 0 .01165
45 0 .01272
46 0 .01152
47 0 .01286
48 0 .00215
49 0 .00109
50 0 .00038
51 0 .00046
100 0 0
*parity 2 widowed
birth 1 F widowed 2
14 0 0
15 0 0
16 0 0
17 0 0
18 0 0
19 0 .00001
20 0 .02263
21 0 .01011
22 0 .00629
23 0 .00414
24 0 .00483
25 0 .00328
26 0 .00304
27 0 .00309
28 0 .00303
29 0 .00241
30 0 .0021
31 0 .00232
32 0 .00154
33 0 .00153
34 0 .00122
35 0 .00096
36 0 .00094
37 0 .00068
38 0 .0006
39 0 .00051
40 0 .00037
41 0 .00028
42 0 .00019
43 0 .00015
44 0 .0001
45 0 .00006
46 0 .00003
47 0 .00002
48 0 .00001
49 0 0
50 0 0
51 0 0
100 0 0
*parity 2 divorced
birth 1 F divorced 2
14 0 0
15 0 0
16 0 0
17 0 0
18 0 0
19 0 .00001
20 0 .02263
21 0 .01011
22 0 .00629
23 0 .00414
24 0 .00483
25 0 .00328
26 0 .00304
27 0 .00309
28 0 .00303
29 0 .00241
30 0 .0021
31 0 .00232
32 0 .00154
33 0 .00153
34 0 .00122
35 0 .00096
36 0 .00094
37 0 .00068
38 0 .0006
39 0 .00051
40 0 .00037
41 0 .00028
42 0 .00019
43 0 .00015
44 0 .0001
45 0 .00006
46 0 .00003
47 0 .00002
48 0 .00001
49 0 0
50 0 0
51 0 0
100 0 0
