*parity 0 married
birth 1 F married 0
14 0 0
15 0 .00009
16 0 .00039
17 0 .05987
18 0 .04683
19 0 .06283
20 0 .05093
21 0 .05548
22 0 .07454
23 0 .06866
24 0 .06449
25 0 .06126
26 0 .04938
27 0 .04203
28 0 .0463
29 0 .02908
30 0 .02421
31 0 .0195
32 0 .01213
33 0 .00597
34 0 .00377
35 0 .00275
36 0 .00214
37 0 .00169
38 0 .00111
39 0 .00088
40 0 .0006
41 0 .00049
42 0 .00032
43 0 .00019
44 0 .00012
45 0 .00008
46 0 .00004
47 0 .00002
48 0 .00001
49 0 0
50 0 0
51 0 0
100 0 0
*parity 0 single
birth 1 F single 0
14 0 0
15 0 .00014
16 0 .00058
17 0 .00111
18 0 .00187
19 0 .00266
20 0 .00325
21 0 .00352
22 0 .00364
23 0 .00367
24 0 .00369
25 0 .00369
26 0 .00372
27 0 .00371
28 0 .00364
29 0 .00365
30 0 .00329
31 0 .0032
32 0 .00304
33 0 .00312
34 0 .00316
35 0 .00325
36 0 .00293
37 0 .00325
38 0 .00282
39 0 .0027
40 0 .00223
41 0 .00204
42 0 .00172
43 0 .00116
44 0 .00111
45 0 .00067
46 0 .00041
47 0 .00025
48 0 .00017
49 0 .00005
50 0 .00001
51 0 .00001
100 0 0
*parity 0 widowed
birth 1 F widowed 0
14 0 0
15 0 .00002
16 0 .00008
17 0 .00015
18 0 .19512
19 0 1.07203
20 0 .00037
21 0 .00038
22 0 1.2422
23 0 .00033
24 0 .00031
25 0 .00029
26 0 .28409
27 0 .25569
28 0 .67974
29 0 .30292
30 0 .26892
31 0 .22242
32 0 .00013
33 0 .05759
34 0 .0287
35 0 .01979
36 0 .03498
37 0 .00681
38 0 .00292
39 0 .00111
40 0 .00063
41 0 .00061
42 0 .00035
43 0 .00017
44 0 .0001
45 0 .00005
46 0 .00002
47 0 .00001
48 0 0
49 0 0
50 0 0
51 0 0
100 0 0
*parity 0 divorced
birth 1 F divorced 0
14 0 0
15 0 .00002
16 0 .00008
17 0 .00015
18 0 .19512
19 0 1.07203
20 0 .00037
21 0 .00038
22 0 1.2422
23 0 .00033
24 0 .00031
25 0 .00029
26 0 .28409
27 0 .25569
28 0 .67974
29 0 .30292
30 0 .26892
31 0 .22242
32 0 .00013
33 0 .05759
34 0 .0287
35 0 .01979
36 0 .03498
37 0 .00681
38 0 .00292
39 0 .00111
40 0 .00063
41 0 .00061
42 0 .00035
43 0 .00017
44 0 .0001
45 0 .00005
46 0 .00002
47 0 .00001
48 0 0
49 0 0
50 0 0
51 0 0
100 0 0
*parity 1 married
birth 1 F married 1
14 0 0
15 0 0
16 0 .00002
17 0 .00008
18 0 .02772
19 0 .01492
20 0 .01423
21 0 .01712
22 0 .01743
23 0 .01877
24 0 .01687
25 0 .01566
26 0 .01543
27 0 .01548
28 0 .01486
29 0 .01527
30 0 .01763
31 0 .01382
32 0 .01137
33 0 .00946
34 0 .00661
35 0 .00583
36 0 .00401
37 0 .00327
38 0 .00255
39 0 .00217
40 0 .00183
41 0 .0013
42 0 .0006
43 0 .00044
44 0 .00033
45 0 .00016
46 0 .00009
47 0 .00005
48 0 .00002
49 0 .00001
50 0 0
51 0 0
100 0 0
*parity 1 single
birth 1 F single 1
14 0 0
15 0 0
16 0 .02895
17 0 .04377
18 0 .02144
19 0 .02288
20 0 .02949
21 0 .02567
22 0 .02238
23 0 .02349
24 0 .01966
25 0 .02429
26 0 .0244
27 0 .02889
28 0 .03198
29 0 .02897
30 0 .03289
31 0 .02873
32 0 .03783
33 0 .03951
34 0 .03366
35 0 .01951
36 0 .02186
37 0 .02298
38 0 .02706
39 0 .02784
40 0 .06153
41 0 .04937
42 0 .0705
43 0 .06523
44 0 .07605
45 0 .00002
46 0 .02252
47 0 .01133
48 0 .00474
49 0 .00053
50 0 0
51 0 .00028
100 0 0
*parity 1 widowed
birth 1 F widowed 1
14 0 0
15 0 0
16 0 0
17 0 .00002
18 0 .00004
19 0 .26632
20 0 .04955
21 0 .08734
22 0 .05262
23 0 .13098
24 0 .09536
25 0 .09671
26 0 .08742
27 0 .37311
28 0 .17546
29 0 .13333
30 0 .15736
31 0 .05033
32 0 .02756
33 0 .00804
34 0 .00606
35 0 .00538
36 0 .00378
37 0 .00182
38 0 .00147
39 0 .00116
40 0 .00084
41 0 .00059
42 0 .00028
43 0 .00015
44 0 .00007
45 0 .00003
46 0 .00002
47 0 .00001
48 0 0
49 0 0
50 0 0
51 0 0
100 0 0
*parity 1 divorced
birth 1 F divorced 1
14 0 0
15 0 0
16 0 0
17 0 .00002
18 0 .00004
19 0 .26632
20 0 .04955
21 0 .08734
22 0 .05262
23 0 .13098
24 0 .09536
25 0 .09671
26 0 .08742
27 0 .37311
28 0 .17546
29 0 .13333
30 0 .15736
31 0 .05033
32 0 .02756
33 0 .00804
34 0 .00606
35 0 .00538
36 0 .00378
37 0 .00182
38 0 .00147
39 0 .00116
40 0 .00084
41 0 .00059
42 0 .00028
43 0 .00015
44 0 .00007
45 0 .00003
46 0 .00002
47 0 .00001
48 0 0
49 0 0
50 0 0
51 0 0
100 0 0
*parity 2 married
birth 1 F married 2
14 0 0
15 0 0
16 0 0
17 0 .00001
18 0 .00003
19 0 .02468
20 0 .01568
21 0 .0146
22 0 .00988
23 0 .00922
24 0 .01155
25 0 .00965
26 0 .00956
27 0 .00862
28 0 .00746
29 0 .0067
30 0 .00637
31 0 .0056
32 0 .00545
33 0 .00423
34 0 .00362
35 0 .00309
36 0 .00268
37 0 .00211
38 0 .00193
39 0 .0015
40 0 .00124
41 0 .00091
42 0 .00068
43 0 .00054
44 0 .00036
45 0 .00024
46 0 .00015
47 0 .00009
48 0 .00004
49 0 .00002
50 0 .00001
51 0 0
100 0 0
*parity 2 single
birth 1 F single 2
14 0 0
15 0 0
16 0 0
17 0 .00001
18 0 .00898
19 0 .01143
20 0 .0161
21 0 .01313
22 0 .0143
23 0 .01308
24 0 .01375
25 0 .01294
26 0 .01205
27 0 .01059
28 0 .01116
29 0 .01053
30 0 .00977
31 0 .0089
32 0 .00821
33 0 .0088
34 0 .00943
35 0 .00921
36 0 .00933
37 0 .00853
38 0 .00859
39 0 .00743
40 0 .00709
41 0 .00525
42 0 .00541
43 0 .00384
44 0 .00298
45 0 .00206
46 0 .00166
47 0 .00105
48 0 .00049
49 0 .00033
50 0 .00014
51 0 .00006
100 0 0
*parity 2 widowed
birth 1 F widowed 2
14 0 0
15 0 0
16 0 0
17 0 0
18 0 .00001
19 0 .00979
20 0 .01244
21 0 .01869
22 0 .01307
23 0 .00849
24 0 .00806
25 0 .00768
26 0 .00686
27 0 .00653
28 0 .00469
29 0 .00439
30 0 .0038
31 0 .00345
32 0 .00228
33 0 .00221
34 0 .00199
35 0 .00156
36 0 .00126
37 0 .0011
38 0 .00078
39 0 .00064
40 0 .00046
41 0 .00031
42 0 .00025
43 0 .00016
44 0 .00011
45 0 .00007
46 0 .00004
47 0 .00002
48 0 .00001
49 0 0
50 0 0
51 0 0
100 0 0
*parity 2 divorced
birth 1 F divorced 2
14 0 0
15 0 0
16 0 0
17 0 0
18 0 .00001
19 0 .00979
20 0 .01244
21 0 .01869
22 0 .01307
23 0 .00849
24 0 .00806
25 0 .00768
26 0 .00686
27 0 .00653
28 0 .00469
29 0 .00439
30 0 .0038
31 0 .00345
32 0 .00228
33 0 .00221
34 0 .00199
35 0 .00156
36 0 .00126
37 0 .0011
38 0 .00078
39 0 .00064
40 0 .00046
41 0 .00031
42 0 .00025
43 0 .00016
44 0 .00011
45 0 .00007
46 0 .00004
47 0 .00002
48 0 .00001
49 0 0
50 0 0
51 0 0
100 0 0
