*parity 0 married
birth 1 F married 0
14 0 0
15 0 .0002
16 0 .00083
17 0 .05225
18 0 .04277
19 0 .0594
20 0 .06324
21 0 .06634
22 0 .07822
23 0 .08166
24 0 .09172
25 0 .13962
26 0 .21334
27 0 .25511
28 0 .08148
29 0 .05881
30 0 .0391
31 0 .02861
32 0 .02096
33 0 .01236
34 0 .00993
35 0 .00609
36 0 .00494
37 0 .00334
38 0 .00242
39 0 .00185
40 0 .00167
41 0 .0012
42 0 .00074
43 0 .00042
44 0 .00024
45 0 .00015
46 0 .00009
47 0 .00005
48 0 .00002
49 0 .00001
50 0 0
51 0 0
100 0 0
*parity 0 single
birth 1 F single 0
14 0 0
15 0 .00004
16 0 .00015
17 0 .00028
18 0 .00049
19 0 .00069
20 0 .00084
21 0 .00092
22 0 .00095
23 0 .00091
24 0 .00089
25 0 .00095
26 0 .00093
27 0 .00093
28 0 .00099
29 0 .00102
30 0 .00116
31 0 .0011
32 0 .00115
33 0 .00118
34 0 .00106
35 0 .00121
36 0 .00108
37 0 .00109
38 0 .001
39 0 .00086
40 0 .00063
41 0 .00065
42 0 .00036
43 0 .00028
44 0 .00028
45 0 .00024
46 0 .00021
47 0 .00007
48 0 .00003
49 0 .00001
50 0 0
51 0 0
100 0 0
*parity 0 widowed
birth 1 F widowed 0
14 0 0
15 0 .00001
16 0 .00005
17 0 .07754
18 0 .23313
19 0 .00021
20 0 .38686
21 0 .38977
22 0 .38377
23 0 .38082
24 0 .0002
25 0 .00019
26 0 .00018
27 0 .00017
28 0 .23195
29 0 .04132
30 0 .17761
31 0 .15598
32 0 .00008
33 0 .10335
34 0 .01343
35 0 .01008
36 0 .00499
37 0 .00246
38 0 .00141
39 0 .00087
40 0 .00063
41 0 .0003
42 0 .00016
43 0 .00008
44 0 .00005
45 0 .00003
46 0 .00001
47 0 .00001
48 0 0
49 0 0
50 0 0
51 0 0
100 0 0
*parity 0 divorced
birth 1 F divorced 0
14 0 0
15 0 .00001
16 0 .00005
17 0 .07754
18 0 .23313
19 0 .00021
20 0 .38686
21 0 .38977
22 0 .38377
23 0 .38082
24 0 .0002
25 0 .00019
26 0 .00018
27 0 .00017
28 0 .23195
29 0 .04132
30 0 .17761
31 0 .15598
32 0 .00008
33 0 .10335
34 0 .01343
35 0 .01008
36 0 .00499
37 0 .00246
38 0 .00141
39 0 .00087
40 0 .00063
41 0 .0003
42 0 .00016
43 0 .00008
44 0 .00005
45 0 .00003
46 0 .00001
47 0 .00001
48 0 0
49 0 0
50 0 0
51 0 0
100 0 0
*parity 1 married
birth 1 F married 1
14 0 0
15 0 0
16 0 .00004
17 0 .00016
18 0 .02381
19 0 .0295
20 0 .02476
21 0 .01757
22 0 .02129
23 0 .02629
24 0 .02484
25 0 .01909
26 0 .01939
27 0 .0187
28 0 .01899
29 0 .01637
30 0 .01324
31 0 .01487
32 0 .01362
33 0 .00947
34 0 .0084
35 0 .00718
36 0 .00599
37 0 .00491
38 0 .00432
39 0 .00316
40 0 .00213
41 0 .00144
42 0 .00087
43 0 .00075
44 0 .00044
45 0 .0002
46 0 .00011
47 0 .00007
48 0 .00003
49 0 .00001
50 0 0
51 0 0
100 0 0
*parity 1 single
birth 1 F single 1
14 0 0
15 0 0
16 0 .01138
17 0 .04642
18 0 .05681
19 0 .01955
20 0 .02751
21 0 .03726
22 0 .03659
23 0 .02454
24 0 .02635
25 0 .03389
26 0 .0303
27 0 .04337
28 0 .03292
29 0 .03285
30 0 .03165
31 0 .06249
32 0 .05838
33 0 .08374
34 0 .16993
35 0 .2603
36 0 .06456
37 0 .07372
38 0 .10849
39 0 .04274
40 0 .03045
41 0 .00003
42 0 .0151
43 0 .00001
44 0 .00001
45 0 .00566
46 0 0
47 0 .00027
48 0 .00059
49 0 0
50 0 .00003
51 0 0
100 0 0
*parity 1 widowed
birth 1 F widowed 1
14 0 0
15 0 0
16 0 0
17 0 .00001
18 0 .03893
19 0 .0268
20 0 .03299
21 0 .02979
22 0 .01612
23 0 .01682
24 0 .0154
25 0 .01277
26 0 .01038
27 0 .02162
28 0 .01128
29 0 .0075
30 0 .00981
31 0 .00642
32 0 .00533
33 0 .00231
34 0 .00174
35 0 .00142
36 0 .00095
37 0 .00077
38 0 .00066
39 0 .00039
40 0 .00026
41 0 .00017
42 0 .0001
43 0 .00006
44 0 .00003
45 0 .00001
46 0 .00001
47 0 0
48 0 0
49 0 0
50 0 0
51 0 0
100 0 0
*parity 1 divorced
birth 1 F divorced 1
14 0 0
15 0 0
16 0 0
17 0 .00001
18 0 .03893
19 0 .0268
20 0 .03299
21 0 .02979
22 0 .01612
23 0 .01682
24 0 .0154
25 0 .01277
26 0 .01038
27 0 .02162
28 0 .01128
29 0 .0075
30 0 .00981
31 0 .00642
32 0 .00533
33 0 .00231
34 0 .00174
35 0 .00142
36 0 .00095
37 0 .00077
38 0 .00066
39 0 .00039
40 0 .00026
41 0 .00017
42 0 .0001
43 0 .00006
44 0 .00003
45 0 .00001
46 0 .00001
47 0 0
48 0 0
49 0 0
50 0 0
51 0 0
100 0 0
*parity 2 married
birth 1 F married 2
14 0 0
15 0 0
16 0 0
17 0 .00001
18 0 .00005
19 0 .00587
20 0 .00826
21 0 .01367
22 0 .00937
23 0 .01011
24 0 .01078
25 0 .00969
26 0 .01021
27 0 .00929
28 0 .00824
29 0 .00805
30 0 .00676
31 0 .00584
32 0 .00532
33 0 .00555
34 0 .00503
35 0 .00436
36 0 .00389
37 0 .00333
38 0 .00292
39 0 .00254
40 0 .00204
41 0 .00151
42 0 .00129
43 0 .00092
44 0 .00063
45 0 .00044
46 0 .00026
47 0 .00014
48 0 .00007
49 0 .00004
50 0 .00001
51 0 .00001
100 0 0
*parity 2 single
birth 1 F single 2
14 0 0
15 0 0
16 0 0
17 0 0
18 0 .00716
19 0 .0085
20 0 .01899
21 0 .0143
22 0 .01139
23 0 .0158
24 0 .01806
25 0 .01148
26 0 .01087
27 0 .01057
28 0 .01477
29 0 .01603
30 0 .01315
31 0 .01805
32 0 .01451
33 0 .01628
34 0 .01403
35 0 .01879
36 0 .01875
37 0 .02606
38 0 .01582
39 0 .01597
40 0 .01898
41 0 .01327
42 0 .01241
43 0 .00709
44 0 .01721
45 0 .01136
46 0 .00544
47 0 .01477
48 0 .00153
49 0 .0007
50 0 .00078
51 0 0
100 0 0
*parity 2 widowed
birth 1 F widowed 2
14 0 0
15 0 0
16 0 0
17 0 0
18 0 0
19 0 .00728
20 0 .00542
21 0 .00735
22 0 .00851
23 0 .00645
24 0 .00645
25 0 .00641
26 0 .0047
27 0 .00343
28 0 .0032
29 0 .00265
30 0 .00289
31 0 .00202
32 0 .00158
33 0 .00131
34 0 .00119
35 0 .00101
36 0 .00088
37 0 .00077
38 0 .00054
39 0 .00043
40 0 .00034
41 0 .00026
42 0 .00018
43 0 .00012
44 0 .00009
45 0 .00005
46 0 .00003
47 0 .00001
48 0 .00001
49 0 0
50 0 0
51 0 0
100 0 0
*parity 2 divorced
birth 1 F divorced 2
14 0 0
15 0 0
16 0 0
17 0 0
18 0 0
19 0 .00728
20 0 .00542
21 0 .00735
22 0 .00851
23 0 .00645
24 0 .00645
25 0 .00641
26 0 .0047
27 0 .00343
28 0 .0032
29 0 .00265
30 0 .00289
31 0 .00202
32 0 .00158
33 0 .00131
34 0 .00119
35 0 .00101
36 0 .00088
37 0 .00077
38 0 .00054
39 0 .00043
40 0 .00034
41 0 .00026
42 0 .00018
43 0 .00012
44 0 .00009
45 0 .00005
46 0 .00003
47 0 .00001
48 0 .00001
49 0 0
50 0 0
51 0 0
100 0 0
