*parity all married
birth 1 F married 0
14 0 0
15 0 .00015
16 0 .00091
17 0 .00249
18 0 .0054
19 0 .0095
20 0 .01381
21 0 .01721
22 0 .01919
23 0 .02013
24 0 .02038
25 0 .0198
26 0 .01864
27 0 .01708
28 0 .01582
29 0 .0146
30 0 .01364
31 0 .01217
32 0 .01109
33 0 .01003
34 0 .00945
35 0 .00875
36 0 .00811
37 0 .00737
38 0 .00672
39 0 .00595
40 0 .00518
41 0 .00401
42 0 .00307
43 0 .00222
44 0 .00164
45 0 .00109
46 0 .00065
47 0 .00039
48 0 .00021
49 0 .0001
50 0 .00005
51 0 .00002
100 0 0
*parity all single
birth 1 F single 0
14 0 0
15 0 .00015
16 0 .00091
17 0 .00249
18 0 .0054
19 0 .0095
20 0 .01381
21 0 .01721
22 0 .01919
23 0 .02013
24 0 .02038
25 0 .0198
26 0 .01864
27 0 .01708
28 0 .01582
29 0 .0146
30 0 .01364
31 0 .01217
32 0 .01109
33 0 .01003
34 0 .00945
35 0 .00875
36 0 .00811
37 0 .00737
38 0 .00672
39 0 .00595
40 0 .00518
41 0 .00401
42 0 .00307
43 0 .00222
44 0 .00164
45 0 .00109
46 0 .00065
47 0 .00039
48 0 .00021
49 0 .0001
50 0 .00005
51 0 .00002
100 0 0
*parity all widowed
birth 1 F widowed 0
14 0 0
15 0 .00015
16 0 .00091
17 0 .00249
18 0 .0054
19 0 .0095
20 0 .01381
21 0 .01721
22 0 .01919
23 0 .02013
24 0 .02038
25 0 .0198
26 0 .01864
27 0 .01708
28 0 .01582
29 0 .0146
30 0 .01364
31 0 .01217
32 0 .01109
33 0 .01003
34 0 .00945
35 0 .00875
36 0 .00811
37 0 .00737
38 0 .00672
39 0 .00595
40 0 .00518
41 0 .00401
42 0 .00307
43 0 .00222
44 0 .00164
45 0 .00109
46 0 .00065
47 0 .00039
48 0 .00021
49 0 .0001
50 0 .00005
51 0 .00002
100 0 0
*parity all divorced
birth 1 F divorced 0
14 0 0
15 0 .00015
16 0 .00091
17 0 .00249
18 0 .0054
19 0 .0095
20 0 .01381
21 0 .01721
22 0 .01919
23 0 .02013
24 0 .02038
25 0 .0198
26 0 .01864
27 0 .01708
28 0 .01582
29 0 .0146
30 0 .01364
31 0 .01217
32 0 .01109
33 0 .01003
34 0 .00945
35 0 .00875
36 0 .00811
37 0 .00737
38 0 .00672
39 0 .00595
40 0 .00518
41 0 .00401
42 0 .00307
43 0 .00222
44 0 .00164
45 0 .00109
46 0 .00065
47 0 .00039
48 0 .00021
49 0 .0001
50 0 .00005
51 0 .00002
100 0 0
