*parity 0 married
birth 1 F married 0
14 0 0
15 0 .00007
16 0 .00029
17 0 .00055
18 0 .10259
19 0 .03364
20 0 .03949
21 0 .04346
22 0 .03582
23 0 .02534
24 0 .02121
25 0 .02164
26 0 .01979
27 0 .02181
28 0 .01552
29 0 .01473
30 0 .01126
31 0 .01014
32 0 .0088
33 0 .00703
34 0 .00525
35 0 .00395
36 0 .00275
37 0 .00185
38 0 .0011
39 0 .00078
40 0 .00041
41 0 .00027
42 0 .00017
43 0 .0001
44 0 .00005
45 0 .00003
46 0 .00002
47 0 .00001
48 0 0
49 0 0
50 0 0
51 0 0
100 0 0
*parity 0 single
birth 1 F single 0
14 0 0
15 0 .00017
16 0 .00069
17 0 .00131
18 0 .00216
19 0 .00305
20 0 .00369
21 0 .00397
22 0 .00392
23 0 .00394
24 0 .00404
25 0 .00392
26 0 .00392
27 0 .00392
28 0 .00385
29 0 .00364
30 0 .00341
31 0 .00294
32 0 .00266
33 0 .0022
34 0 .00192
35 0 .00162
36 0 .00136
37 0 .0011
38 0 .00094
39 0 .00077
40 0 .00059
41 0 .00048
42 0 .00035
43 0 .00023
44 0 .00016
45 0 .0001
46 0 .00005
47 0 .00004
48 0 .00002
49 0 .00001
50 0 0
51 0 0
100 0 0
*parity 0 widowed
birth 1 F widowed 0
14 0 0
15 0 .00001
16 0 .00006
17 0 .00011
18 0 .00017
19 0 .00023
20 0 .10004
21 0 .30136
22 0 .57842
23 0 .00024
24 0 .10479
25 0 .2343
26 0 .04362
27 0 .08618
28 0 .05391
29 0 .07166
30 0 .00013
31 0 .06505
32 0 .11118
33 0 .01959
34 0 .00851
35 0 .00771
36 0 .0062
37 0 .00323
38 0 .00142
39 0 .00144
40 0 .0007
41 0 .00044
42 0 .00024
43 0 .00013
44 0 .00007
45 0 .00003
46 0 .00002
47 0 .00001
48 0 0
49 0 0
50 0 0
51 0 0
100 0 0
*parity 0 divorced
birth 1 F divorced 0
14 0 0
15 0 .00001
16 0 .00006
17 0 .00011
18 0 .00017
19 0 .00023
20 0 .10004
21 0 .30136
22 0 .57842
23 0 .00024
24 0 .10479
25 0 .2343
26 0 .04362
27 0 .08618
28 0 .05391
29 0 .07166
30 0 .00013
31 0 .06505
32 0 .11118
33 0 .01959
34 0 .00851
35 0 .00771
36 0 .0062
37 0 .00323
38 0 .00142
39 0 .00144
40 0 .0007
41 0 .00044
42 0 .00024
43 0 .00013
44 0 .00007
45 0 .00003
46 0 .00002
47 0 .00001
48 0 0
49 0 0
50 0 0
51 0 0
100 0 0
*parity 1 married
birth 1 F married 1
14 0 0
15 0 0
16 0 .00002
17 0 .00006
18 0 .00015
19 0 .65105
20 0 .01978
21 0 .04733
22 0 .04195
23 0 .02494
24 0 .02883
25 0 .02827
26 0 .02861
27 0 .01968
28 0 .01932
29 0 .02206
30 0 .01536
31 0 .01494
32 0 .01486
33 0 .01198
34 0 .00996
35 0 .01024
36 0 .00789
37 0 .00585
38 0 .00396
39 0 .00284
40 0 .00207
41 0 .00145
42 0 .00097
43 0 .00069
44 0 .00032
45 0 .00016
46 0 .00013
47 0 .00006
48 0 .00002
49 0 .00001
50 0 0
51 0 0
100 0 0
*parity 1 single
birth 1 F single 1
14 0 0
15 0 0
16 0 .00004
17 0 .1532
18 0 .06459
19 0 .04143
20 0 .03824
21 0 .04017
22 0 .03933
23 0 .03603
24 0 .03395
25 0 .02891
26 0 .0268
27 0 .02459
28 0 .02593
29 0 .02543
30 0 .02782
31 0 .02638
32 0 .02044
33 0 .02161
34 0 .01833
35 0 .01583
36 0 .01437
37 0 .01459
38 0 .01212
39 0 .00993
40 0 .00894
41 0 .00622
42 0 .00393
43 0 .00269
44 0 .00196
45 0 .00099
46 0 .00045
47 0 .00034
48 0 .00015
49 0 .00006
50 0 .00001
51 0 .00001
100 0 0
*parity 1 widowed
birth 1 F widowed 1
14 0 0
15 0 0
16 0 0
17 0 .00001
18 0 .00003
19 0 .00006
20 0 .20673
21 0 .09292
22 0 .05712
23 0 .07675
24 0 .03245
25 0 .01856
26 0 .02366
27 0 .04187
28 0 .1946
29 0 .04377
30 0 .05837
31 0 .01903
32 0 .02097
33 0 .03073
34 0 .02625
35 0 .04279
36 0 .00811
37 0 .00589
38 0 .00342
39 0 .00278
40 0 .00173
41 0 .00168
42 0 .00066
43 0 .00068
44 0 .00025
45 0 .00008
46 0 .00005
47 0 .00002
48 0 .00001
49 0 0
50 0 0
51 0 0
100 0 0
*parity 1 divorced
birth 1 F divorced 1
14 0 0
15 0 0
16 0 0
17 0 .00001
18 0 .00003
19 0 .00006
20 0 .20673
21 0 .09292
22 0 .05712
23 0 .07675
24 0 .03245
25 0 .01856
26 0 .02366
27 0 .04187
28 0 .1946
29 0 .04377
30 0 .05837
31 0 .01903
32 0 .02097
33 0 .03073
34 0 .02625
35 0 .04279
36 0 .00811
37 0 .00589
38 0 .00342
39 0 .00278
40 0 .00173
41 0 .00168
42 0 .00066
43 0 .00068
44 0 .00025
45 0 .00008
46 0 .00005
47 0 .00002
48 0 .00001
49 0 0
50 0 0
51 0 0
100 0 0
*parity 2 married
birth 1 F married 2
14 0 0
15 0 0
16 0 0
17 0 0
18 0 .00002
19 0 .00006
20 0 .2728
21 0 .00675
22 0 .00983
23 0 .01559
24 0 .01355
25 0 .01301
26 0 .01086
27 0 .0105
28 0 .00943
29 0 .00829
30 0 .00744
31 0 .00736
32 0 .0064
33 0 .00554
34 0 .00496
35 0 .00432
36 0 .00368
37 0 .00326
38 0 .00269
39 0 .00183
40 0 .00154
41 0 .00108
42 0 .00082
43 0 .00053
44 0 .00038
45 0 .00027
46 0 .00014
47 0 .00007
48 0 .00004
49 0 .00002
50 0 .00001
51 0 0
100 0 0
*parity 2 single
birth 1 F single 2
14 0 0
15 0 0
16 0 0
17 0 .00001
18 0 .00005
19 0 .00013
20 0 .0584
21 0 .02071
22 0 .02344
23 0 .02
24 0 .01376
25 0 .01637
26 0 .01563
27 0 .01375
28 0 .01338
29 0 .0123
30 0 .01147
31 0 .0109
32 0 .00913
33 0 .009
34 0 .00767
35 0 .00699
36 0 .006
37 0 .00537
38 0 .00502
39 0 .0047
40 0 .0045
41 0 .00341
42 0 .00255
43 0 .00237
44 0 .00173
45 0 .00108
46 0 .00079
47 0 .0005
48 0 .00024
49 0 .00014
50 0 .00006
51 0 .00002
100 0 0
*parity 2 widowed
birth 1 F widowed 2
14 0 0
15 0 0
16 0 0
17 0 0
18 0 0
19 0 .00001
20 0 .00002
21 0 .00004
22 0 .0364
23 0 .01527
24 0 .04292
25 0 .01911
26 0 .0187
27 0 .01178
28 0 .0076
29 0 .00604
30 0 .00615
31 0 .00427
32 0 .005
33 0 .00339
34 0 .00357
35 0 .00224
36 0 .00265
37 0 .00191
38 0 .00145
39 0 .00116
40 0 .00092
41 0 .00061
42 0 .00049
43 0 .00031
44 0 .00021
45 0 .00013
46 0 .00006
47 0 .00004
48 0 .00002
49 0 .00001
50 0 0
51 0 0
100 0 0
*parity 2 divorced
birth 1 F divorced 2
14 0 0
15 0 0
16 0 0
17 0 0
18 0 0
19 0 .00001
20 0 .00002
21 0 .00004
22 0 .0364
23 0 .01527
24 0 .04292
25 0 .01911
26 0 .0187
27 0 .01178
28 0 .0076
29 0 .00604
30 0 .00615
31 0 .00427
32 0 .005
33 0 .00339
34 0 .00357
35 0 .00224
36 0 .00265
37 0 .00191
38 0 .00145
39 0 .00116
40 0 .00092
41 0 .00061
42 0 .00049
43 0 .00031
44 0 .00021
45 0 .00013
46 0 .00006
47 0 .00004
48 0 .00002
49 0 .00001
50 0 0
51 0 0
100 0 0
