*parity 0 married
birth 1 F married 0
14 0 0
15 0 .00022
16 0 .00091
17 0 .0425
18 0 .03723
19 0 .03961
20 0 .03495
21 0 .03429
22 0 .02746
23 0 .02883
24 0 .02241
25 0 .0229
26 0 .01845
27 0 .01519
28 0 .01129
29 0 .00896
30 0 .00793
31 0 .00709
32 0 .0052
33 0 .00428
34 0 .00416
35 0 .00311
36 0 .00234
37 0 .00193
38 0 .00144
39 0 .0011
40 0 .00072
41 0 .00051
42 0 .00036
43 0 .00023
44 0 .00016
45 0 .00009
46 0 .00005
47 0 .00003
48 0 .00002
49 0 0
50 0 0
51 0 0
100 0 0
*parity 0 single
birth 1 F single 0
14 0 0
15 0 .00002
16 0 .00009
17 0 .00017
18 0 .00029
19 0 .00043
20 0 .00056
21 0 .0006
22 0 .00063
23 0 .00063
24 0 .00066
25 0 .00068
26 0 .00071
27 0 .00085
28 0 .00101
29 0 .00096
30 0 .0011
31 0 .00095
32 0 .00111
33 0 .00097
34 0 .0009
35 0 .00091
36 0 .00112
37 0 .00078
38 0 .00066
39 0 .00082
40 0 .00049
41 0 .00046
42 0 .0004
43 0 .00022
44 0 .00017
45 0 .00013
46 0 .00006
47 0 .00004
48 0 .00002
49 0 .00001
50 0 0
51 0 0
100 0 0
*parity 0 widowed
birth 1 F widowed 0
14 0 0
15 0 .00001
16 0 .00005
17 0 .00009
18 0 .04808
19 0 .06773
20 0 .07056
21 0 .02807
22 0 .01773
23 0 .00826
24 0 .00668
25 0 .0141
26 0 .00658
27 0 .00385
28 0 .0042
29 0 .00264
30 0 .00232
31 0 .00148
32 0 .00134
33 0 .00091
34 0 .00059
35 0 .00052
36 0 .00037
37 0 .00026
38 0 .00018
39 0 .00014
40 0 .00009
41 0 .00006
42 0 .00004
43 0 .00002
44 0 .00001
45 0 .00001
46 0 .00001
47 0 0
48 0 0
49 0 0
50 0 0
51 0 0
100 0 0
*parity 0 divorced
birth 1 F divorced 0
14 0 0
15 0 .00001
16 0 .00005
17 0 .00009
18 0 .04808
19 0 .06773
20 0 .07056
21 0 .02807
22 0 .01773
23 0 .00826
24 0 .00668
25 0 .0141
26 0 .00658
27 0 .00385
28 0 .0042
29 0 .00264
30 0 .00232
31 0 .00148
32 0 .00134
33 0 .00091
34 0 .00059
35 0 .00052
36 0 .00037
37 0 .00026
38 0 .00018
39 0 .00014
40 0 .00009
41 0 .00006
42 0 .00004
43 0 .00002
44 0 .00001
45 0 .00001
46 0 .00001
47 0 0
48 0 0
49 0 0
50 0 0
51 0 0
100 0 0
*parity 1 married
birth 1 F married 1
14 0 0
15 0 0
16 0 .00005
17 0 .00018
18 0 .02128
19 0 .01622
20 0 .01651
21 0 .02214
22 0 .02926
23 0 .02781
24 0 .02938
25 0 .02586
26 0 .02954
27 0 .03261
28 0 .02252
29 0 .02691
30 0 .02775
31 0 .02433
32 0 .01928
33 0 .02199
34 0 .01891
35 0 .01138
36 0 .01282
37 0 .01013
38 0 .01114
39 0 .00775
40 0 .00517
41 0 .00433
42 0 .00343
43 0 .002
44 0 .00092
45 0 .00055
46 0 .00019
47 0 .00009
48 0 .00004
49 0 .00002
50 0 .00001
51 0 0
100 0 0
*parity 1 single
birth 1 F single 1
14 0 0
15 0 0
16 0 .00477
17 0 .01798
18 0 .00004
19 0 .02191
20 0 .03168
21 0 .01805
22 0 .03651
23 0 .02724
24 0 .03271
25 0 .01993
26 0 .03515
27 0 .03468
28 0 .09534
29 0 .03898
30 0 .06246
31 0 .04749
32 0 .0405
33 0 .03613
34 0 .08781
35 0 .15641
36 0 .06256
37 0 .00007
38 0 .07285
39 0 .02754
40 0 .00003
41 0 .00002
42 0 .00862
43 0 .00946
44 0 0
45 0 0
46 0 .00135
47 0 0
48 0 0
49 0 .0001
50 0 .00003
51 0 .00001
100 0 0
*parity 1 widowed
birth 1 F widowed 1
14 0 0
15 0 0
16 0 0
17 0 .00001
18 0 .01219
19 0 .01009
20 0 .01824
21 0 .00742
22 0 .01261
23 0 .00882
24 0 .01076
25 0 .00906
26 0 .007
27 0 .00781
28 0 .00445
29 0 .00476
30 0 .00369
31 0 .00333
32 0 .00233
33 0 .00284
34 0 .00202
35 0 .00173
36 0 .00108
37 0 .00105
38 0 .00068
39 0 .00054
40 0 .00041
41 0 .0003
42 0 .00019
43 0 .00012
44 0 .00006
45 0 .00003
46 0 .00002
47 0 .00001
48 0 0
49 0 0
50 0 0
51 0 0
100 0 0
*parity 1 divorced
birth 1 F divorced 1
14 0 0
15 0 0
16 0 0
17 0 .00001
18 0 .01219
19 0 .01009
20 0 .01824
21 0 .00742
22 0 .01261
23 0 .00882
24 0 .01076
25 0 .00906
26 0 .007
27 0 .00781
28 0 .00445
29 0 .00476
30 0 .00369
31 0 .00333
32 0 .00233
33 0 .00284
34 0 .00202
35 0 .00173
36 0 .00108
37 0 .00105
38 0 .00068
39 0 .00054
40 0 .00041
41 0 .0003
42 0 .00019
43 0 .00012
44 0 .00006
45 0 .00003
46 0 .00002
47 0 .00001
48 0 0
49 0 0
50 0 0
51 0 0
100 0 0
*parity 2 married
birth 1 F married 2
14 0 0
15 0 0
16 0 0
17 0 .00001
18 0 .00006
19 0 .03398
20 0 .01678
21 0 .0194
22 0 .01385
23 0 .01457
24 0 .01362
25 0 .01276
26 0 .01219
27 0 .00986
28 0 .01119
29 0 .01205
30 0 .0099
31 0 .00989
32 0 .0095
33 0 .00817
34 0 .00718
35 0 .00675
36 0 .00594
37 0 .00523
38 0 .00472
39 0 .00365
40 0 .00336
41 0 .00254
42 0 .00185
43 0 .00143
44 0 .00098
45 0 .00061
46 0 .0004
47 0 .00021
48 0 .0001
49 0 .00006
50 0 .00002
51 0 .00001
100 0 0
*parity 2 single
birth 1 F single 2
14 0 0
15 0 0
16 0 0
17 0 0
18 0 .00001
19 0 .00002
20 0 .0159
21 0 .03033
22 0 .01864
23 0 .02117
24 0 .01779
25 0 .02338
26 0 .01671
27 0 .03411
28 0 .02496
29 0 .03569
30 0 .01907
31 0 .0164
32 0 .03321
33 0 .02722
34 0 .02471
35 0 .04938
36 0 .02228
37 0 .03284
38 0 .04037
39 0 .01451
40 0 .0475
41 0 .01566
42 0 .01654
43 0 .01797
44 0 .03793
45 0 .00593
46 0 .01347
47 0 .00238
48 0 .00385
49 0 .00071
50 0 .00036
51 0 .00024
100 0 0
*parity 2 widowed
birth 1 F widowed 2
14 0 0
15 0 0
16 0 0
17 0 0
18 0 0
19 0 .00464
20 0 .01831
21 0 .01164
22 0 .00413
23 0 .00522
24 0 .00709
25 0 .00327
26 0 .00424
27 0 .00296
28 0 .00282
29 0 .00253
30 0 .00229
31 0 .00207
32 0 .00182
33 0 .00154
34 0 .00117
35 0 .00105
36 0 .0009
37 0 .00073
38 0 .00057
39 0 .00048
40 0 .00045
41 0 .00028
42 0 .0002
43 0 .00014
44 0 .0001
45 0 .00006
46 0 .00003
47 0 .00002
48 0 .00001
49 0 0
50 0 0
51 0 0
100 0 0
*parity 2 divorced
birth 1 F divorced 2
14 0 0
15 0 0
16 0 0
17 0 0
18 0 0
19 0 .00464
20 0 .01831
21 0 .01164
22 0 .00413
23 0 .00522
24 0 .00709
25 0 .00327
26 0 .00424
27 0 .00296
28 0 .00282
29 0 .00253
30 0 .00229
31 0 .00207
32 0 .00182
33 0 .00154
34 0 .00117
35 0 .00105
36 0 .0009
37 0 .00073
38 0 .00057
39 0 .00048
40 0 .00045
41 0 .00028
42 0 .0002
43 0 .00014
44 0 .0001
45 0 .00006
46 0 .00003
47 0 .00002
48 0 .00001
49 0 0
50 0 0
51 0 0
100 0 0
