*parity 0 married
birth 1 F married 0
14 0 0
15 0 .00007
16 0 .00027
17 0 .12968
18 0 .04525
19 0 .04196
20 0 .06352
21 0 .04604
22 0 .03562
23 0 .03035
24 0 .02687
25 0 .02969
26 0 .03184
27 0 .03443
28 0 .04005
29 0 .03269
30 0 .02726
31 0 .02721
32 0 .02205
33 0 .01673
34 0 .01171
35 0 .01057
36 0 .00743
37 0 .00309
38 0 .00202
39 0 .00109
40 0 .00091
41 0 .00051
42 0 .00032
43 0 .00017
44 0 .0001
45 0 .00005
46 0 .00003
47 0 .00002
48 0 .00001
49 0 0
50 0 0
51 0 0
100 0 0
*parity 0 single
birth 1 F single 0
14 0 0
15 0 .00017
16 0 .00071
17 0 .00135
18 0 .00228
19 0 .00324
20 0 .0039
21 0 .00422
22 0 .00438
23 0 .00441
24 0 .00443
25 0 .00448
26 0 .00455
27 0 .00453
28 0 .0044
29 0 .0044
30 0 .00393
31 0 .00367
32 0 .00316
33 0 .00268
34 0 .00237
35 0 .00186
36 0 .00165
37 0 .00142
38 0 .00121
39 0 .00097
40 0 .00071
41 0 .00053
42 0 .00041
43 0 .00026
44 0 .00017
45 0 .00011
46 0 .00007
47 0 .00004
48 0 .00002
49 0 .00001
50 0 0
51 0 0
100 0 0
*parity 0 widowed
birth 1 F widowed 0
14 0 0
15 0 .00001
16 0 .00005
17 0 .30368
18 0 .49449
19 0 .00022
20 0 .00026
21 0 .00026
22 0 .36842
23 0 .14096
24 0 .00022
25 0 .60846
26 0 .54675
27 0 .00018
28 0 .00016
29 0 .00014
30 0 .37774
31 0 .00011
32 0 .2754
33 0 .11102
34 0 .17825
35 0 .00005
36 0 .05656
37 0 .04609
38 0 .01178
39 0 .00644
40 0 .0035
41 0 .00115
42 0 .00074
43 0 .0004
44 0 .00021
45 0 .00007
46 0 .00004
47 0 .00002
48 0 .00001
49 0 0
50 0 0
51 0 0
100 0 0
*parity 0 divorced
birth 1 F divorced 0
14 0 0
15 0 .00001
16 0 .00005
17 0 .30368
18 0 .49449
19 0 .00022
20 0 .00026
21 0 .00026
22 0 .36842
23 0 .14096
24 0 .00022
25 0 .60846
26 0 .54675
27 0 .00018
28 0 .00016
29 0 .00014
30 0 .37774
31 0 .00011
32 0 .2754
33 0 .11102
34 0 .17825
35 0 .00005
36 0 .05656
37 0 .04609
38 0 .01178
39 0 .00644
40 0 .0035
41 0 .00115
42 0 .00074
43 0 .0004
44 0 .00021
45 0 .00007
46 0 .00004
47 0 .00002
48 0 .00001
49 0 0
50 0 0
51 0 0
100 0 0
*parity 1 married
birth 1 F married 1
14 0 0
15 0 0
16 0 .00001
17 0 .00005
18 0 .01938
19 0 .01586
20 0 .01344
21 0 .01631
22 0 .01678
23 0 .01554
24 0 .0154
25 0 .01593
26 0 .01407
27 0 .01559
28 0 .01095
29 0 .01127
30 0 .00969
31 0 .0106
32 0 .00944
33 0 .00938
34 0 .00802
35 0 .00609
36 0 .00475
37 0 .00461
38 0 .00324
39 0 .00236
40 0 .00161
41 0 .00091
42 0 .00074
43 0 .0004
44 0 .00025
45 0 .00014
46 0 .00006
47 0 .00003
48 0 .00001
49 0 0
50 0 0
51 0 0
100 0 0
*parity 1 single
birth 1 F single 1
14 0 0
15 0 0
16 0 .05604
17 0 .01889
18 0 .02505
19 0 .02441
20 0 .02371
21 0 .02931
22 0 .02683
23 0 .03054
24 0 .02835
25 0 .02592
26 0 .02717
27 0 .02449
28 0 .02748
29 0 .02232
30 0 .02372
31 0 .02154
32 0 .02267
33 0 .02497
34 0 .01944
35 0 .02239
36 0 .02055
37 0 .01427
38 0 .01049
39 0 .00908
40 0 .01028
41 0 .00602
42 0 .00322
43 0 .00231
44 0 .00163
45 0 .00124
46 0 .0006
47 0 .00026
48 0 .00009
49 0 .00004
50 0 .00001
51 0 .00001
100 0 0
*parity 1 widowed
birth 1 F widowed 1
14 0 0
15 0 0
16 0 0
17 0 .00001
18 0 .08322
19 0 .08203
20 0 .08655
21 0 .0396
22 0 .04356
23 0 .0455
24 0 .12846
25 0 .10571
26 0 .05026
27 0 .17136
28 0 .06329
29 0 .01875
30 0 .04006
31 0 .1296
32 0 .0605
33 0 .10308
34 0 .03229
35 0 .05412
36 0 .01118
37 0 .03395
38 0 .00944
39 0 .00359
40 0 .00559
41 0 .00252
42 0 .00103
43 0 .00051
44 0 .00026
45 0 .0001
46 0 .00005
47 0 .00002
48 0 .00001
49 0 0
50 0 0
51 0 0
100 0 0
*parity 1 divorced
birth 1 F divorced 1
14 0 0
15 0 0
16 0 0
17 0 .00001
18 0 .08322
19 0 .08203
20 0 .08655
21 0 .0396
22 0 .04356
23 0 .0455
24 0 .12846
25 0 .10571
26 0 .05026
27 0 .17136
28 0 .06329
29 0 .01875
30 0 .04006
31 0 .1296
32 0 .0605
33 0 .10308
34 0 .03229
35 0 .05412
36 0 .01118
37 0 .03395
38 0 .00944
39 0 .00359
40 0 .00559
41 0 .00252
42 0 .00103
43 0 .00051
44 0 .00026
45 0 .0001
46 0 .00005
47 0 .00002
48 0 .00001
49 0 0
50 0 0
51 0 0
100 0 0
*parity 2 married
birth 1 F married 2
14 0 0
15 0 0
16 0 0
17 0 0
18 0 .00002
19 0 .01921
20 0 .01844
21 0 .01385
22 0 .01239
23 0 .01087
24 0 .01068
25 0 .00922
26 0 .00841
27 0 .00707
28 0 .00766
29 0 .00743
30 0 .00697
31 0 .00543
32 0 .00503
33 0 .00434
34 0 .00377
35 0 .00365
36 0 .00282
37 0 .00232
38 0 .0018
39 0 .00149
40 0 .00114
41 0 .00084
42 0 .00061
43 0 .00044
44 0 .0003
45 0 .00019
46 0 .00011
47 0 .00006
48 0 .00003
49 0 .00002
50 0 .00001
51 0 0
100 0 0
*parity 2 single
birth 1 F single 2
14 0 0
15 0 0
16 0 0
17 0 .01117
18 0 .00874
19 0 .01103
20 0 .01649
21 0 .01406
22 0 .01223
23 0 .01189
24 0 .01178
25 0 .01133
26 0 .01118
27 0 .01094
28 0 .01003
29 0 .00957
30 0 .00935
31 0 .00821
32 0 .00767
33 0 .00686
34 0 .00633
35 0 .00562
36 0 .00505
37 0 .0045
38 0 .00425
39 0 .00392
40 0 .00322
41 0 .0029
42 0 .00211
43 0 .00174
44 0 .00125
45 0 .00091
46 0 .00057
47 0 .00037
48 0 .00019
49 0 .00009
50 0 .00003
51 0 .00002
100 0 0
*parity 2 widowed
birth 1 F widowed 2
14 0 0
15 0 0
16 0 0
17 0 0
18 0 0
19 0 .03
20 0 .02159
21 0 .00849
22 0 .02041
23 0 .01711
24 0 .0135
25 0 .01224
26 0 .00633
27 0 .0059
28 0 .00736
29 0 .00513
30 0 .00496
31 0 .00425
32 0 .00344
33 0 .00292
34 0 .00255
35 0 .00197
36 0 .00181
37 0 .00152
38 0 .00122
39 0 .00085
40 0 .00069
41 0 .00049
42 0 .00033
43 0 .00023
44 0 .00015
45 0 .00009
46 0 .00005
47 0 .00003
48 0 .00001
49 0 .00001
50 0 0
51 0 0
100 0 0
*parity 2 divorced
birth 1 F divorced 2
14 0 0
15 0 0
16 0 0
17 0 0
18 0 0
19 0 .03
20 0 .02159
21 0 .00849
22 0 .02041
23 0 .01711
24 0 .0135
25 0 .01224
26 0 .00633
27 0 .0059
28 0 .00736
29 0 .00513
30 0 .00496
31 0 .00425
32 0 .00344
33 0 .00292
34 0 .00255
35 0 .00197
36 0 .00181
37 0 .00152
38 0 .00122
39 0 .00085
40 0 .00069
41 0 .00049
42 0 .00033
43 0 .00023
44 0 .00015
45 0 .00009
46 0 .00005
47 0 .00003
48 0 .00001
49 0 .00001
50 0 0
51 0 0
100 0 0
