*parity 0 married
birth 1 F married 0
14 0 0
15 0 .00007
16 0 .00027
17 0 .04591
18 0 .04904
19 0 .05394
20 0 .05303
21 0 .05338
22 0 .04219
23 0 .03446
24 0 .03207
25 0 .02414
26 0 .02809
27 0 .02861
28 0 .02829
29 0 .03911
30 0 .03205
31 0 .02415
32 0 .02095
33 0 .01802
34 0 .01194
35 0 .00872
36 0 .00665
37 0 .00393
38 0 .00185
39 0 .00123
40 0 .00069
41 0 .00057
42 0 .0003
43 0 .00019
44 0 .0001
45 0 .00005
46 0 .00003
47 0 .00002
48 0 .00001
49 0 0
50 0 0
51 0 0
100 0 0
*parity 0 single
birth 1 F single 0
14 0 0
15 0 .00017
16 0 .00071
17 0 .00137
18 0 .00231
19 0 .00324
20 0 .00396
21 0 .00425
22 0 .00439
23 0 .00442
24 0 .00451
25 0 .00455
26 0 .00455
27 0 .0046
28 0 .00453
29 0 .0042
30 0 .00419
31 0 .00362
32 0 .00327
33 0 .00274
34 0 .00229
35 0 .00201
36 0 .00157
37 0 .0014
38 0 .00118
39 0 .00098
40 0 .00076
41 0 .00051
42 0 .00038
43 0 .00028
44 0 .00017
45 0 .00011
46 0 .00007
47 0 .00004
48 0 .00002
49 0 .00001
50 0 0
51 0 0
100 0 0
*parity 0 widowed
birth 1 F widowed 0
14 0 0
15 0 .00001
16 0 .00005
17 0 .0001
18 0 .00016
19 0 .00022
20 0 .37952
21 0 .00026
22 0 .728
23 0 .22748
24 0 .00021
25 0 .0002
26 0 .00019
27 0 .00018
28 0 .48252
29 0 .43709
30 0 .00012
31 0 .00011
32 0 .00009
33 0 .11128
34 0 .17798
35 0 .04732
36 0 .05806
37 0 .02932
38 0 .03498
39 0 .00581
40 0 .00285
41 0 .00155
42 0 .00062
43 0 .00034
44 0 .00018
45 0 .00009
46 0 .00004
47 0 .00002
48 0 .00001
49 0 0
50 0 0
51 0 0
100 0 0
*parity 0 divorced
birth 1 F divorced 0
14 0 0
15 0 .00001
16 0 .00005
17 0 .0001
18 0 .00016
19 0 .00022
20 0 .37952
21 0 .00026
22 0 .728
23 0 .22748
24 0 .00021
25 0 .0002
26 0 .00019
27 0 .00018
28 0 .48252
29 0 .43709
30 0 .00012
31 0 .00011
32 0 .00009
33 0 .11128
34 0 .17798
35 0 .04732
36 0 .05806
37 0 .02932
38 0 .03498
39 0 .00581
40 0 .00285
41 0 .00155
42 0 .00062
43 0 .00034
44 0 .00018
45 0 .00009
46 0 .00004
47 0 .00002
48 0 .00001
49 0 0
50 0 0
51 0 0
100 0 0
*parity 1 married
birth 1 F married 1
14 0 0
15 0 0
16 0 .00001
17 0 .00005
18 0 .01275
19 0 .01218
20 0 .01414
21 0 .01352
22 0 .01546
23 0 .01615
24 0 .0148
25 0 .01321
26 0 .01511
27 0 .01363
28 0 .0148
29 0 .01063
30 0 .01076
31 0 .0082
32 0 .00977
33 0 .00864
34 0 .00769
35 0 .00673
36 0 .0049
37 0 .0035
38 0 .00342
39 0 .00228
40 0 .00173
41 0 .00107
42 0 .00058
43 0 .00044
44 0 .00024
45 0 .00014
46 0 .00007
47 0 .00003
48 0 .00001
49 0 0
50 0 0
51 0 0
100 0 0
*parity 1 single
birth 1 F single 1
14 0 0
15 0 0
16 0 .03844
17 0 .02284
18 0 .01754
19 0 .02725
20 0 .02664
21 0 .02497
22 0 .02473
23 0 .02749
24 0 .02836
25 0 .0271
26 0 .0253
27 0 .02695
28 0 .02398
29 0 .02742
30 0 .02137
31 0 .0217
32 0 .02165
33 0 .02096
34 0 .02398
35 0 .01672
36 0 .01889
37 0 .01995
38 0 .01262
39 0 .00915
40 0 .00715
41 0 .00803
42 0 .00451
43 0 .00213
44 0 .00137
45 0 .00094
46 0 .00068
47 0 .00029
48 0 .00011
49 0 .00003
50 0 .00001
51 0 .00001
100 0 0
*parity 1 widowed
birth 1 F widowed 1
14 0 0
15 0 0
16 0 0
17 0 .00001
18 0 .01651
19 0 .16482
20 0 .05213
21 0 .11749
22 0 .06148
23 0 .04038
24 0 .03752
25 0 .25903
26 0 .17381
27 0 .08152
28 0 .16538
29 0 .0599
30 0 .01802
31 0 .02188
32 0 .08529
33 0 .05166
34 0 .03685
35 0 .02623
36 0 .02151
37 0 .00864
38 0 .01027
39 0 .0051
40 0 .00234
41 0 .0027
42 0 .00105
43 0 .00053
44 0 .00027
45 0 .00011
46 0 .00004
47 0 .00002
48 0 .00001
49 0 0
50 0 0
51 0 0
100 0 0
*parity 1 divorced
birth 1 F divorced 1
14 0 0
15 0 0
16 0 0
17 0 .00001
18 0 .01651
19 0 .16482
20 0 .05213
21 0 .11749
22 0 .06148
23 0 .04038
24 0 .03752
25 0 .25903
26 0 .17381
27 0 .08152
28 0 .16538
29 0 .0599
30 0 .01802
31 0 .02188
32 0 .08529
33 0 .05166
34 0 .03685
35 0 .02623
36 0 .02151
37 0 .00864
38 0 .01027
39 0 .0051
40 0 .00234
41 0 .0027
42 0 .00105
43 0 .00053
44 0 .00027
45 0 .00011
46 0 .00004
47 0 .00002
48 0 .00001
49 0 0
50 0 0
51 0 0
100 0 0
*parity 2 married
birth 1 F married 2
14 0 0
15 0 0
16 0 0
17 0 0
18 0 .05341
19 0 .03074
20 0 .01507
21 0 .01764
22 0 .01286
23 0 .01112
24 0 .00958
25 0 .01031
26 0 .00869
27 0 .00767
28 0 .00679
29 0 .00697
30 0 .00657
31 0 .00616
32 0 .00475
33 0 .00436
34 0 .00392
35 0 .00319
36 0 .00305
37 0 .00233
38 0 .00186
39 0 .00143
40 0 .00118
41 0 .00085
42 0 .00062
43 0 .00042
44 0 .0003
45 0 .00019
46 0 .00011
47 0 .00006
48 0 .00003
49 0 .00002
50 0 .00001
51 0 0
100 0 0
*parity 2 single
birth 1 F single 2
14 0 0
15 0 0
16 0 0
17 0 .01105
18 0 .00876
19 0 .01062
20 0 .01075
21 0 .01559
22 0 .01381
23 0 .0121
24 0 .01158
25 0 .01142
26 0 .01086
27 0 .0106
28 0 .01041
29 0 .00955
30 0 .00891
31 0 .00858
32 0 .00753
33 0 .00699
34 0 .00622
35 0 .00582
36 0 .00518
37 0 .00453
38 0 .00407
39 0 .00378
40 0 .00337
41 0 .0026
42 0 .00226
43 0 .00162
44 0 .0013
45 0 .00086
46 0 .00056
47 0 .00033
48 0 .00018
49 0 .0001
50 0 .00003
51 0 .00001
100 0 0
*parity 2 widowed
birth 1 F widowed 2
14 0 0
15 0 0
16 0 0
17 0 0
18 0 0
19 0 .01507
20 0 .013
21 0 .02352
22 0 .00864
23 0 .01462
24 0 .01058
25 0 .01199
26 0 .00969
27 0 .0054
28 0 .00521
29 0 .00641
30 0 .00439
31 0 .00454
32 0 .0037
33 0 .00289
34 0 .0025
35 0 .00213
36 0 .00166
37 0 .00144
38 0 .00124
39 0 .00094
40 0 .00065
41 0 .00049
42 0 .00035
43 0 .00023
44 0 .00015
45 0 .00009
46 0 .00005
47 0 .00003
48 0 .00001
49 0 .00001
50 0 0
51 0 0
100 0 0
*parity 2 divorced
birth 1 F divorced 2
14 0 0
15 0 0
16 0 0
17 0 0
18 0 0
19 0 .01507
20 0 .013
21 0 .02352
22 0 .00864
23 0 .01462
24 0 .01058
25 0 .01199
26 0 .00969
27 0 .0054
28 0 .00521
29 0 .00641
30 0 .00439
31 0 .00454
32 0 .0037
33 0 .00289
34 0 .0025
35 0 .00213
36 0 .00166
37 0 .00144
38 0 .00124
39 0 .00094
40 0 .00065
41 0 .00049
42 0 .00035
43 0 .00023
44 0 .00015
45 0 .00009
46 0 .00005
47 0 .00003
48 0 .00001
49 0 .00001
50 0 0
51 0 0
100 0 0
