*parity 0 married
birth 1 F married 0
14 0 0
15 0 .00038
16 0 .00066
17 0 .0273
18 0 .02482
19 0 .03355
20 0 .03467
21 0 .04436
22 0 .05189
23 0 .05659
24 0 .05278
25 0 .0435
26 0 .04241
27 0 .02072
28 0 .01303
29 0 .00436
30 0 .00133
31 0 0
32 0 .00011
33 0 .00041
34 0 .00095
35 0 .00147
36 0 .00199
37 0 .00252
38 0 .00228
39 0 .00268
40 0 .00329
41 0 .0033
42 0 .00403
43 0 .00409
44 0 .00424
45 0 .0048
46 0 .00534
47 0 .00703
48 0 .00522
49 0 .00517
50 0 .00637
51 0 .00955
100 0 0
*parity 0 single
birth 1 F single 0
14 0 0
15 0 .00002
16 0 .00004
17 0 .0001
18 0 .00024
19 0 .00045
20 0 .00069
21 0 .00083
22 0 .00094
23 0 .00092
24 0 .00088
25 0 .00076
26 0 .00058
27 0 .00039
28 0 .00021
29 0 .00009
30 0 .00003
31 0 0
32 0 .00001
33 0 .00003
34 0 .0001
35 0 .00016
36 0 .00026
37 0 .00025
38 0 .00039
39 0 .00042
40 0 .00049
41 0 .00057
42 0 .00067
43 0 .00065
44 0 .00073
45 0 .00145
46 0 .00102
47 0 .00091
48 0 .0009
49 0 .00066
50 0 .001
51 0 .0012
100 0 0
*parity 0 widowed
birth 1 F widowed 0
14 0 0
15 0 .00006
16 0 .0001
17 0 .00024
18 0 .21532
19 0 .75181
20 0 1.87261
21 0 .00124
22 0 1.94167
23 0 .81114
24 0 .00081
25 0 .47587
26 0 .00039
27 0 .34393
28 0 .16714
29 0 .06184
30 0 .00522
31 0 0
32 0 .00066
33 0 .00085
34 0 .00214
35 0 .00343
36 0 .00289
37 0 .00241
38 0 .00313
39 0 .00277
40 0 .00421
41 0 .00628
42 0 .00409
43 0 .00304
44 0 .00408
45 0 .00892
46 0 .00511
47 0 .00323
48 0 .00218
49 0 .00221
50 0 .00311
51 0 .00233
100 0 0
*parity 0 divorced
birth 1 F divorced 0
14 0 0
15 0 .00006
16 0 .0001
17 0 .00024
18 0 .21532
19 0 .75181
20 0 1.87261
21 0 .00124
22 0 1.94167
23 0 .81114
24 0 .00081
25 0 .47587
26 0 .00039
27 0 .34393
28 0 .16714
29 0 .06184
30 0 .00522
31 0 0
32 0 .00066
33 0 .00085
34 0 .00214
35 0 .00343
36 0 .00289
37 0 .00241
38 0 .00313
39 0 .00277
40 0 .00421
41 0 .00628
42 0 .00409
43 0 .00304
44 0 .00408
45 0 .00892
46 0 .00511
47 0 .00323
48 0 .00218
49 0 .00221
50 0 .00311
51 0 .00233
100 0 0
*parity 1 married
birth 1 F married 1
14 0 0
15 0 .00038
16 0 .00044
17 0 1
18 0 .35766
19 0 .07267
20 0 .05919
21 0 .16519
22 0 .12343
23 0 .06527
24 0 .0486
25 0 .04135
26 0 .04252
27 0 .05117
28 0 .04707
29 0 .03157
30 0 .03223
31 0 .02876
32 0 .02737
33 0 .02131
34 0 .03657
35 0 .02352
36 0 .02089
37 0 .01853
38 0 .01233
39 0 .01358
40 0 .00884
41 0 .0085
42 0 .00931
43 0 .01391
44 0 .01013
45 0 .01035
46 0 .00922
47 0 .01038
48 0 .00835
49 0 .01046
50 0 .00834
51 0 .01004
100 0 0
*parity 1 single
birth 1 F single 1
14 0 0
15 0 .00002
16 0 .04722
17 0 .02252
18 0 .12889
19 0 .06329
20 0 .09599
21 0 .53579
22 0 .07599
23 0 .12232
24 0 .05733
25 0 .06551
26 0 .10662
27 0 .08298
28 0 .12299
29 0 .00012
30 0 .00009
31 0 .00006
32 0 .06083
33 0 .00003
34 0 .00003
35 0 .0226
36 0 .00003
37 0 .00003
38 0 .00003
39 0 .00003
40 0 .01557
41 0 .00003
42 0 .01901
43 0 .00003
44 0 .00003
45 0 .00002
46 0 .01551
47 0 .00002
48 0 .03058
49 0 .00002
50 0 .00002
51 0 .00002
100 0 0
*parity 1 widowed
birth 1 F widowed 1
14 0 0
15 0 .00006
16 0 .00007
17 0 .0001
18 0 .00019
19 0 .318
20 0 .19291
21 0 .44865
22 0 .76358
23 0 .25606
24 0 .31682
25 0 .43885
26 0 .35713
27 0 .41693
28 0 .15448
29 0 .21434
30 0 .00022
31 0 .22131
32 0 .03056
33 0 .12216
34 0 .11587
35 0 .00008
36 0 .11662
37 0 .00734
38 0 .00626
39 0 .0026
40 0 .00206
41 0 .00312
42 0 .00415
43 0 .0049
44 0 .00208
45 0 .00285
46 0 .00236
47 0 .00147
48 0 .00124
49 0 .00118
50 0 .00182
51 0 .00195
100 0 0
*parity 1 divorced
birth 1 F divorced 1
14 0 0
15 0 .00006
16 0 .00007
17 0 .0001
18 0 .00019
19 0 .318
20 0 .19291
21 0 .44865
22 0 .76358
23 0 .25606
24 0 .31682
25 0 .43885
26 0 .35713
27 0 .41693
28 0 .15448
29 0 .21434
30 0 .00022
31 0 .22131
32 0 .03056
33 0 .12216
34 0 .11587
35 0 .00008
36 0 .11662
37 0 .00734
38 0 .00626
39 0 .0026
40 0 .00206
41 0 .00312
42 0 .00415
43 0 .0049
44 0 .00208
45 0 .00285
46 0 .00236
47 0 .00147
48 0 .00124
49 0 .00118
50 0 .00182
51 0 .00195
100 0 0
*parity 2 married
birth 1 F married 2
14 0 0
15 0 .00038
16 0 .00038
17 0 .00041
18 0 .02415
19 0 .02199
20 0 .03296
21 0 .01786
22 0 .01719
23 0 .02147
24 0 .02321
25 0 .02417
26 0 .02165
27 0 .01939
28 0 .01894
29 0 .0189
30 0 .01758
31 0 .01773
32 0 .01631
33 0 .01687
34 0 .01581
35 0 .01507
36 0 .01515
37 0 .01434
38 0 .01368
39 0 .01261
40 0 .0114
41 0 .00844
42 0 .00638
43 0 .00486
44 0 .0041
45 0 .00278
46 0 .002
47 0 .00154
48 0 .00121
49 0 .00103
50 0 .0009
51 0 .00083
100 0 0
*parity 2 single
birth 1 F single 2
14 0 0
15 0 .00002
16 0 .00002
17 0 .00002
18 0 .00003
19 0 .03214
20 0 .02404
21 0 .04353
22 0 .02666
23 0 .0336
24 0 .03433
25 0 .06833
26 0 .0359
27 0 .03664
28 0 .05253
29 0 .05249
30 0 .12386
31 0 .10732
32 0 .13158
33 0 .07722
34 0 .24317
35 0 .1675
36 0 .15423
37 0 .13978
38 0 .10453
39 0 .15656
40 0 .21636
41 0 .11585
42 0 .06525
43 0 .09921
44 0 .15074
45 0 .05946
46 0 .00006
47 0 .01167
48 0 .02388
49 0 .01134
50 0 .00735
51 0 .01267
100 0 0
*parity 2 widowed
birth 1 F widowed 2
14 0 0
15 0 .00006
16 0 .00006
17 0 .00006
18 0 .13847
19 0 .03461
20 0 .0302
21 0 .03062
22 0 .02846
23 0 .02234
24 0 .02587
25 0 .01907
26 0 .01818
27 0 .01827
28 0 .01513
29 0 .01475
30 0 .01378
31 0 .01062
32 0 .01038
33 0 .00805
34 0 .0078
35 0 .00701
36 0 .00502
37 0 .00495
38 0 .00488
39 0 .00423
40 0 .00347
41 0 .00271
42 0 .00198
43 0 .00138
44 0 .00099
45 0 .00071
46 0 .0005
47 0 .00037
48 0 .00031
49 0 .00024
50 0 .00019
51 0 .00016
100 0 0
*parity 2 divorced
birth 1 F divorced 2
14 0 0
15 0 .00006
16 0 .00006
17 0 .00006
18 0 .13847
19 0 .03461
20 0 .0302
21 0 .03062
22 0 .02846
23 0 .02234
24 0 .02587
25 0 .01907
26 0 .01818
27 0 .01827
28 0 .01513
29 0 .01475
30 0 .01378
31 0 .01062
32 0 .01038
33 0 .00805
34 0 .0078
35 0 .00701
36 0 .00502
37 0 .00495
38 0 .00488
39 0 .00423
40 0 .00347
41 0 .00271
42 0 .00198
43 0 .00138
44 0 .00099
45 0 .00071
46 0 .0005
47 0 .00037
48 0 .00031
49 0 .00024
50 0 .00019
51 0 .00016
100 0 0
