*parity 0 married
birth 1 F married 0
14 0 0
15 0 .00023
16 0 .00093
17 0 .02786
18 0 .02354
19 0 .02434
20 0 .02103
21 0 .0233
22 0 .02134
23 0 .02243
24 0 .0214
25 0 .01968
26 0 .02253
27 0 .02556
28 0 .02507
29 0 .02159
30 0 .02786
31 0 .04048
32 0 .04125
33 0 .04746
34 0 .04421
35 0 .02485
36 0 .03666
37 0 .25647
38 0 .13087
39 0 .03213
40 0 .02188
41 0 .01091
42 0 .00321
43 0 .00192
44 0 .00083
45 0 .00048
46 0 .00019
47 0 .00009
48 0 .00004
49 0 .00001
50 0 0
51 0 0
100 0 0
*parity 0 single
birth 1 F single 0
14 0 0
15 0 .00001
16 0 .00003
17 0 .00005
18 0 .00009
19 0 .00014
20 0 .00018
21 0 .0002
22 0 .00021
23 0 .00022
24 0 .00023
25 0 .00026
26 0 .0003
27 0 .00029
28 0 .00034
29 0 .00033
30 0 .00033
31 0 .00032
32 0 .0003
33 0 .00029
34 0 .00026
35 0 .00025
36 0 .00019
37 0 .00016
38 0 .00015
39 0 .00012
40 0 .0001
41 0 .0001
42 0 .00004
43 0 .00005
44 0 .00004
45 0 .00002
46 0 .00001
47 0 .00001
48 0 0
49 0 0
50 0 0
51 0 0
100 0 0
*parity 0 widowed
birth 1 F widowed 0
14 0 0
15 0 .00001
16 0 .00004
17 0 .06996
18 0 .22321
19 0 .00016
20 0 .06501
21 0 .02954
22 0 .01614
23 0 .02242
24 0 .05908
25 0 .03537
26 0 .02385
27 0 .01605
28 0 .01274
29 0 .00748
30 0 .01031
31 0 .01205
32 0 .02858
33 0 .01747
34 0 .02297
35 0 .03551
36 0 .00952
37 0 .02221
38 0 .00002
39 0 .00417
40 0 .00001
41 0 .00001
42 0 .0004
43 0 .00028
44 0 .00015
45 0 .00006
46 0 .00002
47 0 .00001
48 0 0
49 0 0
50 0 0
51 0 0
100 0 0
*parity 0 divorced
birth 1 F divorced 0
14 0 0
15 0 .00001
16 0 .00004
17 0 .06996
18 0 .22321
19 0 .00016
20 0 .06501
21 0 .02954
22 0 .01614
23 0 .02242
24 0 .05908
25 0 .03537
26 0 .02385
27 0 .01605
28 0 .01274
29 0 .00748
30 0 .01031
31 0 .01205
32 0 .02858
33 0 .01747
34 0 .02297
35 0 .03551
36 0 .00952
37 0 .02221
38 0 .00002
39 0 .00417
40 0 .00001
41 0 .00001
42 0 .0004
43 0 .00028
44 0 .00015
45 0 .00006
46 0 .00002
47 0 .00001
48 0 0
49 0 0
50 0 0
51 0 0
100 0 0
*parity 1 married
birth 1 F married 1
14 0 0
15 0 0
16 0 .00005
17 0 .00017
18 0 .01502
19 0 .01195
20 0 .02006
21 0 .01837
22 0 .01629
23 0 .01637
24 0 .0163
25 0 .01853
26 0 .01555
27 0 .01445
28 0 .01399
29 0 .01423
30 0 .016
31 0 .01351
32 0 .01681
33 0 .01387
34 0 .01422
35 0 .01876
36 0 .019
37 0 .0208
38 0 .01844
39 0 .02099
40 0 .01135
41 0 .0048
42 0 .00322
43 0 .00281
44 0 .00159
45 0 .00084
46 0 .0002
47 0 .0001
48 0 .00004
49 0 .00002
50 0 .00001
51 0 0
100 0 0
*parity 1 single
birth 1 F single 1
14 0 0
15 0 0
16 0 0
17 0 0
18 0 .02398
19 0 .00667
20 0 .03575
21 0 .01927
22 0 .10452
23 0 .03081
24 0 .04074
25 0 .02367
26 0 .00008
27 0 .05973
28 0 .04202
29 0 .03691
30 0 .00007
31 0 .00007
32 0 .07332
33 0 .00005
34 0 .00004
35 0 .00003
36 0 .00003
37 0 .02135
38 0 .00002
39 0 .00001
40 0 .00001
41 0 .00001
42 0 0
43 0 0
44 0 .00122
45 0 0
46 0 .00031
47 0 0
48 0 .00007
49 0 0
50 0 0
51 0 0
100 0 0
*parity 1 widowed
birth 1 F widowed 1
14 0 0
15 0 0
16 0 0
17 0 .00001
18 0 .01214
19 0 .00591
20 0 .00452
21 0 .00861
22 0 .00567
23 0 .00468
24 0 .00928
25 0 .00473
26 0 .00337
27 0 .00297
28 0 .00273
29 0 .00306
30 0 .00259
31 0 .00231
32 0 .00214
33 0 .00181
34 0 .00263
35 0 .00208
36 0 .00233
37 0 .00162
38 0 .00155
39 0 .0013
40 0 .00095
41 0 .00044
42 0 .00035
43 0 .00021
44 0 .00008
45 0 .00003
46 0 .00001
47 0 .00001
48 0 0
49 0 0
50 0 0
51 0 0
100 0 0
*parity 1 divorced
birth 1 F divorced 1
14 0 0
15 0 0
16 0 0
17 0 .00001
18 0 .01214
19 0 .00591
20 0 .00452
21 0 .00861
22 0 .00567
23 0 .00468
24 0 .00928
25 0 .00473
26 0 .00337
27 0 .00297
28 0 .00273
29 0 .00306
30 0 .00259
31 0 .00231
32 0 .00214
33 0 .00181
34 0 .00263
35 0 .00208
36 0 .00233
37 0 .00162
38 0 .00155
39 0 .0013
40 0 .00095
41 0 .00044
42 0 .00035
43 0 .00021
44 0 .00008
45 0 .00003
46 0 .00001
47 0 .00001
48 0 0
49 0 0
50 0 0
51 0 0
100 0 0
*parity 2 married
birth 1 F married 2
14 0 0
15 0 0
16 0 0
17 0 .00001
18 0 .00006
19 0 .02621
20 0 .00839
21 0 .00864
22 0 .01093
23 0 .01093
24 0 .00866
25 0 .00748
26 0 .00718
27 0 .00769
28 0 .00709
29 0 .00707
30 0 .00579
31 0 .00531
32 0 .00456
33 0 .00408
34 0 .00372
35 0 .0032
36 0 .00274
37 0 .00226
38 0 .00192
39 0 .00162
40 0 .00129
41 0 .00104
42 0 .00084
43 0 .00058
44 0 .00042
45 0 .00028
46 0 .00017
47 0 .0001
48 0 .00005
49 0 .00003
50 0 .00001
51 0 0
100 0 0
*parity 2 single
birth 1 F single 2
14 0 0
15 0 0
16 0 0
17 0 0
18 0 0
19 0 0
20 0 .00001
21 0 .00002
22 0 .04114
23 0 .01942
24 0 .06717
25 0 .01233
26 0 .01471
27 0 .03057
28 0 .02647
29 0 .01445
30 0 .017
31 0 .01048
32 0 .02183
33 0 .0277
34 0 .03179
35 0 .00006
36 0 .01695
37 0 .00004
38 0 .00004
39 0 .00003
40 0 .00003
41 0 .01973
42 0 .00001
43 0 .00001
44 0 .00001
45 0 0
46 0 .00249
47 0 0
48 0 0
49 0 0
50 0 0
51 0 0
100 0 0
*parity 2 widowed
birth 1 F widowed 2
14 0 0
15 0 0
16 0 0
17 0 0
18 0 0
19 0 .00001
20 0 .00001
21 0 .00418
22 0 .00781
23 0 .00442
24 0 .00309
25 0 .00375
26 0 .00298
27 0 .00225
28 0 .00181
29 0 .00175
30 0 .00143
31 0 .00121
32 0 .00093
33 0 .0009
34 0 .00062
35 0 .0005
36 0 .00047
37 0 .0004
38 0 .00031
39 0 .00024
40 0 .00021
41 0 .00014
42 0 .0001
43 0 .00007
44 0 .00005
45 0 .00003
46 0 .00002
47 0 .00001
48 0 .00001
49 0 0
50 0 0
51 0 0
100 0 0
*parity 2 divorced
birth 1 F divorced 2
14 0 0
15 0 0
16 0 0
17 0 0
18 0 0
19 0 .00001
20 0 .00001
21 0 .00418
22 0 .00781
23 0 .00442
24 0 .00309
25 0 .00375
26 0 .00298
27 0 .00225
28 0 .00181
29 0 .00175
30 0 .00143
31 0 .00121
32 0 .00093
33 0 .0009
34 0 .00062
35 0 .0005
36 0 .00047
37 0 .0004
38 0 .00031
39 0 .00024
40 0 .00021
41 0 .00014
42 0 .0001
43 0 .00007
44 0 .00005
45 0 .00003
46 0 .00002
47 0 .00001
48 0 .00001
49 0 0
50 0 0
51 0 0
100 0 0
