*parity 0 married
birth 1 F married 0
14 0 0
15 0 .00006
16 0 .00027
17 0 .03637
18 0 .02901
19 0 .03751
20 0 .04834
21 0 .03894
22 0 .04805
23 0 .04432
24 0 .03361
25 0 .03238
26 0 .02839
27 0 .02178
28 0 .02207
29 0 .02312
30 0 .02436
31 0 .02365
32 0 .01828
33 0 .01506
34 0 .01227
35 0 .00864
36 0 .0054
37 0 .00299
38 0 .00215
39 0 .00136
40 0 .00072
41 0 .00048
42 0 .00029
43 0 .0002
44 0 .0001
45 0 .00006
46 0 .00003
47 0 .00002
48 0 .00001
49 0 0
50 0 0
51 0 0
100 0 0
*parity 0 single
birth 1 F single 0
14 0 0
15 0 .00018
16 0 .00072
17 0 .00138
18 0 .00233
19 0 .00327
20 0 .00397
21 0 .00437
22 0 .00445
23 0 .00442
24 0 .00447
25 0 .00467
26 0 .00467
27 0 .00467
28 0 .00451
29 0 .00434
30 0 .00416
31 0 .00366
32 0 .00344
33 0 .00288
34 0 .00242
35 0 .002
36 0 .00169
37 0 .00145
38 0 .0011
39 0 .00093
40 0 .00075
41 0 .00056
42 0 .00038
43 0 .00025
44 0 .00017
45 0 .00012
46 0 .00006
47 0 .00004
48 0 .00002
49 0 .00001
50 0 0
51 0 0
100 0 0
*parity 0 widowed
birth 1 F widowed 0
14 0 0
15 0 .00001
16 0 .00005
17 0 .30247
18 0 .24408
19 0 .64605
20 0 .00025
21 0 .00026
22 0 .72308
23 0 .33347
24 0 .31277
25 0 .19659
26 0 .56779
27 0 .00017
28 0 .11909
29 0 .20374
30 0 .00012
31 0 .10612
32 0 .00009
33 0 .10584
34 0 .00006
35 0 .00005
36 0 .00004
37 0 .02918
38 0 .01371
39 0 .00493
40 0 .00266
41 0 .00172
42 0 .00058
43 0 .00038
44 0 .00016
45 0 .00009
46 0 .00004
47 0 .00002
48 0 .00001
49 0 0
50 0 0
51 0 0
100 0 0
*parity 0 divorced
birth 1 F divorced 0
14 0 0
15 0 .00001
16 0 .00005
17 0 .30247
18 0 .24408
19 0 .64605
20 0 .00025
21 0 .00026
22 0 .72308
23 0 .33347
24 0 .31277
25 0 .19659
26 0 .56779
27 0 .00017
28 0 .11909
29 0 .20374
30 0 .00012
31 0 .10612
32 0 .00009
33 0 .10584
34 0 .00006
35 0 .00005
36 0 .00004
37 0 .02918
38 0 .01371
39 0 .00493
40 0 .00266
41 0 .00172
42 0 .00058
43 0 .00038
44 0 .00016
45 0 .00009
46 0 .00004
47 0 .00002
48 0 .00001
49 0 0
50 0 0
51 0 0
100 0 0
*parity 1 married
birth 1 F married 1
14 0 0
15 0 0
16 0 .00001
17 0 .00005
18 0 .01976
19 0 .01323
20 0 .01338
21 0 .01331
22 0 .01301
23 0 .01344
24 0 .01418
25 0 .0143
26 0 .01345
27 0 .01231
28 0 .01398
29 0 .01343
30 0 .01209
31 0 .00959
32 0 .00925
33 0 .00584
34 0 .0073
35 0 .00638
36 0 .00483
37 0 .00412
38 0 .00289
39 0 .00192
40 0 .00172
41 0 .00104
42 0 .00072
43 0 .00042
44 0 .0002
45 0 .00013
46 0 .00006
47 0 .00003
48 0 .00001
49 0 0
50 0 0
51 0 0
100 0 0
*parity 1 single
birth 1 F single 1
14 0 0
15 0 0
16 0 .02237
17 0 .02675
18 0 .02678
19 0 .03125
20 0 .02714
21 0 .02536
22 0 .02438
23 0 .02393
24 0 .02807
25 0 .0241
26 0 .02697
27 0 .02836
28 0 .02609
29 0 .02969
30 0 .02238
31 0 .02493
32 0 .02208
33 0 .01794
34 0 .01934
35 0 .01751
36 0 .01628
37 0 .01448
38 0 .01325
39 0 .01797
40 0 .00949
41 0 .0055
42 0 .00382
43 0 .00359
44 0 .002
45 0 .00075
46 0 .00041
47 0 .00023
48 0 .00015
49 0 .00004
50 0 .00001
51 0 .00001
100 0 0
*parity 1 widowed
birth 1 F widowed 1
14 0 0
15 0 0
16 0 0
17 0 .00001
18 0 .00003
19 0 .03995
20 0 .02596
21 0 .08891
22 0 .10686
23 0 .4736
24 0 .1256
25 0 .05692
26 0 .04745
27 0 .00017
28 0 .00016
29 0 .44672
30 0 .43325
31 0 .0439
32 0 .01613
33 0 .01404
34 0 .01735
35 0 .02331
36 0 .0208
37 0 .01173
38 0 .00592
39 0 .00361
40 0 .00318
41 0 .00142
42 0 .00084
43 0 .00073
44 0 .00027
45 0 .00015
46 0 .00005
47 0 .00002
48 0 .00001
49 0 0
50 0 0
51 0 0
100 0 0
*parity 1 divorced
birth 1 F divorced 1
14 0 0
15 0 0
16 0 0
17 0 .00001
18 0 .00003
19 0 .03995
20 0 .02596
21 0 .08891
22 0 .10686
23 0 .4736
24 0 .1256
25 0 .05692
26 0 .04745
27 0 .00017
28 0 .00016
29 0 .44672
30 0 .43325
31 0 .0439
32 0 .01613
33 0 .01404
34 0 .01735
35 0 .02331
36 0 .0208
37 0 .01173
38 0 .00592
39 0 .00361
40 0 .00318
41 0 .00142
42 0 .00084
43 0 .00073
44 0 .00027
45 0 .00015
46 0 .00005
47 0 .00002
48 0 .00001
49 0 0
50 0 0
51 0 0
100 0 0
*parity 2 married
birth 1 F married 2
14 0 0
15 0 0
16 0 0
17 0 0
18 0 .00002
19 0 .02951
20 0 .01722
21 0 .01332
22 0 .01359
23 0 .01305
24 0 .01022
25 0 .00951
26 0 .00827
27 0 .00841
28 0 .00764
29 0 .00651
30 0 .00598
31 0 .00552
32 0 .00503
33 0 .00484
34 0 .00373
35 0 .00338
36 0 .00283
37 0 .00223
38 0 .00194
39 0 .00146
40 0 .00113
41 0 .00083
42 0 .00062
43 0 .00043
44 0 .0003
45 0 .00018
46 0 .00011
47 0 .00006
48 0 .00003
49 0 .00002
50 0 .00001
51 0 0
100 0 0
*parity 2 single
birth 1 F single 2
14 0 0
15 0 0
16 0 0
17 0 .01151
18 0 .01098
19 0 .01482
20 0 .01364
21 0 .01376
22 0 .01341
23 0 .01352
24 0 .01241
25 0 .01102
26 0 .01092
27 0 .00992
28 0 .00992
29 0 .00946
30 0 .0091
31 0 .00824
32 0 .00732
33 0 .0072
34 0 .00623
35 0 .00572
36 0 .00517
37 0 .00472
38 0 .00435
39 0 .00365
40 0 .00312
41 0 .00267
42 0 .00218
43 0 .00157
44 0 .0013
45 0 .00086
46 0 .00057
47 0 .00031
48 0 .00016
49 0 .00008
50 0 .00004
51 0 .00002
100 0 0
*parity 2 widowed
birth 1 F widowed 2
14 0 0
15 0 0
16 0 0
17 0 0
18 0 0
19 0 .00001
20 0 .00002
21 0 .02373
22 0 .01202
23 0 .01735
24 0 .00821
25 0 .00936
26 0 .00728
27 0 .00793
28 0 .00643
29 0 .0043
30 0 .00414
31 0 .00435
32 0 .00316
33 0 .00329
34 0 .00282
35 0 .00198
36 0 .00177
37 0 .0014
38 0 .00109
39 0 .00093
40 0 .00075
41 0 .00051
42 0 .00034
43 0 .00023
44 0 .00016
45 0 .00009
46 0 .00005
47 0 .00003
48 0 .00001
49 0 .00001
50 0 0
51 0 0
100 0 0
*parity 2 divorced
birth 1 F divorced 2
14 0 0
15 0 0
16 0 0
17 0 0
18 0 0
19 0 .00001
20 0 .00002
21 0 .02373
22 0 .01202
23 0 .01735
24 0 .00821
25 0 .00936
26 0 .00728
27 0 .00793
28 0 .00643
29 0 .0043
30 0 .00414
31 0 .00435
32 0 .00316
33 0 .00329
34 0 .00282
35 0 .00198
36 0 .00177
37 0 .0014
38 0 .00109
39 0 .00093
40 0 .00075
41 0 .00051
42 0 .00034
43 0 .00023
44 0 .00016
45 0 .00009
46 0 .00005
47 0 .00003
48 0 .00001
49 0 .00001
50 0 0
51 0 0
100 0 0
