*parity 0 married
birth 1 F married 0
14 0 0
15 0 .00025
16 0 .00107
17 0 .05856
18 0 .03204
19 0 .03849
20 0 .03779
21 0 .04219
22 0 .0439
23 0 .05456
24 0 .05549
25 0 .05062
26 0 .04985
27 0 .04652
28 0 .04732
29 0 .04304
30 0 .04712
31 0 .06335
32 0 .05026
33 0 .04125
34 0 .03266
35 0 .0341
36 0 .03693
37 0 .0162
38 0 .02241
39 0 .01483
40 0 .00715
41 0 .00466
42 0 .00256
43 0 .00288
44 0 .00083
45 0 .00042
46 0 .00023
47 0 .00014
48 0 .00005
49 0 .00001
50 0 0
51 0 .00001
100 0 0
*parity 0 single
birth 1 F single 0
14 0 0
15 0 0
16 0 0
17 0 .00001
18 0 .00001
19 0 .00002
20 0 .00003
21 0 .00003
22 0 .00003
23 0 .00003
24 0 .00003
25 0 .00003
26 0 .00003
27 0 .00003
28 0 .00003
29 0 .00003
30 0 .00003
31 0 .00003
32 0 .00002
33 0 .00002
34 0 .00002
35 0 .00002
36 0 .00002
37 0 .00001
38 0 .00001
39 0 .00001
40 0 .00001
41 0 .00001
42 0 0
43 0 0
44 0 0
45 0 0
46 0 0
47 0 0
48 0 0
49 0 0
50 0 0
51 0 0
100 0 0
*parity 0 widowed
birth 1 F widowed 0
14 0 0
15 0 0
16 0 .00001
17 0 .00002
18 0 .02929
19 0 .00957
20 0 .02262
21 0 .01513
22 0 .02184
23 0 .00938
24 0 .00887
25 0 .01106
26 0 .00242
27 0 .00382
28 0 .00222
29 0 .0016
30 0 .00819
31 0 .01384
32 0 .00183
33 0 .00467
34 0 .00383
35 0 .00138
36 0 .0009
37 0 .00341
38 0 .00118
39 0 0
40 0 .00139
41 0 .00094
42 0 .00015
43 0 .0002
44 0 .00012
45 0 .00007
46 0 .00001
47 0 0
48 0 0
49 0 0
50 0 0
51 0 0
100 0 0
*parity 0 divorced
birth 1 F divorced 0
14 0 0
15 0 0
16 0 .00001
17 0 .00002
18 0 .02929
19 0 .00957
20 0 .02262
21 0 .01513
22 0 .02184
23 0 .00938
24 0 .00887
25 0 .01106
26 0 .00242
27 0 .00382
28 0 .00222
29 0 .0016
30 0 .00819
31 0 .01384
32 0 .00183
33 0 .00467
34 0 .00383
35 0 .00138
36 0 .0009
37 0 .00341
38 0 .00118
39 0 0
40 0 .00139
41 0 .00094
42 0 .00015
43 0 .0002
44 0 .00012
45 0 .00007
46 0 .00001
47 0 0
48 0 0
49 0 0
50 0 0
51 0 0
100 0 0
*parity 1 married
birth 1 F married 1
14 0 0
15 0 0
16 0 .00006
17 0 .23476
18 0 .02981
19 0 .02019
20 0 .02104
21 0 .02872
22 0 .02679
23 0 .02413
24 0 .02331
25 0 .02201
26 0 .01943
27 0 .019
28 0 .01967
29 0 .02115
30 0 .02071
31 0 .02049
32 0 .02394
33 0 .01987
34 0 .0184
35 0 .01489
36 0 .01381
37 0 .01989
38 0 .01753
39 0 .00793
40 0 .00821
41 0 .00516
42 0 .00235
43 0 .00202
44 0 .00108
45 0 .00069
46 0 .00053
47 0 .0003
48 0 .00014
49 0 .00004
50 0 .00001
51 0 .00001
100 0 0
*parity 1 single
birth 1 F single 1
14 0 0
15 0 0
16 0 0
17 0 0
18 0 0
19 0 0
20 0 .00619
21 0 .00828
22 0 .00001
23 0 .00001
24 0 .00001
25 0 .00001
26 0 .00001
27 0 .00001
28 0 .00459
29 0 .00001
30 0 .00001
31 0 .00339
32 0 .00001
33 0 .00001
34 0 .0043
35 0 .00393
36 0 0
37 0 0
38 0 .00133
39 0 0
40 0 0
41 0 0
42 0 0
43 0 0
44 0 0
45 0 .00006
46 0 0
47 0 0
48 0 0
49 0 0
50 0 0
51 0 0
100 0 0
*parity 1 widowed
birth 1 F widowed 1
14 0 0
15 0 0
16 0 0
17 0 0
18 0 .00001
19 0 .00001
20 0 .01651
21 0 .00441
22 0 .00451
23 0 .00698
24 0 .00375
25 0 .00306
26 0 .00238
27 0 .00185
28 0 .00111
29 0 .0016
30 0 .00169
31 0 .00072
32 0 .00101
33 0 .0009
34 0 .00057
35 0 .00058
36 0 .00049
37 0 .00047
38 0 .00044
39 0 .00038
40 0 .00017
41 0 .00009
42 0 .0001
43 0 .00005
44 0 .00003
45 0 .00003
46 0 .00001
47 0 .00001
48 0 0
49 0 0
50 0 0
51 0 0
100 0 0
*parity 1 divorced
birth 1 F divorced 1
14 0 0
15 0 0
16 0 0
17 0 0
18 0 .00001
19 0 .00001
20 0 .01651
21 0 .00441
22 0 .00451
23 0 .00698
24 0 .00375
25 0 .00306
26 0 .00238
27 0 .00185
28 0 .00111
29 0 .0016
30 0 .00169
31 0 .00072
32 0 .00101
33 0 .0009
34 0 .00057
35 0 .00058
36 0 .00049
37 0 .00047
38 0 .00044
39 0 .00038
40 0 .00017
41 0 .00009
42 0 .0001
43 0 .00005
44 0 .00003
45 0 .00003
46 0 .00001
47 0 .00001
48 0 0
49 0 0
50 0 0
51 0 0
100 0 0
*parity 2 married
birth 1 F married 2
14 0 0
15 0 0
16 0 0
17 0 .00002
18 0 .00009
19 0 .01903
20 0 .00904
21 0 .01097
22 0 .01391
23 0 .01303
24 0 .01209
25 0 .01176
26 0 .01231
27 0 .01191
28 0 .01065
29 0 .0102
30 0 .00836
31 0 .00792
32 0 .00699
33 0 .00656
34 0 .00588
35 0 .00545
36 0 .00474
37 0 .0041
38 0 .00343
39 0 .00298
40 0 .00266
41 0 .00206
42 0 .00166
43 0 .00114
44 0 .00083
45 0 .00056
46 0 .00032
47 0 .00019
48 0 .0001
49 0 .00006
50 0 .00002
51 0 .00001
100 0 0
*parity 2 single
birth 1 F single 2
14 0 0
15 0 0
16 0 0
17 0 0
18 0 0
19 0 0
20 0 0
21 0 0
22 0 .00001
23 0 .00001
24 0 .00001
25 0 .00001
26 0 .00001
27 0 .00001
28 0 .00001
29 0 .00001
30 0 .00001
31 0 .00001
32 0 .00001
33 0 .00996
34 0 .00001
35 0 .00001
36 0 .00001
37 0 .00001
38 0 .00247
39 0 .00001
40 0 .00001
41 0 0
42 0 0
43 0 0
44 0 0
45 0 0
46 0 0
47 0 0
48 0 0
49 0 0
50 0 0
51 0 .00001
100 0 0
*parity 2 widowed
birth 1 F widowed 2
14 0 0
15 0 0
16 0 0
17 0 0
18 0 0
19 0 .002
20 0 0
21 0 .00413
22 0 .00653
23 0 .00419
24 0 .00363
25 0 .00238
26 0 .002
27 0 .00169
28 0 .00186
29 0 .00125
30 0 .0012
31 0 .00079
32 0 .00058
33 0 .00041
34 0 .00045
35 0 .00033
36 0 .0003
37 0 .00019
38 0 .0002
39 0 .00016
40 0 .0001
41 0 .00008
42 0 .00005
43 0 .00004
44 0 .00003
45 0 .00002
46 0 .00001
47 0 .00001
48 0 0
49 0 0
50 0 0
51 0 0
100 0 0
*parity 2 divorced
birth 1 F divorced 2
14 0 0
15 0 0
16 0 0
17 0 0
18 0 0
19 0 .002
20 0 0
21 0 .00413
22 0 .00653
23 0 .00419
24 0 .00363
25 0 .00238
26 0 .002
27 0 .00169
28 0 .00186
29 0 .00125
30 0 .0012
31 0 .00079
32 0 .00058
33 0 .00041
34 0 .00045
35 0 .00033
36 0 .0003
37 0 .00019
38 0 .0002
39 0 .00016
40 0 .0001
41 0 .00008
42 0 .00005
43 0 .00004
44 0 .00003
45 0 .00002
46 0 .00001
47 0 .00001
48 0 0
49 0 0
50 0 0
51 0 0
100 0 0
