*parity 0 married
birth 1 F married 0
14 0 0
15 0 .00011
16 0 .00046
17 0 .0262
18 0 .02154
19 0 .01928
20 0 .01875
21 0 .0183
22 0 .01614
23 0 .01408
24 0 .0109
25 0 .00998
26 0 .009
27 0 .00874
28 0 .00744
29 0 .00559
30 0 .00498
31 0 .00378
32 0 .00313
33 0 .00262
34 0 .00199
35 0 .00176
36 0 .0015
37 0 .00114
38 0 .00095
39 0 .00071
40 0 .00054
41 0 .00039
42 0 .00033
43 0 .00018
44 0 .0001
45 0 .00007
46 0 .00004
47 0 .00002
48 0 .00001
49 0 0
50 0 0
51 0 0
100 0 0
*parity 0 single
birth 1 F single 0
14 0 0
15 0 .00011
16 0 .00048
17 0 .00096
18 0 .0017
19 0 .00256
20 0 .00326
21 0 .00363
22 0 .00397
23 0 .00401
24 0 .00422
25 0 .00421
26 0 .00429
27 0 .00434
28 0 .00476
29 0 .00504
30 0 .00494
31 0 .0057
32 0 .00546
33 0 .00605
34 0 .00622
35 0 .00566
36 0 .00642
37 0 .00583
38 0 .00529
39 0 .00475
40 0 .0055
41 0 .00351
42 0 .00299
43 0 .00155
44 0 .00123
45 0 .00129
46 0 .00053
47 0 .00034
48 0 .00011
49 0 .00005
50 0 .00001
51 0 .00001
100 0 0
*parity 0 widowed
birth 1 F widowed 0
14 0 0
15 0 .00003
16 0 .00013
17 0 .00026
18 0 .24186
19 0 .61934
20 0 .35042
21 0 .0007
22 0 .15097
23 0 .15171
24 0 .06366
25 0 .03835
26 0 .04219
27 0 .01911
28 0 .02082
29 0 .01658
30 0 .00976
31 0 .01
32 0 .0048
33 0 .00325
34 0 .00199
35 0 .0018
36 0 .00116
37 0 .00091
38 0 .00065
39 0 .00046
40 0 .00033
41 0 .00023
42 0 .00013
43 0 .00009
44 0 .00005
45 0 .00003
46 0 .00002
47 0 .00001
48 0 0
49 0 0
50 0 0
51 0 0
100 0 0
*parity 0 divorced
birth 1 F divorced 0
14 0 0
15 0 .00003
16 0 .00013
17 0 .00026
18 0 .24186
19 0 .61934
20 0 .35042
21 0 .0007
22 0 .15097
23 0 .15171
24 0 .06366
25 0 .03835
26 0 .04219
27 0 .01911
28 0 .02082
29 0 .01658
30 0 .00976
31 0 .01
32 0 .0048
33 0 .00325
34 0 .00199
35 0 .0018
36 0 .00116
37 0 .00091
38 0 .00065
39 0 .00046
40 0 .00033
41 0 .00023
42 0 .00013
43 0 .00009
44 0 .00005
45 0 .00003
46 0 .00002
47 0 .00001
48 0 0
49 0 0
50 0 0
51 0 0
100 0 0
*parity 1 married
birth 1 F married 1
14 0 0
15 0 0
16 0 .00003
17 0 .0001
18 0 .02225
19 0 .01732
20 0 .01745
21 0 .01845
22 0 .0183
23 0 .01861
24 0 .01827
25 0 .01816
26 0 .02139
27 0 .01697
28 0 .01761
29 0 .01436
30 0 .01408
31 0 .01204
32 0 .01154
33 0 .00883
34 0 .00955
35 0 .00874
36 0 .00675
37 0 .00553
38 0 .00452
39 0 .00386
40 0 .00319
41 0 .00232
42 0 .00159
43 0 .00118
44 0 .00083
45 0 .00038
46 0 .00016
47 0 .00011
48 0 .00004
49 0 .00002
50 0 0
51 0 0
100 0 0
*parity 1 single
birth 1 F single 1
14 0 0
15 0 0
16 0 .05497
17 0 .02138
18 0 .02694
19 0 .02903
20 0 .03868
21 0 .03036
22 0 .02674
23 0 .02473
24 0 .03298
25 0 .03014
26 0 .03175
27 0 .04414
28 0 .03137
29 0 .04445
30 0 .04628
31 0 .06002
32 0 .08111
33 0 .05743
34 0 .13639
35 0 .07351
36 0 .05462
37 0 .09504
38 0 .09459
39 0 .10745
40 0 .05987
41 0 .19852
42 0 .05499
43 0 .01952
44 0 .00002
45 0 .01787
46 0 .00001
47 0 0
48 0 0
49 0 0
50 0 .00009
51 0 0
100 0 0
*parity 1 widowed
birth 1 F widowed 1
14 0 0
15 0 0
16 0 .00001
17 0 .00003
18 0 .02845
19 0 .02909
20 0 .02004
21 0 .01802
22 0 .01417
23 0 .01481
24 0 .01572
25 0 .04664
26 0 .02533
27 0 .02931
28 0 .01501
29 0 .01239
30 0 .00839
31 0 .00696
32 0 .00832
33 0 .00904
34 0 .00457
35 0 .00273
36 0 .00257
37 0 .00241
38 0 .00138
39 0 .00105
40 0 .00068
41 0 .0007
42 0 .00045
43 0 .0003
44 0 .00023
45 0 .00014
46 0 .00006
47 0 .00003
48 0 .00001
49 0 0
50 0 0
51 0 0
100 0 0
*parity 1 divorced
birth 1 F divorced 1
14 0 0
15 0 0
16 0 .00001
17 0 .00003
18 0 .02845
19 0 .02909
20 0 .02004
21 0 .01802
22 0 .01417
23 0 .01481
24 0 .01572
25 0 .04664
26 0 .02533
27 0 .02931
28 0 .01501
29 0 .01239
30 0 .00839
31 0 .00696
32 0 .00832
33 0 .00904
34 0 .00457
35 0 .00273
36 0 .00257
37 0 .00241
38 0 .00138
39 0 .00105
40 0 .00068
41 0 .0007
42 0 .00045
43 0 .0003
44 0 .00023
45 0 .00014
46 0 .00006
47 0 .00003
48 0 .00001
49 0 0
50 0 0
51 0 0
100 0 0
*parity 2 married
birth 1 F married 2
14 0 0
15 0 0
16 0 0
17 0 .00001
18 0 .00003
19 0 .03614
20 0 .01955
21 0 .01592
22 0 .01481
23 0 .01411
24 0 .01367
25 0 .01475
26 0 .01146
27 0 .01078
28 0 .01015
29 0 .0093
30 0 .00856
31 0 .00749
32 0 .007
33 0 .00561
34 0 .00556
35 0 .00457
36 0 .00429
37 0 .00348
38 0 .0033
39 0 .00258
40 0 .00218
41 0 .00156
42 0 .00115
43 0 .00089
44 0 .00064
45 0 .0004
46 0 .00025
47 0 .00014
48 0 .00008
49 0 .00004
50 0 .00002
51 0 .00001
100 0 0
*parity 2 single
birth 1 F single 2
14 0 0
15 0 0
16 0 0
17 0 .01796
18 0 .02054
19 0 .02485
20 0 .022
21 0 .03283
22 0 .02004
23 0 .02585
24 0 .0219
25 0 .02032
26 0 .0212
27 0 .0183
28 0 .01836
29 0 .02029
30 0 .0226
31 0 .02318
32 0 .02391
33 0 .0252
34 0 .02382
35 0 .02712
36 0 .02247
37 0 .02884
38 0 .02379
39 0 .02424
40 0 .02331
41 0 .01842
42 0 .0157
43 0 .01695
44 0 .01628
45 0 .01171
46 0 .00886
47 0 .00737
48 0 .0022
49 0 .00177
50 0 .00082
51 0 .00042
100 0 0
*parity 2 widowed
birth 1 F widowed 2
14 0 0
15 0 0
16 0 0
17 0 0
18 0 .00001
19 0 .00003
20 0 .13334
21 0 .25333
22 0 .10628
23 0 .07043
24 0 .02569
25 0 .00949
26 0 .00812
27 0 .0075
28 0 .00607
29 0 .00622
30 0 .00539
31 0 .00399
32 0 .00313
33 0 .00304
34 0 .00259
35 0 .00228
36 0 .00176
37 0 .00153
38 0 .00119
39 0 .00108
40 0 .00082
41 0 .00061
42 0 .00042
43 0 .00029
44 0 .00021
45 0 .00013
46 0 .00007
47 0 .00004
48 0 .00002
49 0 .00001
50 0 0
51 0 0
100 0 0
*parity 2 divorced
birth 1 F divorced 2
14 0 0
15 0 0
16 0 0
17 0 0
18 0 .00001
19 0 .00003
20 0 .13334
21 0 .25333
22 0 .10628
23 0 .07043
24 0 .02569
25 0 .00949
26 0 .00812
27 0 .0075
28 0 .00607
29 0 .00622
30 0 .00539
31 0 .00399
32 0 .00313
33 0 .00304
34 0 .00259
35 0 .00228
36 0 .00176
37 0 .00153
38 0 .00119
39 0 .00108
40 0 .00082
41 0 .00061
42 0 .00042
43 0 .00029
44 0 .00021
45 0 .00013
46 0 .00007
47 0 .00004
48 0 .00002
49 0 .00001
50 0 0
51 0 0
100 0 0
