*parity 0 married
birth 1 F married 0
14 0 0
15 0 .00009
16 0 .00035
17 0 .03836
18 0 .04766
19 0 .05695
20 0 .06282
21 0 .06938
22 0 .07758
23 0 .08095
24 0 .09132
25 0 .07777
26 0 .07995
27 0 .05786
28 0 .10991
29 0 .13269
30 0 .10496
31 0 .26066
32 0 .2059
33 0 .08234
34 0 .02148
35 0 .01135
36 0 .0049
37 0 .00343
38 0 .00195
39 0 .00097
40 0 .00063
41 0 .00042
42 0 .00026
43 0 .00016
44 0 .00009
45 0 .00005
46 0 .00003
47 0 .00002
48 0 .00001
49 0 0
50 0 0
51 0 0
100 0 0
*parity 0 single
birth 1 F single 0
14 0 0
15 0 .00015
16 0 .00063
17 0 .00123
18 0 .00207
19 0 .00294
20 0 .00359
21 0 .00395
22 0 .00392
23 0 .00389
24 0 .00382
25 0 .00383
26 0 .00386
27 0 .0037
28 0 .0038
29 0 .00359
30 0 .00328
31 0 .00303
32 0 .00262
33 0 .00228
34 0 .00198
35 0 .00184
36 0 .00161
37 0 .00139
38 0 .00122
39 0 .00109
40 0 .00086
41 0 .00066
42 0 .00049
43 0 .00036
44 0 .00024
45 0 .00017
46 0 .00011
47 0 .00007
48 0 .00003
49 0 .00001
50 0 0
51 0 0
100 0 0
*parity 0 widowed
birth 1 F widowed 0
14 0 0
15 0 .00002
16 0 .00006
17 0 .38746
18 0 .00019
19 0 .00026
20 0 .89056
21 0 .93432
22 0 .0003
23 0 .00027
24 0 .00026
25 0 .00024
26 0 .00022
27 0 .00021
28 0 .52581
29 0 .00017
30 0 .00015
31 0 .36949
32 0 .0001
33 0 .00008
34 0 .00007
35 0 .07944
36 0 .0343
37 0 .1063
38 0 .00896
39 0 .00356
40 0 .0021
41 0 .00079
42 0 .00046
43 0 .00023
44 0 .00011
45 0 .00006
46 0 .00003
47 0 .00002
48 0 .00001
49 0 0
50 0 0
51 0 0
100 0 0
*parity 0 divorced
birth 1 F divorced 0
14 0 0
15 0 .00002
16 0 .00006
17 0 .38746
18 0 .00019
19 0 .00026
20 0 .89056
21 0 .93432
22 0 .0003
23 0 .00027
24 0 .00026
25 0 .00024
26 0 .00022
27 0 .00021
28 0 .52581
29 0 .00017
30 0 .00015
31 0 .36949
32 0 .0001
33 0 .00008
34 0 .00007
35 0 .07944
36 0 .0343
37 0 .1063
38 0 .00896
39 0 .00356
40 0 .0021
41 0 .00079
42 0 .00046
43 0 .00023
44 0 .00011
45 0 .00006
46 0 .00003
47 0 .00002
48 0 .00001
49 0 0
50 0 0
51 0 0
100 0 0
*parity 1 married
birth 1 F married 1
14 0 0
15 0 0
16 0 .00002
17 0 .22833
18 0 .01486
19 0 .0129
20 0 .01674
21 0 .01552
22 0 .01772
23 0 .01658
24 0 .017
25 0 .01751
26 0 .01712
27 0 .01864
28 0 .01833
29 0 .01474
30 0 .01286
31 0 .01179
32 0 .01114
33 0 .0118
34 0 .00981
35 0 .00686
36 0 .00501
37 0 .00337
38 0 .00235
39 0 .00192
40 0 .00166
41 0 .00102
42 0 .00073
43 0 .00053
44 0 .0003
45 0 .00015
46 0 .00006
47 0 .00003
48 0 .00001
49 0 0
50 0 0
51 0 0
100 0 0
*parity 1 single
birth 1 F single 1
14 0 0
15 0 0
16 0 .02747
17 0 .02547
18 0 .0222
19 0 .02386
20 0 .02447
21 0 .02404
22 0 .02315
23 0 .02539
24 0 .02898
25 0 .02687
26 0 .02553
27 0 .03062
28 0 .02443
29 0 .02554
30 0 .02306
31 0 .02214
32 0 .0245
33 0 .02315
34 0 .0251
35 0 .02158
36 0 .02034
37 0 .02294
38 0 .01461
39 0 .01449
40 0 .00971
41 0 .00861
42 0 .00743
43 0 .00596
44 0 .00673
45 0 .00272
46 0 .00137
47 0 .00072
48 0 .00033
49 0 .00017
50 0 .00004
51 0 .00003
100 0 0
*parity 1 widowed
birth 1 F widowed 1
14 0 0
15 0 0
16 0 0
17 0 .00001
18 0 .09478
19 0 .09828
20 0 .05143
21 0 .04344
22 0 .06002
23 0 .20168
24 0 .16037
25 0 .09487
26 0 .21035
27 0 .57151
28 0 .27284
29 0 .51986
30 0 .16027
31 0 .46151
32 0 .00014
33 0 .17352
34 0 .14948
35 0 .00008
36 0 .0204
37 0 .01428
38 0 .00629
39 0 .00292
40 0 .00222
41 0 .00148
42 0 .00086
43 0 .0005
44 0 .00033
45 0 .00013
46 0 .00004
47 0 .00002
48 0 .00001
49 0 0
50 0 0
51 0 0
100 0 0
*parity 1 divorced
birth 1 F divorced 1
14 0 0
15 0 0
16 0 0
17 0 .00001
18 0 .09478
19 0 .09828
20 0 .05143
21 0 .04344
22 0 .06002
23 0 .20168
24 0 .16037
25 0 .09487
26 0 .21035
27 0 .57151
28 0 .27284
29 0 .51986
30 0 .16027
31 0 .46151
32 0 .00014
33 0 .17352
34 0 .14948
35 0 .00008
36 0 .0204
37 0 .01428
38 0 .00629
39 0 .00292
40 0 .00222
41 0 .00148
42 0 .00086
43 0 .0005
44 0 .00033
45 0 .00013
46 0 .00004
47 0 .00002
48 0 .00001
49 0 0
50 0 0
51 0 0
100 0 0
*parity 2 married
birth 1 F married 2
14 0 0
15 0 0
16 0 0
17 0 .00001
18 0 .00002
19 0 .02281
20 0 .01633
21 0 .01514
22 0 .01288
23 0 .01392
24 0 .01273
25 0 .01145
26 0 .01014
27 0 .0098
28 0 .00847
29 0 .00753
30 0 .00737
31 0 .00704
32 0 .00591
33 0 .00484
34 0 .00418
35 0 .00339
36 0 .00312
37 0 .00238
38 0 .002
39 0 .00168
40 0 .00132
41 0 .00099
42 0 .00071
43 0 .00049
44 0 .00035
45 0 .00022
46 0 .00013
47 0 .00008
48 0 .00004
49 0 .00002
50 0 .00001
51 0 0
100 0 0
*parity 2 single
birth 1 F single 2
14 0 0
15 0 0
16 0 0
17 0 .01659
18 0 .00941
19 0 .01409
20 0 .01193
21 0 .01161
22 0 .01573
23 0 .01412
24 0 .01302
25 0 .01247
26 0 .01198
27 0 .01083
28 0 .01007
29 0 .01012
30 0 .01005
31 0 .00822
32 0 .00794
33 0 .00726
34 0 .0068
35 0 .00651
36 0 .0062
37 0 .00599
38 0 .00612
39 0 .00527
40 0 .00483
41 0 .00412
42 0 .00328
43 0 .0027
44 0 .00208
45 0 .00173
46 0 .00108
47 0 .00062
48 0 .00035
49 0 .00018
50 0 .00006
51 0 .00003
100 0 0
*parity 2 widowed
birth 1 F widowed 2
14 0 0
15 0 0
16 0 0
17 0 0
18 0 0
19 0 .01213
20 0 .01954
21 0 .01845
22 0 .02116
23 0 .01224
24 0 .01079
25 0 .01402
26 0 .00945
27 0 .01021
28 0 .00646
29 0 .00663
30 0 .00587
31 0 .00455
32 0 .00352
33 0 .00321
34 0 .00278
35 0 .00219
36 0 .00164
37 0 .00148
38 0 .00111
39 0 .0009
40 0 .00066
41 0 .00048
42 0 .00036
43 0 .00021
44 0 .00015
45 0 .00009
46 0 .00005
47 0 .00003
48 0 .00001
49 0 .00001
50 0 0
51 0 0
100 0 0
*parity 2 divorced
birth 1 F divorced 2
14 0 0
15 0 0
16 0 0
17 0 0
18 0 0
19 0 .01213
20 0 .01954
21 0 .01845
22 0 .02116
23 0 .01224
24 0 .01079
25 0 .01402
26 0 .00945
27 0 .01021
28 0 .00646
29 0 .00663
30 0 .00587
31 0 .00455
32 0 .00352
33 0 .00321
34 0 .00278
35 0 .00219
36 0 .00164
37 0 .00148
38 0 .00111
39 0 .0009
40 0 .00066
41 0 .00048
42 0 .00036
43 0 .00021
44 0 .00015
45 0 .00009
46 0 .00005
47 0 .00003
48 0 .00001
49 0 .00001
50 0 0
51 0 0
100 0 0
