*parity all married
birth 1 F married 0
14 0 0
15 0 .00012
16 0 .00082
17 0 .00243
18 0 .00547
19 0 .00986
20 0 .01453
21 0 .01826
22 0 .02042
23 0 .02141
24 0 .02165
25 0 .02095
26 0 .01959
27 0 .01781
28 0 .01639
29 0 .01505
30 0 .01405
31 0 .01249
32 0 .01139
33 0 .01034
34 0 .00982
35 0 .00917
36 0 .00857
37 0 .00785
38 0 .00722
39 0 .00644
40 0 .00564
41 0 .00438
42 0 .00336
43 0 .00244
44 0 .00181
45 0 .0012
46 0 .00072
47 0 .00044
48 0 .00023
49 0 .00012
50 0 .00005
51 0 .00002
100 0 0
*parity all single
birth 1 F single 0
14 0 0
15 0 .00012
16 0 .00082
17 0 .00243
18 0 .00547
19 0 .00986
20 0 .01453
21 0 .01826
22 0 .02042
23 0 .02141
24 0 .02165
25 0 .02095
26 0 .01959
27 0 .01781
28 0 .01639
29 0 .01505
30 0 .01405
31 0 .01249
32 0 .01139
33 0 .01034
34 0 .00982
35 0 .00917
36 0 .00857
37 0 .00785
38 0 .00722
39 0 .00644
40 0 .00564
41 0 .00438
42 0 .00336
43 0 .00244
44 0 .00181
45 0 .0012
46 0 .00072
47 0 .00044
48 0 .00023
49 0 .00012
50 0 .00005
51 0 .00002
100 0 0
*parity all widowed
birth 1 F widowed 0
14 0 0
15 0 .00012
16 0 .00082
17 0 .00243
18 0 .00547
19 0 .00986
20 0 .01453
21 0 .01826
22 0 .02042
23 0 .02141
24 0 .02165
25 0 .02095
26 0 .01959
27 0 .01781
28 0 .01639
29 0 .01505
30 0 .01405
31 0 .01249
32 0 .01139
33 0 .01034
34 0 .00982
35 0 .00917
36 0 .00857
37 0 .00785
38 0 .00722
39 0 .00644
40 0 .00564
41 0 .00438
42 0 .00336
43 0 .00244
44 0 .00181
45 0 .0012
46 0 .00072
47 0 .00044
48 0 .00023
49 0 .00012
50 0 .00005
51 0 .00002
100 0 0
*parity all divorced
birth 1 F divorced 0
14 0 0
15 0 .00012
16 0 .00082
17 0 .00243
18 0 .00547
19 0 .00986
20 0 .01453
21 0 .01826
22 0 .02042
23 0 .02141
24 0 .02165
25 0 .02095
26 0 .01959
27 0 .01781
28 0 .01639
29 0 .01505
30 0 .01405
31 0 .01249
32 0 .01139
33 0 .01034
34 0 .00982
35 0 .00917
36 0 .00857
37 0 .00785
38 0 .00722
39 0 .00644
40 0 .00564
41 0 .00438
42 0 .00336
43 0 .00244
44 0 .00181
45 0 .0012
46 0 .00072
47 0 .00044
48 0 .00023
49 0 .00012
50 0 .00005
51 0 .00002
100 0 0
