*parity 0 married
birth 1 F married 0
14 0 0
15 0 .00021
16 0 .00096
17 0 .03069
18 0 .02913
19 0 .03322
20 0 .03537
21 0 .04847
22 0 .08212
23 0 .08468
24 0 .07043
25 0 .07633
26 0 .05091
27 0 .03965
28 0 .0375
29 0 .03618
30 0 .05376
31 0 .06046
32 0 .04368
33 0 .03926
34 0 .0299
35 0 .04336
36 0 .02183
37 0 .01597
38 0 .01099
39 0 .00437
40 0 .0025
41 0 .0021
42 0 .00213
43 0 .00118
44 0 .00041
45 0 .00021
46 0 .00012
47 0 .00005
48 0 .00002
49 0 .00001
50 0 0
51 0 0
100 0 0
*parity 0 single
birth 1 F single 0
14 0 0
15 0 .00001
16 0 .00003
17 0 .00008
18 0 .00015
19 0 .00025
20 0 .00035
21 0 .00037
22 0 .00036
23 0 .00037
24 0 .00038
25 0 .00039
26 0 .00042
27 0 .00042
28 0 .00041
29 0 .00037
30 0 .00035
31 0 .00032
32 0 .00023
33 0 .00022
34 0 .00023
35 0 .00021
36 0 .00024
37 0 .0002
38 0 .00016
39 0 .00012
40 0 .0001
41 0 .00007
42 0 .00007
43 0 .00004
44 0 .00003
45 0 .00001
46 0 .00001
47 0 .00001
48 0 0
49 0 0
50 0 0
51 0 0
100 0 0
*parity 0 widowed
birth 1 F widowed 0
14 0 0
15 0 .00001
16 0 .00005
17 0 .0001
18 0 .26559
19 0 .10444
20 0 .00033
21 0 .12505
22 0 .00033
23 0 .20152
24 0 .34933
25 0 .00023
26 0 .00019
27 0 .00016
28 0 .00014
29 0 .00011
30 0 .0001
31 0 .00008
32 0 .00006
33 0 .05901
34 0 .04793
35 0 .01303
36 0 .02953
37 0 .024
38 0 .00321
39 0 .00289
40 0 .00094
41 0 .00045
42 0 .00059
43 0 .00047
44 0 .00011
45 0 .00005
46 0 .00002
47 0 .00001
48 0 0
49 0 0
50 0 0
51 0 0
100 0 0
*parity 0 divorced
birth 1 F divorced 0
14 0 0
15 0 .00001
16 0 .00005
17 0 .0001
18 0 .26559
19 0 .10444
20 0 .00033
21 0 .12505
22 0 .00033
23 0 .20152
24 0 .34933
25 0 .00023
26 0 .00019
27 0 .00016
28 0 .00014
29 0 .00011
30 0 .0001
31 0 .00008
32 0 .00006
33 0 .05901
34 0 .04793
35 0 .01303
36 0 .02953
37 0 .024
38 0 .00321
39 0 .00289
40 0 .00094
41 0 .00045
42 0 .00059
43 0 .00047
44 0 .00011
45 0 .00005
46 0 .00002
47 0 .00001
48 0 0
49 0 0
50 0 0
51 0 0
100 0 0
*parity 1 married
birth 1 F married 1
14 0 0
15 0 0
16 0 .00007
17 0 .00026
18 0 .07235
19 0 .04794
20 0 .0358
21 0 .03273
22 0 .03254
23 0 .0338
24 0 .03385
25 0 .03456
26 0 .03544
27 0 .03394
28 0 .03004
29 0 .02698
30 0 .0321
31 0 .03525
32 0 .04747
33 0 .03912
34 0 .04318
35 0 .02655
36 0 .01567
37 0 .03352
38 0 .03826
39 0 .05679
40 0 .17429
41 0 .05836
42 0 .00016
43 0 .04627
44 0 .01816
45 0 .02605
46 0 .00325
47 0 .00618
48 0 .00225
49 0 .00038
50 0 .00008
51 0 .0001
100 0 0
*parity 1 single
birth 1 F single 1
14 0 0
15 0 0
16 0 0
17 0 .00001
18 0 .00003
19 0 .08378
20 0 .01963
21 0 .05982
22 0 .02319
23 0 .03144
24 0 .04385
25 0 .03394
26 0 .05991
27 0 .04013
28 0 .13075
29 0 .14884
30 0 .00009
31 0 .00008
32 0 .11062
33 0 .06435
34 0 .05327
35 0 .00004
36 0 .00003
37 0 .00003
38 0 .00002
39 0 .00778
40 0 .00001
41 0 .008
42 0 .00001
43 0 0
44 0 .00187
45 0 .00089
46 0 0
47 0 .00021
48 0 .00004
49 0 .00001
50 0 0
51 0 0
100 0 0
*parity 1 widowed
birth 1 F widowed 1
14 0 0
15 0 0
16 0 0
17 0 .00001
18 0 .05437
19 0 .12248
20 0 .02008
21 0 .02018
22 0 .0226
23 0 .03218
24 0 .0229
25 0 .01752
26 0 .03285
27 0 .02133
28 0 .02389
29 0 .0272
30 0 .01433
31 0 .00734
32 0 .0147
33 0 .09408
34 0 .07788
35 0 .01596
36 0 .01596
37 0 .03862
38 0 .01534
39 0 .02276
40 0 .01746
41 0 .00001
42 0 .00001
43 0 .00232
44 0 .00273
45 0 .00019
46 0 .00022
47 0 .00031
48 0 .00006
49 0 .00004
50 0 0
51 0 0
100 0 0
*parity 1 divorced
birth 1 F divorced 1
14 0 0
15 0 0
16 0 0
17 0 .00001
18 0 .05437
19 0 .12248
20 0 .02008
21 0 .02018
22 0 .0226
23 0 .03218
24 0 .0229
25 0 .01752
26 0 .03285
27 0 .02133
28 0 .02389
29 0 .0272
30 0 .01433
31 0 .00734
32 0 .0147
33 0 .09408
34 0 .07788
35 0 .01596
36 0 .01596
37 0 .03862
38 0 .01534
39 0 .02276
40 0 .01746
41 0 .00001
42 0 .00001
43 0 .00232
44 0 .00273
45 0 .00019
46 0 .00022
47 0 .00031
48 0 .00006
49 0 .00004
50 0 0
51 0 0
100 0 0
*parity 2 married
birth 1 F married 2
14 0 0
15 0 0
16 0 .00001
17 0 .00002
18 0 .01008
19 0 .00652
20 0 .01319
21 0 .01971
22 0 .02065
23 0 .01693
24 0 .01599
25 0 .01466
26 0 .01327
27 0 .01287
28 0 .01233
29 0 .0117
30 0 .01085
31 0 .00971
32 0 .00926
33 0 .00813
34 0 .00781
35 0 .00716
36 0 .00653
37 0 .00599
38 0 .00517
39 0 .00523
40 0 .00442
41 0 .00354
42 0 .00252
43 0 .00196
44 0 .00154
45 0 .00109
46 0 .00069
47 0 .00048
48 0 .00023
49 0 .00012
50 0 .00005
51 0 .00002
100 0 0
*parity 2 single
birth 1 F single 2
14 0 0
15 0 0
16 0 0
17 0 0
18 0 0
19 0 .00001
20 0 .01417
21 0 .03849
22 0 .04364
23 0 .0228
24 0 .06647
25 0 .02251
26 0 .02939
27 0 .02029
28 0 .03266
29 0 .02117
30 0 .01745
31 0 .03438
32 0 .04475
33 0 .02039
34 0 .0174
35 0 .01771
36 0 .03756
37 0 .02747
38 0 .03142
39 0 .01522
40 0 .047
41 0 .01004
42 0 .01211
43 0 .03784
44 0 .00908
45 0 .00526
46 0 .00314
47 0 .00134
48 0 .00065
49 0 .0002
50 0 .00004
51 0 .00001
100 0 0
*parity 2 widowed
birth 1 F widowed 2
14 0 0
15 0 0
16 0 0
17 0 0
18 0 .00001
19 0 .01339
20 0 .02071
21 0 .02814
22 0 .01276
23 0 .01372
24 0 .00857
25 0 .00731
26 0 .00546
27 0 .00475
28 0 .00423
29 0 .00471
30 0 .00316
31 0 .00271
32 0 .00248
33 0 .00239
34 0 .00166
35 0 .00151
36 0 .00137
37 0 .00098
38 0 .00107
39 0 .00071
40 0 .00068
41 0 .00048
42 0 .00034
43 0 .00022
44 0 .00018
45 0 .00012
46 0 .00006
47 0 .00003
48 0 .00002
49 0 .00001
50 0 0
51 0 0
100 0 0
*parity 2 divorced
birth 1 F divorced 2
14 0 0
15 0 0
16 0 0
17 0 0
18 0 .00001
19 0 .01339
20 0 .02071
21 0 .02814
22 0 .01276
23 0 .01372
24 0 .00857
25 0 .00731
26 0 .00546
27 0 .00475
28 0 .00423
29 0 .00471
30 0 .00316
31 0 .00271
32 0 .00248
33 0 .00239
34 0 .00166
35 0 .00151
36 0 .00137
37 0 .00098
38 0 .00107
39 0 .00071
40 0 .00068
41 0 .00048
42 0 .00034
43 0 .00022
44 0 .00018
45 0 .00012
46 0 .00006
47 0 .00003
48 0 .00002
49 0 .00001
50 0 0
51 0 0
100 0 0
