*parity 0 married
birth 1 F married 0
14 0 0
15 0 .00021
16 0 .00097
17 0 .03274
18 0 .03181
19 0 .03753
20 0 .03919
21 0 .04062
22 0 .05268
23 0 .05218
24 0 .05972
25 0 .05797
26 0 .05614
27 0 .05506
28 0 .03997
29 0 .0523
30 0 .02822
31 0 .04217
32 0 .03329
33 0 .0269
34 0 .01703
35 0 .0279
36 0 .02157
37 0 .01033
38 0 .0069
39 0 .00526
40 0 .00356
41 0 .00301
42 0 .00172
43 0 .00137
44 0 .00069
45 0 .0004
46 0 .0001
47 0 .00004
48 0 .00003
49 0 .00001
50 0 0
51 0 0
100 0 0
*parity 0 single
birth 1 F single 0
14 0 0
15 0 .00001
16 0 .00003
17 0 .00007
18 0 .00015
19 0 .00024
20 0 .00033
21 0 .00039
22 0 .0004
23 0 .00039
24 0 .00039
25 0 .00039
26 0 .00043
27 0 .0004
28 0 .00037
29 0 .00037
30 0 .00037
31 0 .00033
32 0 .00033
33 0 .00031
34 0 .00025
35 0 .00032
36 0 .00028
37 0 .00026
38 0 .00027
39 0 .00014
40 0 .00017
41 0 .00011
42 0 .00011
43 0 .0001
44 0 .00012
45 0 .00004
46 0 .00002
47 0 .00001
48 0 0
49 0 0
50 0 0
51 0 0
100 0 0
*parity 0 widowed
birth 1 F widowed 0
14 0 0
15 0 .00001
16 0 .00005
17 0 .13818
18 0 .25209
19 0 .09241
20 0 .43925
21 0 .00033
22 0 .00031
23 0 .09727
24 0 .34451
25 0 .27185
26 0 .22641
27 0 .00015
28 0 .00013
29 0 .00011
30 0 .02647
31 0 .08899
32 0 .00006
33 0 .0593
34 0 .00004
35 0 .01766
36 0 .01518
37 0 .00456
38 0 .00593
39 0 .00238
40 0 .00148
41 0 .00079
42 0 .00059
43 0 .00031
44 0 .00019
45 0 .00005
46 0 .00003
47 0 .00001
48 0 0
49 0 0
50 0 0
51 0 0
100 0 0
*parity 0 divorced
birth 1 F divorced 0
14 0 0
15 0 .00001
16 0 .00005
17 0 .13818
18 0 .25209
19 0 .09241
20 0 .43925
21 0 .00033
22 0 .00031
23 0 .09727
24 0 .34451
25 0 .27185
26 0 .22641
27 0 .00015
28 0 .00013
29 0 .00011
30 0 .02647
31 0 .08899
32 0 .00006
33 0 .0593
34 0 .00004
35 0 .01766
36 0 .01518
37 0 .00456
38 0 .00593
39 0 .00238
40 0 .00148
41 0 .00079
42 0 .00059
43 0 .00031
44 0 .00019
45 0 .00005
46 0 .00003
47 0 .00001
48 0 0
49 0 0
50 0 0
51 0 0
100 0 0
*parity 1 married
birth 1 F married 1
14 0 0
15 0 0
16 0 .00007
17 0 .00026
18 0 .02434
19 0 .02558
20 0 .03054
21 0 .0312
22 0 .03784
23 0 .0429
24 0 .03862
25 0 .03081
26 0 .02186
27 0 .02579
28 0 .02646
29 0 .02196
30 0 .02092
31 0 .01946
32 0 .01861
33 0 .01807
34 0 .03384
35 0 .03954
36 0 .02551
37 0 .02106
38 0 .04634
39 0 .05993
40 0 .08534
41 0 .00024
42 0 .07526
43 0 .0001
44 0 .02396
45 0 .01339
46 0 .00002
47 0 .00659
48 0 .00245
49 0 .00019
50 0 .00012
51 0 .00019
100 0 0
*parity 1 single
birth 1 F single 1
14 0 0
15 0 0
16 0 0
17 0 .0126
18 0 .00923
19 0 .00005
20 0 .02513
21 0 .03955
22 0 .03572
23 0 .11137
24 0 .03776
25 0 .04986
26 0 .00014
27 0 .05856
28 0 .15168
29 0 .12661
30 0 .03596
31 0 .04723
32 0 .07904
33 0 .06762
34 0 .00005
35 0 .04132
36 0 .00003
37 0 .02627
38 0 .02031
39 0 .01617
40 0 .00001
41 0 .00774
42 0 .00001
43 0 0
44 0 0
45 0 0
46 0 0
47 0 0
48 0 0
49 0 0
50 0 0
51 0 0
100 0 0
*parity 1 widowed
birth 1 F widowed 1
14 0 0
15 0 0
16 0 0
17 0 .00001
18 0 .00004
19 0 .02699
20 0 .04369
21 0 .03056
22 0 .0213
23 0 .01937
24 0 .0788
25 0 .03468
26 0 .02293
27 0 .01629
28 0 .01172
29 0 .01355
30 0 .01072
31 0 .00626
32 0 .005
33 0 .0047
34 0 .01005
35 0 .00005
36 0 .00818
37 0 .00609
38 0 .01413
39 0 .0075
40 0 .00002
41 0 .01076
42 0 .00706
43 0 .00393
44 0 .00075
45 0 .00063
46 0 .00012
47 0 .00015
48 0 0
49 0 .00004
50 0 .00001
51 0 0
100 0 0
*parity 1 divorced
birth 1 F divorced 1
14 0 0
15 0 0
16 0 0
17 0 .00001
18 0 .00004
19 0 .02699
20 0 .04369
21 0 .03056
22 0 .0213
23 0 .01937
24 0 .0788
25 0 .03468
26 0 .02293
27 0 .01629
28 0 .01172
29 0 .01355
30 0 .01072
31 0 .00626
32 0 .005
33 0 .0047
34 0 .01005
35 0 .00005
36 0 .00818
37 0 .00609
38 0 .01413
39 0 .0075
40 0 .00002
41 0 .01076
42 0 .00706
43 0 .00393
44 0 .00075
45 0 .00063
46 0 .00012
47 0 .00015
48 0 0
49 0 .00004
50 0 .00001
51 0 0
100 0 0
*parity 2 married
birth 1 F married 2
14 0 0
15 0 0
16 0 .00001
17 0 .00002
18 0 .16232
19 0 .0173
20 0 .01491
21 0 .01898
22 0 .01458
23 0 .01488
24 0 .01487
25 0 .01551
26 0 .0148
27 0 .01353
28 0 .01321
29 0 .01216
30 0 .01221
31 0 .01048
32 0 .00965
33 0 .00926
34 0 .00788
35 0 .0067
36 0 .00644
37 0 .00606
38 0 .00526
39 0 .00477
40 0 .00435
41 0 .00332
42 0 .00267
43 0 .00188
44 0 .00152
45 0 .00099
46 0 .00068
47 0 .00044
48 0 .00022
49 0 .00013
50 0 .00005
51 0 .00002
100 0 0
*parity 2 single
birth 1 F single 2
14 0 0
15 0 0
16 0 0
17 0 0
18 0 0
19 0 .00001
20 0 .00003
21 0 .01689
22 0 .02007
23 0 .03211
24 0 .01462
25 0 .01457
26 0 .01958
27 0 .02196
28 0 .02014
29 0 .02485
30 0 .01505
31 0 .02927
32 0 .02748
33 0 .01618
34 0 .02293
35 0 .02056
36 0 .03971
37 0 .02683
38 0 .0299
39 0 .0272
40 0 .08912
41 0 .0669
42 0 .05073
43 0 .00831
44 0 .02325
45 0 .01575
46 0 .00931
47 0 .00277
48 0 .00092
49 0 .00135
50 0 .00018
51 0 .00004
100 0 0
*parity 2 widowed
birth 1 F widowed 2
14 0 0
15 0 0
16 0 0
17 0 0
18 0 .00001
19 0 .00002
20 0 .00004
21 0 .00979
22 0 .00985
23 0 .01015
24 0 .00791
25 0 .00707
26 0 .00667
27 0 .00453
28 0 .00444
29 0 .00368
30 0 .00338
31 0 .00293
32 0 .00232
33 0 .00154
34 0 .00166
35 0 .00131
36 0 .00109
37 0 .00094
38 0 .00082
39 0 .00074
40 0 .00048
41 0 .00038
42 0 .00026
43 0 .00019
44 0 .00012
45 0 .00009
46 0 .00005
47 0 .00003
48 0 .00002
49 0 .00001
50 0 0
51 0 0
100 0 0
*parity 2 divorced
birth 1 F divorced 2
14 0 0
15 0 0
16 0 0
17 0 0
18 0 .00001
19 0 .00002
20 0 .00004
21 0 .00979
22 0 .00985
23 0 .01015
24 0 .00791
25 0 .00707
26 0 .00667
27 0 .00453
28 0 .00444
29 0 .00368
30 0 .00338
31 0 .00293
32 0 .00232
33 0 .00154
34 0 .00166
35 0 .00131
36 0 .00109
37 0 .00094
38 0 .00082
39 0 .00074
40 0 .00048
41 0 .00038
42 0 .00026
43 0 .00019
44 0 .00012
45 0 .00009
46 0 .00005
47 0 .00003
48 0 .00002
49 0 .00001
50 0 0
51 0 0
100 0 0
