*parity 0 married
birth 1 F married 0
14 0 0
15 0 .00023
16 0 .00104
17 0 .04126
18 0 .04105
19 0 .04739
20 0 .06425
21 0 .07267
22 0 .0926
23 0 .10448
24 0 .13797
25 0 .1239
26 0 .10479
27 0 .09462
28 0 .3141
29 0 .10189
30 0 .09939
31 0 .16888
32 0 .14447
33 0 .26096
34 0 .0919
35 0 .13017
36 0 .03299
37 0 .01468
38 0 .013
39 0 .00996
40 0 .00532
41 0 .00334
42 0 .0035
43 0 .00126
44 0 .00142
45 0 .00309
46 0 .00249
47 0 .00122
48 0 .00061
49 0 .00005
50 0 .00007
51 0 .00013
100 0 0
*parity 0 single
birth 1 F single 0
14 0 0
15 0 0
16 0 0
17 0 .00001
18 0 .00001
19 0 .00002
20 0 .00003
21 0 .00003
22 0 .00003
23 0 .00003
24 0 .00003
25 0 .00003
26 0 .00003
27 0 .00003
28 0 .00003
29 0 .00002
30 0 .00002
31 0 .00003
32 0 .00002
33 0 .00002
34 0 .00002
35 0 .00002
36 0 .00002
37 0 .00002
38 0 .00001
39 0 .00001
40 0 .00001
41 0 .00001
42 0 .00001
43 0 0
44 0 0
45 0 0
46 0 0
47 0 0
48 0 .00001
49 0 0
50 0 0
51 0 0
100 0 0
*parity 0 widowed
birth 1 F widowed 0
14 0 0
15 0 0
16 0 .00001
17 0 .01767
18 0 .03217
19 0 .00005
20 0 .02752
21 0 .05894
22 0 .05401
23 0 .02476
24 0 .02703
25 0 .00004
26 0 .01432
27 0 .01164
28 0 .00668
29 0 .01671
30 0 .00002
31 0 .00269
32 0 .0079
33 0 .00713
34 0 .00001
35 0 .00001
36 0 .0018
37 0 .00281
38 0 0
39 0 .00082
40 0 .00131
41 0 .00015
42 0 .0003
43 0 0
44 0 .00008
45 0 .00005
46 0 .00007
47 0 .00001
48 0 .00001
49 0 0
50 0 0
51 0 0
100 0 0
*parity 0 divorced
birth 1 F divorced 0
14 0 0
15 0 0
16 0 .00001
17 0 .01767
18 0 .03217
19 0 .00005
20 0 .02752
21 0 .05894
22 0 .05401
23 0 .02476
24 0 .02703
25 0 .00004
26 0 .01432
27 0 .01164
28 0 .00668
29 0 .01671
30 0 .00002
31 0 .00269
32 0 .0079
33 0 .00713
34 0 .00001
35 0 .00001
36 0 .0018
37 0 .00281
38 0 0
39 0 .00082
40 0 .00131
41 0 .00015
42 0 .0003
43 0 0
44 0 .00008
45 0 .00005
46 0 .00007
47 0 .00001
48 0 .00001
49 0 0
50 0 0
51 0 0
100 0 0
*parity 1 married
birth 1 F married 1
14 0 0
15 0 0
16 0 .00007
17 0 .00028
18 0 .02092
19 0 .02078
20 0 .02838
21 0 .02733
22 0 .02915
23 0 .02867
24 0 .03027
25 0 .03131
26 0 .04069
27 0 .03769
28 0 .03688
29 0 .04141
30 0 .03524
31 0 .02422
32 0 .02568
33 0 .02012
34 0 .02148
35 0 .02049
36 0 .01512
37 0 .01068
38 0 .01257
39 0 .00825
40 0 .00631
41 0 .01012
42 0 .00409
43 0 .00276
44 0 .00212
45 0 .0008
46 0 .00023
47 0 .00011
48 0 .00003
49 0 .00001
50 0 0
51 0 0
100 0 0
*parity 1 single
birth 1 F single 1
14 0 0
15 0 0
16 0 0
17 0 0
18 0 0
19 0 0
20 0 .00676
21 0 .00001
22 0 .00001
23 0 .00001
24 0 .00001
25 0 .00994
26 0 .00001
27 0 .00855
28 0 .00001
29 0 .00001
30 0 .00001
31 0 .00001
32 0 .00001
33 0 .00001
34 0 0
35 0 0
36 0 0
37 0 0
38 0 0
39 0 0
40 0 0
41 0 0
42 0 .00028
43 0 .00003
44 0 .0001
45 0 .00001
46 0 0
47 0 0
48 0 0
49 0 0
50 0 0
51 0 0
100 0 0
*parity 1 widowed
birth 1 F widowed 1
14 0 0
15 0 0
16 0 0
17 0 0
18 0 .00001
19 0 .01288
20 0 .02173
21 0 .01021
22 0 .00593
23 0 .0056
24 0 .00701
25 0 .00799
26 0 .00525
27 0 .00275
28 0 .0028
29 0 .00186
30 0 .00135
31 0 .00104
32 0 .00133
33 0 .00186
34 0 .00094
35 0 .00064
36 0 .00032
37 0 .00037
38 0 .00022
39 0 .00043
40 0 .0002
41 0 .00012
42 0 .00022
43 0 .00008
44 0 .00006
45 0 .00001
46 0 .00001
47 0 0
48 0 0
49 0 0
50 0 0
51 0 0
100 0 0
*parity 1 divorced
birth 1 F divorced 1
14 0 0
15 0 0
16 0 0
17 0 0
18 0 .00001
19 0 .01288
20 0 .02173
21 0 .01021
22 0 .00593
23 0 .0056
24 0 .00701
25 0 .00799
26 0 .00525
27 0 .00275
28 0 .0028
29 0 .00186
30 0 .00135
31 0 .00104
32 0 .00133
33 0 .00186
34 0 .00094
35 0 .00064
36 0 .00032
37 0 .00037
38 0 .00022
39 0 .00043
40 0 .0002
41 0 .00012
42 0 .00022
43 0 .00008
44 0 .00006
45 0 .00001
46 0 .00001
47 0 0
48 0 0
49 0 0
50 0 0
51 0 0
100 0 0
*parity 2 married
birth 1 F married 2
14 0 0
15 0 0
16 0 .00001
17 0 .00003
18 0 .00012
19 0 .02182
20 0 .01775
21 0 .01821
22 0 .01667
23 0 .01851
24 0 .01604
25 0 .01389
26 0 .01223
27 0 .01257
28 0 .01157
29 0 .01163
30 0 .01133
31 0 .01028
32 0 .00899
33 0 .00847
34 0 .00809
35 0 .00715
36 0 .00648
37 0 .00624
38 0 .00555
39 0 .00485
40 0 .00412
41 0 .00328
42 0 .00247
43 0 .00188
44 0 .00125
45 0 .00089
46 0 .00054
47 0 .00032
48 0 .00017
49 0 .00009
50 0 .00004
51 0 .00002
100 0 0
*parity 2 single
birth 1 F single 2
14 0 0
15 0 0
16 0 0
17 0 0
18 0 0
19 0 0
20 0 0
21 0 0
22 0 .00001
23 0 .00001
24 0 .00001
25 0 .00001
26 0 .00002
27 0 .00002
28 0 .00002
29 0 .01312
30 0 .00002
31 0 .00002
32 0 .00002
33 0 .00002
34 0 .00001
35 0 .00001
36 0 .00001
37 0 .00001
38 0 .00001
39 0 .00001
40 0 .00001
41 0 .00001
42 0 0
43 0 .00195
44 0 .00134
45 0 .00015
46 0 .00012
47 0 .00014
48 0 .00003
49 0 .00003
50 0 0
51 0 0
100 0 0
*parity 2 widowed
birth 1 F widowed 2
14 0 0
15 0 0
16 0 0
17 0 0
18 0 0
19 0 0
20 0 .00001
21 0 .00647
22 0 .00329
23 0 .00398
24 0 .0029
25 0 .00381
26 0 .0019
27 0 .00149
28 0 .00145
29 0 .00145
30 0 .00092
31 0 .00075
32 0 .00086
33 0 .00055
34 0 .00047
35 0 .0004
36 0 .00038
37 0 .00025
38 0 .00024
39 0 .00019
40 0 .00019
41 0 .00011
42 0 .00008
43 0 .00006
44 0 .00004
45 0 .00002
46 0 .00002
47 0 .00001
48 0 .00001
49 0 0
50 0 0
51 0 0
100 0 0
*parity 2 divorced
birth 1 F divorced 2
14 0 0
15 0 0
16 0 0
17 0 0
18 0 0
19 0 0
20 0 .00001
21 0 .00647
22 0 .00329
23 0 .00398
24 0 .0029
25 0 .00381
26 0 .0019
27 0 .00149
28 0 .00145
29 0 .00145
30 0 .00092
31 0 .00075
32 0 .00086
33 0 .00055
34 0 .00047
35 0 .0004
36 0 .00038
37 0 .00025
38 0 .00024
39 0 .00019
40 0 .00019
41 0 .00011
42 0 .00008
43 0 .00006
44 0 .00004
45 0 .00002
46 0 .00002
47 0 .00001
48 0 .00001
49 0 0
50 0 0
51 0 0
100 0 0
