*parity 0 married
birth 1 F married 0
14 0 0
15 0 .00016
16 0 .00086
17 0 .02743
18 0 .02595
19 0 .03663
20 0 .04438
21 0 .05664
22 0 .05682
23 0 .07258
24 0 .07936
25 0 .07925
26 0 .06241
27 0 .04294
28 0 .07513
29 0 .04494
30 0 .03283
31 0 .01894
32 0 .0114
33 0 .01053
34 0 .01124
35 0 .00692
36 0 .00758
37 0 .0046
38 0 .00499
39 0 .00346
40 0 .00218
41 0 .00145
42 0 .00117
43 0 .00073
44 0 .00046
45 0 .00026
46 0 .00013
47 0 .00006
48 0 .00003
49 0 .00002
50 0 0
51 0 0
100 0 0
*parity 0 single
birth 1 F single 0
14 0 0
15 0 0
16 0 0
17 0 .00001
18 0 .00002
19 0 .00003
20 0 .00004
21 0 .00005
22 0 .00005
23 0 .00005
24 0 .00005
25 0 .00004
26 0 .00004
27 0 .00003
28 0 .00002
29 0 .00003
30 0 .00002
31 0 .00002
32 0 .00002
33 0 .00002
34 0 .00001
35 0 .00001
36 0 .00001
37 0 .00001
38 0 .00001
39 0 .00001
40 0 .00001
41 0 .00001
42 0 0
43 0 .00001
44 0 0
45 0 0
46 0 0
47 0 0
48 0 0
49 0 0
50 0 0
51 0 0
100 0 0
*parity 0 widowed
birth 1 F widowed 0
14 0 0
15 0 0
16 0 .00002
17 0 .00005
18 0 .0376
19 0 .02207
20 0 .00018
21 0 .09444
22 0 .06031
23 0 .0531
24 0 .01499
25 0 .01364
26 0 .01612
27 0 .01594
28 0 .01617
29 0 .00596
30 0 .00404
31 0 .00416
32 0 .00116
33 0 .00149
34 0 .00134
35 0 .00116
36 0 .0008
37 0 .00083
38 0 .00028
39 0 .00024
40 0 .00062
41 0 .00032
42 0 .00014
43 0 .00005
44 0 .00005
45 0 .00002
46 0 .00001
47 0 0
48 0 0
49 0 0
50 0 0
51 0 0
100 0 0
*parity 0 divorced
birth 1 F divorced 0
14 0 0
15 0 0
16 0 .00002
17 0 .00005
18 0 .0376
19 0 .02207
20 0 .00018
21 0 .09444
22 0 .06031
23 0 .0531
24 0 .01499
25 0 .01364
26 0 .01612
27 0 .01594
28 0 .01617
29 0 .00596
30 0 .00404
31 0 .00416
32 0 .00116
33 0 .00149
34 0 .00134
35 0 .00116
36 0 .0008
37 0 .00083
38 0 .00028
39 0 .00024
40 0 .00062
41 0 .00032
42 0 .00014
43 0 .00005
44 0 .00005
45 0 .00002
46 0 .00001
47 0 0
48 0 0
49 0 0
50 0 0
51 0 0
100 0 0
*parity 1 married
birth 1 F married 1
14 0 0
15 0 0
16 0 .00008
17 0 .00032
18 0 .02394
19 0 .04287
20 0 .04918
21 0 .04925
22 0 .05311
23 0 .0397
24 0 .03199
25 0 .03179
26 0 .03203
27 0 .03985
28 0 .05025
29 0 .03565
30 0 .02736
31 0 .02113
32 0 .01948
33 0 .01391
34 0 .01455
35 0 .01599
36 0 .01308
37 0 .00948
38 0 .00738
39 0 .00638
40 0 .00527
41 0 .00292
42 0 .00237
43 0 .00167
44 0 .00078
45 0 .00045
46 0 .00025
47 0 .00016
48 0 .00005
49 0 .00002
50 0 0
51 0 .00001
100 0 0
*parity 1 single
birth 1 F single 1
14 0 0
15 0 0
16 0 0
17 0 0
18 0 0
19 0 .00001
20 0 .00001
21 0 .00002
22 0 .00002
23 0 .0097
24 0 .00002
25 0 .01788
26 0 .00002
27 0 .00001
28 0 .00001
29 0 .00921
30 0 .00001
31 0 .00001
32 0 .00001
33 0 0
34 0 .0017
35 0 .00285
36 0 0
37 0 0
38 0 0
39 0 0
40 0 0
41 0 .00074
42 0 .00051
43 0 0
44 0 0
45 0 0
46 0 0
47 0 0
48 0 0
49 0 0
50 0 0
51 0 0
100 0 0
*parity 1 widowed
birth 1 F widowed 1
14 0 0
15 0 0
16 0 0
17 0 .00001
18 0 .02627
19 0 .05719
20 0 .03969
21 0 .0106
22 0 .0256
23 0 .00715
24 0 .02237
25 0 .02086
26 0 .00703
27 0 .00377
28 0 .00571
29 0 .00379
30 0 .00185
31 0 .0012
32 0 .00101
33 0 .00082
34 0 .00068
35 0 .00069
36 0 .00054
37 0 .00043
38 0 .00026
39 0 .00024
40 0 .00016
41 0 .00017
42 0 .00008
43 0 .00004
44 0 .00003
45 0 .00001
46 0 .00001
47 0 .00001
48 0 0
49 0 0
50 0 0
51 0 0
100 0 0
*parity 1 divorced
birth 1 F divorced 1
14 0 0
15 0 0
16 0 0
17 0 .00001
18 0 .02627
19 0 .05719
20 0 .03969
21 0 .0106
22 0 .0256
23 0 .00715
24 0 .02237
25 0 .02086
26 0 .00703
27 0 .00377
28 0 .00571
29 0 .00379
30 0 .00185
31 0 .0012
32 0 .00101
33 0 .00082
34 0 .00068
35 0 .00069
36 0 .00054
37 0 .00043
38 0 .00026
39 0 .00024
40 0 .00016
41 0 .00017
42 0 .00008
43 0 .00004
44 0 .00003
45 0 .00001
46 0 .00001
47 0 .00001
48 0 0
49 0 0
50 0 0
51 0 0
100 0 0
*parity 2 married
birth 1 F married 2
14 0 0
15 0 0
16 0 .00001
17 0 .00003
18 0 .00015
19 0 .01167
20 0 .01386
21 0 .01568
22 0 .0177
23 0 .01872
24 0 .02065
25 0 .02104
26 0 .02041
27 0 .01859
28 0 .01713
29 0 .01541
30 0 .01626
31 0 .01467
32 0 .01452
33 0 .01331
34 0 .0127
35 0 .01152
36 0 .01078
37 0 .01002
38 0 .00925
39 0 .00821
40 0 .00781
41 0 .00608
42 0 .00463
43 0 .0033
44 0 .00253
45 0 .0017
46 0 .00105
47 0 .00065
48 0 .00033
49 0 .00018
50 0 .00008
51 0 .00003
100 0 0
*parity 2 single
birth 1 F single 2
14 0 0
15 0 0
16 0 0
17 0 0
18 0 0
19 0 0
20 0 0
21 0 .00001
22 0 .00001
23 0 .00002
24 0 .00002
25 0 .00002
26 0 .02497
27 0 .00003
28 0 .00003
29 0 .00003
30 0 .00003
31 0 .02416
32 0 .02236
33 0 .00002
34 0 .00002
35 0 .00002
36 0 .00002
37 0 .00002
38 0 .00002
39 0 .01447
40 0 .00001
41 0 .00001
42 0 .00001
43 0 .00517
44 0 .004
45 0 0
46 0 0
47 0 0
48 0 0
49 0 0
50 0 0
51 0 0
100 0 0
*parity 2 widowed
birth 1 F widowed 2
14 0 0
15 0 0
16 0 0
17 0 0
18 0 0
19 0 .01356
20 0 .00895
21 0 .00558
22 0 .00738
23 0 .01258
24 0 .0085
25 0 .00497
26 0 .00647
27 0 .00413
28 0 .00264
29 0 .00292
30 0 .00249
31 0 .00252
32 0 .00206
33 0 .00173
34 0 .0015
35 0 .00128
36 0 .00091
37 0 .00095
38 0 .00082
39 0 .00073
40 0 .00052
41 0 .00042
42 0 .00032
43 0 .00025
44 0 .00017
45 0 .00012
46 0 .00006
47 0 .00004
48 0 .00002
49 0 .00001
50 0 0
51 0 0
100 0 0
*parity 2 divorced
birth 1 F divorced 2
14 0 0
15 0 0
16 0 0
17 0 0
18 0 0
19 0 .01356
20 0 .00895
21 0 .00558
22 0 .00738
23 0 .01258
24 0 .0085
25 0 .00497
26 0 .00647
27 0 .00413
28 0 .00264
29 0 .00292
30 0 .00249
31 0 .00252
32 0 .00206
33 0 .00173
34 0 .0015
35 0 .00128
36 0 .00091
37 0 .00095
38 0 .00082
39 0 .00073
40 0 .00052
41 0 .00042
42 0 .00032
43 0 .00025
44 0 .00017
45 0 .00012
46 0 .00006
47 0 .00004
48 0 .00002
49 0 .00001
50 0 0
51 0 0
100 0 0
