*parity 0 married
birth 1 F married 0
14 0 0
15 0 .00019
16 0 .00095
17 0 .05665
18 0 .04833
19 0 .04172
20 0 .05138
21 0 .05978
22 0 .06766
23 0 .06469
24 0 .04864
25 0 .04875
26 0 .03607
27 0 .02514
28 0 .01907
29 0 .01304
30 0 .009
31 0 .00859
32 0 .00593
33 0 .00531
34 0 .00358
35 0 .00308
36 0 .00254
37 0 .00202
38 0 .002
39 0 .00154
40 0 .00159
41 0 .00101
42 0 .00095
43 0 .00052
44 0 .00036
45 0 .00021
46 0 .00012
47 0 .00007
48 0 .00002
49 0 .00001
50 0 0
51 0 0
100 0 0
*parity 0 single
birth 1 F single 0
14 0 0
15 0 0
16 0 0
17 0 0
18 0 .00001
19 0 .00002
20 0 .00002
21 0 .00003
22 0 .00002
23 0 .00002
24 0 .00002
25 0 .00002
26 0 .00002
27 0 .00002
28 0 .00002
29 0 .00001
30 0 .00001
31 0 .00001
32 0 .00001
33 0 .00001
34 0 .00001
35 0 .00001
36 0 .00001
37 0 .00002
38 0 .00002
39 0 .00002
40 0 .00002
41 0 .00003
42 0 .00002
43 0 .00001
44 0 .00001
45 0 .00001
46 0 .00001
47 0 0
48 0 0
49 0 0
50 0 0
51 0 0
100 0 0
*parity 0 widowed
birth 1 F widowed 0
14 0 0
15 0 0
16 0 .00001
17 0 .01392
18 0 .02772
19 0 .01975
20 0 .04912
21 0 .01724
22 0 .0101
23 0 .01414
24 0 .00005
25 0 .00991
26 0 .00328
27 0 .00235
28 0 .00278
29 0 .00242
30 0 .00189
31 0 .00076
32 0 .00057
33 0 .00036
34 0 .00038
35 0 .00016
36 0 .00019
37 0 .00019
38 0 .00009
39 0 .00007
40 0 .00007
41 0 .00005
42 0 .00003
43 0 .00002
44 0 .00001
45 0 .00001
46 0 0
47 0 0
48 0 0
49 0 0
50 0 0
51 0 0
100 0 0
*parity 0 divorced
birth 1 F divorced 0
14 0 0
15 0 0
16 0 .00001
17 0 .01392
18 0 .02772
19 0 .01975
20 0 .04912
21 0 .01724
22 0 .0101
23 0 .01414
24 0 .00005
25 0 .00991
26 0 .00328
27 0 .00235
28 0 .00278
29 0 .00242
30 0 .00189
31 0 .00076
32 0 .00057
33 0 .00036
34 0 .00038
35 0 .00016
36 0 .00019
37 0 .00019
38 0 .00009
39 0 .00007
40 0 .00007
41 0 .00005
42 0 .00003
43 0 .00002
44 0 .00001
45 0 .00001
46 0 0
47 0 0
48 0 0
49 0 0
50 0 0
51 0 0
100 0 0
*parity 1 married
birth 1 F married 1
14 0 0
15 0 0
16 0 .00008
17 0 .00031
18 0 .03195
19 0 .02496
20 0 .03475
21 0 .04999
22 0 .05313
23 0 .06038
24 0 .08338
25 0 .07281
26 0 .08559
27 0 .06023
28 0 .0531
29 0 .07701
30 0 .06041
31 0 .03914
32 0 .0604
33 0 .04801
34 0 .02319
35 0 .02984
36 0 .0246
37 0 .0157
38 0 .00924
39 0 .00502
40 0 .00415
41 0 .00244
42 0 .00171
43 0 .00142
44 0 .00083
45 0 .00034
46 0 .00017
47 0 .00009
48 0 .00003
49 0 .00001
50 0 .00001
51 0 0
100 0 0
*parity 1 single
birth 1 F single 1
14 0 0
15 0 0
16 0 0
17 0 0
18 0 0
19 0 0
20 0 .00457
21 0 .00001
22 0 .00001
23 0 .00001
24 0 .00001
25 0 .00722
26 0 .00623
27 0 .00001
28 0 .00451
29 0 .00421
30 0 .00001
31 0 .00095
32 0 .0022
33 0 .00018
34 0 .00014
35 0 .00011
36 0 .00005
37 0 .00003
38 0 .00005
39 0 .00004
40 0 .00002
41 0 .00004
42 0 .00004
43 0 .00003
44 0 .00002
45 0 .00002
46 0 0
47 0 0
48 0 0
49 0 0
50 0 0
51 0 0
100 0 0
*parity 1 widowed
birth 1 F widowed 1
14 0 0
15 0 0
16 0 0
17 0 0
18 0 .00001
19 0 .00002
20 0 .02057
21 0 .00706
22 0 .01161
23 0 .01759
24 0 .01164
25 0 .03248
26 0 .01403
27 0 .00004
28 0 .00508
29 0 .00631
30 0 .00513
31 0 .00214
32 0 .00247
33 0 .00166
34 0 .00097
35 0 .00063
36 0 .00118
37 0 .00071
38 0 .00045
39 0 .00039
40 0 .00013
41 0 .00012
42 0 .00015
43 0 .00004
44 0 .00002
45 0 .00002
46 0 .00001
47 0 0
48 0 0
49 0 0
50 0 0
51 0 0
100 0 0
*parity 1 divorced
birth 1 F divorced 1
14 0 0
15 0 0
16 0 0
17 0 0
18 0 .00001
19 0 .00002
20 0 .02057
21 0 .00706
22 0 .01161
23 0 .01759
24 0 .01164
25 0 .03248
26 0 .01403
27 0 .00004
28 0 .00508
29 0 .00631
30 0 .00513
31 0 .00214
32 0 .00247
33 0 .00166
34 0 .00097
35 0 .00063
36 0 .00118
37 0 .00071
38 0 .00045
39 0 .00039
40 0 .00013
41 0 .00012
42 0 .00015
43 0 .00004
44 0 .00002
45 0 .00002
46 0 .00001
47 0 0
48 0 0
49 0 0
50 0 0
51 0 0
100 0 0
*parity 2 married
birth 1 F married 2
14 0 0
15 0 0
16 0 .00001
17 0 .00003
18 0 .00014
19 0 .03439
20 0 .02305
21 0 .02318
22 0 .0244
23 0 .02402
24 0 .02066
25 0 .02079
26 0 .01927
27 0 .01841
28 0 .01951
29 0 .0175
30 0 .01772
31 0 .0154
32 0 .01516
33 0 .01298
34 0 .01355
35 0 .01224
36 0 .01017
37 0 .01018
38 0 .0085
39 0 .00834
40 0 .00647
41 0 .0054
42 0 .00392
43 0 .00285
44 0 .00208
45 0 .00144
46 0 .0009
47 0 .00054
48 0 .00031
49 0 .00015
50 0 .00007
51 0 .00003
100 0 0
*parity 2 single
birth 1 F single 2
14 0 0
15 0 0
16 0 0
17 0 0
18 0 0
19 0 0
20 0 0
21 0 0
22 0 .00001
23 0 .00001
24 0 .00001
25 0 .00001
26 0 .00002
27 0 .01006
28 0 .00002
29 0 .00002
30 0 .00997
31 0 .00002
32 0 .00279
33 0 .00399
34 0 .00737
35 0 .0014
36 0 .00216
37 0 .00061
38 0 .00059
39 0 .00036
40 0 .00032
41 0 .00014
42 0 .00019
43 0 .00013
44 0 .00008
45 0 .00008
46 0 .00005
47 0 .00002
48 0 .00001
49 0 .00001
50 0 0
51 0 0
100 0 0
*parity 2 widowed
birth 1 F widowed 2
14 0 0
15 0 0
16 0 0
17 0 0
18 0 0
19 0 0
20 0 .00001
21 0 .00002
22 0 .01055
23 0 .02777
24 0 .00704
25 0 .00506
26 0 .00282
27 0 .00377
28 0 .00288
29 0 .00205
30 0 .00149
31 0 .00194
32 0 .00094
33 0 .00103
34 0 .0009
35 0 .00064
36 0 .00112
37 0 .00054
38 0 .0005
39 0 .0004
40 0 .00043
41 0 .00027
42 0 .00015
43 0 .00013
44 0 .00009
45 0 .00006
46 0 .00003
47 0 .00002
48 0 .00001
49 0 0
50 0 0
51 0 0
100 0 0
*parity 2 divorced
birth 1 F divorced 2
14 0 0
15 0 0
16 0 0
17 0 0
18 0 0
19 0 0
20 0 .00001
21 0 .00002
22 0 .01055
23 0 .02777
24 0 .00704
25 0 .00506
26 0 .00282
27 0 .00377
28 0 .00288
29 0 .00205
30 0 .00149
31 0 .00194
32 0 .00094
33 0 .00103
34 0 .0009
35 0 .00064
36 0 .00112
37 0 .00054
38 0 .0005
39 0 .0004
40 0 .00043
41 0 .00027
42 0 .00015
43 0 .00013
44 0 .00009
45 0 .00006
46 0 .00003
47 0 .00002
48 0 .00001
49 0 0
50 0 0
51 0 0
100 0 0
