*parity 0 married
birth 1 F married 0
14 0 0
15 0 .00022
16 0 .0009
17 0 .034
18 0 .02666
19 0 .02455
20 0 .02576
21 0 .02549
22 0 .02254
23 0 .0228
24 0 .02214
25 0 .02171
26 0 .01817
27 0 .01492
28 0 .01432
29 0 .01365
30 0 .01159
31 0 .01122
32 0 .00979
33 0 .00887
34 0 .0088
35 0 .00832
36 0 .00626
37 0 .00549
38 0 .00396
39 0 .00348
40 0 .00351
41 0 .00234
42 0 .00195
43 0 .0011
44 0 .00097
45 0 .00039
46 0 .00033
47 0 .00022
48 0 .00016
49 0 .00004
50 0 .00001
51 0 0
100 0 0
*parity 0 single
birth 1 F single 0
14 0 0
15 0 .00001
16 0 .00005
17 0 .0001
18 0 .00017
19 0 .00025
20 0 .00032
21 0 .00035
22 0 .00037
23 0 .00038
24 0 .00038
25 0 .00041
26 0 .00047
27 0 .00053
28 0 .00058
29 0 .00056
30 0 .00064
31 0 .00064
32 0 .00059
33 0 .00058
34 0 .00049
35 0 .00053
36 0 .00041
37 0 .00043
38 0 .00035
39 0 .00028
40 0 .00024
41 0 .0002
42 0 .00017
43 0 .00012
44 0 .00008
45 0 .00004
46 0 .00003
47 0 .00002
48 0 .00001
49 0 0
50 0 0
51 0 0
100 0 0
*parity 0 widowed
birth 1 F widowed 0
14 0 0
15 0 .00001
16 0 .00005
17 0 .06323
18 0 .06613
19 0 .02764
20 0 .02405
21 0 .02051
22 0 .03152
23 0 .01786
24 0 .01634
25 0 .01026
26 0 .00626
27 0 .00417
28 0 .00405
29 0 .00428
30 0 .00308
31 0 .00229
32 0 .00196
33 0 .00199
34 0 .00166
35 0 .00124
36 0 .00139
37 0 .00088
38 0 .00061
39 0 .0004
40 0 .00051
41 0 .00062
42 0 .00044
43 0 .00037
44 0 .00014
45 0 .0001
46 0 .0001
47 0 .00004
48 0 .00002
49 0 0
50 0 0
51 0 0
100 0 0
*parity 0 divorced
birth 1 F divorced 0
14 0 0
15 0 .00001
16 0 .00005
17 0 .06323
18 0 .06613
19 0 .02764
20 0 .02405
21 0 .02051
22 0 .03152
23 0 .01786
24 0 .01634
25 0 .01026
26 0 .00626
27 0 .00417
28 0 .00405
29 0 .00428
30 0 .00308
31 0 .00229
32 0 .00196
33 0 .00199
34 0 .00166
35 0 .00124
36 0 .00139
37 0 .00088
38 0 .00061
39 0 .0004
40 0 .00051
41 0 .00062
42 0 .00044
43 0 .00037
44 0 .00014
45 0 .0001
46 0 .0001
47 0 .00004
48 0 .00002
49 0 0
50 0 0
51 0 0
100 0 0
*parity 1 married
birth 1 F married 1
14 0 0
15 0 0
16 0 .00005
17 0 .12599
18 0 .03215
19 0 .02199
20 0 .01732
21 0 .02244
22 0 .01916
23 0 .01712
24 0 .01677
25 0 .01593
26 0 .01579
27 0 .01651
28 0 .01544
29 0 .01694
30 0 .01696
31 0 .01472
32 0 .01358
33 0 .01237
34 0 .00991
35 0 .01051
36 0 .00776
37 0 .00572
38 0 .00489
39 0 .00494
40 0 .00311
41 0 .00254
42 0 .00207
43 0 .00117
44 0 .00092
45 0 .00087
46 0 .00073
47 0 .00031
48 0 .0001
49 0 .00004
50 0 .00001
51 0 0
100 0 0
*parity 1 single
birth 1 F single 1
14 0 0
15 0 0
16 0 0
17 0 .00001
18 0 .01766
19 0 .03622
20 0 .00007
21 0 .0571
22 0 .02736
23 0 .12877
24 0 .04436
25 0 .07109
26 0 .00015
27 0 .00015
28 0 .03924
29 0 .08497
30 0 .00013
31 0 .00012
32 0 .0876
33 0 .14063
34 0 .05576
35 0 .03231
36 0 .07371
37 0 .02053
38 0 .00003
39 0 .02604
40 0 .00002
41 0 .00001
42 0 .00001
43 0 .0043
44 0 0
45 0 0
46 0 0
47 0 0
48 0 0
49 0 0
50 0 0
51 0 .00001
100 0 0
*parity 1 widowed
birth 1 F widowed 1
14 0 0
15 0 0
16 0 0
17 0 .00001
18 0 .01616
19 0 .01105
20 0 .01605
21 0 .00653
22 0 .00626
23 0 .00502
24 0 .00399
25 0 .00394
26 0 .00309
27 0 .00278
28 0 .00273
29 0 .00256
30 0 .00201
31 0 .00165
32 0 .00128
33 0 .00155
34 0 .00106
35 0 .00091
36 0 .00063
37 0 .00052
38 0 .00038
39 0 .00037
40 0 .00022
41 0 .00019
42 0 .00011
43 0 .00015
44 0 .00006
45 0 .00004
46 0 .00003
47 0 .00002
48 0 .00001
49 0 0
50 0 0
51 0 0
100 0 0
*parity 1 divorced
birth 1 F divorced 1
14 0 0
15 0 0
16 0 0
17 0 .00001
18 0 .01616
19 0 .01105
20 0 .01605
21 0 .00653
22 0 .00626
23 0 .00502
24 0 .00399
25 0 .00394
26 0 .00309
27 0 .00278
28 0 .00273
29 0 .00256
30 0 .00201
31 0 .00165
32 0 .00128
33 0 .00155
34 0 .00106
35 0 .00091
36 0 .00063
37 0 .00052
38 0 .00038
39 0 .00037
40 0 .00022
41 0 .00019
42 0 .00011
43 0 .00015
44 0 .00006
45 0 .00004
46 0 .00003
47 0 .00002
48 0 .00001
49 0 0
50 0 0
51 0 0
100 0 0
*parity 2 married
birth 1 F married 2
14 0 0
15 0 0
16 0 0
17 0 .00001
18 0 .00304
19 0 .00566
20 0 .00854
21 0 .00836
22 0 .0099
23 0 .01121
24 0 .01294
25 0 .01159
26 0 .01135
27 0 .01014
28 0 .00983
29 0 .00868
30 0 .00782
31 0 .00721
32 0 .00681
33 0 .00535
34 0 .00523
35 0 .00421
36 0 .00389
37 0 .00327
38 0 .00279
39 0 .00225
40 0 .00169
41 0 .00132
42 0 .00091
43 0 .00067
44 0 .00045
45 0 .0003
46 0 .00016
47 0 .00009
48 0 .00004
49 0 .00002
50 0 .00001
51 0 0
100 0 0
*parity 2 single
birth 1 F single 2
14 0 0
15 0 0
16 0 0
17 0 0
18 0 0
19 0 .00001
20 0 .02909
21 0 .0179
22 0 .04294
23 0 .03032
24 0 .01213
25 0 .01769
26 0 .01813
27 0 .03086
28 0 .0153
29 0 .02105
30 0 .02324
31 0 .02038
32 0 .02075
33 0 .03674
34 0 .02033
35 0 .02632
36 0 .01926
37 0 .01586
38 0 .01997
39 0 .03446
40 0 .01404
41 0 .01151
42 0 .01155
43 0 .01012
44 0 .00001
45 0 .00447
46 0 .00001
47 0 0
48 0 0
49 0 0
50 0 .00024
51 0 0
100 0 0
*parity 2 widowed
birth 1 F widowed 2
14 0 0
15 0 0
16 0 0
17 0 0
18 0 .00397
19 0 .01166
20 0 .00666
21 0 .00351
22 0 .00437
23 0 .00555
24 0 .00513
25 0 .00337
26 0 .00277
27 0 .00347
28 0 .00263
29 0 .00198
30 0 .00172
31 0 .00145
32 0 .00125
33 0 .00109
34 0 .0008
35 0 .0006
36 0 .00055
37 0 .00046
38 0 .00038
39 0 .00025
40 0 .00022
41 0 .00013
42 0 .0001
43 0 .00006
44 0 .00004
45 0 .00003
46 0 .00002
47 0 .00001
48 0 0
49 0 0
50 0 0
51 0 0
100 0 0
*parity 2 divorced
birth 1 F divorced 2
14 0 0
15 0 0
16 0 0
17 0 0
18 0 .00397
19 0 .01166
20 0 .00666
21 0 .00351
22 0 .00437
23 0 .00555
24 0 .00513
25 0 .00337
26 0 .00277
27 0 .00347
28 0 .00263
29 0 .00198
30 0 .00172
31 0 .00145
32 0 .00125
33 0 .00109
34 0 .0008
35 0 .0006
36 0 .00055
37 0 .00046
38 0 .00038
39 0 .00025
40 0 .00022
41 0 .00013
42 0 .0001
43 0 .00006
44 0 .00004
45 0 .00003
46 0 .00002
47 0 .00001
48 0 0
49 0 0
50 0 0
51 0 0
100 0 0
