*parity 0 married
birth 1 F married 0
14 0 0
15 0 .00025
16 0 .00107
17 0 .04573
18 0 .03263
19 0 .0389
20 0 .03537
21 0 .03359
22 0 .02761
23 0 .02664
24 0 .02395
25 0 .02384
26 0 .01743
27 0 .01608
28 0 .01388
29 0 .0141
30 0 .01325
31 0 .0088
32 0 .0071
33 0 .0063
34 0 .00533
35 0 .00405
36 0 .00304
37 0 .00246
38 0 .00217
39 0 .00142
40 0 .00103
41 0 .0007
42 0 .00043
43 0 .0003
44 0 .00019
45 0 .00011
46 0 .00006
47 0 .00003
48 0 .00001
49 0 0
50 0 0
51 0 0
100 0 0
*parity 0 single
birth 1 F single 0
14 0 0
15 0 0
16 0 0
17 0 0
18 0 .00001
19 0 .00001
20 0 .00002
21 0 .00002
22 0 .00002
23 0 .00002
24 0 .00002
25 0 .00002
26 0 .00002
27 0 .00002
28 0 .00002
29 0 .00002
30 0 .00002
31 0 .00002
32 0 .00002
33 0 .00002
34 0 .00001
35 0 .00001
36 0 .00001
37 0 .00001
38 0 .00001
39 0 .00001
40 0 .00001
41 0 0
42 0 .00001
43 0 0
44 0 0
45 0 0
46 0 0
47 0 0
48 0 0
49 0 0
50 0 0
51 0 0
100 0 0
*parity 0 widowed
birth 1 F widowed 0
14 0 0
15 0 0
16 0 .00001
17 0 .00002
18 0 .00648
19 0 .00899
20 0 .01013
21 0 .00863
22 0 .00467
23 0 .0039
24 0 .00482
25 0 .00334
26 0 .0027
27 0 .0015
28 0 .00158
29 0 .00095
30 0 .00067
31 0 .00067
32 0 .00049
33 0 .00044
34 0 .00053
35 0 .00029
36 0 .00032
37 0 .00024
38 0 .00011
39 0 .00015
40 0 .00004
41 0 .00004
42 0 .00002
43 0 .00001
44 0 .00001
45 0 .00001
46 0 0
47 0 0
48 0 0
49 0 0
50 0 0
51 0 0
100 0 0
*parity 0 divorced
birth 1 F divorced 0
14 0 0
15 0 0
16 0 .00001
17 0 .00002
18 0 .00648
19 0 .00899
20 0 .01013
21 0 .00863
22 0 .00467
23 0 .0039
24 0 .00482
25 0 .00334
26 0 .0027
27 0 .0015
28 0 .00158
29 0 .00095
30 0 .00067
31 0 .00067
32 0 .00049
33 0 .00044
34 0 .00053
35 0 .00029
36 0 .00032
37 0 .00024
38 0 .00011
39 0 .00015
40 0 .00004
41 0 .00004
42 0 .00002
43 0 .00001
44 0 .00001
45 0 .00001
46 0 0
47 0 0
48 0 0
49 0 0
50 0 0
51 0 0
100 0 0
*parity 1 married
birth 1 F married 1
14 0 0
15 0 0
16 0 .00006
17 0 .19307
18 0 .02487
19 0 .01933
20 0 .02073
21 0 .02169
22 0 .02695
23 0 .03621
24 0 .0276
25 0 .03077
26 0 .02817
27 0 .02869
28 0 .02383
29 0 .02622
30 0 .02623
31 0 .02868
32 0 .02535
33 0 .02318
34 0 .01724
35 0 .02243
36 0 .01756
37 0 .01925
38 0 .0154
39 0 .00838
40 0 .00673
41 0 .00523
42 0 .0024
43 0 .00194
44 0 .00129
45 0 .0008
46 0 .00042
47 0 .00031
48 0 .00009
49 0 .00002
50 0 .00001
51 0 .00001
100 0 0
*parity 1 single
birth 1 F single 1
14 0 0
15 0 0
16 0 0
17 0 0
18 0 0
19 0 0
20 0 0
21 0 .00001
22 0 .00001
23 0 .00322
24 0 .00001
25 0 .00001
26 0 .00001
27 0 .00001
28 0 .00602
29 0 .00001
30 0 .00001
31 0 .00001
32 0 0
33 0 0
34 0 .00275
35 0 0
36 0 .00056
37 0 0
38 0 0
39 0 0
40 0 0
41 0 0
42 0 0
43 0 0
44 0 0
45 0 0
46 0 0
47 0 0
48 0 0
49 0 0
50 0 0
51 0 0
100 0 0
*parity 1 widowed
birth 1 F widowed 1
14 0 0
15 0 0
16 0 0
17 0 0
18 0 .00001
19 0 .00949
20 0 .00492
21 0 .00698
22 0 .00372
23 0 .00652
24 0 .00712
25 0 .00346
26 0 .00204
27 0 .00277
28 0 .00203
29 0 .00201
30 0 .00121
31 0 .00096
32 0 .00111
33 0 .00112
34 0 .00111
35 0 .00094
36 0 .00052
37 0 .00073
38 0 .00035
39 0 .00018
40 0 .00013
41 0 .00013
42 0 .00008
43 0 .00007
44 0 .00002
45 0 .00001
46 0 0
47 0 0
48 0 0
49 0 0
50 0 0
51 0 0
100 0 0
*parity 1 divorced
birth 1 F divorced 1
14 0 0
15 0 0
16 0 0
17 0 0
18 0 .00001
19 0 .00949
20 0 .00492
21 0 .00698
22 0 .00372
23 0 .00652
24 0 .00712
25 0 .00346
26 0 .00204
27 0 .00277
28 0 .00203
29 0 .00201
30 0 .00121
31 0 .00096
32 0 .00111
33 0 .00112
34 0 .00111
35 0 .00094
36 0 .00052
37 0 .00073
38 0 .00035
39 0 .00018
40 0 .00013
41 0 .00013
42 0 .00008
43 0 .00007
44 0 .00002
45 0 .00001
46 0 0
47 0 0
48 0 0
49 0 0
50 0 0
51 0 0
100 0 0
*parity 2 married
birth 1 F married 2
14 0 0
15 0 0
16 0 0
17 0 .00002
18 0 .00009
19 0 .03268
20 0 .01647
21 0 .0217
22 0 .02036
23 0 .01748
24 0 .01701
25 0 .01417
26 0 .01544
27 0 .01407
28 0 .01475
29 0 .01316
30 0 .01168
31 0 .01078
32 0 .01029
33 0 .00899
34 0 .00841
35 0 .00679
36 0 .00618
37 0 .00566
38 0 .00481
39 0 .00419
40 0 .00389
41 0 .00291
42 0 .00232
43 0 .00163
44 0 .00119
45 0 .00075
46 0 .00046
47 0 .00027
48 0 .00015
49 0 .00007
50 0 .00003
51 0 .00001
100 0 0
*parity 2 single
birth 1 F single 2
14 0 0
15 0 0
16 0 0
17 0 0
18 0 0
19 0 0
20 0 0
21 0 0
22 0 0
23 0 0
24 0 .00001
25 0 .00001
26 0 .00001
27 0 .00001
28 0 .00001
29 0 .00001
30 0 .00001
31 0 .00723
32 0 .00001
33 0 .00001
34 0 .00001
35 0 .00001
36 0 .00001
37 0 .00001
38 0 .00379
39 0 0
40 0 0
41 0 0
42 0 0
43 0 0
44 0 0
45 0 0
46 0 .00027
47 0 0
48 0 0
49 0 0
50 0 0
51 0 0
100 0 0
*parity 2 widowed
birth 1 F widowed 2
14 0 0
15 0 0
16 0 0
17 0 0
18 0 0
19 0 0
20 0 .00404
21 0 .00781
22 0 .00625
23 0 .0052
24 0 .00515
25 0 .00214
26 0 .00184
27 0 .00225
28 0 .00196
29 0 .00147
30 0 .00095
31 0 .00146
32 0 .00114
33 0 .00058
34 0 .00053
35 0 .00047
36 0 .00047
37 0 .00025
38 0 .00023
39 0 .00018
40 0 .00015
41 0 .0001
42 0 .00008
43 0 .00005
44 0 .00004
45 0 .00002
46 0 .00001
47 0 .00001
48 0 0
49 0 0
50 0 0
51 0 0
100 0 0
*parity 2 divorced
birth 1 F divorced 2
14 0 0
15 0 0
16 0 0
17 0 0
18 0 0
19 0 0
20 0 .00404
21 0 .00781
22 0 .00625
23 0 .0052
24 0 .00515
25 0 .00214
26 0 .00184
27 0 .00225
28 0 .00196
29 0 .00147
30 0 .00095
31 0 .00146
32 0 .00114
33 0 .00058
34 0 .00053
35 0 .00047
36 0 .00047
37 0 .00025
38 0 .00023
39 0 .00018
40 0 .00015
41 0 .0001
42 0 .00008
43 0 .00005
44 0 .00004
45 0 .00002
46 0 .00001
47 0 .00001
48 0 0
49 0 0
50 0 0
51 0 0
100 0 0
