*parity 0 married
birth 1 F married 0
14 0 0
15 0 .00012
16 0 .00051
17 0 .03118
18 0 .01888
19 0 .01974
20 0 .01946
21 0 .01828
22 0 .01802
23 0 .01643
24 0 .01658
25 0 .01609
26 0 .01407
27 0 .01399
28 0 .01087
29 0 .00799
30 0 .00745
31 0 .00638
32 0 .00528
33 0 .00515
34 0 .00457
35 0 .00384
36 0 .00321
37 0 .00291
38 0 .00218
39 0 .00183
40 0 .0015
41 0 .00102
42 0 .00077
43 0 .00057
44 0 .00042
45 0 .00019
46 0 .00008
47 0 .00004
48 0 .00002
49 0 .00001
50 0 0
51 0 0
100 0 0
*parity 0 single
birth 1 F single 0
14 0 0
15 0 .0001
16 0 .00041
17 0 .00082
18 0 .00145
19 0 .00215
20 0 .00277
21 0 .00313
22 0 .00333
23 0 .00336
24 0 .00344
25 0 .00345
26 0 .00379
27 0 .00382
28 0 .0044
29 0 .00499
30 0 .00502
31 0 .00536
32 0 .00607
33 0 .00553
34 0 .0059
35 0 .005
36 0 .0049
37 0 .00486
38 0 .00449
39 0 .00347
40 0 .00294
41 0 .00334
42 0 .00239
43 0 .00139
44 0 .00168
45 0 .00092
46 0 .00048
47 0 .00026
48 0 .0001
49 0 .00003
50 0 .00001
51 0 .00001
100 0 0
*parity 0 widowed
birth 1 F widowed 0
14 0 0
15 0 .00003
16 0 .00014
17 0 .36028
18 0 .00043
19 0 .42525
20 0 .16847
21 0 .0007
22 0 2.21424
23 0 .00062
24 0 .00057
25 0 .86633
26 0 .40746
27 0 .34999
28 0 1.34988
29 0 .53988
30 0 .07902
31 0 .06938
32 0 .04763
33 0 .03317
34 0 .01539
35 0 .02265
36 0 .01638
37 0 .0104
38 0 .0041
39 0 .00581
40 0 .00242
41 0 .00175
42 0 .00133
43 0 .00074
44 0 .00029
45 0 .00013
46 0 .00006
47 0 .00002
48 0 .00001
49 0 0
50 0 0
51 0 0
100 0 0
*parity 0 divorced
birth 1 F divorced 0
14 0 0
15 0 .00003
16 0 .00014
17 0 .36028
18 0 .00043
19 0 .42525
20 0 .16847
21 0 .0007
22 0 2.21424
23 0 .00062
24 0 .00057
25 0 .86633
26 0 .40746
27 0 .34999
28 0 1.34988
29 0 .53988
30 0 .07902
31 0 .06938
32 0 .04763
33 0 .03317
34 0 .01539
35 0 .02265
36 0 .01638
37 0 .0104
38 0 .0041
39 0 .00581
40 0 .00242
41 0 .00175
42 0 .00133
43 0 .00074
44 0 .00029
45 0 .00013
46 0 .00006
47 0 .00002
48 0 .00001
49 0 0
50 0 0
51 0 0
100 0 0
*parity 1 married
birth 1 F married 1
14 0 0
15 0 0
16 0 .00003
17 0 .0001
18 0 .06715
19 0 .03366
20 0 .02076
21 0 .01951
22 0 .01766
23 0 .01456
24 0 .01463
25 0 .01564
26 0 .01274
27 0 .01437
28 0 .01453
29 0 .01651
30 0 .01917
31 0 .01141
32 0 .01097
33 0 .00803
34 0 .00684
35 0 .00635
36 0 .00579
37 0 .00543
38 0 .00522
39 0 .00556
40 0 .0084
41 0 .02441
42 0 .03093
43 0 .07347
44 0 .00003
45 0 .00734
46 0 .0023
47 0 .00528
48 0 .00071
49 0 .00037
50 0 .0001
51 0 .00004
100 0 0
*parity 1 single
birth 1 F single 1
14 0 0
15 0 0
16 0 .01921
17 0 .03258
18 0 .0462
19 0 .03675
20 0 .03188
21 0 .03239
22 0 .02801
23 0 .03469
24 0 .03175
25 0 .03478
26 0 .03694
27 0 .05457
28 0 .07441
29 0 .06943
30 0 .11607
31 0 .13071
32 0 .11769
33 0 .23275
34 0 .2918
35 0 .10935
36 0 .13587
37 0 .13859
38 0 .23561
39 0 .30723
40 0 .00014
41 0 .03175
42 0 .10061
43 0 .05973
44 0 .00002
45 0 .0179
46 0 .00311
47 0 0
48 0 0
49 0 0
50 0 0
51 0 0
100 0 0
*parity 1 widowed
birth 1 F widowed 1
14 0 0
15 0 0
16 0 .00001
17 0 .00003
18 0 .02869
19 0 .03072
20 0 .05903
21 0 .03429
22 0 .0283
23 0 .02034
24 0 .0208
25 0 .02193
26 0 .01647
27 0 .01387
28 0 .0139
29 0 .01284
30 0 .01082
31 0 .0089
32 0 .00787
33 0 .00535
34 0 .0048
35 0 .00452
36 0 .00383
37 0 .00317
38 0 .00438
39 0 .00571
40 0 .00863
41 0 .01327
42 0 .01121
43 0 .00499
44 0 .01198
45 0 .00599
46 0 .00156
47 0 0
48 0 .00029
49 0 .00005
50 0 .00002
51 0 .00001
100 0 0
*parity 1 divorced
birth 1 F divorced 1
14 0 0
15 0 0
16 0 .00001
17 0 .00003
18 0 .02869
19 0 .03072
20 0 .05903
21 0 .03429
22 0 .0283
23 0 .02034
24 0 .0208
25 0 .02193
26 0 .01647
27 0 .01387
28 0 .0139
29 0 .01284
30 0 .01082
31 0 .0089
32 0 .00787
33 0 .00535
34 0 .0048
35 0 .00452
36 0 .00383
37 0 .00317
38 0 .00438
39 0 .00571
40 0 .00863
41 0 .01327
42 0 .01121
43 0 .00499
44 0 .01198
45 0 .00599
46 0 .00156
47 0 0
48 0 .00029
49 0 .00005
50 0 .00002
51 0 .00001
100 0 0
*parity 2 married
birth 1 F married 2
14 0 0
15 0 0
16 0 0
17 0 .00001
18 0 .00355
19 0 .00386
20 0 .00675
21 0 .00837
22 0 .00876
23 0 .01219
24 0 .01138
25 0 .00974
26 0 .00997
27 0 .00843
28 0 .00677
29 0 .00654
30 0 .00569
31 0 .0055
32 0 .00499
33 0 .00451
34 0 .00402
35 0 .00349
36 0 .00313
37 0 .00249
38 0 .00226
39 0 .00182
40 0 .00137
41 0 .001
42 0 .00075
43 0 .00056
44 0 .00039
45 0 .00027
46 0 .00017
47 0 .0001
48 0 .00005
49 0 .00003
50 0 .00001
51 0 0
100 0 0
*parity 2 single
birth 1 F single 2
14 0 0
15 0 0
16 0 0
17 0 .01878
18 0 .01113
19 0 .01858
20 0 .01316
21 0 .01549
22 0 .0153
23 0 .01708
24 0 .01678
25 0 .01724
26 0 .01727
27 0 .01486
28 0 .01624
29 0 .01685
30 0 .01681
31 0 .0172
32 0 .02093
33 0 .01621
34 0 .02009
35 0 .02038
36 0 .01916
37 0 .02249
38 0 .01779
39 0 .01897
40 0 .02156
41 0 .01835
42 0 .01261
43 0 .01384
44 0 .00989
45 0 .00648
46 0 .00791
47 0 .00405
48 0 .00249
49 0 .0025
50 0 .00076
51 0 .00026
100 0 0
*parity 2 widowed
birth 1 F widowed 2
14 0 0
15 0 0
16 0 0
17 0 0
18 0 .00001
19 0 .00003
20 0 .01523
21 0 .01083
22 0 .01131
23 0 .01103
24 0 .00807
25 0 .0073
26 0 .00596
27 0 .00523
28 0 .00479
29 0 .00368
30 0 .00328
31 0 .00303
32 0 .00227
33 0 .00232
34 0 .00182
35 0 .00157
36 0 .00125
37 0 .00106
38 0 .00081
39 0 .00063
40 0 .00053
41 0 .00041
42 0 .0003
43 0 .0002
44 0 .00014
45 0 .00009
46 0 .00005
47 0 .00003
48 0 .00001
49 0 .00001
50 0 0
51 0 0
100 0 0
*parity 2 divorced
birth 1 F divorced 2
14 0 0
15 0 0
16 0 0
17 0 0
18 0 .00001
19 0 .00003
20 0 .01523
21 0 .01083
22 0 .01131
23 0 .01103
24 0 .00807
25 0 .0073
26 0 .00596
27 0 .00523
28 0 .00479
29 0 .00368
30 0 .00328
31 0 .00303
32 0 .00227
33 0 .00232
34 0 .00182
35 0 .00157
36 0 .00125
37 0 .00106
38 0 .00081
39 0 .00063
40 0 .00053
41 0 .00041
42 0 .0003
43 0 .0002
44 0 .00014
45 0 .00009
46 0 .00005
47 0 .00003
48 0 .00001
49 0 .00001
50 0 0
51 0 0
100 0 0
