*parity 0 married
birth 1 F married 0
14 0 0
15 0 .00017
16 0 .00088
17 0 .03823
18 0 .02971
19 0 .03548
20 0 .03972
21 0 .04578
22 0 .0565
23 0 .07535
24 0 .06222
25 0 .05793
26 0 .05487
27 0 .05384
28 0 .03593
29 0 .04798
30 0 .03976
31 0 .04024
32 0 .0137
33 0 .01392
34 0 .01141
35 0 .00684
36 0 .00584
37 0 .00578
38 0 .0042
39 0 .00333
40 0 .00251
41 0 .00177
42 0 .00112
43 0 .00088
44 0 .00053
45 0 .00028
46 0 .00014
47 0 .0001
48 0 .00003
49 0 .00002
50 0 0
51 0 .00001
100 0 0
*parity 0 single
birth 1 F single 0
14 0 0
15 0 0
16 0 0
17 0 .00001
18 0 .00001
19 0 .00002
20 0 .00003
21 0 .00004
22 0 .00004
23 0 .00004
24 0 .00004
25 0 .00004
26 0 .00003
27 0 .00003
28 0 .00003
29 0 .00002
30 0 .00002
31 0 .00002
32 0 .00001
33 0 .00001
34 0 .00001
35 0 .00001
36 0 .00001
37 0 .00001
38 0 .00001
39 0 .00001
40 0 .00001
41 0 .00001
42 0 0
43 0 0
44 0 0
45 0 0
46 0 0
47 0 0
48 0 0
49 0 0
50 0 0
51 0 0
100 0 0
*parity 0 widowed
birth 1 F widowed 0
14 0 0
15 0 0
16 0 .00002
17 0 .04347
18 0 .02786
19 0 .0259
20 0 .041
21 0 .03325
22 0 .01486
23 0 .01458
24 0 .01489
25 0 .00971
26 0 .01222
27 0 .00498
28 0 .00874
29 0 .00443
30 0 .00408
31 0 .00197
32 0 .0035
33 0 .00067
34 0 .00078
35 0 .00259
36 0 .00101
37 0 .00077
38 0 .00026
39 0 .00032
40 0 .00018
41 0 .00011
42 0 .00009
43 0 .00006
44 0 .00004
45 0 .00003
46 0 .00002
47 0 .00001
48 0 0
49 0 0
50 0 0
51 0 0
100 0 0
*parity 0 divorced
birth 1 F divorced 0
14 0 0
15 0 0
16 0 .00002
17 0 .04347
18 0 .02786
19 0 .0259
20 0 .041
21 0 .03325
22 0 .01486
23 0 .01458
24 0 .01489
25 0 .00971
26 0 .01222
27 0 .00498
28 0 .00874
29 0 .00443
30 0 .00408
31 0 .00197
32 0 .0035
33 0 .00067
34 0 .00078
35 0 .00259
36 0 .00101
37 0 .00077
38 0 .00026
39 0 .00032
40 0 .00018
41 0 .00011
42 0 .00009
43 0 .00006
44 0 .00004
45 0 .00003
46 0 .00002
47 0 .00001
48 0 0
49 0 0
50 0 0
51 0 0
100 0 0
*parity 1 married
birth 1 F married 1
14 0 0
15 0 0
16 0 .00008
17 0 .00031
18 0 .02668
19 0 .02212
20 0 .0304
21 0 .03596
22 0 .0417
23 0 .03574
24 0 .03307
25 0 .02975
26 0 .02678
27 0 .02547
28 0 .02262
29 0 .02659
30 0 .02612
31 0 .01667
32 0 .01962
33 0 .01452
34 0 .01216
35 0 .01086
36 0 .00785
37 0 .00775
38 0 .00624
39 0 .00438
40 0 .00334
41 0 .003
42 0 .00229
43 0 .00153
44 0 .00085
45 0 .00039
46 0 .00022
47 0 .00011
48 0 .00004
49 0 .00002
50 0 0
51 0 0
100 0 0
*parity 1 single
birth 1 F single 1
14 0 0
15 0 0
16 0 0
17 0 0
18 0 0
19 0 .00001
20 0 .00001
21 0 .01186
22 0 .00001
23 0 .00002
24 0 .00002
25 0 .00001
26 0 .01206
27 0 .0101
28 0 .00001
29 0 .00782
30 0 .00331
31 0 .00001
32 0 0
33 0 0
34 0 0
35 0 0
36 0 .00211
37 0 .00176
38 0 0
39 0 0
40 0 0
41 0 0
42 0 0
43 0 0
44 0 0
45 0 0
46 0 0
47 0 0
48 0 0
49 0 0
50 0 0
51 0 0
100 0 0
*parity 1 widowed
birth 1 F widowed 1
14 0 0
15 0 0
16 0 0
17 0 .00001
18 0 .00002
19 0 .04147
20 0 .01759
21 0 .00841
22 0 .0082
23 0 .01542
24 0 .00691
25 0 .00407
26 0 .00336
27 0 .00239
28 0 .00278
29 0 .00179
30 0 .00184
31 0 .0014
32 0 .00101
33 0 .00069
34 0 .0007
35 0 .00041
36 0 .00047
37 0 .00032
38 0 .00025
39 0 .00018
40 0 .00014
41 0 .00011
42 0 .00012
43 0 .00005
44 0 .00003
45 0 .00002
46 0 .00001
47 0 0
48 0 0
49 0 0
50 0 0
51 0 0
100 0 0
*parity 1 divorced
birth 1 F divorced 1
14 0 0
15 0 0
16 0 0
17 0 .00001
18 0 .00002
19 0 .04147
20 0 .01759
21 0 .00841
22 0 .0082
23 0 .01542
24 0 .00691
25 0 .00407
26 0 .00336
27 0 .00239
28 0 .00278
29 0 .00179
30 0 .00184
31 0 .0014
32 0 .00101
33 0 .00069
34 0 .0007
35 0 .00041
36 0 .00047
37 0 .00032
38 0 .00025
39 0 .00018
40 0 .00014
41 0 .00011
42 0 .00012
43 0 .00005
44 0 .00003
45 0 .00002
46 0 .00001
47 0 0
48 0 0
49 0 0
50 0 0
51 0 0
100 0 0
*parity 2 married
birth 1 F married 2
14 0 0
15 0 0
16 0 .00001
17 0 .00003
18 0 .00015
19 0 .03257
20 0 .02513
21 0 .02592
22 0 .02083
23 0 .0218
24 0 .02183
25 0 .02406
26 0 .02114
27 0 .02175
28 0 .01927
29 0 .01818
30 0 .01632
31 0 .01578
32 0 .01443
33 0 .0133
34 0 .0125
35 0 .01244
36 0 .01134
37 0 .01015
38 0 .00924
39 0 .00838
40 0 .00727
41 0 .00571
42 0 .00436
43 0 .00308
44 0 .0024
45 0 .00166
46 0 .00104
47 0 .00062
48 0 .00034
49 0 .00018
50 0 .00008
51 0 .00003
100 0 0
*parity 2 single
birth 1 F single 2
14 0 0
15 0 0
16 0 0
17 0 0
18 0 0
19 0 0
20 0 0
21 0 .00001
22 0 .00001
23 0 .00001
24 0 .00002
25 0 .00002
26 0 .00002
27 0 .00002
28 0 .00002
29 0 .00002
30 0 .00002
31 0 .00002
32 0 .00002
33 0 .00002
34 0 .01797
35 0 .00002
36 0 .00002
37 0 .00001
38 0 .01219
39 0 .01127
40 0 .00001
41 0 .00001
42 0 .00001
43 0 0
44 0 0
45 0 0
46 0 0
47 0 0
48 0 0
49 0 0
50 0 0
51 0 .00003
100 0 0
*parity 2 widowed
birth 1 F widowed 2
14 0 0
15 0 0
16 0 0
17 0 0
18 0 0
19 0 .00001
20 0 .01178
21 0 .01448
22 0 .00653
23 0 .00533
24 0 .00477
25 0 .00518
26 0 .00584
27 0 .00439
28 0 .0038
29 0 .00311
30 0 .00308
31 0 .00173
32 0 .00183
33 0 .00142
34 0 .00137
35 0 .00103
36 0 .00111
37 0 .00087
38 0 .00081
39 0 .00068
40 0 .00062
41 0 .00041
42 0 .00032
43 0 .00021
44 0 .00015
45 0 .0001
46 0 .00005
47 0 .00003
48 0 .00001
49 0 .00001
50 0 0
51 0 0
100 0 0
*parity 2 divorced
birth 1 F divorced 2
14 0 0
15 0 0
16 0 0
17 0 0
18 0 0
19 0 .00001
20 0 .01178
21 0 .01448
22 0 .00653
23 0 .00533
24 0 .00477
25 0 .00518
26 0 .00584
27 0 .00439
28 0 .0038
29 0 .00311
30 0 .00308
31 0 .00173
32 0 .00183
33 0 .00142
34 0 .00137
35 0 .00103
36 0 .00111
37 0 .00087
38 0 .00081
39 0 .00068
40 0 .00062
41 0 .00041
42 0 .00032
43 0 .00021
44 0 .00015
45 0 .0001
46 0 .00005
47 0 .00003
48 0 .00001
49 0 .00001
50 0 0
51 0 0
100 0 0
