*parity 0 married
birth 1 F married 0
14 0 0
15 0 .00019
16 0 .00079
17 0 .05837
18 0 .04981
19 0 .05961
20 0 .09204
21 0 .10349
22 0 .13931
23 0 .10316
24 0 .13523
25 0 .25525
26 0 .19624
27 0 .12554
28 0 .09807
29 0 .12
30 0 .07945
31 0 .05406
32 0 .03249
33 0 .02162
34 0 .01791
35 0 .01699
36 0 .00905
37 0 .00482
38 0 .00255
39 0 .00158
40 0 .0012
41 0 .00095
42 0 .00049
43 0 .00035
44 0 .00027
45 0 .00014
46 0 .00008
47 0 .00004
48 0 .00002
49 0 .00001
50 0 0
51 0 0
100 0 0
*parity 0 single
birth 1 F single 0
14 0 0
15 0 .00004
16 0 .00018
17 0 .00034
18 0 .00058
19 0 .00082
20 0 .00099
21 0 .00105
22 0 .00105
23 0 .00106
24 0 .00104
25 0 .00105
26 0 .00107
27 0 .00107
28 0 .00104
29 0 .00093
30 0 .00094
31 0 .00102
32 0 .00095
33 0 .0009
34 0 .00086
35 0 .00085
36 0 .00105
37 0 .00088
38 0 .00078
39 0 .00084
40 0 .00059
41 0 .00047
42 0 .00044
43 0 .00026
44 0 .00035
45 0 .00014
46 0 .00014
47 0 .00009
48 0 .00004
49 0 .00001
50 0 0
51 0 0
100 0 0
*parity 0 widowed
birth 1 F widowed 0
14 0 0
15 0 .00001
16 0 .00005
17 0 .00009
18 0 .213
19 0 .05837
20 0 .17113
21 0 .34633
22 0 .05324
23 0 .0002
24 0 .31009
25 0 .00018
26 0 .00017
27 0 .00016
28 0 .00015
29 0 .10411
30 0 .00012
31 0 .0001
32 0 .13088
33 0 .01697
34 0 .03995
35 0 .0069
36 0 .00427
37 0 .00404
38 0 .00139
39 0 .00055
40 0 .00042
41 0 .0003
42 0 .00015
43 0 .00014
44 0 .00007
45 0 .00003
46 0 .00001
47 0 .00001
48 0 0
49 0 0
50 0 0
51 0 0
100 0 0
*parity 0 divorced
birth 1 F divorced 0
14 0 0
15 0 .00001
16 0 .00005
17 0 .00009
18 0 .213
19 0 .05837
20 0 .17113
21 0 .34633
22 0 .05324
23 0 .0002
24 0 .31009
25 0 .00018
26 0 .00017
27 0 .00016
28 0 .00015
29 0 .10411
30 0 .00012
31 0 .0001
32 0 .13088
33 0 .01697
34 0 .03995
35 0 .0069
36 0 .00427
37 0 .00404
38 0 .00139
39 0 .00055
40 0 .00042
41 0 .0003
42 0 .00015
43 0 .00014
44 0 .00007
45 0 .00003
46 0 .00001
47 0 .00001
48 0 0
49 0 0
50 0 0
51 0 0
100 0 0
*parity 1 married
birth 1 F married 1
14 0 0
15 0 0
16 0 .00004
17 0 .00015
18 0 .02031
19 0 .01943
20 0 .01639
21 0 .01885
22 0 .01859
23 0 .02398
24 0 .021
25 0 .01923
26 0 .01935
27 0 .02151
28 0 .02269
29 0 .02634
30 0 .01897
31 0 .01367
32 0 .01205
33 0 .01001
34 0 .00774
35 0 .00655
36 0 .00452
37 0 .00386
38 0 .00352
39 0 .00384
40 0 .00266
41 0 .00154
42 0 .0011
43 0 .00062
44 0 .00032
45 0 .00023
46 0 .00011
47 0 .00005
48 0 .00002
49 0 .00001
50 0 0
51 0 0
100 0 0
*parity 1 single
birth 1 F single 1
14 0 0
15 0 0
16 0 .00001
17 0 .00003
18 0 .04287
19 0 .03241
20 0 .03018
21 0 .04427
22 0 .03406
23 0 .02458
24 0 .03096
25 0 .02764
26 0 .02105
27 0 .02708
28 0 .03199
29 0 .06852
30 0 .03153
31 0 .03801
32 0 .05204
33 0 .06425
34 0 .10503
35 0 .0667
36 0 .05978
37 0 .21596
38 0 .04276
39 0 .06477
40 0 .09195
41 0 .06496
42 0 .00003
43 0 .0248
44 0 .01365
45 0 0
46 0 .00353
47 0 .00168
48 0 0
49 0 0
50 0 0
51 0 0
100 0 0
*parity 1 widowed
birth 1 F widowed 1
14 0 0
15 0 0
16 0 0
17 0 .00001
18 0 .01762
19 0 .02368
20 0 .01052
21 0 .01314
22 0 .01244
23 0 .01346
24 0 .01295
25 0 .01226
26 0 .0055
27 0 .00543
28 0 .0067
29 0 .00704
30 0 .00621
31 0 .00492
32 0 .00329
33 0 .00271
34 0 .00235
35 0 .00179
36 0 .00115
37 0 .00094
38 0 .00064
39 0 .00055
40 0 .00028
41 0 .0002
42 0 .00015
43 0 .00009
44 0 .00004
45 0 .00002
46 0 .00001
47 0 .00001
48 0 0
49 0 0
50 0 0
51 0 0
100 0 0
*parity 1 divorced
birth 1 F divorced 1
14 0 0
15 0 0
16 0 0
17 0 .00001
18 0 .01762
19 0 .02368
20 0 .01052
21 0 .01314
22 0 .01244
23 0 .01346
24 0 .01295
25 0 .01226
26 0 .0055
27 0 .00543
28 0 .0067
29 0 .00704
30 0 .00621
31 0 .00492
32 0 .00329
33 0 .00271
34 0 .00235
35 0 .00179
36 0 .00115
37 0 .00094
38 0 .00064
39 0 .00055
40 0 .00028
41 0 .0002
42 0 .00015
43 0 .00009
44 0 .00004
45 0 .00002
46 0 .00001
47 0 .00001
48 0 0
49 0 0
50 0 0
51 0 0
100 0 0
*parity 2 married
birth 1 F married 2
14 0 0
15 0 0
16 0 0
17 0 .00001
18 0 .00005
19 0 .02281
20 0 .01513
21 0 .01442
22 0 .01492
23 0 .01119
24 0 .01246
25 0 .01175
26 0 .01217
27 0 .01101
28 0 .00964
29 0 .00908
30 0 .00861
31 0 .00671
32 0 .00655
33 0 .00578
34 0 .00506
35 0 .00423
36 0 .00368
37 0 .0033
38 0 .0029
39 0 .00231
40 0 .00192
41 0 .00152
42 0 .00114
43 0 .00081
44 0 .00054
45 0 .00038
46 0 .00022
47 0 .00012
48 0 .00006
49 0 .00003
50 0 .00001
51 0 0
100 0 0
*parity 2 single
birth 1 F single 2
14 0 0
15 0 0
16 0 0
17 0 0
18 0 .00001
19 0 .01161
20 0 .00933
21 0 .00845
22 0 .01538
23 0 .01465
24 0 .01394
25 0 .01341
26 0 .01511
27 0 .01195
28 0 .01134
29 0 .01071
30 0 .0114
31 0 .0112
32 0 .01208
33 0 .0132
34 0 .01329
35 0 .01346
36 0 .01389
37 0 .01442
38 0 .01432
39 0 .00902
40 0 .01036
41 0 .00749
42 0 .0087
43 0 .01153
44 0 .00612
45 0 .00513
46 0 .00345
47 0 .00159
48 0 .00123
49 0 .00061
50 0 .00032
51 0 .00021
100 0 0
*parity 2 widowed
birth 1 F widowed 2
14 0 0
15 0 0
16 0 0
17 0 0
18 0 0
19 0 .00001
20 0 .00937
21 0 .01698
22 0 .00689
23 0 .00535
24 0 .00504
25 0 .00457
26 0 .0033
27 0 .00265
28 0 .00301
29 0 .00268
30 0 .00209
31 0 .00211
32 0 .00145
33 0 .00128
34 0 .00106
35 0 .00085
36 0 .00076
37 0 .0006
38 0 .00053
39 0 .00041
40 0 .00033
41 0 .00022
42 0 .00017
43 0 .00011
44 0 .00008
45 0 .00005
46 0 .00003
47 0 .00001
48 0 .00001
49 0 0
50 0 0
51 0 0
100 0 0
*parity 2 divorced
birth 1 F divorced 2
14 0 0
15 0 0
16 0 0
17 0 0
18 0 0
19 0 .00001
20 0 .00937
21 0 .01698
22 0 .00689
23 0 .00535
24 0 .00504
25 0 .00457
26 0 .0033
27 0 .00265
28 0 .00301
29 0 .00268
30 0 .00209
31 0 .00211
32 0 .00145
33 0 .00128
34 0 .00106
35 0 .00085
36 0 .00076
37 0 .0006
38 0 .00053
39 0 .00041
40 0 .00033
41 0 .00022
42 0 .00017
43 0 .00011
44 0 .00008
45 0 .00005
46 0 .00003
47 0 .00001
48 0 .00001
49 0 0
50 0 0
51 0 0
100 0 0
