*parity 0 married
birth 1 F married 0
14 0 0
15 0 .0001
16 0 .00043
17 0 .05238
18 0 .04565
19 0 .04692
20 0 .03934
21 0 .03994
22 0 .04064
23 0 .03991
24 0 .03032
25 0 .03473
26 0 .02754
27 0 .02497
28 0 .02364
29 0 .01786
30 0 .0174
31 0 .01335
32 0 .00832
33 0 .00477
34 0 .00395
35 0 .00275
36 0 .00251
37 0 .00192
38 0 .00133
39 0 .00109
40 0 .00076
41 0 .00048
42 0 .0003
43 0 .0002
44 0 .00012
45 0 .00007
46 0 .00004
47 0 .00002
48 0 .00001
49 0 0
50 0 0
51 0 0
100 0 0
*parity 0 single
birth 1 F single 0
14 0 0
15 0 .00013
16 0 .00054
17 0 .00105
18 0 .0018
19 0 .0026
20 0 .0032
21 0 .00342
22 0 .00352
23 0 .00355
24 0 .00366
25 0 .00356
26 0 .0037
27 0 .00377
28 0 .00385
29 0 .00373
30 0 .00364
31 0 .00345
32 0 .00379
33 0 .00401
34 0 .00378
35 0 .00358
36 0 .00414
37 0 .00378
38 0 .00326
39 0 .00313
40 0 .00307
41 0 .00226
42 0 .0019
43 0 .00166
44 0 .00128
45 0 .00068
46 0 .00064
47 0 .00035
48 0 .00015
49 0 .00006
50 0 .00002
51 0 .00002
100 0 0
*parity 0 widowed
birth 1 F widowed 0
14 0 0
15 0 .00002
16 0 .00009
17 0 .00018
18 0 .9535
19 0 .0004
20 0 .69889
21 0 1.46225
22 0 1.34769
23 0 .00041
24 0 .56154
25 0 .00036
26 0 .00033
27 0 .0003
28 0 .19346
29 0 .68073
30 0 .5734
31 0 .2371
32 0 .07345
33 0 .02322
34 0 .02534
35 0 .01097
36 0 .00719
37 0 .00413
38 0 .00221
39 0 .00157
40 0 .00107
41 0 .00041
42 0 .00018
43 0 .00011
44 0 .00006
45 0 .00003
46 0 .00002
47 0 .00001
48 0 0
49 0 0
50 0 0
51 0 0
100 0 0
*parity 0 divorced
birth 1 F divorced 0
14 0 0
15 0 .00002
16 0 .00009
17 0 .00018
18 0 .9535
19 0 .0004
20 0 .69889
21 0 1.46225
22 0 1.34769
23 0 .00041
24 0 .56154
25 0 .00036
26 0 .00033
27 0 .0003
28 0 .19346
29 0 .68073
30 0 .5734
31 0 .2371
32 0 .07345
33 0 .02322
34 0 .02534
35 0 .01097
36 0 .00719
37 0 .00413
38 0 .00221
39 0 .00157
40 0 .00107
41 0 .00041
42 0 .00018
43 0 .00011
44 0 .00006
45 0 .00003
46 0 .00002
47 0 .00001
48 0 0
49 0 0
50 0 0
51 0 0
100 0 0
*parity 1 married
birth 1 F married 1
14 0 0
15 0 0
16 0 .00002
17 0 .29913
18 0 .01658
19 0 .0144
20 0 .02165
21 0 .02655
22 0 .01879
23 0 .02059
24 0 .02405
25 0 .02031
26 0 .01786
27 0 .01702
28 0 .01387
29 0 .01364
30 0 .01224
31 0 .01151
32 0 .00989
33 0 .00812
34 0 .00735
35 0 .00736
36 0 .00583
37 0 .00334
38 0 .00294
39 0 .00287
40 0 .0019
41 0 .00142
42 0 .00109
43 0 .00072
44 0 .00036
45 0 .00021
46 0 .00012
47 0 .00005
48 0 .00002
49 0 .00001
50 0 0
51 0 0
100 0 0
*parity 1 single
birth 1 F single 1
14 0 0
15 0 0
16 0 .03444
17 0 .02213
18 0 .01844
19 0 .01993
20 0 .03009
21 0 .02862
22 0 .027
23 0 .03055
24 0 .02422
25 0 .0312
26 0 .03136
27 0 .03243
28 0 .0291
29 0 .03128
30 0 .02857
31 0 .02641
32 0 .02554
33 0 .03648
34 0 .03182
35 0 .05036
36 0 .04849
37 0 .05841
38 0 .05045
39 0 .09278
40 0 .08085
41 0 .00012
42 0 .24257
43 0 .04903
44 0 .02159
45 0 .00001
46 0 .00001
47 0 .00361
48 0 .00149
49 0 .00142
50 0 .00022
51 0 .00012
100 0 0
*parity 1 widowed
birth 1 F widowed 1
14 0 0
15 0 0
16 0 .00001
17 0 .00002
18 0 .02737
19 0 .07595
20 0 .06119
21 0 .05718
22 0 .06224
23 0 .07942
24 0 .06112
25 0 .06716
26 0 .06983
27 0 .02484
28 0 .02031
29 0 .02535
30 0 .02429
31 0 .02133
32 0 .01361
33 0 .00988
34 0 .00598
35 0 .00509
36 0 .00343
37 0 .00268
38 0 .00179
39 0 .00095
40 0 .00059
41 0 .00043
42 0 .00033
43 0 .0002
44 0 .0001
45 0 .00005
46 0 .00002
47 0 .00001
48 0 0
49 0 0
50 0 0
51 0 0
100 0 0
*parity 1 divorced
birth 1 F divorced 1
14 0 0
15 0 0
16 0 .00001
17 0 .00002
18 0 .02737
19 0 .07595
20 0 .06119
21 0 .05718
22 0 .06224
23 0 .07942
24 0 .06112
25 0 .06716
26 0 .06983
27 0 .02484
28 0 .02031
29 0 .02535
30 0 .02429
31 0 .02133
32 0 .01361
33 0 .00988
34 0 .00598
35 0 .00509
36 0 .00343
37 0 .00268
38 0 .00179
39 0 .00095
40 0 .00059
41 0 .00043
42 0 .00033
43 0 .0002
44 0 .0001
45 0 .00005
46 0 .00002
47 0 .00001
48 0 0
49 0 0
50 0 0
51 0 0
100 0 0
*parity 2 married
birth 1 F married 2
14 0 0
15 0 0
16 0 0
17 0 .00001
18 0 .00003
19 0 .02942
20 0 .0093
21 0 .01074
22 0 .01551
23 0 .01061
24 0 .00959
25 0 .01047
26 0 .01042
27 0 .01019
28 0 .00916
29 0 .00883
30 0 .00841
31 0 .0068
32 0 .00522
33 0 .00446
34 0 .00394
35 0 .00334
36 0 .00285
37 0 .00253
38 0 .00227
39 0 .00178
40 0 .00153
41 0 .0012
42 0 .00093
43 0 .00065
44 0 .00048
45 0 .00034
46 0 .0002
47 0 .00012
48 0 .00006
49 0 .00003
50 0 .00001
51 0 .00001
100 0 0
*parity 2 single
birth 1 F single 2
14 0 0
15 0 0
16 0 0
17 0 .00774
18 0 .01244
19 0 .01665
20 0 .01474
21 0 .02207
22 0 .01683
23 0 .01535
24 0 .01619
25 0 .01364
26 0 .01188
27 0 .01115
28 0 .01136
29 0 .01058
30 0 .00964
31 0 .00995
32 0 .0098
33 0 .01096
34 0 .01004
35 0 .01047
36 0 .00855
37 0 .0092
38 0 .00903
39 0 .00785
40 0 .00739
41 0 .00679
42 0 .0064
43 0 .00493
44 0 .00472
45 0 .00364
46 0 .00255
47 0 .00162
48 0 .00092
49 0 .0005
50 0 .00022
51 0 .00009
100 0 0
*parity 2 widowed
birth 1 F widowed 2
14 0 0
15 0 0
16 0 0
17 0 0
18 0 .00001
19 0 .02851
20 0 .01803
21 0 .01832
22 0 .01624
23 0 .011
24 0 .01055
25 0 .00797
26 0 .00728
27 0 .00571
28 0 .00584
29 0 .00488
30 0 .00391
31 0 .00323
32 0 .00314
33 0 .00234
34 0 .00207
35 0 .0016
36 0 .00131
37 0 .0011
38 0 .00086
39 0 .00069
40 0 .00053
41 0 .0004
42 0 .00027
43 0 .00019
44 0 .00013
45 0 .00008
46 0 .00005
47 0 .00003
48 0 .00001
49 0 .00001
50 0 0
51 0 0
100 0 0
*parity 2 divorced
birth 1 F divorced 2
14 0 0
15 0 0
16 0 0
17 0 0
18 0 .00001
19 0 .02851
20 0 .01803
21 0 .01832
22 0 .01624
23 0 .011
24 0 .01055
25 0 .00797
26 0 .00728
27 0 .00571
28 0 .00584
29 0 .00488
30 0 .00391
31 0 .00323
32 0 .00314
33 0 .00234
34 0 .00207
35 0 .0016
36 0 .00131
37 0 .0011
38 0 .00086
39 0 .00069
40 0 .00053
41 0 .0004
42 0 .00027
43 0 .00019
44 0 .00013
45 0 .00008
46 0 .00005
47 0 .00003
48 0 .00001
49 0 .00001
50 0 0
51 0 0
100 0 0
