*parity 0 married
birth 1 F married 0
14 0 0
15 0 .00016
16 0 .00085
17 0 .03064
18 0 .02635
19 0 .0363
20 0 .03759
21 0 .03959
22 0 .04641
23 0 .03666
24 0 .03496
25 0 .02778
26 0 .02255
27 0 .01582
28 0 .01232
29 0 .0078
30 0 .00564
31 0 .00544
32 0 .00344
33 0 .00269
34 0 .00243
35 0 .00197
36 0 .00165
37 0 .00144
38 0 .00119
39 0 .00095
40 0 .00073
41 0 .00053
42 0 .00044
43 0 .00024
44 0 .00019
45 0 .0001
46 0 .00005
47 0 .00003
48 0 .00001
49 0 .00001
50 0 0
51 0 0
100 0 0
*parity 0 single
birth 1 F single 0
14 0 0
15 0 0
16 0 0
17 0 .00001
18 0 .00001
19 0 .00002
20 0 .00004
21 0 .00005
22 0 .00005
23 0 .00005
24 0 .00004
25 0 .00004
26 0 .00004
27 0 .00003
28 0 .00002
29 0 .00002
30 0 .00002
31 0 .00001
32 0 .00001
33 0 .00001
34 0 .00001
35 0 .00001
36 0 .00001
37 0 .00001
38 0 .00001
39 0 .00001
40 0 .00001
41 0 .00001
42 0 .00001
43 0 0
44 0 0
45 0 0
46 0 0
47 0 0
48 0 0
49 0 0
50 0 0
51 0 0
100 0 0
*parity 0 widowed
birth 1 F widowed 0
14 0 0
15 0 0
16 0 .00002
17 0 .02144
18 0 .03797
19 0 .11299
20 0 .01421
21 0 .03783
22 0 .01757
23 0 .01579
24 0 .0116
25 0 .00414
26 0 .00342
27 0 .00361
28 0 .00166
29 0 .00158
30 0 .00092
31 0 .00059
32 0 .00036
33 0 .00046
34 0 .00026
35 0 .00022
36 0 .00017
37 0 .00013
38 0 .00016
39 0 .00008
40 0 .00007
41 0 .00005
42 0 .00003
43 0 .00002
44 0 .00001
45 0 .00001
46 0 0
47 0 0
48 0 0
49 0 0
50 0 0
51 0 0
100 0 0
*parity 0 divorced
birth 1 F divorced 0
14 0 0
15 0 0
16 0 .00002
17 0 .02144
18 0 .03797
19 0 .11299
20 0 .01421
21 0 .03783
22 0 .01757
23 0 .01579
24 0 .0116
25 0 .00414
26 0 .00342
27 0 .00361
28 0 .00166
29 0 .00158
30 0 .00092
31 0 .00059
32 0 .00036
33 0 .00046
34 0 .00026
35 0 .00022
36 0 .00017
37 0 .00013
38 0 .00016
39 0 .00008
40 0 .00007
41 0 .00005
42 0 .00003
43 0 .00002
44 0 .00001
45 0 .00001
46 0 0
47 0 0
48 0 0
49 0 0
50 0 0
51 0 0
100 0 0
*parity 1 married
birth 1 F married 1
14 0 0
15 0 0
16 0 .00008
17 0 .00032
18 0 .0341
19 0 .03261
20 0 .03438
21 0 .03287
22 0 .0346
23 0 .04618
24 0 .05257
25 0 .054
26 0 .0489
27 0 .04258
28 0 .04132
29 0 .0418
30 0 .04632
31 0 .0324
32 0 .05434
33 0 .02863
34 0 .02192
35 0 .02048
36 0 .01765
37 0 .01636
38 0 .01495
39 0 .00709
40 0 .0091
41 0 .00418
42 0 .00348
43 0 .00251
44 0 .00116
45 0 .00076
46 0 .00028
47 0 .00016
48 0 .00007
49 0 .00002
50 0 .00001
51 0 .00001
100 0 0
*parity 1 single
birth 1 F single 1
14 0 0
15 0 0
16 0 0
17 0 0
18 0 0
19 0 .00001
20 0 .00001
21 0 .00001
22 0 .00002
23 0 .00002
24 0 .01432
25 0 .00002
26 0 .00001
27 0 .00964
28 0 .00001
29 0 .00719
30 0 .00611
31 0 .00001
32 0 0
33 0 0
34 0 .00258
35 0 0
36 0 0
37 0 .00155
38 0 0
39 0 .0011
40 0 0
41 0 0
42 0 0
43 0 0
44 0 0
45 0 0
46 0 0
47 0 0
48 0 0
49 0 0
50 0 0
51 0 0
100 0 0
*parity 1 widowed
birth 1 F widowed 1
14 0 0
15 0 0
16 0 0
17 0 .00001
18 0 .00002
19 0 .01839
20 0 .06176
21 0 .01419
22 0 .01995
23 0 .0135
24 0 .00948
25 0 .02008
26 0 .0078
27 0 .00639
28 0 .00912
29 0 .00582
30 0 .00223
31 0 .0023
32 0 .00315
33 0 .00126
34 0 .00134
35 0 .00095
36 0 .00144
37 0 .00125
38 0 .00054
39 0 .00053
40 0 .00041
41 0 .00025
42 0 .00016
43 0 .00008
44 0 .00005
45 0 .00003
46 0 .00002
47 0 0
48 0 0
49 0 0
50 0 0
51 0 0
100 0 0
*parity 1 divorced
birth 1 F divorced 1
14 0 0
15 0 0
16 0 0
17 0 .00001
18 0 .00002
19 0 .01839
20 0 .06176
21 0 .01419
22 0 .01995
23 0 .0135
24 0 .00948
25 0 .02008
26 0 .0078
27 0 .00639
28 0 .00912
29 0 .00582
30 0 .00223
31 0 .0023
32 0 .00315
33 0 .00126
34 0 .00134
35 0 .00095
36 0 .00144
37 0 .00125
38 0 .00054
39 0 .00053
40 0 .00041
41 0 .00025
42 0 .00016
43 0 .00008
44 0 .00005
45 0 .00003
46 0 .00002
47 0 0
48 0 0
49 0 0
50 0 0
51 0 0
100 0 0
*parity 2 married
birth 1 F married 2
14 0 0
15 0 0
16 0 .00001
17 0 .00003
18 0 .00016
19 0 .08378
20 0 .0386
21 0 .02987
22 0 .03103
23 0 .02357
24 0 .02449
25 0 .02477
26 0 .02466
27 0 .02319
28 0 .02451
29 0 .02138
30 0 .02197
31 0 .02028
32 0 .01781
33 0 .01749
34 0 .01692
35 0 .01553
36 0 .01513
37 0 .01278
38 0 .01149
39 0 .01157
40 0 .00975
41 0 .00775
42 0 .00585
43 0 .00449
44 0 .00334
45 0 .00234
46 0 .00142
47 0 .00084
48 0 .00045
49 0 .00023
50 0 .00011
51 0 .00004
100 0 0
*parity 2 single
birth 1 F single 2
14 0 0
15 0 0
16 0 0
17 0 0
18 0 0
19 0 0
20 0 0
21 0 .00001
22 0 .00001
23 0 .00002
24 0 .00002
25 0 .00002
26 0 .01972
27 0 .00003
28 0 .00003
29 0 .00003
30 0 .00003
31 0 .00002
32 0 .00002
33 0 .00002
34 0 .00002
35 0 .00002
36 0 .00002
37 0 .00002
38 0 .00002
39 0 .00001
40 0 .00001
41 0 .00001
42 0 .00001
43 0 .00001
44 0 0
45 0 0
46 0 0
47 0 0
48 0 0
49 0 0
50 0 0
51 0 0
100 0 0
*parity 2 widowed
birth 1 F widowed 2
14 0 0
15 0 0
16 0 0
17 0 0
18 0 0
19 0 .00001
20 0 .00003
21 0 .04056
22 0 .0127
23 0 .00906
24 0 .02261
25 0 .00976
26 0 .00625
27 0 .00652
28 0 .00588
29 0 .00349
30 0 .00365
31 0 .00262
32 0 .00308
33 0 .00216
34 0 .00206
35 0 .0017
36 0 .00146
37 0 .00141
38 0 .00114
39 0 .00092
40 0 .00092
41 0 .00067
42 0 .00044
43 0 .00032
44 0 .00023
45 0 .00016
46 0 .00009
47 0 .00005
48 0 .00003
49 0 .00002
50 0 0
51 0 0
100 0 0
*parity 2 divorced
birth 1 F divorced 2
14 0 0
15 0 0
16 0 0
17 0 0
18 0 0
19 0 .00001
20 0 .00003
21 0 .04056
22 0 .0127
23 0 .00906
24 0 .02261
25 0 .00976
26 0 .00625
27 0 .00652
28 0 .00588
29 0 .00349
30 0 .00365
31 0 .00262
32 0 .00308
33 0 .00216
34 0 .00206
35 0 .0017
36 0 .00146
37 0 .00141
38 0 .00114
39 0 .00092
40 0 .00092
41 0 .00067
42 0 .00044
43 0 .00032
44 0 .00023
45 0 .00016
46 0 .00009
47 0 .00005
48 0 .00003
49 0 .00002
50 0 0
51 0 0
100 0 0
