*parity 0 married
birth 1 F married 0
14 0 0
15 0 .00025
16 0 .00107
17 0 .04544
18 0 .03431
19 0 .03241
20 0 .0382
21 0 .04632
22 0 .05706
23 0 .06765
24 0 .08422
25 0 .06215
26 0 .09533
27 0 .14544
28 0 .10035
29 0 .21303
30 0 .13488
31 0 .08061
32 0 .07673
33 0 .07522
34 0 .03793
35 0 .09366
36 0 .13698
37 0 .03647
38 0 .01564
39 0 .01789
40 0 .01466
41 0 .00593
42 0 .00242
43 0 .00159
44 0 .00071
45 0 .00035
46 0 .00027
47 0 .00013
48 0 .00009
49 0 .0001
50 0 .00002
51 0 .00004
100 0 0
*parity 0 single
birth 1 F single 0
14 0 0
15 0 0
16 0 0
17 0 .00001
18 0 .00002
19 0 .00003
20 0 .00003
21 0 .00004
22 0 .00004
23 0 .00004
24 0 .00004
25 0 .00004
26 0 .00004
27 0 .00004
28 0 .00004
29 0 .00004
30 0 .00004
31 0 .00003
32 0 .00004
33 0 .00003
34 0 .00002
35 0 .00003
36 0 .00002
37 0 .00002
38 0 .00001
39 0 .00001
40 0 .00002
41 0 .00001
42 0 .00001
43 0 .00001
44 0 0
45 0 0
46 0 0
47 0 0
48 0 0
49 0 0
50 0 0
51 0 0
100 0 0
*parity 0 widowed
birth 1 F widowed 0
14 0 0
15 0 0
16 0 .00001
17 0 .01864
18 0 .01517
19 0 .02024
20 0 .00776
21 0 .01056
22 0 .01274
23 0 .0146
24 0 .00998
25 0 .01209
26 0 .00782
27 0 .00003
28 0 .00003
29 0 .01748
30 0 .00799
31 0 .00416
32 0 .0035
33 0 .00274
34 0 .00001
35 0 .00171
36 0 .00187
37 0 .00332
38 0 .00257
39 0 .00196
40 0 .00067
41 0 .00092
42 0 .00062
43 0 .00019
44 0 .00008
45 0 .00002
46 0 .00002
47 0 .00001
48 0 0
49 0 0
50 0 0
51 0 0
100 0 0
*parity 0 divorced
birth 1 F divorced 0
14 0 0
15 0 0
16 0 .00001
17 0 .01864
18 0 .01517
19 0 .02024
20 0 .00776
21 0 .01056
22 0 .01274
23 0 .0146
24 0 .00998
25 0 .01209
26 0 .00782
27 0 .00003
28 0 .00003
29 0 .01748
30 0 .00799
31 0 .00416
32 0 .0035
33 0 .00274
34 0 .00001
35 0 .00171
36 0 .00187
37 0 .00332
38 0 .00257
39 0 .00196
40 0 .00067
41 0 .00092
42 0 .00062
43 0 .00019
44 0 .00008
45 0 .00002
46 0 .00002
47 0 .00001
48 0 0
49 0 0
50 0 0
51 0 0
100 0 0
*parity 1 married
birth 1 F married 1
14 0 0
15 0 0
16 0 .00007
17 0 .00025
18 0 .02344
19 0 .02148
20 0 .02303
21 0 .02152
22 0 .02288
23 0 .02243
24 0 .02586
25 0 .02517
26 0 .02773
27 0 .0233
28 0 .02777
29 0 .02689
30 0 .03448
31 0 .03735
32 0 .03423
33 0 .03206
34 0 .02701
35 0 .01785
36 0 .01277
37 0 .01482
38 0 .01234
39 0 .00992
40 0 .00712
41 0 .00348
42 0 .00377
43 0 .0019
44 0 .0013
45 0 .00134
46 0 .00044
47 0 .0002
48 0 .00011
49 0 .00003
50 0 0
51 0 0
100 0 0
*parity 1 single
birth 1 F single 1
14 0 0
15 0 0
16 0 0
17 0 0
18 0 0
19 0 .00001
20 0 .00001
21 0 .00001
22 0 .00651
23 0 .00002
24 0 .01396
25 0 .00002
26 0 .00002
27 0 .01224
28 0 .00001
29 0 .00863
30 0 .00001
31 0 .00001
32 0 .00001
33 0 .00491
34 0 .00001
35 0 0
36 0 0
37 0 0
38 0 0
39 0 .00119
40 0 0
41 0 0
42 0 0
43 0 0
44 0 0
45 0 0
46 0 0
47 0 .00002
48 0 0
49 0 0
50 0 0
51 0 0
100 0 0
*parity 1 widowed
birth 1 F widowed 1
14 0 0
15 0 0
16 0 0
17 0 0
18 0 .00001
19 0 .00558
20 0 .01029
21 0 .00378
22 0 .00651
23 0 .00559
24 0 .00249
25 0 .00349
26 0 .0027
27 0 .00235
28 0 .00235
29 0 .0024
30 0 .00231
31 0 .00155
32 0 .00214
33 0 .00112
34 0 .00067
35 0 .00066
36 0 .00083
37 0 .00086
38 0 .00033
39 0 .00023
40 0 .00011
41 0 .00009
42 0 .00006
43 0 .00007
44 0 .00002
45 0 .00001
46 0 .00001
47 0 0
48 0 0
49 0 0
50 0 0
51 0 0
100 0 0
*parity 1 divorced
birth 1 F divorced 1
14 0 0
15 0 0
16 0 0
17 0 0
18 0 .00001
19 0 .00558
20 0 .01029
21 0 .00378
22 0 .00651
23 0 .00559
24 0 .00249
25 0 .00349
26 0 .0027
27 0 .00235
28 0 .00235
29 0 .0024
30 0 .00231
31 0 .00155
32 0 .00214
33 0 .00112
34 0 .00067
35 0 .00066
36 0 .00083
37 0 .00086
38 0 .00033
39 0 .00023
40 0 .00011
41 0 .00009
42 0 .00006
43 0 .00007
44 0 .00002
45 0 .00001
46 0 .00001
47 0 0
48 0 0
49 0 0
50 0 0
51 0 0
100 0 0
*parity 2 married
birth 1 F married 2
14 0 0
15 0 0
16 0 .00001
17 0 .00002
18 0 .0001
19 0 .0316
20 0 .02107
21 0 .0231
22 0 .01662
23 0 .01645
24 0 .01567
25 0 .01463
26 0 .0127
27 0 .01215
28 0 .01062
29 0 .00937
30 0 .0087
31 0 .0084
32 0 .00743
33 0 .00704
34 0 .00685
35 0 .0061
36 0 .00553
37 0 .0048
38 0 .00449
39 0 .00388
40 0 .0032
41 0 .00266
42 0 .00198
43 0 .00149
44 0 .00108
45 0 .00074
46 0 .00044
47 0 .00027
48 0 .00012
49 0 .00007
50 0 .00003
51 0 .00001
100 0 0
*parity 2 single
birth 1 F single 2
14 0 0
15 0 0
16 0 0
17 0 0
18 0 0
19 0 0
20 0 0
21 0 0
22 0 .00001
23 0 .00001
24 0 .0112
25 0 .00002
26 0 .00002
27 0 .00002
28 0 .00002
29 0 .00002
30 0 .00002
31 0 .00002
32 0 .00002
33 0 .01163
34 0 .00002
35 0 .00001
36 0 .00001
37 0 .00001
38 0 .00001
39 0 .00001
40 0 .00001
41 0 .00001
42 0 0
43 0 0
44 0 0
45 0 0
46 0 0
47 0 .00032
48 0 0
49 0 .00002
50 0 .00001
51 0 .00001
100 0 0
*parity 2 widowed
birth 1 F widowed 2
14 0 0
15 0 0
16 0 0
17 0 0
18 0 0
19 0 0
20 0 .00001
21 0 .01053
22 0 .00841
23 0 .00438
24 0 .0056
25 0 .00278
26 0 .00211
27 0 .00154
28 0 .00119
29 0 .00131
30 0 .00085
31 0 .00057
32 0 .00049
33 0 .00059
34 0 .00038
35 0 .00031
36 0 .0003
37 0 .00025
38 0 .0002
39 0 .00015
40 0 .00013
41 0 .00008
42 0 .00007
43 0 .00005
44 0 .00003
45 0 .00002
46 0 .00001
47 0 .00001
48 0 0
49 0 0
50 0 0
51 0 0
100 0 0
*parity 2 divorced
birth 1 F divorced 2
14 0 0
15 0 0
16 0 0
17 0 0
18 0 0
19 0 0
20 0 .00001
21 0 .01053
22 0 .00841
23 0 .00438
24 0 .0056
25 0 .00278
26 0 .00211
27 0 .00154
28 0 .00119
29 0 .00131
30 0 .00085
31 0 .00057
32 0 .00049
33 0 .00059
34 0 .00038
35 0 .00031
36 0 .0003
37 0 .00025
38 0 .0002
39 0 .00015
40 0 .00013
41 0 .00008
42 0 .00007
43 0 .00005
44 0 .00003
45 0 .00002
46 0 .00001
47 0 .00001
48 0 0
49 0 0
50 0 0
51 0 0
100 0 0
