*parity 0 married
birth 1 F married 0
14 0 0
15 0 .00022
16 0 .0009
17 0 .04212
18 0 .03663
19 0 .04736
20 0 .04233
21 0 .03671
22 0 .04484
23 0 .04799
24 0 .04078
25 0 .02711
26 0 .03196
27 0 .02792
28 0 .02118
29 0 .01933
30 0 .01612
31 0 .01652
32 0 .0127
33 0 .00975
34 0 .00719
35 0 .00537
36 0 .00394
37 0 .00288
38 0 .00229
39 0 .00188
40 0 .00135
41 0 .00109
42 0 .00068
43 0 .00042
44 0 .00026
45 0 .00016
46 0 .00009
47 0 .00005
48 0 .00002
49 0 .00001
50 0 0
51 0 0
100 0 0
*parity 0 single
birth 1 F single 0
14 0 0
15 0 .00002
16 0 .00009
17 0 .00018
18 0 .00031
19 0 .00046
20 0 .00056
21 0 .00064
22 0 .00065
23 0 .00064
24 0 .0007
25 0 .00078
26 0 .00073
27 0 .00086
28 0 .00091
29 0 .00094
30 0 .00097
31 0 .00096
32 0 .00102
33 0 .00109
34 0 .00112
35 0 .00107
36 0 .00106
37 0 .00113
38 0 .00082
39 0 .00068
40 0 .00066
41 0 .00063
42 0 .00038
43 0 .00029
44 0 .00017
45 0 .00012
46 0 .0001
47 0 .00008
48 0 .00003
49 0 .00001
50 0 0
51 0 0
100 0 0
*parity 0 widowed
birth 1 F widowed 0
14 0 0
15 0 .00001
16 0 .00005
17 0 .00009
18 0 .05456
19 0 .13853
20 0 .05082
21 0 .10272
22 0 .00023
23 0 .08405
24 0 .04948
25 0 .04552
26 0 .03042
27 0 .02284
28 0 .01573
29 0 .0088
30 0 .00706
31 0 .00671
32 0 .00285
33 0 .00202
34 0 .00123
35 0 .0008
36 0 .00075
37 0 .00058
38 0 .00035
39 0 .00022
40 0 .00017
41 0 .00011
42 0 .00006
43 0 .00004
44 0 .00003
45 0 .00001
46 0 .00001
47 0 0
48 0 0
49 0 0
50 0 0
51 0 0
100 0 0
*parity 0 divorced
birth 1 F divorced 0
14 0 0
15 0 .00001
16 0 .00005
17 0 .00009
18 0 .05456
19 0 .13853
20 0 .05082
21 0 .10272
22 0 .00023
23 0 .08405
24 0 .04948
25 0 .04552
26 0 .03042
27 0 .02284
28 0 .01573
29 0 .0088
30 0 .00706
31 0 .00671
32 0 .00285
33 0 .00202
34 0 .00123
35 0 .0008
36 0 .00075
37 0 .00058
38 0 .00035
39 0 .00022
40 0 .00017
41 0 .00011
42 0 .00006
43 0 .00004
44 0 .00003
45 0 .00001
46 0 .00001
47 0 0
48 0 0
49 0 0
50 0 0
51 0 0
100 0 0
*parity 1 married
birth 1 F married 1
14 0 0
15 0 0
16 0 .00005
17 0 .00018
18 0 .02003
19 0 .01258
20 0 .0198
21 0 .0195
22 0 .01561
23 0 .01863
24 0 .01673
25 0 .01688
26 0 .01972
27 0 .01595
28 0 .01447
29 0 .01813
30 0 .01584
31 0 .01469
32 0 .01264
33 0 .01282
34 0 .01053
35 0 .00896
36 0 .00875
37 0 .00696
38 0 .00579
39 0 .00462
40 0 .00324
41 0 .00193
42 0 .0011
43 0 .00098
44 0 .0006
45 0 .0003
46 0 .00014
47 0 .00008
48 0 .00003
49 0 .00001
50 0 0
51 0 0
100 0 0
*parity 1 single
birth 1 F single 1
14 0 0
15 0 0
16 0 0
17 0 .02606
18 0 .02294
19 0 .12837
20 0 .02451
21 0 .02956
22 0 .03962
23 0 .01971
24 0 .07437
25 0 .03702
26 0 .03667
27 0 .04143
28 0 .04712
29 0 .05678
30 0 .00025
31 0 .07791
32 0 .14752
33 0 .24748
34 0 .11123
35 0 .09553
36 0 .05276
37 0 .00007
38 0 .04739
39 0 .00004
40 0 .02583
41 0 .0355
42 0 .00001
43 0 .00001
44 0 0
45 0 0
46 0 0
47 0 0
48 0 0
49 0 .00012
50 0 0
51 0 .00001
100 0 0
*parity 1 widowed
birth 1 F widowed 1
14 0 0
15 0 0
16 0 0
17 0 .00001
18 0 .00003
19 0 .02294
20 0 .01752
21 0 .00951
22 0 .00739
23 0 .00544
24 0 .00604
25 0 .00451
26 0 .00364
27 0 .00322
28 0 .00379
29 0 .00318
30 0 .00233
31 0 .00201
32 0 .00236
33 0 .00146
34 0 .00109
35 0 .00098
36 0 .00073
37 0 .00053
38 0 .00039
39 0 .00031
40 0 .00023
41 0 .00015
42 0 .00008
43 0 .00005
44 0 .00003
45 0 .00002
46 0 .00001
47 0 0
48 0 0
49 0 0
50 0 0
51 0 0
100 0 0
*parity 1 divorced
birth 1 F divorced 1
14 0 0
15 0 0
16 0 0
17 0 .00001
18 0 .00003
19 0 .02294
20 0 .01752
21 0 .00951
22 0 .00739
23 0 .00544
24 0 .00604
25 0 .00451
26 0 .00364
27 0 .00322
28 0 .00379
29 0 .00318
30 0 .00233
31 0 .00201
32 0 .00236
33 0 .00146
34 0 .00109
35 0 .00098
36 0 .00073
37 0 .00053
38 0 .00039
39 0 .00031
40 0 .00023
41 0 .00015
42 0 .00008
43 0 .00005
44 0 .00003
45 0 .00002
46 0 .00001
47 0 0
48 0 0
49 0 0
50 0 0
51 0 0
100 0 0
*parity 2 married
birth 1 F married 2
14 0 0
15 0 0
16 0 0
17 0 .00001
18 0 .00006
19 0 .02594
20 0 .0174
21 0 .01526
22 0 .01734
23 0 .01577
24 0 .01325
25 0 .01316
26 0 .01193
27 0 .01036
28 0 .01044
29 0 .00907
30 0 .00876
31 0 .00746
32 0 .007
33 0 .00635
34 0 .006
35 0 .00563
36 0 .00478
37 0 .00436
38 0 .00393
39 0 .00317
40 0 .00262
41 0 .00199
42 0 .00164
43 0 .00115
44 0 .0008
45 0 .00056
46 0 .00032
47 0 .00017
48 0 .00009
49 0 .00004
50 0 .00002
51 0 .00001
100 0 0
*parity 2 single
birth 1 F single 2
14 0 0
15 0 0
16 0 0
17 0 0
18 0 .00001
19 0 .02359
20 0 .01641
21 0 .01789
22 0 .03373
23 0 .04342
24 0 .01422
25 0 .01133
26 0 .01384
27 0 .01449
28 0 .01697
29 0 .01342
30 0 .02989
31 0 .01938
32 0 .02123
33 0 .01964
34 0 .01879
35 0 .02011
36 0 .03384
37 0 .01968
38 0 .02388
39 0 .01526
40 0 .01709
41 0 .01825
42 0 .0153
43 0 .02449
44 0 .0262
45 0 .00838
46 0 .01938
47 0 .00001
48 0 .00116
49 0 .00084
50 0 .00095
51 0 .0001
100 0 0
*parity 2 widowed
birth 1 F widowed 2
14 0 0
15 0 0
16 0 0
17 0 0
18 0 0
19 0 .00001
20 0 .0066
21 0 .00959
22 0 .01446
23 0 .00716
24 0 .00421
25 0 .00423
26 0 .00371
27 0 .00341
28 0 .00303
29 0 .00205
30 0 .00177
31 0 .00165
32 0 .00131
33 0 .0011
34 0 .00111
35 0 .00089
36 0 .00077
37 0 .00061
38 0 .00049
39 0 .00042
40 0 .00032
41 0 .00024
42 0 .00021
43 0 .00012
44 0 .00008
45 0 .00005
46 0 .00003
47 0 .00002
48 0 .00001
49 0 0
50 0 0
51 0 0
100 0 0
*parity 2 divorced
birth 1 F divorced 2
14 0 0
15 0 0
16 0 0
17 0 0
18 0 0
19 0 .00001
20 0 .0066
21 0 .00959
22 0 .01446
23 0 .00716
24 0 .00421
25 0 .00423
26 0 .00371
27 0 .00341
28 0 .00303
29 0 .00205
30 0 .00177
31 0 .00165
32 0 .00131
33 0 .0011
34 0 .00111
35 0 .00089
36 0 .00077
37 0 .00061
38 0 .00049
39 0 .00042
40 0 .00032
41 0 .00024
42 0 .00021
43 0 .00012
44 0 .00008
45 0 .00005
46 0 .00003
47 0 .00002
48 0 .00001
49 0 0
50 0 0
51 0 0
100 0 0
