*parity 0 married
birth 1 F married 0
14 0 0
15 0 .00021
16 0 .00098
17 0 .03049
18 0 .02955
19 0 .02953
20 0 .03387
21 0 .03904
22 0 .03791
23 0 .03024
24 0 .0328
25 0 .026
26 0 .02473
27 0 .01993
28 0 .01369
29 0 .01061
30 0 .00847
31 0 .00685
32 0 .00506
33 0 .00414
34 0 .00318
35 0 .00299
36 0 .00219
37 0 .00196
38 0 .00148
39 0 .00123
40 0 .00103
41 0 .00064
42 0 .00043
43 0 .0003
44 0 .0002
45 0 .00013
46 0 .00006
47 0 .00003
48 0 .00002
49 0 .00001
50 0 0
51 0 0
100 0 0
*parity 0 single
birth 1 F single 0
14 0 0
15 0 0
16 0 0
17 0 .00001
18 0 .00001
19 0 .00002
20 0 .00003
21 0 .00003
22 0 .00003
23 0 .00003
24 0 .00003
25 0 .00003
26 0 .00002
27 0 .00002
28 0 .00002
29 0 .00002
30 0 .00002
31 0 .00002
32 0 .00002
33 0 .00001
34 0 .00001
35 0 .00001
36 0 .00001
37 0 .00001
38 0 .00001
39 0 .00001
40 0 .00001
41 0 .00001
42 0 0
43 0 0
44 0 0
45 0 0
46 0 0
47 0 0
48 0 0
49 0 0
50 0 0
51 0 0
100 0 0
*parity 0 widowed
birth 1 F widowed 0
14 0 0
15 0 0
16 0 .00002
17 0 .00004
18 0 .063
19 0 .01822
20 0 .00985
21 0 .02056
22 0 .02282
23 0 .01052
24 0 .00494
25 0 .00402
26 0 .00349
27 0 .00298
28 0 .00187
29 0 .00183
30 0 .00084
31 0 .00186
32 0 .00049
33 0 .00042
34 0 .00042
35 0 .00027
36 0 .00022
37 0 .00018
38 0 .0001
39 0 .0001
40 0 .00008
41 0 .00005
42 0 .00003
43 0 .00002
44 0 .00001
45 0 .00001
46 0 .00001
47 0 0
48 0 0
49 0 0
50 0 0
51 0 0
100 0 0
*parity 0 divorced
birth 1 F divorced 0
14 0 0
15 0 0
16 0 .00002
17 0 .00004
18 0 .063
19 0 .01822
20 0 .00985
21 0 .02056
22 0 .02282
23 0 .01052
24 0 .00494
25 0 .00402
26 0 .00349
27 0 .00298
28 0 .00187
29 0 .00183
30 0 .00084
31 0 .00186
32 0 .00049
33 0 .00042
34 0 .00042
35 0 .00027
36 0 .00022
37 0 .00018
38 0 .0001
39 0 .0001
40 0 .00008
41 0 .00005
42 0 .00003
43 0 .00002
44 0 .00001
45 0 .00001
46 0 .00001
47 0 0
48 0 0
49 0 0
50 0 0
51 0 0
100 0 0
*parity 1 married
birth 1 F married 1
14 0 0
15 0 0
16 0 .00008
17 0 .2375
18 0 .02666
19 0 .02688
20 0 .02672
21 0 .03893
22 0 .03605
23 0 .04176
24 0 .04115
25 0 .0371
26 0 .04546
27 0 .0489
28 0 .05087
29 0 .04648
30 0 .04437
31 0 .0322
32 0 .02646
33 0 .02716
34 0 .01822
35 0 .01622
36 0 .02005
37 0 .01044
38 0 .00967
39 0 .00587
40 0 .00558
41 0 .00442
42 0 .00259
43 0 .00232
44 0 .00101
45 0 .00075
46 0 .00036
47 0 .00029
48 0 .00011
49 0 .00003
50 0 .00001
51 0 .00001
100 0 0
*parity 1 single
birth 1 F single 1
14 0 0
15 0 0
16 0 0
17 0 0
18 0 0
19 0 0
20 0 .00001
21 0 .00001
22 0 .00001
23 0 .00001
24 0 .00001
25 0 .00001
26 0 .00001
27 0 .00372
28 0 .00001
29 0 .00001
30 0 .00505
31 0 .00442
32 0 0
33 0 .00286
34 0 0
35 0 0
36 0 0
37 0 0
38 0 0
39 0 0
40 0 0
41 0 0
42 0 0
43 0 0
44 0 0
45 0 0
46 0 .00001
47 0 0
48 0 0
49 0 0
50 0 0
51 0 0
100 0 0
*parity 1 widowed
birth 1 F widowed 1
14 0 0
15 0 0
16 0 0
17 0 .00001
18 0 .00002
19 0 .00921
20 0 .04447
21 0 .03312
22 0 .00775
23 0 .00613
24 0 .00645
25 0 .00902
26 0 .0074
27 0 .00464
28 0 .00412
29 0 .00449
30 0 .0055
31 0 .00203
32 0 .00276
33 0 .00178
34 0 .0017
35 0 .00138
36 0 .00073
37 0 .00058
38 0 .0004
39 0 .00052
40 0 .0002
41 0 .00017
42 0 .00014
43 0 .00009
44 0 .00006
45 0 .00003
46 0 .00002
47 0 .00001
48 0 0
49 0 0
50 0 0
51 0 0
100 0 0
*parity 1 divorced
birth 1 F divorced 1
14 0 0
15 0 0
16 0 0
17 0 .00001
18 0 .00002
19 0 .00921
20 0 .04447
21 0 .03312
22 0 .00775
23 0 .00613
24 0 .00645
25 0 .00902
26 0 .0074
27 0 .00464
28 0 .00412
29 0 .00449
30 0 .0055
31 0 .00203
32 0 .00276
33 0 .00178
34 0 .0017
35 0 .00138
36 0 .00073
37 0 .00058
38 0 .0004
39 0 .00052
40 0 .0002
41 0 .00017
42 0 .00014
43 0 .00009
44 0 .00006
45 0 .00003
46 0 .00002
47 0 .00001
48 0 0
49 0 0
50 0 0
51 0 0
100 0 0
*parity 2 married
birth 1 F married 2
14 0 0
15 0 0
16 0 .00001
17 0 .00003
18 0 .00013
19 0 .03699
20 0 .03167
21 0 .02354
22 0 .02519
23 0 .02656
24 0 .0226
25 0 .0248
26 0 .0215
27 0 .02179
28 0 .02099
29 0 .02057
30 0 .01782
31 0 .0162
32 0 .01729
33 0 .01559
34 0 .01413
35 0 .01309
36 0 .01247
37 0 .01137
38 0 .01034
39 0 .00931
40 0 .00764
41 0 .00599
42 0 .0046
43 0 .00349
44 0 .00257
45 0 .00155
46 0 .00091
47 0 .00058
48 0 .0003
49 0 .00016
50 0 .00007
51 0 .00003
100 0 0
*parity 2 single
birth 1 F single 2
14 0 0
15 0 0
16 0 0
17 0 0
18 0 0
19 0 0
20 0 0
21 0 0
22 0 .00001
23 0 .00001
24 0 .00001
25 0 .00001
26 0 .00001
27 0 .00002
28 0 .00002
29 0 .00002
30 0 .00002
31 0 .00002
32 0 .00001
33 0 .00001
34 0 .00001
35 0 .00001
36 0 .00001
37 0 .00001
38 0 .00001
39 0 .00001
40 0 .00589
41 0 .00001
42 0 0
43 0 0
44 0 0
45 0 0
46 0 0
47 0 0
48 0 .00022
49 0 0
50 0 0
51 0 0
100 0 0
*parity 2 widowed
birth 1 F widowed 2
14 0 0
15 0 0
16 0 0
17 0 0
18 0 0
19 0 .00001
20 0 .00002
21 0 .0295
22 0 .00914
23 0 .00819
24 0 .00676
25 0 .00742
26 0 .00502
27 0 .00311
28 0 .00311
29 0 .00245
30 0 .00303
31 0 .00271
32 0 .00179
33 0 .00174
34 0 .0019
35 0 .00117
36 0 .001
37 0 .00094
38 0 .00099
39 0 .00071
40 0 .00053
41 0 .00048
42 0 .00042
43 0 .0002
44 0 .00015
45 0 .0001
46 0 .00007
47 0 .00003
48 0 .00002
49 0 .00001
50 0 0
51 0 0
100 0 0
*parity 2 divorced
birth 1 F divorced 2
14 0 0
15 0 0
16 0 0
17 0 0
18 0 0
19 0 .00001
20 0 .00002
21 0 .0295
22 0 .00914
23 0 .00819
24 0 .00676
25 0 .00742
26 0 .00502
27 0 .00311
28 0 .00311
29 0 .00245
30 0 .00303
31 0 .00271
32 0 .00179
33 0 .00174
34 0 .0019
35 0 .00117
36 0 .001
37 0 .00094
38 0 .00099
39 0 .00071
40 0 .00053
41 0 .00048
42 0 .00042
43 0 .0002
44 0 .00015
45 0 .0001
46 0 .00007
47 0 .00003
48 0 .00002
49 0 .00001
50 0 0
51 0 0
100 0 0
