*parity 0 married
birth 1 F married 0
14 0 0
15 0 .00051
16 0 .00074
17 0 .03174
18 0 .02639
19 0 .0365
20 0 .04076
21 0 .05073
22 0 .04702
23 0 .0512
24 0 .06032
25 0 .05224
26 0 .0356
27 0 .02029
28 0 .00965
29 0 .00272
30 0 .00083
31 0 0
32 0 .00037
33 0 .00079
34 0 .00151
35 0 .00185
36 0 .00236
37 0 .00263
38 0 .0032
39 0 .00364
40 0 .00331
41 0 .00371
42 0 .00427
43 0 .00429
44 0 .00555
45 0 .00572
46 0 .00594
47 0 .00734
48 0 .00861
49 0 .01172
50 0 .00905
51 0 .00876
100 0 0
*parity 0 single
birth 1 F single 0
14 0 0
15 0 .00003
16 0 .00005
17 0 .00012
18 0 .00026
19 0 .00047
20 0 .00072
21 0 .00088
22 0 .00097
23 0 .00089
24 0 .00089
25 0 .00075
26 0 .00061
27 0 .00039
28 0 .00022
29 0 .00009
30 0 .00003
31 0 0
32 0 .00002
33 0 .00006
34 0 .00016
35 0 .00024
36 0 .00033
37 0 .00046
38 0 .0006
39 0 .00052
40 0 .00078
41 0 .00077
42 0 .00089
43 0 .00115
44 0 .00124
45 0 .00142
46 0 .0013
47 0 .00303
48 0 .00174
49 0 .00143
50 0 .00159
51 0 .00106
100 0 0
*parity 0 widowed
birth 1 F widowed 0
14 0 0
15 0 .00008
16 0 .00012
17 0 .45158
18 0 .18189
19 0 1.48276
20 0 .00115
21 0 .00126
22 0 .39246
23 0 .00102
24 0 .67702
25 0 .23948
26 0 .66976
27 0 .00022
28 0 .0001
29 0 .05599
30 0 .01662
31 0 0
32 0 .0046
33 0 .0021
34 0 .00821
35 0 .00387
36 0 .00288
37 0 .0039
38 0 .00432
39 0 .00329
40 0 .00358
41 0 .00329
42 0 .00409
43 0 .0054
44 0 .00504
45 0 .00419
46 0 .00486
47 0 .01263
48 0 .00689
49 0 .00451
50 0 .00294
51 0 .00303
100 0 0
*parity 0 divorced
birth 1 F divorced 0
14 0 0
15 0 .00008
16 0 .00012
17 0 .45158
18 0 .18189
19 0 1.48276
20 0 .00115
21 0 .00126
22 0 .39246
23 0 .00102
24 0 .67702
25 0 .23948
26 0 .66976
27 0 .00022
28 0 .0001
29 0 .05599
30 0 .01662
31 0 0
32 0 .0046
33 0 .0021
34 0 .00821
35 0 .00387
36 0 .00288
37 0 .0039
38 0 .00432
39 0 .00329
40 0 .00358
41 0 .00329
42 0 .00409
43 0 .0054
44 0 .00504
45 0 .00419
46 0 .00486
47 0 .01263
48 0 .00689
49 0 .00451
50 0 .00294
51 0 .00303
100 0 0
*parity 1 married
birth 1 F married 1
14 0 0
15 0 .00054
16 0 .00059
17 0 1
18 0 .06224
19 0 .23471
20 0 .60409
21 0 .14033
22 0 .07702
23 0 .12591
24 0 .1183
25 0 .12365
26 0 .05944
27 0 .03733
28 0 .03398
29 0 .04073
30 0 .04441
31 0 .0328
32 0 .02804
33 0 .0399
34 0 .0465
35 0 .03795
36 0 .07719
37 0 .03512
38 0 .02584
39 0 .02954
40 0 .0191
41 0 .01486
42 0 .01272
43 0 .0123
44 0 .012
45 0 .0146
46 0 .0137
47 0 .01483
48 0 .01321
49 0 .01682
50 0 .01197
51 0 .0146
100 0 0
*parity 1 single
birth 1 F single 1
14 0 0
15 0 .00004
16 0 .00004
17 0 .04678
18 0 .0818
19 0 .05695
20 0 .05599
21 0 .12485
22 0 .16742
23 0 .00042
24 0 .2206
25 0 .11501
26 0 .0646
27 0 .12496
28 0 .09161
29 0 .04941
30 0 .07034
31 0 .00006
32 0 .00005
33 0 .00004
34 0 .05328
35 0 .00004
36 0 .00004
37 0 .06392
38 0 .00005
39 0 .00005
40 0 .06308
41 0 .00004
42 0 .02914
43 0 .00004
44 0 .05096
45 0 .04921
46 0 .00004
47 0 .04897
48 0 .0236
49 0 .00004
50 0 .01586
51 0 .00004
100 0 0
*parity 1 widowed
birth 1 F widowed 1
14 0 0
15 0 .00008
16 0 .00009
17 0 .00012
18 0 .38372
19 0 .22263
20 0 .10505
21 0 .48806
22 0 .00095
23 0 .23886
24 0 .00094
25 0 .00084
26 0 .0007
27 0 .00055
28 0 .64462
29 0 .0003
30 0 .16498
31 0 .1063
32 0 .1507
33 0 .06307
34 0 .06248
35 0 .046
36 0 .0001
37 0 .04997
38 0 .03779
39 0 .01149
40 0 .00643
41 0 .00295
42 0 .00224
43 0 .00352
44 0 .00478
45 0 .00679
46 0 .00301
47 0 .00359
48 0 .00307
49 0 .00225
50 0 .0018
51 0 .00183
100 0 0
*parity 1 divorced
birth 1 F divorced 1
14 0 0
15 0 .00008
16 0 .00009
17 0 .00012
18 0 .38372
19 0 .22263
20 0 .10505
21 0 .48806
22 0 .00095
23 0 .23886
24 0 .00094
25 0 .00084
26 0 .0007
27 0 .00055
28 0 .64462
29 0 .0003
30 0 .16498
31 0 .1063
32 0 .1507
33 0 .06307
34 0 .06248
35 0 .046
36 0 .0001
37 0 .04997
38 0 .03779
39 0 .01149
40 0 .00643
41 0 .00295
42 0 .00224
43 0 .00352
44 0 .00478
45 0 .00679
46 0 .00301
47 0 .00359
48 0 .00307
49 0 .00225
50 0 .0018
51 0 .00183
100 0 0
*parity 2 married
birth 1 F married 2
14 0 0
15 0 .00053
16 0 .00054
17 0 .00056
18 0 .00068
19 0 .01688
20 0 .01553
21 0 .01774
22 0 .02238
23 0 .02171
24 0 .01959
25 0 .0199
26 0 .02027
27 0 .02053
28 0 .01981
29 0 .01779
30 0 .0178
31 0 .01648
32 0 .01522
33 0 .01538
34 0 .01479
35 0 .01567
36 0 .01417
37 0 .01328
38 0 .01346
39 0 .01239
40 0 .01121
41 0 .00921
42 0 .00751
43 0 .00536
44 0 .00413
45 0 .00318
46 0 .00251
47 0 .0018
48 0 .00148
49 0 .00129
50 0 .0012
51 0 .00119
100 0 0
*parity 2 single
birth 1 F single 2
14 0 0
15 0 .00004
16 0 .00004
17 0 .06721
18 0 .04112
19 0 .02435
20 0 .03489
21 0 .03347
22 0 .03653
23 0 .03124
24 0 .02314
25 0 .04129
26 0 .0349
27 0 .06465
28 0 .04336
29 0 .04442
30 0 .07388
31 0 .05693
32 0 .14088
33 0 .13891
34 0 .13123
35 0 .11214
36 0 .36393
37 0 .21898
38 0 .15013
39 0 .1338
40 0 .11975
41 0 .19001
42 0 .15816
43 0 .08199
44 0 .03728
45 0 .14061
46 0 .09966
47 0 .04221
48 0 .00005
49 0 .01062
50 0 .02594
51 0 .01427
100 0 0
*parity 2 widowed
birth 1 F widowed 2
14 0 0
15 0 .00008
16 0 .00009
17 0 .00009
18 0 .00011
19 0 .14275
20 0 .04464
21 0 .04545
22 0 .03528
23 0 .03179
24 0 .02947
25 0 .02132
26 0 .02232
27 0 .01663
28 0 .01453
29 0 .01544
30 0 .01219
31 0 .01161
32 0 .01022
33 0 .00861
34 0 .00824
35 0 .00669
36 0 .00662
37 0 .00595
38 0 .00422
39 0 .00398
40 0 .00382
41 0 .00298
42 0 .00213
43 0 .00166
44 0 .00123
45 0 .00083
46 0 .00057
47 0 .00045
48 0 .00035
49 0 .0003
50 0 .0003
51 0 .00027
100 0 0
*parity 2 divorced
birth 1 F divorced 2
14 0 0
15 0 .00008
16 0 .00009
17 0 .00009
18 0 .00011
19 0 .14275
20 0 .04464
21 0 .04545
22 0 .03528
23 0 .03179
24 0 .02947
25 0 .02132
26 0 .02232
27 0 .01663
28 0 .01453
29 0 .01544
30 0 .01219
31 0 .01161
32 0 .01022
33 0 .00861
34 0 .00824
35 0 .00669
36 0 .00662
37 0 .00595
38 0 .00422
39 0 .00398
40 0 .00382
41 0 .00298
42 0 .00213
43 0 .00166
44 0 .00123
45 0 .00083
46 0 .00057
47 0 .00045
48 0 .00035
49 0 .0003
50 0 .0003
51 0 .00027
100 0 0
