*parity 0 married
birth 1 F married 0
14 0 0
15 0 .00025
16 0 .00107
17 0 .05582
18 0 .03339
19 0 .03918
20 0 .04899
21 0 .05178
22 0 .0534
23 0 .04519
24 0 .06607
25 0 .07058
26 0 .05399
27 0 .04517
28 0 .03841
29 0 .03346
30 0 .03455
31 0 .02818
32 0 .04009
33 0 .02643
34 0 .01818
35 0 .02202
36 0 .01027
37 0 .01079
38 0 .00856
39 0 .00791
40 0 .00416
41 0 .00253
42 0 .00228
43 0 .00107
44 0 .00089
45 0 .00041
46 0 .00025
47 0 .00013
48 0 .00006
49 0 .00002
50 0 .00001
51 0 0
100 0 0
*parity 0 single
birth 1 F single 0
14 0 0
15 0 0
16 0 0
17 0 0
18 0 .00001
19 0 .00001
20 0 .00002
21 0 .00002
22 0 .00002
23 0 .00002
24 0 .00002
25 0 .00002
26 0 .00002
27 0 .00002
28 0 .00002
29 0 .00002
30 0 .00002
31 0 .00002
32 0 .00002
33 0 .00002
34 0 .00001
35 0 .00001
36 0 .00001
37 0 .00001
38 0 .00001
39 0 .00001
40 0 .00001
41 0 0
42 0 0
43 0 0
44 0 0
45 0 0
46 0 0
47 0 0
48 0 0
49 0 0
50 0 0
51 0 0
100 0 0
*parity 0 widowed
birth 1 F widowed 0
14 0 0
15 0 0
16 0 .00001
17 0 .00002
18 0 .0115
19 0 .04776
20 0 .01056
21 0 .00847
22 0 .01955
23 0 .0106
24 0 .02337
25 0 .00854
26 0 .00446
27 0 .00631
28 0 .00536
29 0 .00473
30 0 .0019
31 0 .00542
32 0 .0069
33 0 .00083
34 0 .001
35 0 .00075
36 0 .00041
37 0 .00084
38 0 .00084
39 0 .00041
40 0 .00047
41 0 .00027
42 0 .0001
43 0 .00007
44 0 .00005
45 0 .00003
46 0 .00003
47 0 .00001
48 0 .00001
49 0 0
50 0 0
51 0 0
100 0 0
*parity 0 divorced
birth 1 F divorced 0
14 0 0
15 0 0
16 0 .00001
17 0 .00002
18 0 .0115
19 0 .04776
20 0 .01056
21 0 .00847
22 0 .01955
23 0 .0106
24 0 .02337
25 0 .00854
26 0 .00446
27 0 .00631
28 0 .00536
29 0 .00473
30 0 .0019
31 0 .00542
32 0 .0069
33 0 .00083
34 0 .001
35 0 .00075
36 0 .00041
37 0 .00084
38 0 .00084
39 0 .00041
40 0 .00047
41 0 .00027
42 0 .0001
43 0 .00007
44 0 .00005
45 0 .00003
46 0 .00003
47 0 .00001
48 0 .00001
49 0 0
50 0 0
51 0 0
100 0 0
*parity 1 married
birth 1 F married 1
14 0 0
15 0 0
16 0 .00007
17 0 .00025
18 0 .06384
19 0 .0252
20 0 .02474
21 0 .02215
22 0 .02607
23 0 .02303
24 0 .02317
25 0 .02126
26 0 .01821
27 0 .02095
28 0 .01828
29 0 .01906
30 0 .02511
31 0 .01945
32 0 .01519
33 0 .01282
34 0 .01103
35 0 .01085
36 0 .00826
37 0 .00852
38 0 .00847
39 0 .0075
40 0 .00557
41 0 .00397
42 0 .00254
43 0 .00198
44 0 .00125
45 0 .00106
46 0 .00038
47 0 .00028
48 0 .00009
49 0 .00002
50 0 .00001
51 0 0
100 0 0
*parity 1 single
birth 1 F single 1
14 0 0
15 0 0
16 0 0
17 0 0
18 0 0
19 0 0
20 0 0
21 0 .00001
22 0 .00001
23 0 .0088
24 0 .00443
25 0 .00001
26 0 .00001
27 0 .00001
28 0 .00677
29 0 .00632
30 0 .00001
31 0 .00001
32 0 0
33 0 0
34 0 0
35 0 .00228
36 0 0
37 0 0
38 0 .00111
39 0 0
40 0 0
41 0 .00022
42 0 .00031
43 0 0
44 0 0
45 0 0
46 0 0
47 0 0
48 0 0
49 0 0
50 0 0
51 0 0
100 0 0
*parity 1 widowed
birth 1 F widowed 1
14 0 0
15 0 0
16 0 0
17 0 0
18 0 .00001
19 0 .01313
20 0 .00598
21 0 .00742
22 0 .01245
23 0 .00368
24 0 .0024
25 0 .00273
26 0 .00306
27 0 .00216
28 0 .00173
29 0 .00139
30 0 .00175
31 0 .0013
32 0 .00089
33 0 .00067
34 0 .00057
35 0 .00042
36 0 .00038
37 0 .00036
38 0 .00022
39 0 .00025
40 0 .00014
41 0 .00013
42 0 .00007
43 0 .00004
44 0 .00005
45 0 .00002
46 0 .00001
47 0 0
48 0 0
49 0 0
50 0 0
51 0 0
100 0 0
*parity 1 divorced
birth 1 F divorced 1
14 0 0
15 0 0
16 0 0
17 0 0
18 0 .00001
19 0 .01313
20 0 .00598
21 0 .00742
22 0 .01245
23 0 .00368
24 0 .0024
25 0 .00273
26 0 .00306
27 0 .00216
28 0 .00173
29 0 .00139
30 0 .00175
31 0 .0013
32 0 .00089
33 0 .00067
34 0 .00057
35 0 .00042
36 0 .00038
37 0 .00036
38 0 .00022
39 0 .00025
40 0 .00014
41 0 .00013
42 0 .00007
43 0 .00004
44 0 .00005
45 0 .00002
46 0 .00001
47 0 0
48 0 0
49 0 0
50 0 0
51 0 0
100 0 0
*parity 2 married
birth 1 F married 2
14 0 0
15 0 0
16 0 .00001
17 0 .00002
18 0 .00549
19 0 .01038
20 0 .02319
21 0 .01522
22 0 .01508
23 0 .02174
24 0 .01858
25 0 .01639
26 0 .01685
27 0 .01354
28 0 .01362
29 0 .01231
30 0 .01074
31 0 .00972
32 0 .00882
33 0 .00847
34 0 .0082
35 0 .00694
36 0 .00658
37 0 .00512
38 0 .00457
39 0 .00393
40 0 .00338
41 0 .00267
42 0 .00208
43 0 .00148
44 0 .00104
45 0 .00066
46 0 .00041
47 0 .00026
48 0 .00013
49 0 .00007
50 0 .00003
51 0 .00001
100 0 0
*parity 2 single
birth 1 F single 2
14 0 0
15 0 0
16 0 0
17 0 0
18 0 0
19 0 0
20 0 0
21 0 0
22 0 0
23 0 .00001
24 0 .00001
25 0 .00001
26 0 .00001
27 0 .00001
28 0 .00001
29 0 .00001
30 0 .00001
31 0 .00001
32 0 .00001
33 0 .00001
34 0 .00001
35 0 .00681
36 0 .00001
37 0 .00001
38 0 .00001
39 0 .00001
40 0 .00368
41 0 0
42 0 0
43 0 0
44 0 0
45 0 .00059
46 0 0
47 0 0
48 0 0
49 0 0
50 0 0
51 0 0
100 0 0
*parity 2 widowed
birth 1 F widowed 2
14 0 0
15 0 0
16 0 0
17 0 0
18 0 0
19 0 0
20 0 .00001
21 0 .00588
22 0 .00385
23 0 .00219
24 0 .00464
25 0 .00216
26 0 .00289
27 0 .00239
28 0 .00162
29 0 .00216
30 0 .00152
31 0 .00103
32 0 .00081
33 0 .00062
34 0 .00062
35 0 .00045
36 0 .00038
37 0 .00039
38 0 .00031
39 0 .00021
40 0 .00016
41 0 .00011
42 0 .00008
43 0 .00006
44 0 .00004
45 0 .00003
46 0 .00001
47 0 .00001
48 0 0
49 0 0
50 0 0
51 0 0
100 0 0
*parity 2 divorced
birth 1 F divorced 2
14 0 0
15 0 0
16 0 0
17 0 0
18 0 0
19 0 0
20 0 .00001
21 0 .00588
22 0 .00385
23 0 .00219
24 0 .00464
25 0 .00216
26 0 .00289
27 0 .00239
28 0 .00162
29 0 .00216
30 0 .00152
31 0 .00103
32 0 .00081
33 0 .00062
34 0 .00062
35 0 .00045
36 0 .00038
37 0 .00039
38 0 .00031
39 0 .00021
40 0 .00016
41 0 .00011
42 0 .00008
43 0 .00006
44 0 .00004
45 0 .00003
46 0 .00001
47 0 .00001
48 0 0
49 0 0
50 0 0
51 0 0
100 0 0
