*parity 0 married
birth 1 F married 0
14 0 0
15 0 .00019
16 0 .00075
17 0 .06877
18 0 .05002
19 0 .06952
20 0 .0803
21 0 .08653
22 0 .13235
23 0 .18334
24 0 .1599
25 0 .22922
26 0 1
27 0 1
28 0 .82213
29 0 .60108
30 0 1
31 0 .72661
32 0 .04725
33 0 .02159
34 0 .0301
35 0 .01907
36 0 .007
37 0 .00507
38 0 .00278
39 0 .00153
40 0 .00113
41 0 .00067
42 0 .00046
43 0 .00027
44 0 .00016
45 0 .0001
46 0 .00005
47 0 .00003
48 0 .00002
49 0 .00001
50 0 0
51 0 0
100 0 0
*parity 0 single
birth 1 F single 0
14 0 0
15 0 .00005
16 0 .00021
17 0 .00041
18 0 .00069
19 0 .00096
20 0 .00117
21 0 .00127
22 0 .00126
23 0 .00121
24 0 .00124
25 0 .00122
26 0 .00118
27 0 .00119
28 0 .00113
29 0 .00108
30 0 .00107
31 0 .00097
32 0 .00097
33 0 .00091
34 0 .00082
35 0 .00083
36 0 .00081
37 0 .00082
38 0 .00068
39 0 .00065
40 0 .00069
41 0 .00059
42 0 .00035
43 0 .00032
44 0 .00025
45 0 .00016
46 0 .00015
47 0 .00009
48 0 .00003
49 0 .00001
50 0 0
51 0 0
100 0 0
*parity 0 widowed
birth 1 F widowed 0
14 0 0
15 0 .00001
16 0 .00005
17 0 .00009
18 0 .00015
19 0 .0002
20 0 .00023
21 0 .36536
22 0 .32305
23 0 .31448
24 0 .0002
25 0 .00018
26 0 .24343
27 0 .00016
28 0 .10847
29 0 .00013
30 0 .00012
31 0 .0001
32 0 .12156
33 0 .00007
34 0 .0427
35 0 .00004
36 0 .01351
37 0 .0087
38 0 .0036
39 0 .003
40 0 .0013
41 0 .0004
42 0 .00039
43 0 .00018
44 0 .00009
45 0 .00005
46 0 .00002
47 0 .00001
48 0 0
49 0 0
50 0 0
51 0 0
100 0 0
*parity 0 divorced
birth 1 F divorced 0
14 0 0
15 0 .00001
16 0 .00005
17 0 .00009
18 0 .00015
19 0 .0002
20 0 .00023
21 0 .36536
22 0 .32305
23 0 .31448
24 0 .0002
25 0 .00018
26 0 .24343
27 0 .00016
28 0 .10847
29 0 .00013
30 0 .00012
31 0 .0001
32 0 .12156
33 0 .00007
34 0 .0427
35 0 .00004
36 0 .01351
37 0 .0087
38 0 .0036
39 0 .003
40 0 .0013
41 0 .0004
42 0 .00039
43 0 .00018
44 0 .00009
45 0 .00005
46 0 .00002
47 0 .00001
48 0 0
49 0 0
50 0 0
51 0 0
100 0 0
*parity 1 married
birth 1 F married 1
14 0 0
15 0 0
16 0 .00004
17 0 .20966
18 0 .01733
19 0 .01547
20 0 .0161
21 0 .01648
22 0 .01799
23 0 .02202
24 0 .025
25 0 .02698
26 0 .02198
27 0 .02078
28 0 .02178
29 0 .02098
30 0 .0171
31 0 .01472
32 0 .01131
33 0 .00995
34 0 .00704
35 0 .00581
36 0 .00441
37 0 .00296
38 0 .00247
39 0 .00224
40 0 .00164
41 0 .00115
42 0 .00075
43 0 .00053
44 0 .00032
45 0 .00017
46 0 .00008
47 0 .00004
48 0 .00002
49 0 .00001
50 0 0
51 0 0
100 0 0
*parity 1 single
birth 1 F single 1
14 0 0
15 0 0
16 0 .00001
17 0 .01476
18 0 .01561
19 0 .03812
20 0 .02447
21 0 .02731
22 0 .02778
23 0 .02547
24 0 .02607
25 0 .01951
26 0 .03243
27 0 .04597
28 0 .04938
29 0 .0398
30 0 .03896
31 0 .02793
32 0 .03768
33 0 .02842
34 0 .04375
35 0 .05751
36 0 .34011
37 0 .00017
38 0 .00013
39 0 .03729
40 0 .03489
41 0 .01757
42 0 .00003
43 0 .00002
44 0 .01629
45 0 .00001
46 0 .00416
47 0 .00197
48 0 0
49 0 .00027
50 0 .00008
51 0 .00005
100 0 0
*parity 1 widowed
birth 1 F widowed 1
14 0 0
15 0 0
16 0 0
17 0 .00001
18 0 .03658
19 0 .03573
20 0 .02294
21 0 .02772
22 0 .04718
23 0 .02208
24 0 .02511
25 0 .0259
26 0 .02204
27 0 .0174
28 0 .04396
29 0 .02383
30 0 .01826
31 0 .02945
32 0 .01059
33 0 .00518
34 0 .00559
35 0 .00429
36 0 .00531
37 0 .00255
38 0 .00182
39 0 .0007
40 0 .00041
41 0 .00039
42 0 .00019
43 0 .00012
44 0 .00006
45 0 .00004
46 0 .00001
47 0 .00001
48 0 0
49 0 0
50 0 0
51 0 0
100 0 0
*parity 1 divorced
birth 1 F divorced 1
14 0 0
15 0 0
16 0 0
17 0 .00001
18 0 .03658
19 0 .03573
20 0 .02294
21 0 .02772
22 0 .04718
23 0 .02208
24 0 .02511
25 0 .0259
26 0 .02204
27 0 .0174
28 0 .04396
29 0 .02383
30 0 .01826
31 0 .02945
32 0 .01059
33 0 .00518
34 0 .00559
35 0 .00429
36 0 .00531
37 0 .00255
38 0 .00182
39 0 .0007
40 0 .00041
41 0 .00039
42 0 .00019
43 0 .00012
44 0 .00006
45 0 .00004
46 0 .00001
47 0 .00001
48 0 0
49 0 0
50 0 0
51 0 0
100 0 0
*parity 2 married
birth 1 F married 2
14 0 0
15 0 0
16 0 0
17 0 .00001
18 0 .00005
19 0 .0485
20 0 .02111
21 0 .01509
22 0 .01264
23 0 .01226
24 0 .0103
25 0 .01026
26 0 .01058
27 0 .00931
28 0 .00934
29 0 .00871
30 0 .00801
31 0 .00695
32 0 .00619
33 0 .00588
34 0 .00474
35 0 .0038
36 0 .00348
37 0 .00307
38 0 .0027
39 0 .00227
40 0 .00177
41 0 .00138
42 0 .00106
43 0 .00071
44 0 .00051
45 0 .00033
46 0 .0002
47 0 .00011
48 0 .00005
49 0 .00003
50 0 .00001
51 0 0
100 0 0
*parity 2 single
birth 1 F single 2
14 0 0
15 0 0
16 0 0
17 0 0
18 0 .00001
19 0 .01093
20 0 .01486
21 0 .01147
22 0 .01637
23 0 .01713
24 0 .01045
25 0 .0128
26 0 .01235
27 0 .0107
28 0 .01039
29 0 .01063
30 0 .00981
31 0 .01065
32 0 .01184
33 0 .0094
34 0 .01292
35 0 .01043
36 0 .01089
37 0 .00983
38 0 .0113
39 0 .01064
40 0 .0095
41 0 .00961
42 0 .01325
43 0 .00882
44 0 .01137
45 0 .00578
46 0 .00306
47 0 .00187
48 0 .00082
49 0 .00085
50 0 .00017
51 0 .00009
100 0 0
*parity 2 widowed
birth 1 F widowed 2
14 0 0
15 0 0
16 0 0
17 0 0
18 0 0
19 0 .00001
20 0 .02786
21 0 .05375
22 0 .00697
23 0 .01204
24 0 .00649
25 0 .0051
26 0 .00523
27 0 .0059
28 0 .00433
29 0 .00376
30 0 .00275
31 0 .00311
32 0 .00241
33 0 .0019
34 0 .00178
35 0 .00167
36 0 .00129
37 0 .00105
38 0 .00082
39 0 .00062
40 0 .00048
41 0 .00034
42 0 .00023
43 0 .00018
44 0 .00011
45 0 .00007
46 0 .00004
47 0 .00002
48 0 .00001
49 0 0
50 0 0
51 0 0
100 0 0
*parity 2 divorced
birth 1 F divorced 2
14 0 0
15 0 0
16 0 0
17 0 0
18 0 0
19 0 .00001
20 0 .02786
21 0 .05375
22 0 .00697
23 0 .01204
24 0 .00649
25 0 .0051
26 0 .00523
27 0 .0059
28 0 .00433
29 0 .00376
30 0 .00275
31 0 .00311
32 0 .00241
33 0 .0019
34 0 .00178
35 0 .00167
36 0 .00129
37 0 .00105
38 0 .00082
39 0 .00062
40 0 .00048
41 0 .00034
42 0 .00023
43 0 .00018
44 0 .00011
45 0 .00007
46 0 .00004
47 0 .00002
48 0 .00001
49 0 0
50 0 0
51 0 0
100 0 0
