*parity 0 married
birth 1 F married 0
14 0 0
15 0 .00021
16 0 .00095
17 0 .03422
18 0 .03046
19 0 .03716
20 0 .04507
21 0 .06716
22 0 .05907
23 0 .06173
24 0 .05651
25 0 .06214
26 0 .057
27 0 .05578
28 0 .05673
29 0 .04407
30 0 .03414
31 0 .04927
32 0 .02669
33 0 .01943
34 0 .02194
35 0 .01462
36 0 .0141
37 0 .01021
38 0 .0064
39 0 .00528
40 0 .00441
41 0 .00271
42 0 .0008
43 0 .0004
44 0 .00037
45 0 .00017
46 0 .0001
47 0 .00007
48 0 .00003
49 0 .00001
50 0 0
51 0 .00001
100 0 0
*parity 0 single
birth 1 F single 0
14 0 0
15 0 .00001
16 0 .00003
17 0 .00008
18 0 .00015
19 0 .00024
20 0 .00034
21 0 .00038
22 0 .00042
23 0 .00041
24 0 .00043
25 0 .00043
26 0 .0004
27 0 .00042
28 0 .0004
29 0 .00039
30 0 .00034
31 0 .0004
32 0 .00034
33 0 .00031
34 0 .0003
35 0 .0002
36 0 .00023
37 0 .0002
38 0 .00022
39 0 .00025
40 0 .0002
41 0 .00011
42 0 .00008
43 0 .00004
44 0 .00003
45 0 .00002
46 0 .00001
47 0 .00001
48 0 0
49 0 0
50 0 0
51 0 0
100 0 0
*parity 0 widowed
birth 1 F widowed 0
14 0 0
15 0 .00001
16 0 .00005
17 0 .18063
18 0 .0002
19 0 .10354
20 0 .00036
21 0 .49419
22 0 .4567
23 0 .00032
24 0 .37058
25 0 .2982
26 0 .24313
27 0 .20819
28 0 .00014
29 0 .07401
30 0 .0001
31 0 .00008
32 0 .07684
33 0 .02901
34 0 .0234
35 0 .02027
36 0 .00632
37 0 .00817
38 0 .00318
39 0 .00451
40 0 .00165
41 0 .00051
42 0 .00053
43 0 .00013
44 0 .00006
45 0 .00004
46 0 .00002
47 0 .00001
48 0 .00001
49 0 0
50 0 0
51 0 0
100 0 0
*parity 0 divorced
birth 1 F divorced 0
14 0 0
15 0 .00001
16 0 .00005
17 0 .18063
18 0 .0002
19 0 .10354
20 0 .00036
21 0 .49419
22 0 .4567
23 0 .00032
24 0 .37058
25 0 .2982
26 0 .24313
27 0 .20819
28 0 .00014
29 0 .07401
30 0 .0001
31 0 .00008
32 0 .07684
33 0 .02901
34 0 .0234
35 0 .02027
36 0 .00632
37 0 .00817
38 0 .00318
39 0 .00451
40 0 .00165
41 0 .00051
42 0 .00053
43 0 .00013
44 0 .00006
45 0 .00004
46 0 .00002
47 0 .00001
48 0 .00001
49 0 0
50 0 0
51 0 0
100 0 0
*parity 1 married
birth 1 F married 1
14 0 0
15 0 0
16 0 .00007
17 0 .00026
18 0 .12527
19 0 .06927
20 0 .03626
21 0 .02593
22 0 .02679
23 0 .03712
24 0 .02975
25 0 .02491
26 0 .02566
27 0 .02454
28 0 .02243
29 0 .02891
30 0 .04725
31 0 .03916
32 0 .0465
33 0 .04152
34 0 .06512
35 0 .04297
36 0 .19265
37 0 .18539
38 0 .28598
39 0 .00046
40 0 .00034
41 0 .10147
42 0 .13234
43 0 .08253
44 0 .00006
45 0 .00835
46 0 .00296
47 0 .00583
48 0 .00043
49 0 .0001
50 0 .00003
51 0 .00002
100 0 0
*parity 1 single
birth 1 F single 1
14 0 0
15 0 0
16 0 0
17 0 .00001
18 0 .01963
19 0 .00006
20 0 .13382
21 0 .02425
22 0 .06624
23 0 .0286
24 0 .22274
25 0 .20034
26 0 .04468
27 0 .04123
28 0 .14605
29 0 .06644
30 0 .00009
31 0 .08726
32 0 .00007
33 0 .06072
34 0 .01663
35 0 .04339
36 0 .03354
37 0 .02582
38 0 .00996
39 0 .00002
40 0 .00001
41 0 .00707
42 0 .00461
43 0 0
44 0 0
45 0 0
46 0 .00021
47 0 .00007
48 0 .00002
49 0 0
50 0 0
51 0 0
100 0 0
*parity 1 widowed
birth 1 F widowed 1
14 0 0
15 0 0
16 0 0
17 0 .00001
18 0 .01503
19 0 .04063
20 0 .04098
21 0 .03713
22 0 .04347
23 0 .01946
24 0 .03101
25 0 .02045
26 0 .01955
27 0 .01329
28 0 .01491
29 0 .01453
30 0 .01855
31 0 .00012
32 0 .0595
33 0 .09298
34 0 .00007
35 0 .01661
36 0 .05136
37 0 .01977
38 0 .0305
39 0 .01068
40 0 .00383
41 0 .00541
42 0 .00118
43 0 .0022
44 0 0
45 0 .00134
46 0 .00063
47 0 0
48 0 .00006
49 0 .00001
50 0 .00001
51 0 0
100 0 0
*parity 1 divorced
birth 1 F divorced 1
14 0 0
15 0 0
16 0 0
17 0 .00001
18 0 .01503
19 0 .04063
20 0 .04098
21 0 .03713
22 0 .04347
23 0 .01946
24 0 .03101
25 0 .02045
26 0 .01955
27 0 .01329
28 0 .01491
29 0 .01453
30 0 .01855
31 0 .00012
32 0 .0595
33 0 .09298
34 0 .00007
35 0 .01661
36 0 .05136
37 0 .01977
38 0 .0305
39 0 .01068
40 0 .00383
41 0 .00541
42 0 .00118
43 0 .0022
44 0 0
45 0 .00134
46 0 .00063
47 0 0
48 0 .00006
49 0 .00001
50 0 .00001
51 0 0
100 0 0
*parity 2 married
birth 1 F married 2
14 0 0
15 0 0
16 0 .00001
17 0 .00002
18 0 .0041
19 0 .00687
20 0 .01038
21 0 .01892
22 0 .01644
23 0 .01571
24 0 .01641
25 0 .01648
26 0 .01603
27 0 .01368
28 0 .01336
29 0 .01227
30 0 .01093
31 0 .00918
32 0 .00891
33 0 .00841
34 0 .00737
35 0 .00724
36 0 .00679
37 0 .00612
38 0 .00564
39 0 .00479
40 0 .00436
41 0 .00346
42 0 .00298
43 0 .00238
44 0 .00161
45 0 .00127
46 0 .00068
47 0 .00042
48 0 .00021
49 0 .00013
50 0 .00005
51 0 .00002
100 0 0
*parity 2 single
birth 1 F single 2
14 0 0
15 0 0
16 0 0
17 0 0
18 0 0
19 0 .00001
20 0 .04155
21 0 .07312
22 0 .02819
23 0 .02384
24 0 .02267
25 0 .02029
26 0 .01242
27 0 .0253
28 0 .02351
29 0 .02064
30 0 .02361
31 0 .02487
32 0 .02801
33 0 .01783
34 0 .02283
35 0 .02242
36 0 .03919
37 0 .02279
38 0 .06072
39 0 .01942
40 0 .04005
41 0 .06306
42 0 .04747
43 0 .0174
44 0 .00611
45 0 .00521
46 0 .00294
47 0 .00104
48 0 .00086
49 0 .00012
50 0 .00008
51 0 .00002
100 0 0
*parity 2 widowed
birth 1 F widowed 2
14 0 0
15 0 0
16 0 0
17 0 0
18 0 .00001
19 0 .00002
20 0 .0106
21 0 .01018
22 0 .01079
23 0 .00774
24 0 .00762
25 0 .0076
26 0 .00682
27 0 .0057
28 0 .00421
29 0 .00321
30 0 .00336
31 0 .00272
32 0 .00229
33 0 .00198
34 0 .00193
35 0 .00184
36 0 .00111
37 0 .00103
38 0 .00084
39 0 .00074
40 0 .00055
41 0 .00045
42 0 .00036
43 0 .00027
44 0 .0002
45 0 .00011
46 0 .00007
47 0 .00004
48 0 .00002
49 0 .00001
50 0 0
51 0 0
100 0 0
*parity 2 divorced
birth 1 F divorced 2
14 0 0
15 0 0
16 0 0
17 0 0
18 0 .00001
19 0 .00002
20 0 .0106
21 0 .01018
22 0 .01079
23 0 .00774
24 0 .00762
25 0 .0076
26 0 .00682
27 0 .0057
28 0 .00421
29 0 .00321
30 0 .00336
31 0 .00272
32 0 .00229
33 0 .00198
34 0 .00193
35 0 .00184
36 0 .00111
37 0 .00103
38 0 .00084
39 0 .00074
40 0 .00055
41 0 .00045
42 0 .00036
43 0 .00027
44 0 .0002
45 0 .00011
46 0 .00007
47 0 .00004
48 0 .00002
49 0 .00001
50 0 0
51 0 0
100 0 0
