*parity 0 married
birth 1 F married 0
14 0 0
15 0 .00022
16 0 .00092
17 0 .04109
18 0 .02683
19 0 .03072
20 0 .03263
21 0 .02678
22 0 .02435
23 0 .01835
24 0 .01717
25 0 .01615
26 0 .01388
27 0 .01191
28 0 .01334
29 0 .00982
30 0 .0078
31 0 .00648
32 0 .00564
33 0 .00466
34 0 .00333
35 0 .00283
36 0 .00241
37 0 .00181
38 0 .00155
39 0 .00122
40 0 .00085
41 0 .0007
42 0 .00044
43 0 .00026
44 0 .00017
45 0 .0001
46 0 .00006
47 0 .00004
48 0 .00002
49 0 .00001
50 0 0
51 0 0
100 0 0
*parity 0 single
birth 1 F single 0
14 0 0
15 0 .00002
16 0 .00007
17 0 .00014
18 0 .00024
19 0 .00036
20 0 .00045
21 0 .00052
22 0 .00055
23 0 .00057
24 0 .00062
25 0 .00063
26 0 .00065
27 0 .00071
28 0 .00073
29 0 .00083
30 0 .0009
31 0 .00097
32 0 .00085
33 0 .00088
34 0 .00078
35 0 .00071
36 0 .00068
37 0 .00065
38 0 .00051
39 0 .00052
40 0 .00039
41 0 .00026
42 0 .00027
43 0 .00015
44 0 .00015
45 0 .00009
46 0 .00004
47 0 .00003
48 0 .00001
49 0 .00001
50 0 0
51 0 0
100 0 0
*parity 0 widowed
birth 1 F widowed 0
14 0 0
15 0 .00001
16 0 .00005
17 0 .00009
18 0 .03601
19 0 .03674
20 0 .03019
21 0 .02144
22 0 .01386
23 0 .00864
24 0 .00769
25 0 .0052
26 0 .00407
27 0 .0035
28 0 .00291
29 0 .0026
30 0 .00193
31 0 .00143
32 0 .00109
33 0 .00093
34 0 .00061
35 0 .00048
36 0 .00035
37 0 .00025
38 0 .00019
39 0 .00015
40 0 .00011
41 0 .00007
42 0 .00004
43 0 .00003
44 0 .00002
45 0 .00001
46 0 .00001
47 0 0
48 0 0
49 0 0
50 0 0
51 0 0
100 0 0
*parity 0 divorced
birth 1 F divorced 0
14 0 0
15 0 .00001
16 0 .00005
17 0 .00009
18 0 .03601
19 0 .03674
20 0 .03019
21 0 .02144
22 0 .01386
23 0 .00864
24 0 .00769
25 0 .0052
26 0 .00407
27 0 .0035
28 0 .00291
29 0 .0026
30 0 .00193
31 0 .00143
32 0 .00109
33 0 .00093
34 0 .00061
35 0 .00048
36 0 .00035
37 0 .00025
38 0 .00019
39 0 .00015
40 0 .00011
41 0 .00007
42 0 .00004
43 0 .00003
44 0 .00002
45 0 .00001
46 0 .00001
47 0 0
48 0 0
49 0 0
50 0 0
51 0 0
100 0 0
*parity 1 married
birth 1 F married 1
14 0 0
15 0 0
16 0 .00005
17 0 .00018
18 0 .02766
19 0 .01659
20 0 .01812
21 0 .02006
22 0 .0204
23 0 .0252
24 0 .0224
25 0 .023
26 0 .02387
27 0 .02932
28 0 .02267
29 0 .02084
30 0 .02383
31 0 .02531
32 0 .01991
33 0 .02412
34 0 .01851
35 0 .01839
36 0 .01487
37 0 .01527
38 0 .0094
39 0 .00671
40 0 .00366
41 0 .00287
42 0 .00212
43 0 .00144
44 0 .0008
45 0 .00049
46 0 .00033
47 0 .00017
48 0 .00005
49 0 .00003
50 0 .00001
51 0 .00001
100 0 0
*parity 1 single
birth 1 F single 1
14 0 0
15 0 0
16 0 0
17 0 .00001
18 0 .01677
19 0 .01886
20 0 .01844
21 0 .04447
22 0 .02915
23 0 .0573
24 0 .04787
25 0 .03204
26 0 .07374
27 0 .03334
28 0 .14089
29 0 .04174
30 0 .06774
31 0 .23787
32 0 .04225
33 0 .02308
34 0 .07646
35 0 .06271
36 0 .1003
37 0 .00006
38 0 .00004
39 0 .03817
40 0 .02633
41 0 .01697
42 0 .00001
43 0 .00788
44 0 0
45 0 .00178
46 0 0
47 0 0
48 0 0
49 0 .00005
50 0 0
51 0 .00001
100 0 0
*parity 1 widowed
birth 1 F widowed 1
14 0 0
15 0 0
16 0 0
17 0 .00001
18 0 .00003
19 0 .01363
20 0 .01866
21 0 .01072
22 0 .01135
23 0 .0072
24 0 .00665
25 0 .00686
26 0 .00576
27 0 .00638
28 0 .00433
29 0 .0044
30 0 .00356
31 0 .00269
32 0 .00228
33 0 .00238
34 0 .0024
35 0 .00168
36 0 .00132
37 0 .001
38 0 .0009
39 0 .0006
40 0 .00042
41 0 .00027
42 0 .0002
43 0 .00012
44 0 .00006
45 0 .00003
46 0 .00001
47 0 .00001
48 0 0
49 0 0
50 0 0
51 0 0
100 0 0
*parity 1 divorced
birth 1 F divorced 1
14 0 0
15 0 0
16 0 0
17 0 .00001
18 0 .00003
19 0 .01363
20 0 .01866
21 0 .01072
22 0 .01135
23 0 .0072
24 0 .00665
25 0 .00686
26 0 .00576
27 0 .00638
28 0 .00433
29 0 .0044
30 0 .00356
31 0 .00269
32 0 .00228
33 0 .00238
34 0 .0024
35 0 .00168
36 0 .00132
37 0 .001
38 0 .0009
39 0 .0006
40 0 .00042
41 0 .00027
42 0 .0002
43 0 .00012
44 0 .00006
45 0 .00003
46 0 .00001
47 0 .00001
48 0 0
49 0 0
50 0 0
51 0 0
100 0 0
*parity 2 married
birth 1 F married 2
14 0 0
15 0 0
16 0 0
17 0 .00001
18 0 .00006
19 0 .02276
20 0 .01932
21 0 .01598
22 0 .01556
23 0 .01724
24 0 .01504
25 0 .01469
26 0 .01528
27 0 .01268
28 0 .01168
29 0 .01145
30 0 .01116
31 0 .00958
32 0 .00954
33 0 .00754
34 0 .00789
35 0 .00694
36 0 .00585
37 0 .00522
38 0 .00436
39 0 .0036
40 0 .00323
41 0 .00229
42 0 .00165
43 0 .00132
44 0 .00083
45 0 .00057
46 0 .00032
47 0 .00017
48 0 .00009
49 0 .00004
50 0 .00002
51 0 .00001
100 0 0
*parity 2 single
birth 1 F single 2
14 0 0
15 0 0
16 0 0
17 0 0
18 0 0
19 0 .00001
20 0 .00003
21 0 .01979
22 0 .04305
23 0 .0196
24 0 .02412
25 0 .01619
26 0 .03841
27 0 .02585
28 0 .02665
29 0 .05018
30 0 .02349
31 0 .02911
32 0 .0406
33 0 .0249
34 0 .03176
35 0 .02596
36 0 .04214
37 0 .03357
38 0 .04847
39 0 .0296
40 0 .02347
41 0 .0342
42 0 .00932
43 0 .01467
44 0 .01402
45 0 .01487
46 0 .00443
47 0 .00533
48 0 .00243
49 0 0
50 0 .0002
51 0 0
100 0 0
*parity 2 widowed
birth 1 F widowed 2
14 0 0
15 0 0
16 0 0
17 0 0
18 0 0
19 0 .00001
20 0 .02328
21 0 .00858
22 0 .00692
23 0 .00654
24 0 .00523
25 0 .00644
26 0 .00463
27 0 .00346
28 0 .00279
29 0 .00275
30 0 .00216
31 0 .00204
32 0 .00179
33 0 .00145
34 0 .0014
35 0 .00104
36 0 .0009
37 0 .00072
38 0 .00058
39 0 .00044
40 0 .00035
41 0 .00025
42 0 .00021
43 0 .00014
44 0 .0001
45 0 .00005
46 0 .00003
47 0 .00002
48 0 .00001
49 0 0
50 0 0
51 0 0
100 0 0
*parity 2 divorced
birth 1 F divorced 2
14 0 0
15 0 0
16 0 0
17 0 0
18 0 0
19 0 .00001
20 0 .02328
21 0 .00858
22 0 .00692
23 0 .00654
24 0 .00523
25 0 .00644
26 0 .00463
27 0 .00346
28 0 .00279
29 0 .00275
30 0 .00216
31 0 .00204
32 0 .00179
33 0 .00145
34 0 .0014
35 0 .00104
36 0 .0009
37 0 .00072
38 0 .00058
39 0 .00044
40 0 .00035
41 0 .00025
42 0 .00021
43 0 .00014
44 0 .0001
45 0 .00005
46 0 .00003
47 0 .00002
48 0 .00001
49 0 0
50 0 0
51 0 0
100 0 0
