*parity 0 married
birth 1 F married 0
14 0 0
15 0 .0002
16 0 .00082
17 0 .07613
18 0 .04145
19 0 .04819
20 0 .0537
21 0 .0656
22 0 .04317
23 0 .04068
24 0 .04269
25 0 .03054
26 0 .03282
27 0 .02557
28 0 .01995
29 0 .0163
30 0 .01077
31 0 .00772
32 0 .00557
33 0 .00459
34 0 .00366
35 0 .00296
36 0 .00214
37 0 .00175
38 0 .00136
39 0 .00091
40 0 .00068
41 0 .00042
42 0 .00031
43 0 .0002
44 0 .0001
45 0 .00007
46 0 .00004
47 0 .00002
48 0 .00001
49 0 0
50 0 0
51 0 0
100 0 0
*parity 0 single
birth 1 F single 0
14 0 0
15 0 .00004
16 0 .00015
17 0 .00028
18 0 .00048
19 0 .00069
20 0 .00083
21 0 .0009
22 0 .00092
23 0 .0009
24 0 .00091
25 0 .00089
26 0 .00091
27 0 .00091
28 0 .00092
29 0 .00087
30 0 .00094
31 0 .001
32 0 .00107
33 0 .00112
34 0 .00094
35 0 .00095
36 0 .00087
37 0 .00094
38 0 .00082
39 0 .00063
40 0 .00066
41 0 .00059
42 0 .00056
43 0 .00029
44 0 .00022
45 0 .00018
46 0 .00009
47 0 .0001
48 0 .00006
49 0 .00001
50 0 0
51 0 0
100 0 0
*parity 0 widowed
birth 1 F widowed 0
14 0 0
15 0 .00001
16 0 .00005
17 0 .09811
18 0 .0518
19 0 .20325
20 0 .11798
21 0 .08071
22 0 .07335
23 0 .0002
24 0 .0247
25 0 .0325
26 0 .1865
27 0 .04495
28 0 .0853
29 0 .02183
30 0 .00859
31 0 .00599
32 0 .00407
33 0 .00233
34 0 .00147
35 0 .00098
36 0 .00095
37 0 .00056
38 0 .00034
39 0 .00023
40 0 .00014
41 0 .00013
42 0 .00007
43 0 .00005
44 0 .00003
45 0 .00001
46 0 .00001
47 0 0
48 0 0
49 0 0
50 0 0
51 0 0
100 0 0
*parity 0 divorced
birth 1 F divorced 0
14 0 0
15 0 .00001
16 0 .00005
17 0 .09811
18 0 .0518
19 0 .20325
20 0 .11798
21 0 .08071
22 0 .07335
23 0 .0002
24 0 .0247
25 0 .0325
26 0 .1865
27 0 .04495
28 0 .0853
29 0 .02183
30 0 .00859
31 0 .00599
32 0 .00407
33 0 .00233
34 0 .00147
35 0 .00098
36 0 .00095
37 0 .00056
38 0 .00034
39 0 .00023
40 0 .00014
41 0 .00013
42 0 .00007
43 0 .00005
44 0 .00003
45 0 .00001
46 0 .00001
47 0 0
48 0 0
49 0 0
50 0 0
51 0 0
100 0 0
*parity 1 married
birth 1 F married 1
14 0 0
15 0 0
16 0 .00004
17 0 .00016
18 0 .02926
19 0 .01964
20 0 .01793
21 0 .01863
22 0 .02676
23 0 .02706
24 0 .03303
25 0 .03609
26 0 .04238
27 0 .03569
28 0 .03934
29 0 .03243
30 0 .03866
31 0 .03065
32 0 .02321
33 0 .02374
34 0 .01633
35 0 .01491
36 0 .01343
37 0 .01159
38 0 .00941
39 0 .00861
40 0 .00522
41 0 .00341
42 0 .0026
43 0 .0013
44 0 .00093
45 0 .00043
46 0 .00019
47 0 .00011
48 0 .00005
49 0 .00002
50 0 .00001
51 0 0
100 0 0
*parity 1 single
birth 1 F single 1
14 0 0
15 0 0
16 0 .00001
17 0 .03051
18 0 .03934
19 0 .02163
20 0 .02442
21 0 .01984
22 0 .01873
23 0 .02711
24 0 .01599
25 0 .0213
26 0 .03039
27 0 .02762
28 0 .03778
29 0 .02409
30 0 .02109
31 0 .02503
32 0 .02237
33 0 .021
34 0 .0333
35 0 .06771
36 0 .057
37 0 .02251
38 0 .00009
39 0 .07407
40 0 .00005
41 0 .03425
42 0 .01957
43 0 .00618
44 0 .00001
45 0 0
46 0 .00089
47 0 .00083
48 0 0
49 0 .00007
50 0 .00004
51 0 0
100 0 0
*parity 1 widowed
birth 1 F widowed 1
14 0 0
15 0 0
16 0 0
17 0 .00001
18 0 .01285
19 0 .04947
20 0 .00008
21 0 .01575
22 0 .06427
23 0 .15059
24 0 .03135
25 0 .02386
26 0 .02814
27 0 .02143
28 0 .01729
29 0 .02362
30 0 .02265
31 0 .0184
32 0 .03899
33 0 .00735
34 0 .00512
35 0 .0039
36 0 .00329
37 0 .00177
38 0 .0013
39 0 .00086
40 0 .00072
41 0 .00035
42 0 .00021
43 0 .00013
44 0 .00011
45 0 .00005
46 0 .00002
47 0 .00001
48 0 0
49 0 0
50 0 0
51 0 0
100 0 0
*parity 1 divorced
birth 1 F divorced 1
14 0 0
15 0 0
16 0 0
17 0 .00001
18 0 .01285
19 0 .04947
20 0 .00008
21 0 .01575
22 0 .06427
23 0 .15059
24 0 .03135
25 0 .02386
26 0 .02814
27 0 .02143
28 0 .01729
29 0 .02362
30 0 .02265
31 0 .0184
32 0 .03899
33 0 .00735
34 0 .00512
35 0 .0039
36 0 .00329
37 0 .00177
38 0 .0013
39 0 .00086
40 0 .00072
41 0 .00035
42 0 .00021
43 0 .00013
44 0 .00011
45 0 .00005
46 0 .00002
47 0 .00001
48 0 0
49 0 0
50 0 0
51 0 0
100 0 0
*parity 2 married
birth 1 F married 2
14 0 0
15 0 0
16 0 0
17 0 .00001
18 0 .00005
19 0 .02161
20 0 .01742
21 0 .01294
22 0 .01222
23 0 .01097
24 0 .01059
25 0 .01127
26 0 .00925
27 0 .01086
28 0 .00944
29 0 .01059
30 0 .00858
31 0 .00792
32 0 .00699
33 0 .00603
34 0 .0057
35 0 .0049
36 0 .00444
37 0 .00346
38 0 .00311
39 0 .00271
40 0 .00231
41 0 .00177
42 0 .0013
43 0 .00088
44 0 .0007
45 0 .00044
46 0 .00027
47 0 .00016
48 0 .00008
49 0 .00004
50 0 .00001
51 0 .00001
100 0 0
*parity 2 single
birth 1 F single 2
14 0 0
15 0 0
16 0 0
17 0 0
18 0 .00001
19 0 .01356
20 0 .01483
21 0 .03633
22 0 .01453
23 0 .02057
24 0 .0162
25 0 .01864
26 0 .01187
27 0 .01464
28 0 .01267
29 0 .01435
30 0 .01892
31 0 .01227
32 0 .01452
33 0 .01617
34 0 .02174
35 0 .01259
36 0 .01452
37 0 .04962
38 0 .01923
39 0 .01175
40 0 .01222
41 0 .02529
42 0 .00843
43 0 .01053
44 0 .00663
45 0 .00896
46 0 .00526
47 0 .00866
48 0 .00146
49 0 .00083
50 0 .00019
51 0 .00039
100 0 0
*parity 2 widowed
birth 1 F widowed 2
14 0 0
15 0 0
16 0 0
17 0 0
18 0 0
19 0 .00001
20 0 .01939
21 0 .00712
22 0 .00746
23 0 .01056
24 0 .00818
25 0 .00731
26 0 .00443
27 0 .00272
28 0 .00333
29 0 .00266
30 0 .00253
31 0 .00222
32 0 .00223
33 0 .00155
34 0 .00152
35 0 .00123
36 0 .00091
37 0 .00082
38 0 .00059
39 0 .00056
40 0 .00035
41 0 .00028
42 0 .00019
43 0 .00015
44 0 .0001
45 0 .00006
46 0 .00004
47 0 .00002
48 0 .00001
49 0 0
50 0 0
51 0 0
100 0 0
*parity 2 divorced
birth 1 F divorced 2
14 0 0
15 0 0
16 0 0
17 0 0
18 0 0
19 0 .00001
20 0 .01939
21 0 .00712
22 0 .00746
23 0 .01056
24 0 .00818
25 0 .00731
26 0 .00443
27 0 .00272
28 0 .00333
29 0 .00266
30 0 .00253
31 0 .00222
32 0 .00223
33 0 .00155
34 0 .00152
35 0 .00123
36 0 .00091
37 0 .00082
38 0 .00059
39 0 .00056
40 0 .00035
41 0 .00028
42 0 .00019
43 0 .00015
44 0 .0001
45 0 .00006
46 0 .00004
47 0 .00002
48 0 .00001
49 0 0
50 0 0
51 0 0
100 0 0
