*parity 0 married
birth 1 F married 0
14 0 0
15 0 .00018
16 0 .00072
17 0 .07218
18 0 .0349
19 0 .07215
20 0 .09298
21 0 .08316
22 0 .05214
23 0 .05707
24 0 .04572
25 0 .03433
26 0 .04662
27 0 .03332
28 0 .02787
29 0 .02194
30 0 .01621
31 0 .01921
32 0 .00971
33 0 .00598
34 0 .00398
35 0 .00257
36 0 .00176
37 0 .00145
38 0 .00096
39 0 .00073
40 0 .00052
41 0 .00034
42 0 .00022
43 0 .00014
44 0 .00009
45 0 .00005
46 0 .00003
47 0 .00002
48 0 .00001
49 0 0
50 0 0
51 0 0
100 0 0
*parity 0 single
birth 1 F single 0
14 0 0
15 0 .00006
16 0 .00024
17 0 .00046
18 0 .00079
19 0 .0011
20 0 .0013
21 0 .00139
22 0 .00142
23 0 .00139
24 0 .00138
25 0 .00142
26 0 .00137
27 0 .00139
28 0 .0013
29 0 .00129
30 0 .00115
31 0 .00109
32 0 .00099
33 0 .001
34 0 .00102
35 0 .00098
36 0 .00087
37 0 .00076
38 0 .00077
39 0 .0007
40 0 .00062
41 0 .00055
42 0 .0004
43 0 .00027
44 0 .00022
45 0 .00016
46 0 .00012
47 0 .00007
48 0 .00003
49 0 .00001
50 0 0
51 0 0
100 0 0
*parity 0 widowed
birth 1 F widowed 0
14 0 0
15 0 .00001
16 0 .00005
17 0 .07542
18 0 .00015
19 0 .18092
20 0 .00023
21 0 .10716
22 0 .00023
23 0 .18684
24 0 .09395
25 0 .05898
26 0 .00018
27 0 .00017
28 0 .04788
29 0 .02537
30 0 .01549
31 0 .0198
32 0 .00546
33 0 .00606
34 0 .00258
35 0 .00121
36 0 .00149
37 0 .0012
38 0 .00066
39 0 .00038
40 0 .00024
41 0 .00016
42 0 .00007
43 0 .00005
44 0 .00003
45 0 .00002
46 0 .00001
47 0 0
48 0 0
49 0 0
50 0 0
51 0 0
100 0 0
*parity 0 divorced
birth 1 F divorced 0
14 0 0
15 0 .00001
16 0 .00005
17 0 .07542
18 0 .00015
19 0 .18092
20 0 .00023
21 0 .10716
22 0 .00023
23 0 .18684
24 0 .09395
25 0 .05898
26 0 .00018
27 0 .00017
28 0 .04788
29 0 .02537
30 0 .01549
31 0 .0198
32 0 .00546
33 0 .00606
34 0 .00258
35 0 .00121
36 0 .00149
37 0 .0012
38 0 .00066
39 0 .00038
40 0 .00024
41 0 .00016
42 0 .00007
43 0 .00005
44 0 .00003
45 0 .00002
46 0 .00001
47 0 0
48 0 0
49 0 0
50 0 0
51 0 0
100 0 0
*parity 1 married
birth 1 F married 1
14 0 0
15 0 0
16 0 .00004
17 0 .00014
18 0 .03118
19 0 .0186
20 0 .02581
21 0 .03258
22 0 .03723
23 0 .03192
24 0 .04458
25 0 .04184
26 0 .03986
27 0 .04463
28 0 .0597
29 0 .04691
30 0 .05608
31 0 .02911
32 0 .03414
33 0 .03309
34 0 .0172
35 0 .01462
36 0 .01821
37 0 .01738
38 0 .01079
39 0 .00759
40 0 .00509
41 0 .00272
42 0 .00205
43 0 .00115
44 0 .00083
45 0 .00042
46 0 .00027
47 0 .00009
48 0 .00004
49 0 .00002
50 0 0
51 0 0
100 0 0
*parity 1 single
birth 1 F single 1
14 0 0
15 0 0
16 0 .01115
17 0 .0366
18 0 .03457
19 0 .01237
20 0 .01594
21 0 .02588
22 0 .03482
23 0 .02237
24 0 .02296
25 0 .02584
26 0 .02105
27 0 .02405
28 0 .03159
29 0 .0234
30 0 .02487
31 0 .02323
32 0 .02554
33 0 .04001
34 0 .0241
35 0 .01413
36 0 .04603
37 0 .03082
38 0 .0359
39 0 .0265
40 0 .03728
41 0 .04974
42 0 .03345
43 0 .00002
44 0 .01157
45 0 .00001
46 0 .00303
47 0 0
48 0 0
49 0 0
50 0 0
51 0 .00003
100 0 0
*parity 1 widowed
birth 1 F widowed 1
14 0 0
15 0 0
16 0 0
17 0 .00001
18 0 .01086
19 0 .01101
20 0 .01752
21 0 .00011
22 0 .02917
23 0 .02623
24 0 .0213
25 0 .01515
26 0 .14992
27 0 .02087
28 0 .03639
29 0 .06862
30 0 .02083
31 0 .03041
32 0 .01783
33 0 .03073
34 0 .00785
35 0 .01553
36 0 .00964
37 0 .00277
38 0 .00334
39 0 .00222
40 0 .00156
41 0 .00069
42 0 .00041
43 0 .00063
44 0 .00022
45 0 .00009
46 0 .00002
47 0 .00002
48 0 .00001
49 0 0
50 0 0
51 0 0
100 0 0
*parity 1 divorced
birth 1 F divorced 1
14 0 0
15 0 0
16 0 0
17 0 .00001
18 0 .01086
19 0 .01101
20 0 .01752
21 0 .00011
22 0 .02917
23 0 .02623
24 0 .0213
25 0 .01515
26 0 .14992
27 0 .02087
28 0 .03639
29 0 .06862
30 0 .02083
31 0 .03041
32 0 .01783
33 0 .03073
34 0 .00785
35 0 .01553
36 0 .00964
37 0 .00277
38 0 .00334
39 0 .00222
40 0 .00156
41 0 .00069
42 0 .00041
43 0 .00063
44 0 .00022
45 0 .00009
46 0 .00002
47 0 .00002
48 0 .00001
49 0 0
50 0 0
51 0 0
100 0 0
*parity 2 married
birth 1 F married 2
14 0 0
15 0 0
16 0 0
17 0 .00001
18 0 .00005
19 0 .01888
20 0 .01222
21 0 .00794
22 0 .01064
23 0 .01302
24 0 .01107
25 0 .0105
26 0 .01014
27 0 .01004
28 0 .01035
29 0 .00888
30 0 .00926
31 0 .00751
32 0 .00792
33 0 .00616
34 0 .00556
35 0 .00565
36 0 .00437
37 0 .00362
38 0 .0032
39 0 .00259
40 0 .00217
41 0 .00162
42 0 .00127
43 0 .00096
44 0 .00062
45 0 .0004
46 0 .00022
47 0 .00013
48 0 .00007
49 0 .00003
50 0 .00001
51 0 .00001
100 0 0
*parity 2 single
birth 1 F single 2
14 0 0
15 0 0
16 0 0
17 0 0
18 0 .00002
19 0 .03767
20 0 .0271
21 0 .03763
22 0 .01078
23 0 .01398
24 0 .02043
25 0 .01397
26 0 .01385
27 0 .01201
28 0 .01044
29 0 .01316
30 0 .01142
31 0 .01107
32 0 .0088
33 0 .00803
34 0 .0109
35 0 .01197
36 0 .01182
37 0 .01456
38 0 .00949
39 0 .01261
40 0 .00902
41 0 .00874
42 0 .0072
43 0 .00895
44 0 .00485
45 0 .00476
46 0 .00297
47 0 .00213
48 0 .00096
49 0 .00075
50 0 .00026
51 0 .00009
100 0 0
*parity 2 widowed
birth 1 F widowed 2
14 0 0
15 0 0
16 0 0
17 0 0
18 0 0
19 0 .00001
20 0 .00851
21 0 .00004
22 0 .00948
23 0 .00805
24 0 .0045
25 0 .00994
26 0 .00525
27 0 .00394
28 0 .00358
29 0 .00378
30 0 .00399
31 0 .0029
32 0 .00264
33 0 .00237
34 0 .00224
35 0 .00142
36 0 .00145
37 0 .00097
38 0 .00092
39 0 .00063
40 0 .00046
41 0 .00041
42 0 .00031
43 0 .00017
44 0 .00012
45 0 .00008
46 0 .00005
47 0 .00003
48 0 .00001
49 0 .00001
50 0 0
51 0 0
100 0 0
*parity 2 divorced
birth 1 F divorced 2
14 0 0
15 0 0
16 0 0
17 0 0
18 0 0
19 0 .00001
20 0 .00851
21 0 .00004
22 0 .00948
23 0 .00805
24 0 .0045
25 0 .00994
26 0 .00525
27 0 .00394
28 0 .00358
29 0 .00378
30 0 .00399
31 0 .0029
32 0 .00264
33 0 .00237
34 0 .00224
35 0 .00142
36 0 .00145
37 0 .00097
38 0 .00092
39 0 .00063
40 0 .00046
41 0 .00041
42 0 .00031
43 0 .00017
44 0 .00012
45 0 .00008
46 0 .00005
47 0 .00003
48 0 .00001
49 0 .00001
50 0 0
51 0 0
100 0 0
