*parity all married
birth 1 F married 0
14 0 0
15 0 .01027
16 0 .00976
17 0 .01019
18 0 .01182
19 0 .01515
20 0 .01945
21 0 .02314
22 0 .02522
23 0 .02588
24 0 .02571
25 0 .0244
26 0 .02231
27 0 .01978
28 0 .01798
29 0 .01662
30 0 .01608
31 0 .01508
32 0 .01479
33 0 .01468
34 0 .01532
35 0 .01573
36 0 .01611
37 0 .01625
38 0 .01639
39 0 .01621
40 0 .01588
41 0 .01481
42 0 .01393
43 0 .01308
44 0 .0125
45 0 .01189
46 0 .01137
47 0 .01108
48 0 .01085
49 0 .01072
50 0 .01064
51 0 .01061
100 0 0
*parity all single
birth 1 F single 0
14 0 0
15 0 .01027
16 0 .00976
17 0 .01019
18 0 .01182
19 0 .01515
20 0 .01945
21 0 .02314
22 0 .02522
23 0 .02588
24 0 .02571
25 0 .0244
26 0 .02231
27 0 .01978
28 0 .01798
29 0 .01662
30 0 .01608
31 0 .01508
32 0 .01479
33 0 .01468
34 0 .01532
35 0 .01573
36 0 .01611
37 0 .01625
38 0 .01639
39 0 .01621
40 0 .01588
41 0 .01481
42 0 .01393
43 0 .01308
44 0 .0125
45 0 .01189
46 0 .01137
47 0 .01108
48 0 .01085
49 0 .01072
50 0 .01064
51 0 .01061
100 0 0
*parity all widowed
birth 1 F widowed 0
14 0 0
15 0 .01027
16 0 .00976
17 0 .01019
18 0 .01182
19 0 .01515
20 0 .01945
21 0 .02314
22 0 .02522
23 0 .02588
24 0 .02571
25 0 .0244
26 0 .02231
27 0 .01978
28 0 .01798
29 0 .01662
30 0 .01608
31 0 .01508
32 0 .01479
33 0 .01468
34 0 .01532
35 0 .01573
36 0 .01611
37 0 .01625
38 0 .01639
39 0 .01621
40 0 .01588
41 0 .01481
42 0 .01393
43 0 .01308
44 0 .0125
45 0 .01189
46 0 .01137
47 0 .01108
48 0 .01085
49 0 .01072
50 0 .01064
51 0 .01061
100 0 0
*parity all divorced
birth 1 F divorced 0
14 0 0
15 0 .01027
16 0 .00976
17 0 .01019
18 0 .01182
19 0 .01515
20 0 .01945
21 0 .02314
22 0 .02522
23 0 .02588
24 0 .02571
25 0 .0244
26 0 .02231
27 0 .01978
28 0 .01798
29 0 .01662
30 0 .01608
31 0 .01508
32 0 .01479
33 0 .01468
34 0 .01532
35 0 .01573
36 0 .01611
37 0 .01625
38 0 .01639
39 0 .01621
40 0 .01588
41 0 .01481
42 0 .01393
43 0 .01308
44 0 .0125
45 0 .01189
46 0 .01137
47 0 .01108
48 0 .01085
49 0 .01072
50 0 .01064
51 0 .01061
100 0 0
