*parity 0 married
birth 1 F married 0
14 0 0
15 0 .00024
16 0 .00059
17 0 .02712
18 0 .0249
19 0 .03093
20 0 .04724
21 0 .0459
22 0 .04862
23 0 .06022
24 0 .0657
25 0 .0437
26 0 .03942
27 0 .02938
28 0 .01115
29 0 .0044
30 0 .00122
31 0 .00011
32 0 0
33 0 .00015
34 0 .00076
35 0 .0012
36 0 .00151
37 0 .00168
38 0 .00222
39 0 .00273
40 0 .00321
41 0 .00303
42 0 .00337
43 0 .00329
44 0 .00371
45 0 .00385
46 0 .0032
47 0 .00458
48 0 .00421
49 0 .00435
50 0 .00453
51 0 .00414
100 0 0
*parity 0 single
birth 1 F single 0
14 0 0
15 0 .00001
16 0 .00003
17 0 .00009
18 0 .00022
19 0 .00041
20 0 .00059
21 0 .00081
22 0 .00083
23 0 .00083
24 0 .00075
25 0 .00072
26 0 .00053
27 0 .00035
28 0 .0002
29 0 .0001
30 0 .00004
31 0 0
32 0 0
33 0 .00001
34 0 .00005
35 0 .00009
36 0 .00014
37 0 .00018
38 0 .00024
39 0 .0003
40 0 .00031
41 0 .00043
42 0 .00042
43 0 .00044
44 0 .00049
45 0 .00059
46 0 .00066
47 0 .00061
48 0 .00098
49 0 .00123
50 0 .00079
51 0 .00062
100 0 0
*parity 0 widowed
birth 1 F widowed 0
14 0 0
15 0 .00003
16 0 .00008
17 0 .00023
18 0 .00049
19 0 .45389
20 0 .00111
21 0 .98705
22 0 .45985
23 0 .00099
24 0 .0008
25 0 .86757
26 0 .28639
27 0 .16903
28 0 .18451
29 0 .02576
30 0 .00605
31 0 .00041
32 0 0
33 0 .00033
34 0 .00115
35 0 .0019
36 0 .00203
37 0 .0024
38 0 .00257
39 0 .003
40 0 .00199
41 0 .00699
42 0 .0051
43 0 .0036
44 0 .00464
45 0 .00181
46 0 .00283
47 0 .00134
48 0 .00247
49 0 .00205
50 0 .00133
51 0 .00129
100 0 0
*parity 0 divorced
birth 1 F divorced 0
14 0 0
15 0 .00003
16 0 .00008
17 0 .00023
18 0 .00049
19 0 .45389
20 0 .00111
21 0 .98705
22 0 .45985
23 0 .00099
24 0 .0008
25 0 .86757
26 0 .28639
27 0 .16903
28 0 .18451
29 0 .02576
30 0 .00605
31 0 .00041
32 0 0
33 0 .00033
34 0 .00115
35 0 .0019
36 0 .00203
37 0 .0024
38 0 .00257
39 0 .003
40 0 .00199
41 0 .00699
42 0 .0051
43 0 .0036
44 0 .00464
45 0 .00181
46 0 .00283
47 0 .00134
48 0 .00247
49 0 .00205
50 0 .00133
51 0 .00129
100 0 0
*parity 1 married
birth 1 F married 1
14 0 0
15 0 .00022
16 0 .00028
17 0 .84238
18 0 .05929
19 0 .05595
20 0 .05069
21 0 .03944
22 0 .06059
23 0 .07636
24 0 .05798
25 0 .05419
26 0 .04286
27 0 .0471
28 0 .03605
29 0 .04237
30 0 .03977
31 0 .05148
32 0 .02591
33 0 .01366
34 0 .01038
35 0 .00667
36 0 .00586
37 0 .00594
38 0 .00705
39 0 .0066
40 0 .00634
41 0 .00508
42 0 .00425
43 0 .00479
44 0 .00694
45 0 .00724
46 0 .00977
47 0 .01122
48 0 .00712
49 0 .00657
50 0 .00633
51 0 .007
100 0 0
*parity 1 single
birth 1 F single 1
14 0 0
15 0 .00001
16 0 .00002
17 0 .00003
18 0 .05488
19 0 .19831
20 0 .1144
21 0 .09013
22 0 .26121
23 0 .17233
24 0 .50296
25 0 .10821
26 0 .0721
27 0 .00019
28 0 .00015
29 0 .0409
30 0 .02945
31 0 .07898
32 0 .00004
33 0 .01988
34 0 .00003
35 0 .00003
36 0 .00003
37 0 .03394
38 0 .00002
39 0 .00002
40 0 .02918
41 0 .00002
42 0 .00002
43 0 .0223
44 0 .00001
45 0 .00001
46 0 .00001
47 0 .00001
48 0 .00001
49 0 .01355
50 0 .00636
51 0 .00001
100 0 0
*parity 1 widowed
birth 1 F widowed 1
14 0 0
15 0 .00003
16 0 .00004
17 0 .00007
18 0 .07463
19 0 .07704
20 0 .18666
21 0 .4085
22 0 .00089
23 0 .28119
24 0 .27356
25 0 1.17706
26 0 .98033
27 0 .25972
28 0 .31111
29 0 .1483
30 0 .32036
31 0 .00015
32 0 .03727
33 0 .01351
34 0 .00792
35 0 .00547
36 0 .00194
37 0 .00177
38 0 .00156
39 0 .00122
40 0 .0013
41 0 .00121
42 0 .00101
43 0 .00101
44 0 .00089
45 0 .00129
46 0 .00146
47 0 .00138
48 0 .00124
49 0 .00075
50 0 .00069
51 0 .00075
100 0 0
*parity 1 divorced
birth 1 F divorced 1
14 0 0
15 0 .00003
16 0 .00004
17 0 .00007
18 0 .07463
19 0 .07704
20 0 .18666
21 0 .4085
22 0 .00089
23 0 .28119
24 0 .27356
25 0 1.17706
26 0 .98033
27 0 .25972
28 0 .31111
29 0 .1483
30 0 .32036
31 0 .00015
32 0 .03727
33 0 .01351
34 0 .00792
35 0 .00547
36 0 .00194
37 0 .00177
38 0 .00156
39 0 .00122
40 0 .0013
41 0 .00121
42 0 .00101
43 0 .00101
44 0 .00089
45 0 .00129
46 0 .00146
47 0 .00138
48 0 .00124
49 0 .00075
50 0 .00069
51 0 .00075
100 0 0
*parity 2 married
birth 1 F married 2
14 0 0
15 0 .00022
16 0 .00022
17 0 .00025
18 0 .69526
19 0 .04759
20 0 .02595
21 0 .0279
22 0 .02292
23 0 .01969
24 0 .02193
25 0 .02157
26 0 .0222
27 0 .01982
28 0 .02062
29 0 .01936
30 0 .01985
31 0 .01983
32 0 .01806
33 0 .01724
34 0 .0166
35 0 .01765
36 0 .01701
37 0 .01611
38 0 .01398
39 0 .01217
40 0 .01041
41 0 .00809
42 0 .00642
43 0 .00461
44 0 .00349
45 0 .00249
46 0 .00167
47 0 .00121
48 0 .00084
49 0 .00066
50 0 .00057
51 0 .00052
100 0 0
*parity 2 single
birth 1 F single 2
14 0 0
15 0 .00001
16 0 .00001
17 0 .00001
18 0 .00002
19 0 .00004
20 0 .04666
21 0 .04929
22 0 .03162
23 0 .02946
24 0 .043
25 0 .03272
26 0 .0368
27 0 .04456
28 0 .0533
29 0 .0549
30 0 .08022
31 0 .04601
32 0 .06888
33 0 .12655
34 0 .21047
35 0 .07014
36 0 .09075
37 0 .24114
38 0 .15257
39 0 .3811
40 0 .00027
41 0 .27769
42 0 .10676
43 0 .03653
44 0 .04223
45 0 .08587
46 0 .02858
47 0 .00951
48 0 .00002
49 0 .01022
50 0 .0078
51 0 .00001
100 0 0
*parity 2 widowed
birth 1 F widowed 2
14 0 0
15 0 .00003
16 0 .00003
17 0 .00004
18 0 .00005
19 0 .00011
20 0 .0423
21 0 .02792
22 0 .02866
23 0 .02477
24 0 .02618
25 0 .02175
26 0 .01843
27 0 .0164
28 0 .01536
29 0 .01265
30 0 .01107
31 0 .00931
32 0 .00937
33 0 .00835
34 0 .00737
35 0 .00589
36 0 .00585
37 0 .00497
38 0 .00422
39 0 .00376
40 0 .0034
41 0 .00242
42 0 .00181
43 0 .00136
44 0 .00093
45 0 .00061
46 0 .00039
47 0 .00026
48 0 .00018
49 0 .00014
50 0 .00011
51 0 .00009
100 0 0
*parity 2 divorced
birth 1 F divorced 2
14 0 0
15 0 .00003
16 0 .00003
17 0 .00004
18 0 .00005
19 0 .00011
20 0 .0423
21 0 .02792
22 0 .02866
23 0 .02477
24 0 .02618
25 0 .02175
26 0 .01843
27 0 .0164
28 0 .01536
29 0 .01265
30 0 .01107
31 0 .00931
32 0 .00937
33 0 .00835
34 0 .00737
35 0 .00589
36 0 .00585
37 0 .00497
38 0 .00422
39 0 .00376
40 0 .0034
41 0 .00242
42 0 .00181
43 0 .00136
44 0 .00093
45 0 .00061
46 0 .00039
47 0 .00026
48 0 .00018
49 0 .00014
50 0 .00011
51 0 .00009
100 0 0
