*parity 0 married
birth 1 F married 0
14 0 0
15 0 .00018
16 0 .00073
17 0 .07222
18 0 .07266
19 0 .0588
20 0 .10021
21 0 .09595
22 0 .12574
23 0 .21495
24 0 .17603
25 0 .12582
26 0 .19727
27 0 .23583
28 0 .6912
29 0 .24058
30 0 .87577
31 0 1
32 0 .45167
33 0 .09259
34 0 .02534
35 0 .00868
36 0 .00312
37 0 .00253
38 0 .00223
39 0 .00182
40 0 .00103
41 0 .00071
42 0 .0006
43 0 .00031
44 0 .00021
45 0 .00011
46 0 .00005
47 0 .00003
48 0 .00001
49 0 0
50 0 0
51 0 0
100 0 0
*parity 0 single
birth 1 F single 0
14 0 0
15 0 .00006
16 0 .00023
17 0 .00044
18 0 .00074
19 0 .00106
20 0 .00127
21 0 .00137
22 0 .00134
23 0 .00136
24 0 .0014
25 0 .00132
26 0 .00128
27 0 .00132
28 0 .00128
29 0 .00125
30 0 .00106
31 0 .00099
32 0 .00091
33 0 .00084
34 0 .00084
35 0 .00078
36 0 .00074
37 0 .00094
38 0 .00082
39 0 .00074
40 0 .00057
41 0 .00045
42 0 .00035
43 0 .00029
44 0 .00022
45 0 .00012
46 0 .0001
47 0 .00009
48 0 .00004
49 0 .00001
50 0 0
51 0 0
100 0 0
*parity 0 widowed
birth 1 F widowed 0
14 0 0
15 0 .00001
16 0 .00005
17 0 .00009
18 0 .00015
19 0 .0002
20 0 .34897
21 0 .33414
22 0 .00023
23 0 .32289
24 0 .0002
25 0 .13746
26 0 .00018
27 0 .00017
28 0 .00015
29 0 .00014
30 0 .00012
31 0 .0001
32 0 .00008
33 0 .00007
34 0 .0796
35 0 .02113
36 0 .00644
37 0 .0101
38 0 .003
39 0 .00174
40 0 .00129
41 0 .00086
42 0 .00058
43 0 .0002
44 0 .00011
45 0 .00005
46 0 .00003
47 0 .00001
48 0 .00001
49 0 0
50 0 0
51 0 0
100 0 0
*parity 0 divorced
birth 1 F divorced 0
14 0 0
15 0 .00001
16 0 .00005
17 0 .00009
18 0 .00015
19 0 .0002
20 0 .34897
21 0 .33414
22 0 .00023
23 0 .32289
24 0 .0002
25 0 .13746
26 0 .00018
27 0 .00017
28 0 .00015
29 0 .00014
30 0 .00012
31 0 .0001
32 0 .00008
33 0 .00007
34 0 .0796
35 0 .02113
36 0 .00644
37 0 .0101
38 0 .003
39 0 .00174
40 0 .00129
41 0 .00086
42 0 .00058
43 0 .0002
44 0 .00011
45 0 .00005
46 0 .00003
47 0 .00001
48 0 .00001
49 0 0
50 0 0
51 0 0
100 0 0
*parity 1 married
birth 1 F married 1
14 0 0
15 0 0
16 0 .00004
17 0 .00014
18 0 .03446
19 0 .02419
20 0 .01572
21 0 .01727
22 0 .01962
23 0 .0172
24 0 .01831
25 0 .02412
26 0 .02247
27 0 .01973
28 0 .01893
29 0 .02154
30 0 .02404
31 0 .02093
32 0 .01687
33 0 .01315
34 0 .00908
35 0 .0075
36 0 .00934
37 0 .00522
38 0 .00346
39 0 .00198
40 0 .00174
41 0 .00114
42 0 .00071
43 0 .00042
44 0 .00021
45 0 .00011
46 0 .00007
47 0 .00003
48 0 .00002
49 0 0
50 0 0
51 0 0
100 0 0
*parity 1 single
birth 1 F single 1
14 0 0
15 0 0
16 0 .00001
17 0 .02877
18 0 .02315
19 0 .02897
20 0 .02581
21 0 .02409
22 0 .02364
23 0 .02082
24 0 .02919
25 0 .01966
26 0 .02875
27 0 .04808
28 0 .02112
29 0 .0288
30 0 .02316
31 0 .01969
32 0 .03219
33 0 .06022
34 0 .0585
35 0 .03057
36 0 .17434
37 0 .27185
38 0 .04033
39 0 .02528
40 0 .05553
41 0 .01977
42 0 .04786
43 0 .01538
44 0 .01802
45 0 .00945
46 0 .00478
47 0 0
48 0 0
49 0 .00015
50 0 .00003
51 0 .00005
100 0 0
*parity 1 widowed
birth 1 F widowed 1
14 0 0
15 0 0
16 0 0
17 0 .00001
18 0 .00003
19 0 .00005
20 0 .03935
21 0 .01902
22 0 .02445
23 0 .07556
24 0 .01907
25 0 .05887
26 0 .11584
27 0 .03291
28 0 .01993
29 0 .01333
30 0 .01724
31 0 .03001
32 0 .01466
33 0 .01457
34 0 .00603
35 0 .00932
36 0 .00506
37 0 .00395
38 0 .00191
39 0 .00092
40 0 .00053
41 0 .00041
42 0 .00025
43 0 .0002
44 0 .00007
45 0 .00004
46 0 .00002
47 0 .00001
48 0 0
49 0 0
50 0 0
51 0 0
100 0 0
*parity 1 divorced
birth 1 F divorced 1
14 0 0
15 0 0
16 0 0
17 0 .00001
18 0 .00003
19 0 .00005
20 0 .03935
21 0 .01902
22 0 .02445
23 0 .07556
24 0 .01907
25 0 .05887
26 0 .11584
27 0 .03291
28 0 .01993
29 0 .01333
30 0 .01724
31 0 .03001
32 0 .01466
33 0 .01457
34 0 .00603
35 0 .00932
36 0 .00506
37 0 .00395
38 0 .00191
39 0 .00092
40 0 .00053
41 0 .00041
42 0 .00025
43 0 .0002
44 0 .00007
45 0 .00004
46 0 .00002
47 0 .00001
48 0 0
49 0 0
50 0 0
51 0 0
100 0 0
*parity 2 married
birth 1 F married 2
14 0 0
15 0 0
16 0 0
17 0 .00001
18 0 .0043
19 0 .00535
20 0 .01615
21 0 .01532
22 0 .01512
23 0 .01304
24 0 .01081
25 0 .01126
26 0 .01066
27 0 .00954
28 0 .00897
29 0 .00825
30 0 .00791
31 0 .007
32 0 .00604
33 0 .00506
34 0 .00437
35 0 .00413
36 0 .00367
37 0 .00293
38 0 .0024
39 0 .00212
40 0 .0018
41 0 .00133
42 0 .00091
43 0 .00068
44 0 .0005
45 0 .00034
46 0 .0002
47 0 .00011
48 0 .00006
49 0 .00003
50 0 .00001
51 0 0
100 0 0
*parity 2 single
birth 1 F single 2
14 0 0
15 0 0
16 0 0
17 0 0
18 0 .00001
19 0 .00713
20 0 .00941
21 0 .01254
22 0 .01178
23 0 .01549
24 0 .00928
25 0 .01245
26 0 .01303
27 0 .00951
28 0 .0141
29 0 .01004
30 0 .01123
31 0 .00937
32 0 .00831
33 0 .00928
34 0 .0096
35 0 .01003
36 0 .01194
37 0 .00966
38 0 .00889
39 0 .01139
40 0 .0093
41 0 .00859
42 0 .00736
43 0 .00874
44 0 .00666
45 0 .0045
46 0 .00422
47 0 .00206
48 0 .00069
49 0 .00072
50 0 .00023
51 0 .00043
100 0 0
*parity 2 widowed
birth 1 F widowed 2
14 0 0
15 0 0
16 0 0
17 0 0
18 0 0
19 0 .01243
20 0 .00956
21 0 .01229
22 0 .0265
23 0 .00856
24 0 .00876
25 0 .00594
26 0 .00608
27 0 .00643
28 0 .00589
29 0 .00374
30 0 .00382
31 0 .00322
32 0 .00303
33 0 .00233
34 0 .0024
35 0 .00159
36 0 .00129
37 0 .00093
38 0 .00093
39 0 .00063
40 0 .00046
41 0 .00037
42 0 .00028
43 0 .00019
44 0 .00013
45 0 .00008
46 0 .00004
47 0 .00002
48 0 .00001
49 0 0
50 0 0
51 0 0
100 0 0
*parity 2 divorced
birth 1 F divorced 2
14 0 0
15 0 0
16 0 0
17 0 0
18 0 0
19 0 .01243
20 0 .00956
21 0 .01229
22 0 .0265
23 0 .00856
24 0 .00876
25 0 .00594
26 0 .00608
27 0 .00643
28 0 .00589
29 0 .00374
30 0 .00382
31 0 .00322
32 0 .00303
33 0 .00233
34 0 .0024
35 0 .00159
36 0 .00129
37 0 .00093
38 0 .00093
39 0 .00063
40 0 .00046
41 0 .00037
42 0 .00028
43 0 .00019
44 0 .00013
45 0 .00008
46 0 .00004
47 0 .00002
48 0 .00001
49 0 0
50 0 0
51 0 0
100 0 0
