*parity 0 married
birth 1 F married 0
14 0 0
15 0 .00007
16 0 .00054
17 0 .02153
18 0 .02293
19 0 .02834
20 0 .0386
21 0 .04968
22 0 .05644
23 0 .06323
24 0 .05016
25 0 .04818
26 0 .03535
27 0 .02167
28 0 .01314
29 0 .00657
30 0 .00375
31 0 .00169
32 0 .00089
33 0 .00065
34 0 .00109
35 0 .00136
36 0 .00189
37 0 .00159
38 0 .00196
39 0 .0023
40 0 .00197
41 0 .00208
42 0 .00103
43 0 .00072
44 0 .00062
45 0 .00037
46 0 .0002
47 0 .00008
48 0 .00003
49 0 .00002
50 0 .00001
51 0 0
100 0 0
*parity 0 single
birth 1 F single 0
14 0 0
15 0 0
16 0 .00002
17 0 .00007
18 0 .00017
19 0 .00034
20 0 .00051
21 0 .00061
22 0 .00065
23 0 .00064
24 0 .00059
25 0 .00048
26 0 .00039
27 0 .00025
28 0 .00018
29 0 .00011
30 0 .00009
31 0 .00004
32 0 .00003
33 0 .00002
34 0 .00004
35 0 .00005
36 0 .00007
37 0 .00009
38 0 .00009
39 0 .00011
40 0 .00011
41 0 .00009
42 0 .00006
43 0 .00004
44 0 .00004
45 0 .00004
46 0 .00002
47 0 .00001
48 0 0
49 0 0
50 0 0
51 0 0
100 0 0
*parity 0 widowed
birth 1 F widowed 0
14 0 0
15 0 .00001
16 0 .00007
17 0 .00022
18 0 .27379
19 0 .64231
20 0 .82201
21 0 .88979
22 0 .00107
23 0 .00092
24 0 .00075
25 0 .85987
26 0 .0004
27 0 .38954
28 0 .00015
29 0 .0625
30 0 .00005
31 0 .01743
32 0 .00686
33 0 .00199
34 0 .00699
35 0 .00633
36 0 .00345
37 0 .00348
38 0 .009
39 0 .00552
40 0 .00311
41 0 .00163
42 0 .00079
43 0 .00047
44 0 .00038
45 0 .00022
46 0 .00009
47 0 .00004
48 0 .00001
49 0 .00001
50 0 0
51 0 0
100 0 0
*parity 0 divorced
birth 1 F divorced 0
14 0 0
15 0 .00001
16 0 .00007
17 0 .00022
18 0 .27379
19 0 .64231
20 0 .82201
21 0 .88979
22 0 .00107
23 0 .00092
24 0 .00075
25 0 .85987
26 0 .0004
27 0 .38954
28 0 .00015
29 0 .0625
30 0 .00005
31 0 .01743
32 0 .00686
33 0 .00199
34 0 .00699
35 0 .00633
36 0 .00345
37 0 .00348
38 0 .009
39 0 .00552
40 0 .00311
41 0 .00163
42 0 .00079
43 0 .00047
44 0 .00038
45 0 .00022
46 0 .00009
47 0 .00004
48 0 .00001
49 0 .00001
50 0 0
51 0 0
100 0 0
*parity 1 married
birth 1 F married 1
14 0 0
15 0 0
16 0 .00007
17 0 .0003
18 0 .04535
19 0 .03342
20 0 .04736
21 0 .05015
22 0 .04035
23 0 .04002
24 0 .05056
25 0 .04419
26 0 .04865
27 0 .0444
28 0 .0314
29 0 .02887
30 0 .01949
31 0 .01274
32 0 .00984
33 0 .00836
34 0 .00586
35 0 .00554
36 0 .00622
37 0 .00949
38 0 .00661
39 0 .00614
40 0 .00505
41 0 .00396
42 0 .00211
43 0 .00166
44 0 .00128
45 0 .00082
46 0 .00049
47 0 .00027
48 0 .00009
49 0 .00003
50 0 .00003
51 0 .00004
100 0 0
*parity 1 single
birth 1 F single 1
14 0 0
15 0 0
16 0 0
17 0 .00001
18 0 .06554
19 0 .04569
20 0 .05734
21 0 .05288
22 0 .12239
23 0 .1214
24 0 .08639
25 0 .16656
26 0 .27739
27 0 .23412
28 0 .00012
29 0 .06653
30 0 .00007
31 0 .00005
32 0 .00004
33 0 .00003
34 0 .01556
35 0 .00002
36 0 .02357
37 0 .00002
38 0 .01806
39 0 .00001
40 0 .00001
41 0 .00001
42 0 .00733
43 0 0
44 0 0
45 0 .00144
46 0 0
47 0 0
48 0 0
49 0 0
50 0 0
51 0 0
100 0 0
*parity 1 widowed
birth 1 F widowed 1
14 0 0
15 0 0
16 0 .00001
17 0 .00004
18 0 .02429
19 0 .04571
20 0 .045
21 0 .06614
22 0 .05832
23 0 .20245
24 0 .19209
25 0 .55552
26 0 .2313
27 0 .0005
28 0 .30268
29 0 .05547
30 0 .03275
31 0 .00988
32 0 .0074
33 0 .00297
34 0 .00236
35 0 .00479
36 0 .00414
37 0 .00352
38 0 .00151
39 0 .00207
40 0 .00192
41 0 .00065
42 0 .00048
43 0 .00027
44 0 .0003
45 0 .00018
46 0 .0001
47 0 .00005
48 0 .00001
49 0 0
50 0 0
51 0 0
100 0 0
*parity 1 divorced
birth 1 F divorced 1
14 0 0
15 0 0
16 0 .00001
17 0 .00004
18 0 .02429
19 0 .04571
20 0 .045
21 0 .06614
22 0 .05832
23 0 .20245
24 0 .19209
25 0 .55552
26 0 .2313
27 0 .0005
28 0 .30268
29 0 .05547
30 0 .03275
31 0 .00988
32 0 .0074
33 0 .00297
34 0 .00236
35 0 .00479
36 0 .00414
37 0 .00352
38 0 .00151
39 0 .00207
40 0 .00192
41 0 .00065
42 0 .00048
43 0 .00027
44 0 .0003
45 0 .00018
46 0 .0001
47 0 .00005
48 0 .00001
49 0 0
50 0 0
51 0 0
100 0 0
*parity 2 married
birth 1 F married 2
14 0 0
15 0 0
16 0 .00001
17 0 .00003
18 0 .00016
19 0 .03548
20 0 .01714
21 0 .02016
22 0 .02451
23 0 .02425
24 0 .02401
25 0 .02475
26 0 .02261
27 0 .02401
28 0 .02222
29 0 .02134
30 0 .02116
31 0 .02073
32 0 .01964
33 0 .0176
34 0 .01699
35 0 .01489
36 0 .01316
37 0 .01184
38 0 .01157
39 0 .00967
40 0 .00856
41 0 .00679
42 0 .00552
43 0 .00407
44 0 .00293
45 0 .00202
46 0 .00122
47 0 .00075
48 0 .00041
49 0 .00021
50 0 .0001
51 0 .00004
100 0 0
*parity 2 single
birth 1 F single 2
14 0 0
15 0 0
16 0 0
17 0 0
18 0 .00001
19 0 .00002
20 0 .083
21 0 .03244
22 0 .05074
23 0 .04215
24 0 .04229
25 0 .07513
26 0 .03992
27 0 .03365
28 0 .05553
29 0 .09778
30 0 .0811
31 0 .04318
32 0 .03474
33 0 .09005
34 0 .11116
35 0 .05277
36 0 .09407
37 0 .1732
38 0 .1029
39 0 .09917
40 0 .00019
41 0 .03149
42 0 .05278
43 0 .05068
44 0 .01477
45 0 .00939
46 0 .00914
47 0 .00848
48 0 .00795
49 0 .00128
50 0 .00186
51 0 .00038
100 0 0
*parity 2 widowed
birth 1 F widowed 2
14 0 0
15 0 0
16 0 0
17 0 0
18 0 .00002
19 0 .03851
20 0 .02307
21 0 .02705
22 0 .02351
23 0 .02008
24 0 .02015
25 0 .01907
26 0 .01902
27 0 .01485
28 0 .0152
29 0 .01296
30 0 .00951
31 0 .00934
32 0 .00823
33 0 .00755
34 0 .00634
35 0 .00561
36 0 .00486
37 0 .00405
38 0 .00339
39 0 .00296
40 0 .00261
41 0 .002
42 0 .00164
43 0 .00119
44 0 .00077
45 0 .00046
46 0 .00027
47 0 .00016
48 0 .00009
49 0 .00004
50 0 .00002
51 0 .00001
100 0 0
*parity 2 divorced
birth 1 F divorced 2
14 0 0
15 0 0
16 0 0
17 0 0
18 0 .00002
19 0 .03851
20 0 .02307
21 0 .02705
22 0 .02351
23 0 .02008
24 0 .02015
25 0 .01907
26 0 .01902
27 0 .01485
28 0 .0152
29 0 .01296
30 0 .00951
31 0 .00934
32 0 .00823
33 0 .00755
34 0 .00634
35 0 .00561
36 0 .00486
37 0 .00405
38 0 .00339
39 0 .00296
40 0 .00261
41 0 .002
42 0 .00164
43 0 .00119
44 0 .00077
45 0 .00046
46 0 .00027
47 0 .00016
48 0 .00009
49 0 .00004
50 0 .00002
51 0 .00001
100 0 0
