*parity all married
birth 1 F married 0
14 0 0
15 0 .00011
16 0 .0008
17 0 .00242
18 0 .00549
19 0 .00992
20 0 .01468
21 0 .01847
22 0 .02067
23 0 .02167
24 0 .0219
25 0 .02118
26 0 .01978
27 0 .01795
28 0 .0165
29 0 .01514
30 0 .01413
31 0 .01255
32 0 .01145
33 0 .01039
34 0 .0099
35 0 .00925
36 0 .00866
37 0 .00794
38 0 .00732
39 0 .00654
40 0 .00574
41 0 .00445
42 0 .00342
43 0 .00249
44 0 .00184
45 0 .00123
46 0 .00074
47 0 .00045
48 0 .00023
49 0 .00012
50 0 .00005
51 0 .00002
100 0 0
*parity all single
birth 1 F single 0
14 0 0
15 0 .00011
16 0 .0008
17 0 .00242
18 0 .00549
19 0 .00992
20 0 .01468
21 0 .01847
22 0 .02067
23 0 .02167
24 0 .0219
25 0 .02118
26 0 .01978
27 0 .01795
28 0 .0165
29 0 .01514
30 0 .01413
31 0 .01255
32 0 .01145
33 0 .01039
34 0 .0099
35 0 .00925
36 0 .00866
37 0 .00794
38 0 .00732
39 0 .00654
40 0 .00574
41 0 .00445
42 0 .00342
43 0 .00249
44 0 .00184
45 0 .00123
46 0 .00074
47 0 .00045
48 0 .00023
49 0 .00012
50 0 .00005
51 0 .00002
100 0 0
*parity all widowed
birth 1 F widowed 0
14 0 0
15 0 .00011
16 0 .0008
17 0 .00242
18 0 .00549
19 0 .00992
20 0 .01468
21 0 .01847
22 0 .02067
23 0 .02167
24 0 .0219
25 0 .02118
26 0 .01978
27 0 .01795
28 0 .0165
29 0 .01514
30 0 .01413
31 0 .01255
32 0 .01145
33 0 .01039
34 0 .0099
35 0 .00925
36 0 .00866
37 0 .00794
38 0 .00732
39 0 .00654
40 0 .00574
41 0 .00445
42 0 .00342
43 0 .00249
44 0 .00184
45 0 .00123
46 0 .00074
47 0 .00045
48 0 .00023
49 0 .00012
50 0 .00005
51 0 .00002
100 0 0
*parity all divorced
birth 1 F divorced 0
14 0 0
15 0 .00011
16 0 .0008
17 0 .00242
18 0 .00549
19 0 .00992
20 0 .01468
21 0 .01847
22 0 .02067
23 0 .02167
24 0 .0219
25 0 .02118
26 0 .01978
27 0 .01795
28 0 .0165
29 0 .01514
30 0 .01413
31 0 .01255
32 0 .01145
33 0 .01039
34 0 .0099
35 0 .00925
36 0 .00866
37 0 .00794
38 0 .00732
39 0 .00654
40 0 .00574
41 0 .00445
42 0 .00342
43 0 .00249
44 0 .00184
45 0 .00123
46 0 .00074
47 0 .00045
48 0 .00023
49 0 .00012
50 0 .00005
51 0 .00002
100 0 0
