*parity 0 married
birth 1 F married 0
14 0 0
15 0 .00018
16 0 .00092
17 0 .03246
18 0 .0262
19 0 .03233
20 0 .0375
21 0 .04074
22 0 .04687
23 0 .05301
24 0 .06028
25 0 .05071
26 0 .05751
27 0 .04935
28 0 .05508
29 0 .06353
30 0 .10157
31 0 .05772
32 0 .02132
33 0 .01313
34 0 .00782
35 0 .00644
36 0 .00614
37 0 .00442
38 0 .00554
39 0 .00471
40 0 .00246
41 0 .00186
42 0 .00124
43 0 .00063
44 0 .00049
45 0 .00028
46 0 .00016
47 0 .00008
48 0 .00003
49 0 .00001
50 0 0
51 0 0
100 0 0
*parity 0 single
birth 1 F single 0
14 0 0
15 0 0
16 0 .00001
17 0 .00001
18 0 .00003
19 0 .00005
20 0 .00007
21 0 .00009
22 0 .0001
23 0 .00009
24 0 .00009
25 0 .00009
26 0 .00008
27 0 .00007
28 0 .00006
29 0 .00005
30 0 .00005
31 0 .00005
32 0 .00004
33 0 .00004
34 0 .00003
35 0 .00003
36 0 .00003
37 0 .00003
38 0 .00002
39 0 .00002
40 0 .00002
41 0 .00001
42 0 .00001
43 0 .00001
44 0 .00001
45 0 0
46 0 0
47 0 0
48 0 0
49 0 0
50 0 0
51 0 0
100 0 0
*parity 0 widowed
birth 1 F widowed 0
14 0 0
15 0 0
16 0 .00002
17 0 .07677
18 0 .02834
19 0 .09069
20 0 .23397
21 0 .25007
22 0 .07115
23 0 .02934
24 0 .02503
25 0 .02526
26 0 .01158
27 0 .00855
28 0 .00891
29 0 .00959
30 0 .00426
31 0 .00436
32 0 .00603
33 0 .00293
34 0 .00156
35 0 .00167
36 0 .00198
37 0 .00085
38 0 .00093
39 0 .00059
40 0 .00048
41 0 .00019
42 0 .00017
43 0 .00015
44 0 .00005
45 0 .00004
46 0 .00002
47 0 .00001
48 0 0
49 0 0
50 0 0
51 0 0
100 0 0
*parity 0 divorced
birth 1 F divorced 0
14 0 0
15 0 0
16 0 .00002
17 0 .07677
18 0 .02834
19 0 .09069
20 0 .23397
21 0 .25007
22 0 .07115
23 0 .02934
24 0 .02503
25 0 .02526
26 0 .01158
27 0 .00855
28 0 .00891
29 0 .00959
30 0 .00426
31 0 .00436
32 0 .00603
33 0 .00293
34 0 .00156
35 0 .00167
36 0 .00198
37 0 .00085
38 0 .00093
39 0 .00059
40 0 .00048
41 0 .00019
42 0 .00017
43 0 .00015
44 0 .00005
45 0 .00004
46 0 .00002
47 0 .00001
48 0 0
49 0 0
50 0 0
51 0 0
100 0 0
*parity 1 married
birth 1 F married 1
14 0 0
15 0 0
16 0 .00008
17 0 .0003
18 0 .02787
19 0 .03321
20 0 .0284
21 0 .03286
22 0 .03946
23 0 .05778
24 0 .03751
25 0 .03689
26 0 .04062
27 0 .04023
28 0 .04252
29 0 .03633
30 0 .02685
31 0 .01827
32 0 .0239
33 0 .02939
34 0 .04903
35 0 .04636
36 0 .02015
37 0 .01132
38 0 .00838
39 0 .00728
40 0 .00722
41 0 .00474
42 0 .00297
43 0 .00138
44 0 .00073
45 0 .00048
46 0 .00025
47 0 .00012
48 0 .00004
49 0 .00002
50 0 .00001
51 0 .00001
100 0 0
*parity 1 single
birth 1 F single 1
14 0 0
15 0 0
16 0 0
17 0 0
18 0 .00001
19 0 .00001
20 0 .00002
21 0 .00003
22 0 .03516
23 0 .00003
24 0 .00003
25 0 .00003
26 0 .02721
27 0 .01251
28 0 .02212
29 0 .01825
30 0 .00002
31 0 .01256
32 0 .00001
33 0 .00001
34 0 .00001
35 0 .00638
36 0 .00001
37 0 .0042
38 0 0
39 0 0
40 0 0
41 0 0
42 0 .00098
43 0 0
44 0 0
45 0 0
46 0 .0001
47 0 0
48 0 0
49 0 0
50 0 0
51 0 0
100 0 0
*parity 1 widowed
birth 1 F widowed 1
14 0 0
15 0 0
16 0 0
17 0 .00001
18 0 .02525
19 0 .01894
20 0 .02465
21 0 .0196
22 0 .02465
23 0 .02937
24 0 .01211
25 0 .00733
26 0 .00954
27 0 .00585
28 0 .00846
29 0 .0048
30 0 .00338
31 0 .0023
32 0 .00251
33 0 .00127
34 0 .00181
35 0 .00192
36 0 .00139
37 0 .00068
38 0 .00044
39 0 .00025
40 0 .00024
41 0 .00025
42 0 .00016
43 0 .00006
44 0 .00004
45 0 .00002
46 0 .00001
47 0 0
48 0 0
49 0 0
50 0 0
51 0 0
100 0 0
*parity 1 divorced
birth 1 F divorced 1
14 0 0
15 0 0
16 0 0
17 0 .00001
18 0 .02525
19 0 .01894
20 0 .02465
21 0 .0196
22 0 .02465
23 0 .02937
24 0 .01211
25 0 .00733
26 0 .00954
27 0 .00585
28 0 .00846
29 0 .0048
30 0 .00338
31 0 .0023
32 0 .00251
33 0 .00127
34 0 .00181
35 0 .00192
36 0 .00139
37 0 .00068
38 0 .00044
39 0 .00025
40 0 .00024
41 0 .00025
42 0 .00016
43 0 .00006
44 0 .00004
45 0 .00002
46 0 .00001
47 0 0
48 0 0
49 0 0
50 0 0
51 0 0
100 0 0
*parity 2 married
birth 1 F married 2
14 0 0
15 0 0
16 0 .00001
17 0 .00003
18 0 .00014
19 0 .03069
20 0 .02578
21 0 .01844
22 0 .01577
23 0 .01517
24 0 .01766
25 0 .01835
26 0 .01644
27 0 .01662
28 0 .01467
29 0 .01448
30 0 .01395
31 0 .01273
32 0 .01194
33 0 .0112
34 0 .01013
35 0 .00967
36 0 .00911
37 0 .00893
38 0 .008
39 0 .00715
40 0 .00628
41 0 .0048
42 0 .00361
43 0 .00305
44 0 .00221
45 0 .00145
46 0 .00089
47 0 .00052
48 0 .00029
49 0 .00015
50 0 .00007
51 0 .00003
100 0 0
*parity 2 single
birth 1 F single 2
14 0 0
15 0 0
16 0 0
17 0 0
18 0 0
19 0 0
20 0 .00001
21 0 .00001
22 0 .00002
23 0 .00003
24 0 .00004
25 0 .00004
26 0 .00004
27 0 .00005
28 0 .00005
29 0 .02348
30 0 .04607
31 0 .00005
32 0 .00004
33 0 .00004
34 0 .00004
35 0 .00004
36 0 .00003
37 0 .00003
38 0 .00003
39 0 .00003
40 0 .00002
41 0 .00002
42 0 .00001
43 0 .00001
44 0 .00001
45 0 0
46 0 0
47 0 0
48 0 0
49 0 0
50 0 0
51 0 0
100 0 0
*parity 2 widowed
birth 1 F widowed 2
14 0 0
15 0 0
16 0 0
17 0 0
18 0 0
19 0 .00001
20 0 .03243
21 0 .02103
22 0 .00822
23 0 .00901
24 0 .00618
25 0 .00767
26 0 .00567
27 0 .00379
28 0 .00384
29 0 .00319
30 0 .00334
31 0 .00315
32 0 .00181
33 0 .00142
34 0 .00178
35 0 .00135
36 0 .0013
37 0 .00103
38 0 .00084
39 0 .00078
40 0 .00061
41 0 .00047
42 0 .00041
43 0 .00023
44 0 .00019
45 0 .00013
46 0 .00007
47 0 .00004
48 0 .00002
49 0 .00001
50 0 0
51 0 0
100 0 0
*parity 2 divorced
birth 1 F divorced 2
14 0 0
15 0 0
16 0 0
17 0 0
18 0 0
19 0 .00001
20 0 .03243
21 0 .02103
22 0 .00822
23 0 .00901
24 0 .00618
25 0 .00767
26 0 .00567
27 0 .00379
28 0 .00384
29 0 .00319
30 0 .00334
31 0 .00315
32 0 .00181
33 0 .00142
34 0 .00178
35 0 .00135
36 0 .0013
37 0 .00103
38 0 .00084
39 0 .00078
40 0 .00061
41 0 .00047
42 0 .00041
43 0 .00023
44 0 .00019
45 0 .00013
46 0 .00007
47 0 .00004
48 0 .00002
49 0 .00001
50 0 0
51 0 0
100 0 0
