*parity 0 married
birth 1 F married 0
14 0 0
15 0 .00016
16 0 .00085
17 0 .03188
18 0 .02719
19 0 .03208
20 0 .04199
21 0 .04006
22 0 .04357
23 0 .04303
24 0 .03347
25 0 .02702
26 0 .02213
27 0 .01727
28 0 .01116
29 0 .00885
30 0 .00592
31 0 .00424
32 0 .00399
33 0 .00271
34 0 .00226
35 0 .00199
36 0 .00168
37 0 .00137
38 0 .00123
39 0 .00096
40 0 .00077
41 0 .00054
42 0 .00037
43 0 .00029
44 0 .00016
45 0 .0001
46 0 .00005
47 0 .00003
48 0 .00001
49 0 .00001
50 0 0
51 0 0
100 0 0
*parity 0 single
birth 1 F single 0
14 0 0
15 0 0
16 0 0
17 0 .00001
18 0 .00001
19 0 .00003
20 0 .00004
21 0 .00005
22 0 .00005
23 0 .00005
24 0 .00005
25 0 .00004
26 0 .00004
27 0 .00003
28 0 .00003
29 0 .00002
30 0 .00002
31 0 .00002
32 0 .00001
33 0 .00001
34 0 .00001
35 0 .00001
36 0 .00001
37 0 .00001
38 0 .00001
39 0 .00001
40 0 .00001
41 0 .00001
42 0 .00001
43 0 0
44 0 0
45 0 0
46 0 0
47 0 0
48 0 0
49 0 0
50 0 0
51 0 0
100 0 0
*parity 0 widowed
birth 1 F widowed 0
14 0 0
15 0 0
16 0 .00002
17 0 .04731
18 0 .02118
19 0 .01729
20 0 .00017
21 0 .03092
22 0 .02072
23 0 .01799
24 0 .01086
25 0 .00776
26 0 .00326
27 0 .00225
28 0 .00255
29 0 .00112
30 0 .00107
31 0 .00068
32 0 .00044
33 0 .00025
34 0 .00034
35 0 .0002
36 0 .00018
37 0 .00014
38 0 .0001
39 0 .00013
40 0 .00006
41 0 .00005
42 0 .00003
43 0 .00002
44 0 .00001
45 0 .00001
46 0 0
47 0 0
48 0 0
49 0 0
50 0 0
51 0 0
100 0 0
*parity 0 divorced
birth 1 F divorced 0
14 0 0
15 0 0
16 0 .00002
17 0 .04731
18 0 .02118
19 0 .01729
20 0 .00017
21 0 .03092
22 0 .02072
23 0 .01799
24 0 .01086
25 0 .00776
26 0 .00326
27 0 .00225
28 0 .00255
29 0 .00112
30 0 .00107
31 0 .00068
32 0 .00044
33 0 .00025
34 0 .00034
35 0 .0002
36 0 .00018
37 0 .00014
38 0 .0001
39 0 .00013
40 0 .00006
41 0 .00005
42 0 .00003
43 0 .00002
44 0 .00001
45 0 .00001
46 0 0
47 0 0
48 0 0
49 0 0
50 0 0
51 0 0
100 0 0
*parity 1 married
birth 1 F married 1
14 0 0
15 0 0
16 0 .00008
17 0 .00032
18 0 .03237
19 0 .03265
20 0 .03366
21 0 .03838
22 0 .03679
23 0 .04002
24 0 .05391
25 0 .0612
26 0 .05625
27 0 .04122
28 0 .04053
29 0 .0362
30 0 .03973
31 0 .03679
32 0 .03083
33 0 .04731
34 0 .02603
35 0 .02077
36 0 .02373
37 0 .01577
38 0 .01382
39 0 .01329
40 0 .00567
41 0 .00669
42 0 .00285
43 0 .00214
44 0 .00166
45 0 .00067
46 0 .00039
47 0 .00015
48 0 .00006
49 0 .00002
50 0 .00001
51 0 .00001
100 0 0
*parity 1 single
birth 1 F single 1
14 0 0
15 0 0
16 0 0
17 0 0
18 0 0
19 0 .00001
20 0 .00001
21 0 .00001
22 0 .00002
23 0 .00002
24 0 .00002
25 0 .01382
26 0 .00002
27 0 .00001
28 0 .00843
29 0 .00001
30 0 .00614
31 0 .00503
32 0 0
33 0 0
34 0 0
35 0 .00222
36 0 0
37 0 0
38 0 .00131
39 0 0
40 0 .00089
41 0 0
42 0 0
43 0 0
44 0 0
45 0 0
46 0 0
47 0 0
48 0 0
49 0 0
50 0 0
51 0 0
100 0 0
*parity 1 widowed
birth 1 F widowed 1
14 0 0
15 0 0
16 0 0
17 0 .00001
18 0 .00002
19 0 .00004
20 0 .02117
21 0 .02177
22 0 .02059
23 0 .0098
24 0 .01206
25 0 .00896
26 0 .01813
27 0 .00825
28 0 .00501
29 0 .00597
30 0 .00548
31 0 .00179
32 0 .00187
33 0 .00256
34 0 .00107
35 0 .00122
36 0 .00077
37 0 .0012
38 0 .00104
39 0 .00044
40 0 .00045
41 0 .00029
42 0 .00016
43 0 .00011
44 0 .00005
45 0 .00003
46 0 .00002
47 0 .00001
48 0 0
49 0 0
50 0 0
51 0 0
100 0 0
*parity 1 divorced
birth 1 F divorced 1
14 0 0
15 0 0
16 0 0
17 0 .00001
18 0 .00002
19 0 .00004
20 0 .02117
21 0 .02177
22 0 .02059
23 0 .0098
24 0 .01206
25 0 .00896
26 0 .01813
27 0 .00825
28 0 .00501
29 0 .00597
30 0 .00548
31 0 .00179
32 0 .00187
33 0 .00256
34 0 .00107
35 0 .00122
36 0 .00077
37 0 .0012
38 0 .00104
39 0 .00044
40 0 .00045
41 0 .00029
42 0 .00016
43 0 .00011
44 0 .00005
45 0 .00003
46 0 .00002
47 0 .00001
48 0 0
49 0 0
50 0 0
51 0 0
100 0 0
*parity 2 married
birth 1 F married 2
14 0 0
15 0 0
16 0 .00001
17 0 .00003
18 0 .00016
19 0 .0554
20 0 .04072
21 0 .03012
22 0 .02647
23 0 .02754
24 0 .02336
25 0 .02358
26 0 .02378
27 0 .02392
28 0 .02241
29 0 .02367
30 0 .02067
31 0 .02039
32 0 .01881
33 0 .01654
34 0 .01669
35 0 .01564
36 0 .01433
37 0 .01399
38 0 .01183
39 0 .01025
40 0 .0102
41 0 .00768
42 0 .00611
43 0 .00433
44 0 .0034
45 0 .00227
46 0 .00143
47 0 .00087
48 0 .00045
49 0 .00023
50 0 .0001
51 0 .00004
100 0 0
*parity 2 single
birth 1 F single 2
14 0 0
15 0 0
16 0 0
17 0 0
18 0 0
19 0 0
20 0 0
21 0 .00001
22 0 .00001
23 0 .00002
24 0 .00002
25 0 .00002
26 0 .00003
27 0 .02132
28 0 .00003
29 0 .00003
30 0 .00003
31 0 .00003
32 0 .00002
33 0 .00002
34 0 .00002
35 0 .00002
36 0 .00002
37 0 .00002
38 0 .00002
39 0 .00001
40 0 .00001
41 0 .00001
42 0 .00001
43 0 .00001
44 0 0
45 0 0
46 0 0
47 0 0
48 0 0
49 0 0
50 0 0
51 0 0
100 0 0
*parity 2 widowed
birth 1 F widowed 2
14 0 0
15 0 0
16 0 0
17 0 0
18 0 0
19 0 .00001
20 0 .02158
21 0 .01384
22 0 .00821
23 0 .01293
24 0 .00655
25 0 .01345
26 0 .00725
27 0 .00475
28 0 .00484
29 0 .00523
30 0 .00331
31 0 .00307
32 0 .00225
33 0 .00269
34 0 .00197
35 0 .00184
36 0 .00153
37 0 .00122
38 0 .00123
39 0 .00099
40 0 .00078
41 0 .00068
42 0 .00049
43 0 .00031
44 0 .00023
45 0 .00015
46 0 .00009
47 0 .00005
48 0 .00002
49 0 .00001
50 0 .00001
51 0 0
100 0 0
*parity 2 divorced
birth 1 F divorced 2
14 0 0
15 0 0
16 0 0
17 0 0
18 0 0
19 0 .00001
20 0 .02158
21 0 .01384
22 0 .00821
23 0 .01293
24 0 .00655
25 0 .01345
26 0 .00725
27 0 .00475
28 0 .00484
29 0 .00523
30 0 .00331
31 0 .00307
32 0 .00225
33 0 .00269
34 0 .00197
35 0 .00184
36 0 .00153
37 0 .00122
38 0 .00123
39 0 .00099
40 0 .00078
41 0 .00068
42 0 .00049
43 0 .00031
44 0 .00023
45 0 .00015
46 0 .00009
47 0 .00005
48 0 .00002
49 0 .00001
50 0 .00001
51 0 0
100 0 0
