*parity 0 married
birth 1 F married 0
14 0 0
15 0 .00019
16 0 .00091
17 0 .03911
18 0 .03201
19 0 .03447
20 0 .04308
21 0 .04584
22 0 .05565
23 0 .05676
24 0 .0603
25 0 .07556
26 0 .08531
27 0 .06806
28 0 .09934
29 0 .13959
30 0 .12245
31 0 .05007
32 0 .05885
33 0 .02254
34 0 .01448
35 0 .00877
36 0 .00837
37 0 .01087
38 0 .00677
39 0 .00319
40 0 .00187
41 0 .00125
42 0 .00065
43 0 .0005
44 0 .00039
45 0 .00028
46 0 .00015
47 0 .00009
48 0 .00005
49 0 .00004
50 0 .00001
51 0 .00007
100 0 0
*parity 0 single
birth 1 F single 0
14 0 0
15 0 .00001
16 0 .00003
17 0 .00008
18 0 .00016
19 0 .00027
20 0 .00037
21 0 .00044
22 0 .00047
23 0 .00048
24 0 .00045
25 0 .00045
26 0 .00044
27 0 .00034
28 0 .00031
29 0 .00029
30 0 .00027
31 0 .00029
32 0 .00027
33 0 .00022
34 0 .00017
35 0 .00016
36 0 .00014
37 0 .00016
38 0 .00014
39 0 .00009
40 0 .00008
41 0 .00008
42 0 .00006
43 0 .00004
44 0 .00002
45 0 .00001
46 0 0
47 0 .00001
48 0 .00001
49 0 .00001
50 0 0
51 0 .00001
100 0 0
*parity 0 widowed
birth 1 F widowed 0
14 0 0
15 0 .00001
16 0 .00005
17 0 .0001
18 0 .04459
19 0 .09925
20 0 .00036
21 0 .15886
22 0 .00036
23 0 .36162
24 0 .00028
25 0 .09242
26 0 .11957
27 0 .26363
28 0 .15189
29 0 .00011
30 0 .04993
31 0 .07401
32 0 .05999
33 0 .0494
34 0 .00004
35 0 .01133
36 0 .02732
37 0 .01994
38 0 .00862
39 0 .00193
40 0 .00082
41 0 .00029
42 0 .00015
43 0 .0001
44 0 .00007
45 0 .00006
46 0 .00006
47 0 .00002
48 0 .00001
49 0 0
50 0 0
51 0 0
100 0 0
*parity 0 divorced
birth 1 F divorced 0
14 0 0
15 0 .00001
16 0 .00005
17 0 .0001
18 0 .04459
19 0 .09925
20 0 .00036
21 0 .15886
22 0 .00036
23 0 .36162
24 0 .00028
25 0 .09242
26 0 .11957
27 0 .26363
28 0 .15189
29 0 .00011
30 0 .04993
31 0 .07401
32 0 .05999
33 0 .0494
34 0 .00004
35 0 .01133
36 0 .02732
37 0 .01994
38 0 .00862
39 0 .00193
40 0 .00082
41 0 .00029
42 0 .00015
43 0 .0001
44 0 .00007
45 0 .00006
46 0 .00006
47 0 .00002
48 0 .00001
49 0 0
50 0 0
51 0 0
100 0 0
*parity 1 married
birth 1 F married 1
14 0 0
15 0 0
16 0 .00007
17 0 .21921
18 0 .04024
19 0 .0465
20 0 .0631
21 0 .05299
22 0 .03459
23 0 .03796
24 0 .03689
25 0 .04537
26 0 .0405
27 0 .04667
28 0 .04277
29 0 .04689
30 0 .03407
31 0 .03477
32 0 .07464
33 0 .20529
34 0 .00129
35 0 .16239
36 0 .15033
37 0 .0652
38 0 .06173
39 0 .10701
40 0 .09355
41 0 .19648
42 0 .0634
43 0 .01469
44 0 .01572
45 0 .00003
46 0 .0062
47 0 .00086
48 0 .0003
49 0 .0001
50 0 .00003
51 0 .00003
100 0 0
*parity 1 single
birth 1 F single 1
14 0 0
15 0 0
16 0 0
17 0 .01567
18 0 .02014
19 0 .0848
20 0 .06881
21 0 .00014
22 0 .05317
23 0 .02967
24 0 .02946
25 0 .04153
26 0 .19837
27 0 .00014
28 0 .14831
29 0 .12573
30 0 .0542
31 0 .0833
32 0 .06938
33 0 .05872
34 0 .02389
35 0 .04064
36 0 .00003
37 0 .00003
38 0 .00993
39 0 .00002
40 0 .00502
41 0 .00001
42 0 .00453
43 0 .00131
44 0 .00084
45 0 .00006
46 0 .00002
47 0 .00002
48 0 .00001
49 0 .00001
50 0 0
51 0 0
100 0 0
*parity 1 widowed
birth 1 F widowed 1
14 0 0
15 0 0
16 0 0
17 0 .00001
18 0 .00004
19 0 .01727
20 0 .0327
21 0 .03665
22 0 .03369
23 0 .04229
24 0 .03436
25 0 .02277
26 0 .02828
27 0 .06803
28 0 .10571
29 0 .17923
30 0 .03091
31 0 .05937
32 0 .03297
33 0 .0279
34 0 .0227
35 0 .05793
36 0 .04597
37 0 .00004
38 0 .01416
39 0 .02182
40 0 .00238
41 0 .00334
42 0 .00001
43 0 .00374
44 0 0
45 0 .0012
46 0 0
47 0 .00031
48 0 .00011
49 0 0
50 0 0
51 0 0
100 0 0
*parity 1 divorced
birth 1 F divorced 1
14 0 0
15 0 0
16 0 0
17 0 .00001
18 0 .00004
19 0 .01727
20 0 .0327
21 0 .03665
22 0 .03369
23 0 .04229
24 0 .03436
25 0 .02277
26 0 .02828
27 0 .06803
28 0 .10571
29 0 .17923
30 0 .03091
31 0 .05937
32 0 .03297
33 0 .0279
34 0 .0227
35 0 .05793
36 0 .04597
37 0 .00004
38 0 .01416
39 0 .02182
40 0 .00238
41 0 .00334
42 0 .00001
43 0 .00374
44 0 0
45 0 .0012
46 0 0
47 0 .00031
48 0 .00011
49 0 0
50 0 0
51 0 0
100 0 0
*parity 2 married
birth 1 F married 2
14 0 0
15 0 0
16 0 .00001
17 0 .00003
18 0 .00012
19 0 .00992
20 0 .00895
21 0 .01278
22 0 .01693
23 0 .01663
24 0 .01765
25 0 .0144
26 0 .01389
27 0 .01413
28 0 .01327
29 0 .01273
30 0 .01222
31 0 .01043
32 0 .00963
33 0 .00875
34 0 .00909
35 0 .00817
36 0 .00765
37 0 .00669
38 0 .00643
39 0 .00601
40 0 .00545
41 0 .00435
42 0 .00378
43 0 .00268
44 0 .00192
45 0 .00137
46 0 .00088
47 0 .00045
48 0 .00023
49 0 .00012
50 0 .00005
51 0 .00002
100 0 0
*parity 2 single
birth 1 F single 2
14 0 0
15 0 0
16 0 0
17 0 0
18 0 .00618
19 0 .00001
20 0 .02207
21 0 .02681
22 0 .02098
23 0 .02276
24 0 .03226
25 0 .02762
26 0 .02192
27 0 .03109
28 0 .02266
29 0 .02226
30 0 .02221
31 0 .05011
32 0 .03953
33 0 .02266
34 0 .01231
35 0 .03345
36 0 .01992
37 0 .02919
38 0 .03558
39 0 .02486
40 0 .03096
41 0 .01443
42 0 .01069
43 0 .00403
44 0 .00403
45 0 .00121
46 0 .00047
47 0 .00051
48 0 .00037
49 0 .00028
50 0 .00006
51 0 .00004
100 0 0
*parity 2 widowed
birth 1 F widowed 2
14 0 0
15 0 0
16 0 0
17 0 0
18 0 .00001
19 0 .00002
20 0 .01573
21 0 .01433
22 0 .0078
23 0 .00947
24 0 .00876
25 0 .00909
26 0 .00655
27 0 .00619
28 0 .00618
29 0 .00379
30 0 .00403
31 0 .00372
32 0 .00238
33 0 .00274
34 0 .00207
35 0 .00227
36 0 .00171
37 0 .00129
38 0 .00101
39 0 .001
40 0 .0009
41 0 .0006
42 0 .00041
43 0 .00031
44 0 .00021
45 0 .00013
46 0 .00008
47 0 .00005
48 0 .00002
49 0 .00001
50 0 0
51 0 0
100 0 0
*parity 2 divorced
birth 1 F divorced 2
14 0 0
15 0 0
16 0 0
17 0 0
18 0 .00001
19 0 .00002
20 0 .01573
21 0 .01433
22 0 .0078
23 0 .00947
24 0 .00876
25 0 .00909
26 0 .00655
27 0 .00619
28 0 .00618
29 0 .00379
30 0 .00403
31 0 .00372
32 0 .00238
33 0 .00274
34 0 .00207
35 0 .00227
36 0 .00171
37 0 .00129
38 0 .00101
39 0 .001
40 0 .0009
41 0 .0006
42 0 .00041
43 0 .00031
44 0 .00021
45 0 .00013
46 0 .00008
47 0 .00005
48 0 .00002
49 0 .00001
50 0 0
51 0 0
100 0 0
