*parity 0 married
birth 1 F married 0
14 0 0
15 0 .00019
16 0 .00078
17 0 .0423
18 0 .04449
19 0 .04575
20 0 .05035
21 0 .05487
22 0 .05403
23 0 .05341
24 0 .03954
25 0 .03286
26 0 .03254
27 0 .03332
28 0 .02891
29 0 .02103
30 0 .01119
31 0 .00861
32 0 .00615
33 0 .00463
34 0 .00337
35 0 .00269
36 0 .00195
37 0 .00148
38 0 .0011
39 0 .00085
40 0 .00058
41 0 .00037
42 0 .00025
43 0 .00017
44 0 .00009
45 0 .00006
46 0 .00003
47 0 .00002
48 0 .00001
49 0 0
50 0 0
51 0 0
100 0 0
*parity 0 single
birth 1 F single 0
14 0 0
15 0 .00005
16 0 .00019
17 0 .00036
18 0 .0006
19 0 .00088
20 0 .00104
21 0 .00111
22 0 .00112
23 0 .00107
24 0 .00108
25 0 .00113
26 0 .00111
27 0 .00112
28 0 .00107
29 0 .00097
30 0 .00104
31 0 .00103
32 0 .00105
33 0 .00101
34 0 .00098
35 0 .00089
36 0 .00086
37 0 .00085
38 0 .00081
39 0 .00079
40 0 .00057
41 0 .00048
42 0 .00042
43 0 .00035
44 0 .00023
45 0 .00018
46 0 .0001
47 0 .00006
48 0 .00003
49 0 .00001
50 0 0
51 0 0
100 0 0
*parity 0 widowed
birth 1 F widowed 0
14 0 0
15 0 .00001
16 0 .00005
17 0 .09041
18 0 .14544
19 0 .09635
20 0 .10762
21 0 .22765
22 0 .03202
23 0 .20144
24 0 .04785
25 0 .04338
26 0 .04143
27 0 .03644
28 0 .02848
29 0 .02424
30 0 .01048
31 0 .00473
32 0 .00556
33 0 .00254
34 0 .00199
35 0 .00196
36 0 .0011
37 0 .00094
38 0 .0005
39 0 .00029
40 0 .00018
41 0 .00018
42 0 .00012
43 0 .00004
44 0 .00003
45 0 .00001
46 0 .00001
47 0 0
48 0 0
49 0 0
50 0 0
51 0 0
100 0 0
*parity 0 divorced
birth 1 F divorced 0
14 0 0
15 0 .00001
16 0 .00005
17 0 .09041
18 0 .14544
19 0 .09635
20 0 .10762
21 0 .22765
22 0 .03202
23 0 .20144
24 0 .04785
25 0 .04338
26 0 .04143
27 0 .03644
28 0 .02848
29 0 .02424
30 0 .01048
31 0 .00473
32 0 .00556
33 0 .00254
34 0 .00199
35 0 .00196
36 0 .0011
37 0 .00094
38 0 .0005
39 0 .00029
40 0 .00018
41 0 .00018
42 0 .00012
43 0 .00004
44 0 .00003
45 0 .00001
46 0 .00001
47 0 0
48 0 0
49 0 0
50 0 0
51 0 0
100 0 0
*parity 1 married
birth 1 F married 1
14 0 0
15 0 0
16 0 .00004
17 0 .00015
18 0 .03827
19 0 .01523
20 0 .02413
21 0 .02576
22 0 .03306
23 0 .03125
24 0 .04558
25 0 .03813
26 0 .04338
27 0 .03544
28 0 .03991
29 0 .03911
30 0 .03467
31 0 .03271
32 0 .02642
33 0 .02744
34 0 .01822
35 0 .01508
36 0 .01167
37 0 .01041
38 0 .00762
39 0 .00564
40 0 .00375
41 0 .00348
42 0 .00212
43 0 .00135
44 0 .00072
45 0 .00042
46 0 .00026
47 0 .0001
48 0 .00003
49 0 .00001
50 0 0
51 0 0
100 0 0
*parity 1 single
birth 1 F single 1
14 0 0
15 0 0
16 0 .00001
17 0 .03487
18 0 .04565
19 0 .02966
20 0 .02302
21 0 .02458
22 0 .02259
23 0 .02147
24 0 .03201
25 0 .03133
26 0 .02108
27 0 .01782
28 0 .0219
29 0 .03143
30 0 .04204
31 0 .03902
32 0 .03394
33 0 .0287
34 0 .01902
35 0 .03598
36 0 .03387
37 0 .15142
38 0 .05996
39 0 .04373
40 0 .00006
41 0 .02243
42 0 .00994
43 0 .01873
44 0 .00001
45 0 .00294
46 0 .00153
47 0 .00129
48 0 0
49 0 .00009
50 0 0
51 0 0
100 0 0
*parity 1 widowed
birth 1 F widowed 1
14 0 0
15 0 0
16 0 0
17 0 .00001
18 0 .02406
19 0 .01563
20 0 .02427
21 0 .01481
22 0 .01637
23 0 .14143
24 0 .02169
25 0 .04954
26 0 .025
27 0 .05793
28 0 .04328
29 0 .03147
30 0 .02659
31 0 .06684
32 0 .01292
33 0 .00655
34 0 .00573
35 0 .00369
36 0 .00315
37 0 .00285
38 0 .00287
39 0 .00165
40 0 .00123
41 0 .00079
42 0 .00046
43 0 .00015
44 0 .00011
45 0 .00007
46 0 .00004
47 0 .00002
48 0 .00001
49 0 0
50 0 0
51 0 0
100 0 0
*parity 1 divorced
birth 1 F divorced 1
14 0 0
15 0 0
16 0 0
17 0 .00001
18 0 .02406
19 0 .01563
20 0 .02427
21 0 .01481
22 0 .01637
23 0 .14143
24 0 .02169
25 0 .04954
26 0 .025
27 0 .05793
28 0 .04328
29 0 .03147
30 0 .02659
31 0 .06684
32 0 .01292
33 0 .00655
34 0 .00573
35 0 .00369
36 0 .00315
37 0 .00285
38 0 .00287
39 0 .00165
40 0 .00123
41 0 .00079
42 0 .00046
43 0 .00015
44 0 .00011
45 0 .00007
46 0 .00004
47 0 .00002
48 0 .00001
49 0 0
50 0 0
51 0 0
100 0 0
*parity 2 married
birth 1 F married 2
14 0 0
15 0 0
16 0 0
17 0 .00001
18 0 .00005
19 0 .03341
20 0 .01655
21 0 .0144
22 0 .01192
23 0 .01331
24 0 .01067
25 0 .01021
26 0 .01038
27 0 .0094
28 0 .00953
29 0 .01031
30 0 .00952
31 0 .00782
32 0 .00736
33 0 .00665
34 0 .00605
35 0 .00491
36 0 .00483
37 0 .00367
38 0 .00307
39 0 .00259
40 0 .00231
41 0 .00163
42 0 .00127
43 0 .00092
44 0 .00073
45 0 .00044
46 0 .00025
47 0 .00014
48 0 .00007
49 0 .00004
50 0 .00001
51 0 .00001
100 0 0
*parity 2 single
birth 1 F single 2
14 0 0
15 0 0
16 0 0
17 0 0
18 0 .00001
19 0 .03188
20 0 .01678
21 0 .01816
22 0 .01553
23 0 .02027
24 0 .02068
25 0 .01234
26 0 .01819
27 0 .01667
28 0 .01239
29 0 .01404
30 0 .01362
31 0 .01612
32 0 .01541
33 0 .01398
34 0 .01747
35 0 .01507
36 0 .01322
37 0 .01757
38 0 .01435
39 0 .01135
40 0 .00737
41 0 .0207
42 0 .00987
43 0 .03191
44 0 .00669
45 0 .00344
46 0 .00338
47 0 .00268
48 0 .00134
49 0 .00058
50 0 .00058
51 0 .00007
100 0 0
*parity 2 widowed
birth 1 F widowed 2
14 0 0
15 0 0
16 0 0
17 0 0
18 0 0
19 0 .00001
20 0 .01769
21 0 .0067
22 0 .00665
23 0 .00771
24 0 .00623
25 0 .0065
26 0 .00408
27 0 .00469
28 0 .00415
29 0 .0033
30 0 .00318
31 0 .00289
32 0 .00203
33 0 .0017
34 0 .00164
35 0 .00165
36 0 .00106
37 0 .00093
38 0 .00089
39 0 .0006
40 0 .00051
41 0 .00034
42 0 .00022
43 0 .00016
44 0 .00011
45 0 .00008
46 0 .00004
47 0 .00002
48 0 .00001
49 0 .00001
50 0 0
51 0 0
100 0 0
*parity 2 divorced
birth 1 F divorced 2
14 0 0
15 0 0
16 0 0
17 0 0
18 0 0
19 0 .00001
20 0 .01769
21 0 .0067
22 0 .00665
23 0 .00771
24 0 .00623
25 0 .0065
26 0 .00408
27 0 .00469
28 0 .00415
29 0 .0033
30 0 .00318
31 0 .00289
32 0 .00203
33 0 .0017
34 0 .00164
35 0 .00165
36 0 .00106
37 0 .00093
38 0 .00089
39 0 .0006
40 0 .00051
41 0 .00034
42 0 .00022
43 0 .00016
44 0 .00011
45 0 .00008
46 0 .00004
47 0 .00002
48 0 .00001
49 0 .00001
50 0 0
51 0 0
100 0 0
