*parity all married
birth 1 F married 0
14 0 0
15 0 .00015
16 0 .00092
17 0 .0025
18 0 .00539
19 0 .00944
20 0 .01369
21 0 .01704
22 0 .01899
23 0 .01991
24 0 .02017
25 0 .01961
26 0 .01848
27 0 .01696
28 0 .01573
29 0 .01452
30 0 .01357
31 0 .01211
32 0 .01103
33 0 .00998
34 0 .00939
35 0 .00868
36 0 .00803
37 0 .00729
38 0 .00664
39 0 .00587
40 0 .0051
41 0 .00395
42 0 .00302
43 0 .00219
44 0 .00161
45 0 .00107
46 0 .00064
47 0 .00039
48 0 .0002
49 0 .0001
50 0 .00004
51 0 .00002
100 0 0
*parity all single
birth 1 F single 0
14 0 0
15 0 .00015
16 0 .00092
17 0 .0025
18 0 .00539
19 0 .00944
20 0 .01369
21 0 .01704
22 0 .01899
23 0 .01991
24 0 .02017
25 0 .01961
26 0 .01848
27 0 .01696
28 0 .01573
29 0 .01452
30 0 .01357
31 0 .01211
32 0 .01103
33 0 .00998
34 0 .00939
35 0 .00868
36 0 .00803
37 0 .00729
38 0 .00664
39 0 .00587
40 0 .0051
41 0 .00395
42 0 .00302
43 0 .00219
44 0 .00161
45 0 .00107
46 0 .00064
47 0 .00039
48 0 .0002
49 0 .0001
50 0 .00004
51 0 .00002
100 0 0
*parity all widowed
birth 1 F widowed 0
14 0 0
15 0 .00015
16 0 .00092
17 0 .0025
18 0 .00539
19 0 .00944
20 0 .01369
21 0 .01704
22 0 .01899
23 0 .01991
24 0 .02017
25 0 .01961
26 0 .01848
27 0 .01696
28 0 .01573
29 0 .01452
30 0 .01357
31 0 .01211
32 0 .01103
33 0 .00998
34 0 .00939
35 0 .00868
36 0 .00803
37 0 .00729
38 0 .00664
39 0 .00587
40 0 .0051
41 0 .00395
42 0 .00302
43 0 .00219
44 0 .00161
45 0 .00107
46 0 .00064
47 0 .00039
48 0 .0002
49 0 .0001
50 0 .00004
51 0 .00002
100 0 0
*parity all divorced
birth 1 F divorced 0
14 0 0
15 0 .00015
16 0 .00092
17 0 .0025
18 0 .00539
19 0 .00944
20 0 .01369
21 0 .01704
22 0 .01899
23 0 .01991
24 0 .02017
25 0 .01961
26 0 .01848
27 0 .01696
28 0 .01573
29 0 .01452
30 0 .01357
31 0 .01211
32 0 .01103
33 0 .00998
34 0 .00939
35 0 .00868
36 0 .00803
37 0 .00729
38 0 .00664
39 0 .00587
40 0 .0051
41 0 .00395
42 0 .00302
43 0 .00219
44 0 .00161
45 0 .00107
46 0 .00064
47 0 .00039
48 0 .0002
49 0 .0001
50 0 .00004
51 0 .00002
100 0 0
