*parity 0 married
birth 1 F married 0
14 0 0
15 0 .00006
16 0 .00026
17 0 .0491
18 0 .03395
19 0 .03907
20 0 .04515
21 0 .03962
22 0 .0424
23 0 .03833
24 0 .03303
25 0 .0398
26 0 .03813
27 0 .03478
28 0 .05134
29 0 .04659
30 0 .03998
31 0 .05681
32 0 .02923
33 0 .02503
34 0 .01873
35 0 .0099
36 0 .00553
37 0 .00392
38 0 .00209
39 0 .00137
40 0 .00092
41 0 .00063
42 0 .00043
43 0 .00025
44 0 .00013
45 0 .00007
46 0 .00004
47 0 .00003
48 0 .00001
49 0 0
50 0 0
51 0 0
100 0 0
*parity 0 single
birth 1 F single 0
14 0 0
15 0 .00018
16 0 .00072
17 0 .00138
18 0 .00232
19 0 .00332
20 0 .00401
21 0 .00438
22 0 .00443
23 0 .0045
24 0 .00449
25 0 .00458
26 0 .00465
27 0 .00457
28 0 .0044
29 0 .00439
30 0 .00416
31 0 .00392
32 0 .0034
33 0 .00293
34 0 .00264
35 0 .00207
36 0 .00174
37 0 .00147
38 0 .00119
39 0 .00101
40 0 .00076
41 0 .00062
42 0 .0004
43 0 .00028
44 0 .00018
45 0 .00013
46 0 .00007
47 0 .00004
48 0 .00002
49 0 .00001
50 0 0
51 0 0
100 0 0
*parity 0 widowed
birth 1 F widowed 0
14 0 0
15 0 .00001
16 0 .00005
17 0 .29311
18 0 .12159
19 0 .13372
20 0 .00025
21 0 .12484
22 0 .12094
23 0 .32799
24 0 .15939
25 0 .29698
26 0 .09104
27 0 .10243
28 0 .22986
29 0 .10429
30 0 .08951
31 0 .1526
32 0 .00009
33 0 .06808
34 0 .03354
35 0 .0132
36 0 .00503
37 0 .00356
38 0 .00466
39 0 .00191
40 0 .00109
41 0 .00044
42 0 .00021
43 0 .00011
44 0 .00006
45 0 .00003
46 0 .00001
47 0 .00001
48 0 0
49 0 0
50 0 0
51 0 0
100 0 0
*parity 0 divorced
birth 1 F divorced 0
14 0 0
15 0 .00001
16 0 .00005
17 0 .29311
18 0 .12159
19 0 .13372
20 0 .00025
21 0 .12484
22 0 .12094
23 0 .32799
24 0 .15939
25 0 .29698
26 0 .09104
27 0 .10243
28 0 .22986
29 0 .10429
30 0 .08951
31 0 .1526
32 0 .00009
33 0 .06808
34 0 .03354
35 0 .0132
36 0 .00503
37 0 .00356
38 0 .00466
39 0 .00191
40 0 .00109
41 0 .00044
42 0 .00021
43 0 .00011
44 0 .00006
45 0 .00003
46 0 .00001
47 0 .00001
48 0 0
49 0 0
50 0 0
51 0 0
100 0 0
*parity 1 married
birth 1 F married 1
14 0 0
15 0 0
16 0 .00001
17 0 .00005
18 0 .02737
19 0 .01317
20 0 .01495
21 0 .01577
22 0 .01889
23 0 .01694
24 0 .0216
25 0 .01962
26 0 .02016
27 0 .01778
28 0 .02045
29 0 .01752
30 0 .01519
31 0 .01559
32 0 .01444
33 0 .01221
34 0 .00898
35 0 .00883
36 0 .00936
37 0 .00724
38 0 .00602
39 0 .00468
40 0 .00304
41 0 .00175
42 0 .00117
43 0 .00077
44 0 .00058
45 0 .00026
46 0 .00014
47 0 .00006
48 0 .00003
49 0 .00001
50 0 0
51 0 0
100 0 0
*parity 1 single
birth 1 F single 1
14 0 0
15 0 0
16 0 .00004
17 0 .02463
18 0 .03232
19 0 .02156
20 0 .02388
21 0 .02437
22 0 .02326
23 0 .02459
24 0 .02416
25 0 .02672
26 0 .02402
27 0 .02834
28 0 .03039
29 0 .02635
30 0 .02247
31 0 .01919
32 0 .02238
33 0 .01958
34 0 .0169
35 0 .0173
36 0 .01775
37 0 .01564
38 0 .01442
39 0 .01005
40 0 .008
41 0 .0044
42 0 .00482
43 0 .00274
44 0 .00149
45 0 .00111
46 0 .0004
47 0 .00021
48 0 .00016
49 0 .00006
50 0 .00001
51 0 0
100 0 0
*parity 1 widowed
birth 1 F widowed 1
14 0 0
15 0 0
16 0 0
17 0 .00001
18 0 .01362
19 0 .01376
20 0 .01078
21 0 .01113
22 0 .0119
23 0 .00727
24 0 .00775
25 0 .00904
26 0 .00706
27 0 .00533
28 0 .00508
29 0 .00544
30 0 .00449
31 0 .00398
32 0 .0028
33 0 .00237
34 0 .0017
35 0 .00137
36 0 .00108
37 0 .00104
38 0 .00084
39 0 .00055
40 0 .00046
41 0 .00023
42 0 .00013
43 0 .0001
44 0 .00006
45 0 .00003
46 0 .00002
47 0 .00001
48 0 0
49 0 0
50 0 0
51 0 0
100 0 0
*parity 1 divorced
birth 1 F divorced 1
14 0 0
15 0 0
16 0 0
17 0 .00001
18 0 .01362
19 0 .01376
20 0 .01078
21 0 .01113
22 0 .0119
23 0 .00727
24 0 .00775
25 0 .00904
26 0 .00706
27 0 .00533
28 0 .00508
29 0 .00544
30 0 .00449
31 0 .00398
32 0 .0028
33 0 .00237
34 0 .0017
35 0 .00137
36 0 .00108
37 0 .00104
38 0 .00084
39 0 .00055
40 0 .00046
41 0 .00023
42 0 .00013
43 0 .0001
44 0 .00006
45 0 .00003
46 0 .00002
47 0 .00001
48 0 0
49 0 0
50 0 0
51 0 0
100 0 0
*parity 2 married
birth 1 F married 2
14 0 0
15 0 0
16 0 0
17 0 0
18 0 .00002
19 0 .02524
20 0 .01903
21 0 .01748
22 0 .01436
23 0 .01171
24 0 .01458
25 0 .00999
26 0 .01046
27 0 .01065
28 0 .00928
29 0 .00807
30 0 .0085
31 0 .00717
32 0 .00643
33 0 .0069
34 0 .00552
35 0 .00559
36 0 .00482
37 0 .00388
38 0 .00279
39 0 .00219
40 0 .00181
41 0 .00135
42 0 .00095
43 0 .0007
44 0 .00044
45 0 .00031
46 0 .00018
47 0 .00011
48 0 .00006
49 0 .00003
50 0 .00001
51 0 .00001
100 0 0
*parity 2 single
birth 1 F single 2
14 0 0
15 0 0
16 0 0
17 0 .01686
18 0 .00651
19 0 .01346
20 0 .01437
21 0 .01346
22 0 .01475
23 0 .01462
24 0 .01241
25 0 .01133
26 0 .011
27 0 .01077
28 0 .00973
29 0 .0094
30 0 .00924
31 0 .00802
32 0 .00754
33 0 .00669
34 0 .00632
35 0 .00588
36 0 .00525
37 0 .00459
38 0 .00436
39 0 .00358
40 0 .00306
41 0 .0027
42 0 .00212
43 0 .00163
44 0 .00129
45 0 .00086
46 0 .0005
47 0 .00033
48 0 .00016
49 0 .00009
50 0 .00003
51 0 .00002
100 0 0
*parity 2 widowed
birth 1 F widowed 2
14 0 0
15 0 0
16 0 0
17 0 0
18 0 0
19 0 .00001
20 0 .00805
21 0 .01913
22 0 .00667
23 0 .0072
24 0 .0054
25 0 .00434
26 0 .00397
27 0 .00307
28 0 .00314
29 0 .00269
30 0 .00212
31 0 .00196
32 0 .00173
33 0 .0014
34 0 .00125
35 0 .00097
36 0 .00079
37 0 .00062
38 0 .0005
39 0 .00044
40 0 .00033
41 0 .00022
42 0 .00017
43 0 .00011
44 0 .00007
45 0 .00004
46 0 .00002
47 0 .00001
48 0 .00001
49 0 0
50 0 0
51 0 0
100 0 0
*parity 2 divorced
birth 1 F divorced 2
14 0 0
15 0 0
16 0 0
17 0 0
18 0 0
19 0 .00001
20 0 .00805
21 0 .01913
22 0 .00667
23 0 .0072
24 0 .0054
25 0 .00434
26 0 .00397
27 0 .00307
28 0 .00314
29 0 .00269
30 0 .00212
31 0 .00196
32 0 .00173
33 0 .0014
34 0 .00125
35 0 .00097
36 0 .00079
37 0 .00062
38 0 .0005
39 0 .00044
40 0 .00033
41 0 .00022
42 0 .00017
43 0 .00011
44 0 .00007
45 0 .00004
46 0 .00002
47 0 .00001
48 0 .00001
49 0 0
50 0 0
51 0 0
100 0 0
