*parity 0 married
birth 1 F married 0
14 0 0
15 0 .00008
16 0 .00032
17 0 .03908
18 0 .04267
19 0 .03481
20 0 .0463
21 0 .03781
22 0 .03583
23 0 .02969
24 0 .02462
25 0 .02739
26 0 .02216
27 0 .01708
28 0 .01368
29 0 .01494
30 0 .01158
31 0 .00894
32 0 .00721
33 0 .00609
34 0 .00456
35 0 .00315
36 0 .00209
37 0 .00123
38 0 .00078
39 0 .00051
40 0 .00037
41 0 .00024
42 0 .00015
43 0 .00009
44 0 .00005
45 0 .00003
46 0 .00002
47 0 .00001
48 0 0
49 0 0
50 0 0
51 0 0
100 0 0
*parity 0 single
birth 1 F single 0
14 0 0
15 0 .00016
16 0 .00066
17 0 .00128
18 0 .00215
19 0 .00304
20 0 .0037
21 0 .00403
22 0 .00408
23 0 .00408
24 0 .00403
25 0 .00402
26 0 .00412
27 0 .00411
28 0 .00389
29 0 .00375
30 0 .00331
31 0 .00314
32 0 .00272
33 0 .00221
34 0 .00187
35 0 .00157
36 0 .0014
37 0 .00131
38 0 .00114
39 0 .00089
40 0 .00073
41 0 .00054
42 0 .0004
43 0 .0003
44 0 .00021
45 0 .00013
46 0 .00008
47 0 .00005
48 0 .00002
49 0 .00001
50 0 0
51 0 0
100 0 0
*parity 0 widowed
birth 1 F widowed 0
14 0 0
15 0 .00001
16 0 .00006
17 0 .00011
18 0 .20659
19 0 .59778
20 0 .6598
21 0 .69069
22 0 .00028
23 0 .00026
24 0 .00024
25 0 .54045
26 0 .17005
27 0 .14664
28 0 .04967
29 0 .11189
30 0 .02176
31 0 .02478
32 0 .01554
33 0 .00896
34 0 .00763
35 0 .00594
36 0 .00775
37 0 .00273
38 0 .00118
39 0 .00076
40 0 .00048
41 0 .00022
42 0 .00015
43 0 .00011
44 0 .00006
45 0 .00003
46 0 .00001
47 0 .00001
48 0 0
49 0 0
50 0 0
51 0 0
100 0 0
*parity 0 divorced
birth 1 F divorced 0
14 0 0
15 0 .00001
16 0 .00006
17 0 .00011
18 0 .20659
19 0 .59778
20 0 .6598
21 0 .69069
22 0 .00028
23 0 .00026
24 0 .00024
25 0 .54045
26 0 .17005
27 0 .14664
28 0 .04967
29 0 .11189
30 0 .02176
31 0 .02478
32 0 .01554
33 0 .00896
34 0 .00763
35 0 .00594
36 0 .00775
37 0 .00273
38 0 .00118
39 0 .00076
40 0 .00048
41 0 .00022
42 0 .00015
43 0 .00011
44 0 .00006
45 0 .00003
46 0 .00001
47 0 .00001
48 0 0
49 0 0
50 0 0
51 0 0
100 0 0
*parity 1 married
birth 1 F married 1
14 0 0
15 0 0
16 0 .00002
17 0 .15048
18 0 .02555
19 0 .01987
20 0 .01663
21 0 .02219
22 0 .02108
23 0 .02156
24 0 .02418
25 0 .02779
26 0 .02227
27 0 .02257
28 0 .02778
29 0 .0244
30 0 .02606
31 0 .02044
32 0 .0194
33 0 .02116
34 0 .01428
35 0 .01103
36 0 .01475
37 0 .00754
38 0 .00461
39 0 .00355
40 0 .00251
41 0 .00162
42 0 .00112
43 0 .00072
44 0 .00047
45 0 .00025
46 0 .00015
47 0 .00005
48 0 .00002
49 0 .00001
50 0 0
51 0 0
100 0 0
*parity 1 single
birth 1 F single 1
14 0 0
15 0 0
16 0 .03931
17 0 .01909
18 0 .01809
19 0 .0285
20 0 .02694
21 0 .02341
22 0 .02235
23 0 .02291
24 0 .02614
25 0 .0269
26 0 .02745
27 0 .0237
28 0 .02272
29 0 .02507
30 0 .02527
31 0 .02404
32 0 .0198
33 0 .02374
34 0 .02179
35 0 .0184
36 0 .01617
37 0 .01996
38 0 .0146
39 0 .01458
40 0 .00668
41 0 .01051
42 0 .00577
43 0 .0034
44 0 .00318
45 0 .00157
46 0 .00105
47 0 .00041
48 0 .00013
49 0 .00006
50 0 .00002
51 0 .00001
100 0 0
*parity 1 widowed
birth 1 F widowed 1
14 0 0
15 0 0
16 0 0
17 0 .00001
18 0 .00003
19 0 .14882
20 0 .04558
21 0 .02288
22 0 .03337
23 0 .03363
24 0 .02755
25 0 .03935
26 0 .02776
27 0 .0165
28 0 .01142
29 0 .05286
30 0 .05952
31 0 .04854
32 0 .05138
33 0 .06572
34 0 .02463
35 0 .0093
36 0 .00745
37 0 .00359
38 0 .00312
39 0 .00268
40 0 .00251
41 0 .00122
42 0 .0006
43 0 .00053
44 0 .00024
45 0 .00016
46 0 .00009
47 0 .00002
48 0 .00001
49 0 0
50 0 0
51 0 0
100 0 0
*parity 1 divorced
birth 1 F divorced 1
14 0 0
15 0 0
16 0 0
17 0 .00001
18 0 .00003
19 0 .14882
20 0 .04558
21 0 .02288
22 0 .03337
23 0 .03363
24 0 .02755
25 0 .03935
26 0 .02776
27 0 .0165
28 0 .01142
29 0 .05286
30 0 .05952
31 0 .04854
32 0 .05138
33 0 .06572
34 0 .02463
35 0 .0093
36 0 .00745
37 0 .00359
38 0 .00312
39 0 .00268
40 0 .00251
41 0 .00122
42 0 .0006
43 0 .00053
44 0 .00024
45 0 .00016
46 0 .00009
47 0 .00002
48 0 .00001
49 0 0
50 0 0
51 0 0
100 0 0
*parity 2 married
birth 1 F married 2
14 0 0
15 0 0
16 0 0
17 0 .00001
18 0 .02448
19 0 .01251
20 0 .01849
21 0 .01287
22 0 .01675
23 0 .01145
24 0 .01153
25 0 .00966
26 0 .00952
27 0 .01085
28 0 .00905
29 0 .00799
30 0 .00819
31 0 .00664
32 0 .00656
33 0 .00571
34 0 .00524
35 0 .0051
36 0 .00349
37 0 .00257
38 0 .00245
39 0 .00192
40 0 .00152
41 0 .00113
42 0 .00087
43 0 .00056
44 0 .0004
45 0 .00025
46 0 .00015
47 0 .00008
48 0 .00005
49 0 .00002
50 0 .00001
51 0 0
100 0 0
*parity 2 single
birth 1 F single 2
14 0 0
15 0 0
16 0 0
17 0 .00001
18 0 .02484
19 0 .03386
20 0 .01556
21 0 .02146
22 0 .0167
23 0 .01836
24 0 .01564
25 0 .0133
26 0 .01197
27 0 .01155
28 0 .01346
29 0 .01068
30 0 .01109
31 0 .00964
32 0 .00881
33 0 .00831
34 0 .00768
35 0 .0069
36 0 .00685
37 0 .00656
38 0 .00585
39 0 .00577
40 0 .00524
41 0 .00425
42 0 .00363
43 0 .00251
44 0 .00204
45 0 .00144
46 0 .00105
47 0 .00065
48 0 .00037
49 0 .00015
50 0 .00006
51 0 .00003
100 0 0
*parity 2 widowed
birth 1 F widowed 2
14 0 0
15 0 0
16 0 0
17 0 0
18 0 0
19 0 .00001
20 0 .05743
21 0 .02704
22 0 .05711
23 0 .05701
24 0 .02062
25 0 .01341
26 0 .0164
27 0 .01305
28 0 .01139
29 0 .00698
30 0 .00504
31 0 .0054
32 0 .00495
33 0 .00331
34 0 .003
35 0 .00265
36 0 .00194
37 0 .00218
38 0 .00158
39 0 .0013
40 0 .00084
41 0 .00066
42 0 .00039
43 0 .00033
44 0 .00017
45 0 .00012
46 0 .00007
47 0 .00004
48 0 .00002
49 0 .00001
50 0 0
51 0 0
100 0 0
*parity 2 divorced
birth 1 F divorced 2
14 0 0
15 0 0
16 0 0
17 0 0
18 0 0
19 0 .00001
20 0 .05743
21 0 .02704
22 0 .05711
23 0 .05701
24 0 .02062
25 0 .01341
26 0 .0164
27 0 .01305
28 0 .01139
29 0 .00698
30 0 .00504
31 0 .0054
32 0 .00495
33 0 .00331
34 0 .003
35 0 .00265
36 0 .00194
37 0 .00218
38 0 .00158
39 0 .0013
40 0 .00084
41 0 .00066
42 0 .00039
43 0 .00033
44 0 .00017
45 0 .00012
46 0 .00007
47 0 .00004
48 0 .00002
49 0 .00001
50 0 0
51 0 0
100 0 0
