*parity 0 married
birth 1 F married 0
14 0 0
15 0 .00022
16 0 .00097
17 0 .04222
18 0 .03582
19 0 .0389
20 0 .05067
21 0 .05401
22 0 .05253
23 0 .0563
24 0 .05352
25 0 .04489
26 0 .06072
27 0 .0552
28 0 .06392
29 0 .05266
30 0 .04651
31 0 .02743
32 0 .02142
33 0 .01834
34 0 .01822
35 0 .02081
36 0 .01613
37 0 .01178
38 0 .01168
39 0 .01135
40 0 .00649
41 0 .00372
42 0 .00235
43 0 .00096
44 0 .00042
45 0 .0003
46 0 .00022
47 0 .00012
48 0 .00003
49 0 .00001
50 0 0
51 0 0
100 0 0
*parity 0 single
birth 1 F single 0
14 0 0
15 0 .00001
16 0 .00003
17 0 .00007
18 0 .00014
19 0 .00023
20 0 .00031
21 0 .00037
22 0 .00039
23 0 .00039
24 0 .0004
25 0 .00037
26 0 .00031
27 0 .00033
28 0 .00035
29 0 .00034
30 0 .00036
31 0 .00035
32 0 .00035
33 0 .00031
34 0 .00027
35 0 .00023
36 0 .00018
37 0 .00016
38 0 .00013
39 0 .00014
40 0 .0002
41 0 .00012
42 0 .00008
43 0 .00004
44 0 .00003
45 0 .00002
46 0 .00002
47 0 .00001
48 0 0
49 0 0
50 0 0
51 0 0
100 0 0
*parity 0 widowed
birth 1 F widowed 0
14 0 0
15 0 .00001
16 0 .00004
17 0 .13476
18 0 .04887
19 0 .00024
20 0 .14179
21 0 .0003
22 0 .00029
23 0 .00026
24 0 .00023
25 0 .13739
26 0 .00017
27 0 .18825
28 0 .15651
29 0 .06332
30 0 .00009
31 0 .04138
32 0 .0206
33 0 .02139
34 0 .04303
35 0 .01213
36 0 .00003
37 0 .01159
38 0 .01787
39 0 .0139
40 0 .00482
41 0 .00683
42 0 .00051
43 0 .00027
44 0 .0001
45 0 .00004
46 0 .00004
47 0 .00002
48 0 0
49 0 0
50 0 0
51 0 0
100 0 0
*parity 0 divorced
birth 1 F divorced 0
14 0 0
15 0 .00001
16 0 .00004
17 0 .13476
18 0 .04887
19 0 .00024
20 0 .14179
21 0 .0003
22 0 .00029
23 0 .00026
24 0 .00023
25 0 .13739
26 0 .00017
27 0 .18825
28 0 .15651
29 0 .06332
30 0 .00009
31 0 .04138
32 0 .0206
33 0 .02139
34 0 .04303
35 0 .01213
36 0 .00003
37 0 .01159
38 0 .01787
39 0 .0139
40 0 .00482
41 0 .00683
42 0 .00051
43 0 .00027
44 0 .0001
45 0 .00004
46 0 .00004
47 0 .00002
48 0 0
49 0 0
50 0 0
51 0 0
100 0 0
*parity 1 married
birth 1 F married 1
14 0 0
15 0 0
16 0 .00007
17 0 .00026
18 0 .06668
19 0 .0624
20 0 .04487
21 0 .03471
22 0 .03203
23 0 .0343
24 0 .03152
25 0 .02944
26 0 .03121
27 0 .0267
28 0 .02739
29 0 .02435
30 0 .02619
31 0 .0262
32 0 .02989
33 0 .01997
34 0 .03605
35 0 .03461
36 0 .0274
37 0 .053
38 0 .05885
39 0 .02934
40 0 .01215
41 0 .00879
42 0 .01047
43 0 .01582
44 0 .01448
45 0 .01524
46 0 .00348
47 0 .00001
48 0 0
49 0 .00079
50 0 .00009
51 0 .0002
100 0 0
*parity 1 single
birth 1 F single 1
14 0 0
15 0 0
16 0 0
17 0 .0129
18 0 .0376
19 0 .08072
20 0 .032
21 0 .08692
22 0 .20398
23 0 .23436
24 0 .23316
25 0 .10595
26 0 .10714
27 0 .08501
28 0 .15083
29 0 .03231
30 0 .10859
31 0 .03071
32 0 .00007
33 0 .00006
34 0 .0263
35 0 .00004
36 0 .04999
37 0 .00003
38 0 .00002
39 0 .00002
40 0 .00001
41 0 .00001
42 0 .00001
43 0 .00315
44 0 0
45 0 .00051
46 0 0
47 0 0
48 0 .00009
49 0 .00003
50 0 0
51 0 .00001
100 0 0
*parity 1 widowed
birth 1 F widowed 1
14 0 0
15 0 0
16 0 0
17 0 .00001
18 0 .04956
19 0 .10641
20 0 .02109
21 0 .02864
22 0 .03841
23 0 .05149
24 0 .03073
25 0 .01643
26 0 .01345
27 0 .0083
28 0 .0284
29 0 .01549
30 0 .02045
31 0 .0081
32 0 .00784
33 0 .01125
34 0 .00533
35 0 .00422
36 0 .00941
37 0 .01236
38 0 .00944
39 0 .00727
40 0 .00248
41 0 .00346
42 0 .00172
43 0 0
44 0 .00084
45 0 0
46 0 0
47 0 .00016
48 0 .00012
49 0 .00001
50 0 0
51 0 .00001
100 0 0
*parity 1 divorced
birth 1 F divorced 1
14 0 0
15 0 0
16 0 0
17 0 .00001
18 0 .04956
19 0 .10641
20 0 .02109
21 0 .02864
22 0 .03841
23 0 .05149
24 0 .03073
25 0 .01643
26 0 .01345
27 0 .0083
28 0 .0284
29 0 .01549
30 0 .02045
31 0 .0081
32 0 .00784
33 0 .01125
34 0 .00533
35 0 .00422
36 0 .00941
37 0 .01236
38 0 .00944
39 0 .00727
40 0 .00248
41 0 .00346
42 0 .00172
43 0 0
44 0 .00084
45 0 0
46 0 0
47 0 .00016
48 0 .00012
49 0 .00001
50 0 0
51 0 .00001
100 0 0
*parity 2 married
birth 1 F married 2
14 0 0
15 0 0
16 0 .00001
17 0 .00002
18 0 .00523
19 0 .00575
20 0 .00911
21 0 .01198
22 0 .01591
23 0 .01516
24 0 .01572
25 0 .01719
26 0 .01689
27 0 .01483
28 0 .01211
29 0 .01222
30 0 .01078
31 0 .00997
32 0 .00917
33 0 .00837
34 0 .00778
35 0 .00705
36 0 .00657
37 0 .00576
38 0 .00542
39 0 .00456
40 0 .00389
41 0 .00331
42 0 .00242
43 0 .00196
44 0 .00149
45 0 .00102
46 0 .00057
47 0 .00037
48 0 .00021
49 0 .00011
50 0 .00005
51 0 .00002
100 0 0
*parity 2 single
birth 1 F single 2
14 0 0
15 0 0
16 0 0
17 0 0
18 0 0
19 0 .00001
20 0 .03929
21 0 .03697
22 0 .01629
23 0 .02799
24 0 .02091
25 0 .0329
26 0 .02115
27 0 .02293
28 0 .05141
29 0 .025
30 0 .02981
31 0 .03743
32 0 .03251
33 0 .03352
34 0 .02275
35 0 .02916
36 0 .03684
37 0 .04704
38 0 .01775
39 0 .01564
40 0 .043
41 0 .03353
42 0 .02564
43 0 .01216
44 0 .00003
45 0 .0058
46 0 .00316
47 0 .00608
48 0 .00308
49 0 .00136
50 0 .00028
51 0 .00005
100 0 0
*parity 2 widowed
birth 1 F widowed 2
14 0 0
15 0 0
16 0 0
17 0 0
18 0 0
19 0 .00771
20 0 .00863
21 0 .00812
22 0 .00683
23 0 .00671
24 0 .00725
25 0 .0074
26 0 .00771
27 0 .00545
28 0 .00446
29 0 .00336
30 0 .00286
31 0 .00264
32 0 .00198
33 0 .00208
34 0 .00148
35 0 .0013
36 0 .00118
37 0 .001
38 0 .00074
39 0 .00066
40 0 .00056
41 0 .00035
42 0 .00031
43 0 .0002
44 0 .00015
45 0 .00009
46 0 .00005
47 0 .00003
48 0 .00002
49 0 .00001
50 0 0
51 0 0
100 0 0
*parity 2 divorced
birth 1 F divorced 2
14 0 0
15 0 0
16 0 0
17 0 0
18 0 0
19 0 .00771
20 0 .00863
21 0 .00812
22 0 .00683
23 0 .00671
24 0 .00725
25 0 .0074
26 0 .00771
27 0 .00545
28 0 .00446
29 0 .00336
30 0 .00286
31 0 .00264
32 0 .00198
33 0 .00208
34 0 .00148
35 0 .0013
36 0 .00118
37 0 .001
38 0 .00074
39 0 .00066
40 0 .00056
41 0 .00035
42 0 .00031
43 0 .0002
44 0 .00015
45 0 .00009
46 0 .00005
47 0 .00003
48 0 .00002
49 0 .00001
50 0 0
51 0 0
100 0 0
