*parity 0 married
birth 1 F married 0
14 0 0
15 0 .00154
16 0 .00144
17 0 .04828
18 0 .03481
19 0 .04607
20 0 .05879
21 0 .07335
22 0 .06914
23 0 .08769
24 0 .05073
25 0 .06879
26 0 .04627
27 0 .02152
28 0 .00974
29 0 .00064
30 0 0
31 0 .00289
32 0 .00922
33 0 .09725
34 0 .05326
35 0 .06182
36 0 .10308
37 0 .62835
38 0 .0015
39 0 .00159
40 0 .00165
41 0 .00167
42 0 .78084
43 0 .00169
44 0 .00169
45 0 .00168
46 0 .00168
47 0 .00168
48 0 .63053
49 0 .21865
50 0 .22824
51 0 .09188
100 0 0
*parity 0 single
birth 1 F single 0
14 0 0
15 0 .00006
16 0 .00006
17 0 .00009
18 0 .00017
19 0 .00034
20 0 .00052
21 0 .00071
22 0 .00096
23 0 .00116
24 0 .00165
25 0 .00165
26 0 .00122
27 0 .00102
28 0 .00053
29 0 .00003
30 0 0
31 0 .00036
32 0 .00099
33 0 .00571
34 0 .00626
35 0 .00565
36 0 .00005
37 0 .0123
38 0 .00006
39 0 .02591
40 0 .00006
41 0 .00007
42 0 .00007
43 0 .00007
44 0 .03392
45 0 .00007
46 0 .00007
47 0 .02259
48 0 .00617
49 0 .00489
50 0 .01788
51 0 .00007
100 0 0
*parity 0 widowed
birth 1 F widowed 0
14 0 0
15 0 .00009
16 0 .00009
17 0 .00013
18 0 .10076
19 0 .10575
20 0 .20781
21 0 .06322
22 0 .21069
23 0 .11579
24 0 .19479
25 0 .14673
26 0 .00014
27 0 .00743
28 0 .00332
29 0 .00116
30 0 0
31 0 .00048
32 0 .00412
33 0 .00889
34 0 .00005
35 0 .02637
36 0 .02199
37 0 .00008
38 0 .01433
39 0 .0001
40 0 .0001
41 0 .0001
42 0 .0001
43 0 .0001
44 0 .0001
45 0 .01805
46 0 .02148
47 0 .01757
48 0 .03843
49 0 .02665
50 0 .00927
51 0 .0224
100 0 0
*parity 0 divorced
birth 1 F divorced 0
14 0 0
15 0 .00009
16 0 .00009
17 0 .00013
18 0 .10076
19 0 .10575
20 0 .20781
21 0 .06322
22 0 .21069
23 0 .11579
24 0 .19479
25 0 .14673
26 0 .00014
27 0 .00743
28 0 .00332
29 0 .00116
30 0 0
31 0 .00048
32 0 .00412
33 0 .00889
34 0 .00005
35 0 .02637
36 0 .02199
37 0 .00008
38 0 .01433
39 0 .0001
40 0 .0001
41 0 .0001
42 0 .0001
43 0 .0001
44 0 .0001
45 0 .01805
46 0 .02148
47 0 .01757
48 0 .03843
49 0 .02665
50 0 .00927
51 0 .0224
100 0 0
*parity 1 married
birth 1 F married 1
14 0 0
15 0 .00168
16 0 .00172
17 0 .46264
18 0 .17973
19 0 .08384
20 0 .06711
21 0 .06409
22 0 .05951
23 0 .05314
24 0 .05515
25 0 .04567
26 0 .03013
27 0 .02974
28 0 .02461
29 0 .02123
30 0 .0171
31 0 .01768
32 0 .01485
33 0 .00932
34 0 .01121
35 0 .01997
36 0 .0229
37 0 .07339
38 0 .06715
39 0 .04308
40 0 .05023
41 0 .08265
42 0 .04688
43 0 .09315
44 0 .0795
45 0 .11935
46 0 .06439
47 0 .07239
48 0 .06315
49 0 .06246
50 0 .02853
51 0 .01935
100 0 0
*parity 1 single
birth 1 F single 1
14 0 0
15 0 .00007
16 0 .00007
17 0 .00302
18 0 .0011
19 0 .00112
20 0 .00143
21 0 .00131
22 0 .00118
23 0 .00118
24 0 .00124
25 0 .00141
26 0 .00155
27 0 .00159
28 0 .00155
29 0 .00139
30 0 .00099
31 0 .00168
32 0 .0009
33 0 .00084
34 0 .00154
35 0 .00257
36 0 .00329
37 0 .00647
38 0 .00482
39 0 .0135
40 0 .01476
41 0 .00007
42 0 .00624
43 0 .01094
44 0 .00685
45 0 .01169
46 0 .00007
47 0 .00378
48 0 .00275
49 0 .00149
50 0 .00223
51 0 .0048
100 0 0
*parity 1 widowed
birth 1 F widowed 1
14 0 0
15 0 .0001
16 0 .0001
17 0 .00011
18 0 .00015
19 0 .04982
20 0 .27405
21 0 .11067
22 0 .12451
23 0 .06046
24 0 .0484
25 0 .05706
26 0 .02965
27 0 .02973
28 0 .01316
29 0 .02005
30 0 .0073
31 0 .00523
32 0 .0067
33 0 .0029
34 0 .00478
35 0 .00933
36 0 .00768
37 0 .02013
38 0 .01125
39 0 .007
40 0 .00656
41 0 .00882
42 0 .00971
43 0 .00568
44 0 .01066
45 0 .00606
46 0 .0036
47 0 .01177
48 0 .00641
49 0 .00761
50 0 .00397
51 0 .00373
100 0 0
*parity 1 divorced
birth 1 F divorced 1
14 0 0
15 0 .0001
16 0 .0001
17 0 .00011
18 0 .00015
19 0 .04982
20 0 .27405
21 0 .11067
22 0 .12451
23 0 .06046
24 0 .0484
25 0 .05706
26 0 .02965
27 0 .02973
28 0 .01316
29 0 .02005
30 0 .0073
31 0 .00523
32 0 .0067
33 0 .0029
34 0 .00478
35 0 .00933
36 0 .00768
37 0 .02013
38 0 .01125
39 0 .007
40 0 .00656
41 0 .00882
42 0 .00971
43 0 .00568
44 0 .01066
45 0 .00606
46 0 .0036
47 0 .01177
48 0 .00641
49 0 .00761
50 0 .00397
51 0 .00373
100 0 0
*parity 2 married
birth 1 F married 2
14 0 0
15 0 .00168
16 0 .00168
17 0 .00171
18 0 .07059
19 0 .03404
20 0 .03745
21 0 .0451
22 0 .04413
23 0 .04348
24 0 .03461
25 0 .03129
26 0 .03494
27 0 .02807
28 0 .02564
29 0 .02376
30 0 .02325
31 0 .01856
32 0 .0188
33 0 .01599
34 0 .01597
35 0 .01438
36 0 .01427
37 0 .01267
38 0 .01141
39 0 .01046
40 0 .01007
41 0 .00841
42 0 .00717
43 0 .00633
44 0 .00545
45 0 .00442
46 0 .00379
47 0 .00366
48 0 .00455
49 0 .00471
50 0 .00362
51 0 .00308
100 0 0
*parity 2 single
birth 1 F single 2
14 0 0
15 0 .00007
16 0 .00007
17 0 .03282
18 0 .01382
19 0 .00508
20 0 .00374
21 0 .00417
22 0 .00324
23 0 .00231
24 0 .00262
25 0 .00227
26 0 .00203
27 0 .0022
28 0 .00206
29 0 .00236
30 0 .00196
31 0 .00213
32 0 .00178
33 0 .00222
34 0 .00237
35 0 .00287
36 0 .00203
37 0 .00238
38 0 .00296
39 0 .00307
40 0 .00253
41 0 .00196
42 0 .0016
43 0 .0011
44 0 .00067
45 0 .00109
46 0 .00119
47 0 .00045
48 0 .00022
49 0 .00023
50 0 .00049
51 0 .00112
100 0 0
*parity 2 widowed
birth 1 F widowed 2
14 0 0
15 0 .0001
16 0 .0001
17 0 .0001
18 0 .10755
19 0 .00013
20 0 .16892
21 0 .05841
22 0 .04034
23 0 .03098
24 0 .03891
25 0 .02513
26 0 .02403
27 0 .01664
28 0 .01821
29 0 .01041
30 0 .01099
31 0 .01012
32 0 .00852
33 0 .00844
34 0 .00525
35 0 .004
36 0 .0043
37 0 .0029
38 0 .0031
39 0 .00305
40 0 .00238
41 0 .00187
42 0 .00182
43 0 .00125
44 0 .00151
45 0 .00081
46 0 .00062
47 0 .00072
48 0 .00077
49 0 .00056
50 0 .00043
51 0 .00044
100 0 0
*parity 2 divorced
birth 1 F divorced 2
14 0 0
15 0 .0001
16 0 .0001
17 0 .0001
18 0 .10755
19 0 .00013
20 0 .16892
21 0 .05841
22 0 .04034
23 0 .03098
24 0 .03891
25 0 .02513
26 0 .02403
27 0 .01664
28 0 .01821
29 0 .01041
30 0 .01099
31 0 .01012
32 0 .00852
33 0 .00844
34 0 .00525
35 0 .004
36 0 .0043
37 0 .0029
38 0 .0031
39 0 .00305
40 0 .00238
41 0 .00187
42 0 .00182
43 0 .00125
44 0 .00151
45 0 .00081
46 0 .00062
47 0 .00072
48 0 .00077
49 0 .00056
50 0 .00043
51 0 .00044
100 0 0
