*parity 0 married
birth 1 F married 0
14 0 0
15 0 .00017
16 0 .00089
17 0 .05836
18 0 .04807
19 0 .06882
20 0 .10195
21 0 .1409
22 0 .12964
23 0 .11766
24 0 .12465
25 0 .10149
26 0 .0744
27 0 .0501
28 0 .0414
29 0 .07143
30 0 .03723
31 0 .02302
32 0 .01742
33 0 .01681
34 0 .0735
35 0 .03075
36 0 .01314
37 0 .01294
38 0 .01234
39 0 .12968
40 0 .09243
41 0 .00907
42 0 .00518
43 0 .00679
44 0 .00224
45 0 .00258
46 0 .00058
47 0 .0004
48 0 .00009
49 0 .00003
50 0 .00001
51 0 0
100 0 0
*parity 0 single
birth 1 F single 0
14 0 0
15 0 0
16 0 0
17 0 0
18 0 .00001
19 0 .00002
20 0 .00002
21 0 .00003
22 0 .00003
23 0 .00003
24 0 .00003
25 0 .00003
26 0 .00003
27 0 .00003
28 0 .00004
29 0 .00004
30 0 .00004
31 0 .00007
32 0 .00005
33 0 .00011
34 0 .00007
35 0 .00008
36 0 .00009
37 0 0
38 0 .0003
39 0 .00005
40 0 0
41 0 0
42 0 .00004
43 0 0
44 0 0
45 0 0
46 0 .00001
47 0 0
48 0 0
49 0 0
50 0 0
51 0 0
100 0 0
*parity 0 widowed
birth 1 F widowed 0
14 0 0
15 0 0
16 0 .00001
17 0 .00002
18 0 .00004
19 0 .04365
20 0 .01764
21 0 .00008
22 0 .02492
23 0 .01103
24 0 .00006
25 0 .03219
26 0 .0118
27 0 .00546
28 0 .00192
29 0 .00206
30 0 .00197
31 0 .00001
32 0 .00151
33 0 .00053
34 0 .00141
35 0 .00089
36 0 .00054
37 0 .00174
38 0 0
39 0 .00042
40 0 .0003
41 0 .00061
42 0 0
43 0 .00026
44 0 .00017
45 0 .00004
46 0 .00003
47 0 .00001
48 0 0
49 0 0
50 0 0
51 0 0
100 0 0
*parity 0 divorced
birth 1 F divorced 0
14 0 0
15 0 0
16 0 .00001
17 0 .00002
18 0 .00004
19 0 .04365
20 0 .01764
21 0 .00008
22 0 .02492
23 0 .01103
24 0 .00006
25 0 .03219
26 0 .0118
27 0 .00546
28 0 .00192
29 0 .00206
30 0 .00197
31 0 .00001
32 0 .00151
33 0 .00053
34 0 .00141
35 0 .00089
36 0 .00054
37 0 .00174
38 0 0
39 0 .00042
40 0 .0003
41 0 .00061
42 0 0
43 0 .00026
44 0 .00017
45 0 .00004
46 0 .00003
47 0 .00001
48 0 0
49 0 0
50 0 0
51 0 0
100 0 0
*parity 1 married
birth 1 F married 1
14 0 0
15 0 0
16 0 .00008
17 0 .00032
18 0 .0394
19 0 .03175
20 0 .03484
21 0 .03451
22 0 .05002
23 0 .06598
24 0 .05619
25 0 .07612
26 0 .07733
27 0 .04192
28 0 .02577
29 0 .01874
30 0 .01749
31 0 .0186
32 0 .01317
33 0 .01051
34 0 .01108
35 0 .00776
36 0 .00728
37 0 .00692
38 0 .00562
39 0 .00597
40 0 .00338
41 0 .0027
42 0 .00233
43 0 .00136
44 0 .00093
45 0 .00047
46 0 .00021
47 0 .00011
48 0 .00004
49 0 .00001
50 0 0
51 0 0
100 0 0
*parity 1 single
birth 1 F single 1
14 0 0
15 0 0
16 0 0
17 0 0
18 0 0
19 0 0
20 0 .00479
21 0 .00228
22 0 .00039
23 0 .00038
24 0 .0002
25 0 .0001
26 0 .00007
27 0 .00007
28 0 .00006
29 0 .00006
30 0 .00008
31 0 .00005
32 0 .00006
33 0 .00006
34 0 .00005
35 0 .00006
36 0 .00008
37 0 .00011
38 0 .00007
39 0 .00045
40 0 .0001
41 0 .00003
42 0 .00013
43 0 .00008
44 0 .00003
45 0 .00002
46 0 .00002
47 0 0
48 0 0
49 0 0
50 0 0
51 0 0
100 0 0
*parity 1 widowed
birth 1 F widowed 1
14 0 0
15 0 0
16 0 0
17 0 0
18 0 .00001
19 0 .00002
20 0 .01138
21 0 .00464
22 0 .00877
23 0 .00748
24 0 .00734
25 0 .00732
26 0 .00508
27 0 .0034
28 0 .00371
29 0 .01801
30 0 .00207
31 0 .00118
32 0 .00109
33 0 .00081
34 0 .00068
35 0 .0005
36 0 .00044
37 0 .00028
38 0 .00025
39 0 .00042
40 0 .00013
41 0 .00012
42 0 .00016
43 0 .00008
44 0 .00006
45 0 .00002
46 0 .00001
47 0 .00001
48 0 0
49 0 0
50 0 0
51 0 0
100 0 0
*parity 1 divorced
birth 1 F divorced 1
14 0 0
15 0 0
16 0 0
17 0 0
18 0 .00001
19 0 .00002
20 0 .01138
21 0 .00464
22 0 .00877
23 0 .00748
24 0 .00734
25 0 .00732
26 0 .00508
27 0 .0034
28 0 .00371
29 0 .01801
30 0 .00207
31 0 .00118
32 0 .00109
33 0 .00081
34 0 .00068
35 0 .0005
36 0 .00044
37 0 .00028
38 0 .00025
39 0 .00042
40 0 .00013
41 0 .00012
42 0 .00016
43 0 .00008
44 0 .00006
45 0 .00002
46 0 .00001
47 0 .00001
48 0 0
49 0 0
50 0 0
51 0 0
100 0 0
*parity 2 married
birth 1 F married 2
14 0 0
15 0 0
16 0 .00001
17 0 .00003
18 0 .00015
19 0 .03825
20 0 .02212
21 0 .02096
22 0 .01808
23 0 .01806
24 0 .02349
25 0 .02155
26 0 .019
27 0 .02198
28 0 .02095
29 0 .0191
30 0 .01766
31 0 .01527
32 0 .01431
33 0 .01272
34 0 .01155
35 0 .01073
36 0 .00992
37 0 .00847
38 0 .00816
39 0 .0064
40 0 .00636
41 0 .00451
42 0 .00357
43 0 .00264
44 0 .00203
45 0 .00127
46 0 .00084
47 0 .00052
48 0 .00027
49 0 .00016
50 0 .00007
51 0 .00003
100 0 0
*parity 2 single
birth 1 F single 2
14 0 0
15 0 0
16 0 0
17 0 0
18 0 0
19 0 0
20 0 0
21 0 0
22 0 .00001
23 0 .0065
24 0 .00274
25 0 .00102
26 0 .0008
27 0 .00032
28 0 .00022
29 0 .00018
30 0 .00016
31 0 .00016
32 0 .00016
33 0 .00016
34 0 .00012
35 0 .00015
36 0 .00015
37 0 .0002
38 0 .00014
39 0 .00014
40 0 .00013
41 0 .00011
42 0 .00017
43 0 .00007
44 0 .00004
45 0 .00007
46 0 .00002
47 0 .00002
48 0 .00002
49 0 0
50 0 0
51 0 0
100 0 0
*parity 2 widowed
birth 1 F widowed 2
14 0 0
15 0 0
16 0 0
17 0 0
18 0 0
19 0 0
20 0 .00765
21 0 .00766
22 0 .02207
23 0 .00005
24 0 .00558
25 0 .00811
26 0 .00621
27 0 .00426
28 0 .00341
29 0 .00302
30 0 .00246
31 0 .00187
32 0 .00184
33 0 .00138
34 0 .00106
35 0 .001
36 0 .00076
37 0 .00056
38 0 .00046
39 0 .00047
40 0 .00027
41 0 .00035
42 0 .00014
43 0 .00011
44 0 .00008
45 0 .00006
46 0 .00003
47 0 .00002
48 0 .00001
49 0 .00001
50 0 0
51 0 0
100 0 0
*parity 2 divorced
birth 1 F divorced 2
14 0 0
15 0 0
16 0 0
17 0 0
18 0 0
19 0 0
20 0 .00765
21 0 .00766
22 0 .02207
23 0 .00005
24 0 .00558
25 0 .00811
26 0 .00621
27 0 .00426
28 0 .00341
29 0 .00302
30 0 .00246
31 0 .00187
32 0 .00184
33 0 .00138
34 0 .00106
35 0 .001
36 0 .00076
37 0 .00056
38 0 .00046
39 0 .00047
40 0 .00027
41 0 .00035
42 0 .00014
43 0 .00011
44 0 .00008
45 0 .00006
46 0 .00003
47 0 .00002
48 0 .00001
49 0 .00001
50 0 0
51 0 0
100 0 0
