*parity 0 married
birth 1 F married 0
14 0 0
15 0 .00022
16 0 .00091
17 0 .05848
18 0 .04283
19 0 .04665
20 0 .0538
21 0 .0423
22 0 .03951
23 0 .03615
24 0 .02746
25 0 .03335
26 0 .02226
27 0 .02042
28 0 .01475
29 0 .01142
30 0 .00962
31 0 .00756
32 0 .00587
33 0 .00503
34 0 .00369
35 0 .003
36 0 .00252
37 0 .0018
38 0 .00161
39 0 .00108
40 0 .00074
41 0 .00052
42 0 .00041
43 0 .00024
44 0 .00015
45 0 .00009
46 0 .00005
47 0 .00003
48 0 .00001
49 0 0
50 0 0
51 0 0
100 0 0
*parity 0 single
birth 1 F single 0
14 0 0
15 0 .00003
16 0 .00011
17 0 .00022
18 0 .00038
19 0 .00057
20 0 .00068
21 0 .00078
22 0 .00078
23 0 .00078
24 0 .00082
25 0 .00079
26 0 .00086
27 0 .00087
28 0 .00086
29 0 .00102
30 0 .00107
31 0 .00103
32 0 .00123
33 0 .00081
34 0 .00098
35 0 .00099
36 0 .00111
37 0 .00103
38 0 .00083
39 0 .00077
40 0 .00077
41 0 .0006
42 0 .0004
43 0 .00039
44 0 .0003
45 0 .00017
46 0 .0001
47 0 .00011
48 0 .00003
49 0 .00002
50 0 0
51 0 0
100 0 0
*parity 0 widowed
birth 1 F widowed 0
14 0 0
15 0 .00001
16 0 .00004
17 0 .00009
18 0 .16201
19 0 .06875
20 0 .12686
21 0 .06545
22 0 .02188
23 0 .01611
24 0 .01064
25 0 .01835
26 0 .00943
27 0 .01032
28 0 .01074
29 0 .00576
30 0 .00257
31 0 .00206
32 0 .00112
33 0 .00137
34 0 .00101
35 0 .00055
36 0 .00041
37 0 .00024
38 0 .00018
39 0 .00013
40 0 .0001
41 0 .00005
42 0 .00003
43 0 .00003
44 0 .00001
45 0 .00001
46 0 0
47 0 0
48 0 0
49 0 0
50 0 0
51 0 0
100 0 0
*parity 0 divorced
birth 1 F divorced 0
14 0 0
15 0 .00001
16 0 .00004
17 0 .00009
18 0 .16201
19 0 .06875
20 0 .12686
21 0 .06545
22 0 .02188
23 0 .01611
24 0 .01064
25 0 .01835
26 0 .00943
27 0 .01032
28 0 .01074
29 0 .00576
30 0 .00257
31 0 .00206
32 0 .00112
33 0 .00137
34 0 .00101
35 0 .00055
36 0 .00041
37 0 .00024
38 0 .00018
39 0 .00013
40 0 .0001
41 0 .00005
42 0 .00003
43 0 .00003
44 0 .00001
45 0 .00001
46 0 0
47 0 0
48 0 0
49 0 0
50 0 0
51 0 0
100 0 0
*parity 1 married
birth 1 F married 1
14 0 0
15 0 0
16 0 .00005
17 0 .00018
18 0 .02475
19 0 .01587
20 0 .02184
21 0 .02456
22 0 .02455
23 0 .02908
24 0 .03322
25 0 .03013
26 0 .02727
27 0 .02472
28 0 .03285
29 0 .02469
30 0 .02471
31 0 .02287
32 0 .01973
33 0 .02953
34 0 .01986
35 0 .02015
36 0 .0138
37 0 .00948
38 0 .0073
39 0 .00668
40 0 .00507
41 0 .00477
42 0 .00329
43 0 .00142
44 0 .00073
45 0 .00042
46 0 .0003
47 0 .00015
48 0 .00005
49 0 .00002
50 0 .00001
51 0 0
100 0 0
*parity 1 single
birth 1 F single 1
14 0 0
15 0 0
16 0 .00001
17 0 .00002
18 0 .03429
19 0 .03202
20 0 .07278
21 0 .02515
22 0 .07098
23 0 .03328
24 0 .02744
25 0 .02495
26 0 .02902
27 0 .02196
28 0 .03047
29 0 .04292
30 0 .05537
31 0 .04133
32 0 .03684
33 0 .04269
34 0 .04786
35 0 .15781
36 0 .00011
37 0 .02342
38 0 .00007
39 0 .00005
40 0 .00004
41 0 .00002
42 0 .02059
43 0 .00001
44 0 .00001
45 0 0
46 0 0
47 0 0
48 0 0
49 0 0
50 0 .00002
51 0 0
100 0 0
*parity 1 widowed
birth 1 F widowed 1
14 0 0
15 0 0
16 0 0
17 0 .00001
18 0 .00932
19 0 .05223
20 0 .01781
21 0 .02051
22 0 .01608
23 0 .0148
24 0 .01958
25 0 .00857
26 0 .01775
27 0 .01592
28 0 .00887
29 0 .01021
30 0 .00434
31 0 .00404
32 0 .00347
33 0 .00311
34 0 .00244
35 0 .00238
36 0 .00111
37 0 .00087
38 0 .0008
39 0 .00049
40 0 .00032
41 0 .00023
42 0 .00014
43 0 .00009
44 0 .00004
45 0 .00003
46 0 .00001
47 0 .00001
48 0 0
49 0 0
50 0 0
51 0 0
100 0 0
*parity 1 divorced
birth 1 F divorced 1
14 0 0
15 0 0
16 0 0
17 0 .00001
18 0 .00932
19 0 .05223
20 0 .01781
21 0 .02051
22 0 .01608
23 0 .0148
24 0 .01958
25 0 .00857
26 0 .01775
27 0 .01592
28 0 .00887
29 0 .01021
30 0 .00434
31 0 .00404
32 0 .00347
33 0 .00311
34 0 .00244
35 0 .00238
36 0 .00111
37 0 .00087
38 0 .0008
39 0 .00049
40 0 .00032
41 0 .00023
42 0 .00014
43 0 .00009
44 0 .00004
45 0 .00003
46 0 .00001
47 0 .00001
48 0 0
49 0 0
50 0 0
51 0 0
100 0 0
*parity 2 married
birth 1 F married 2
14 0 0
15 0 0
16 0 0
17 0 .00002
18 0 .07399
19 0 .01334
20 0 .01616
21 0 .01431
22 0 .01634
23 0 .01491
24 0 .01387
25 0 .01367
26 0 .01363
27 0 .01312
28 0 .01235
29 0 .01124
30 0 .0108
31 0 .01031
32 0 .00907
33 0 .00807
34 0 .00713
35 0 .00628
36 0 .0059
37 0 .00575
38 0 .00479
39 0 .00427
40 0 .00353
41 0 .00291
42 0 .002
43 0 .0015
44 0 .00111
45 0 .00073
46 0 .00048
47 0 .00024
48 0 .00014
49 0 .00007
50 0 .00003
51 0 .00001
100 0 0
*parity 2 single
birth 1 F single 2
14 0 0
15 0 0
16 0 0
17 0 0
18 0 .00001
19 0 .00002
20 0 .00005
21 0 .01752
22 0 .03149
23 0 .04347
24 0 .01915
25 0 .01577
26 0 .01556
27 0 .01573
28 0 .02103
29 0 .0136
30 0 .02291
31 0 .01966
32 0 .02048
33 0 .02909
34 0 .03195
35 0 .03617
36 0 .02327
37 0 .04131
38 0 .02675
39 0 .01758
40 0 .01866
41 0 .01652
42 0 .01214
43 0 .02866
44 0 .01228
45 0 .00978
46 0 .00776
47 0 .00673
48 0 .00671
49 0 .00113
50 0 .00044
51 0 .00016
100 0 0
*parity 2 widowed
birth 1 F widowed 2
14 0 0
15 0 0
16 0 0
17 0 0
18 0 0
19 0 .00983
20 0 .02302
21 0 .00536
22 0 .00713
23 0 .00591
24 0 .00441
25 0 .0047
26 0 .00335
27 0 .00313
28 0 .00274
29 0 .00277
30 0 .00222
31 0 .00195
32 0 .00209
33 0 .00136
34 0 .00133
35 0 .0011
36 0 .00084
37 0 .00083
38 0 .00059
39 0 .0005
40 0 .00042
41 0 .00028
42 0 .00021
43 0 .00014
44 0 .0001
45 0 .00007
46 0 .00004
47 0 .00002
48 0 .00001
49 0 .00001
50 0 0
51 0 0
100 0 0
*parity 2 divorced
birth 1 F divorced 2
14 0 0
15 0 0
16 0 0
17 0 0
18 0 0
19 0 .00983
20 0 .02302
21 0 .00536
22 0 .00713
23 0 .00591
24 0 .00441
25 0 .0047
26 0 .00335
27 0 .00313
28 0 .00274
29 0 .00277
30 0 .00222
31 0 .00195
32 0 .00209
33 0 .00136
34 0 .00133
35 0 .0011
36 0 .00084
37 0 .00083
38 0 .00059
39 0 .0005
40 0 .00042
41 0 .00028
42 0 .00021
43 0 .00014
44 0 .0001
45 0 .00007
46 0 .00004
47 0 .00002
48 0 .00001
49 0 .00001
50 0 0
51 0 0
100 0 0
