*parity 0 married
birth 1 F married 0
14 0 0
15 0 .0001
16 0 .0004
17 0 .05834
18 0 .06472
19 0 .06425
20 0 .06327
21 0 .06477
22 0 .06359
23 0 .04763
24 0 .0394
25 0 .03445
26 0 .02837
27 0 .02351
28 0 .01883
29 0 .01333
30 0 .01099
31 0 .00843
32 0 .00791
33 0 .00432
34 0 .00305
35 0 .00214
36 0 .00141
37 0 .0011
38 0 .00076
39 0 .00052
40 0 .00038
41 0 .00025
42 0 .00017
43 0 .00012
44 0 .00007
45 0 .00004
46 0 .00002
47 0 .00001
48 0 .00001
49 0 0
50 0 0
51 0 0
100 0 0
*parity 0 single
birth 1 F single 0
14 0 0
15 0 .00014
16 0 .00059
17 0 .00114
18 0 .0019
19 0 .00273
20 0 .0033
21 0 .00361
22 0 .00365
23 0 .00355
24 0 .00355
25 0 .00342
26 0 .00349
27 0 .00339
28 0 .00325
29 0 .0033
30 0 .00306
31 0 .00268
32 0 .00243
33 0 .00226
34 0 .00225
35 0 .00205
36 0 .00197
37 0 .00174
38 0 .00171
39 0 .00151
40 0 .00128
41 0 .00108
42 0 .00077
43 0 .00066
44 0 .00059
45 0 .00036
46 0 .00021
47 0 .00015
48 0 .00006
49 0 .00002
50 0 .00001
51 0 .00001
100 0 0
*parity 0 widowed
birth 1 F widowed 0
14 0 0
15 0 .00002
16 0 .00007
17 0 .09596
18 0 .00021
19 0 .21866
20 0 .00033
21 0 .76048
22 0 .00032
23 0 .35258
24 0 .73083
25 0 .34588
26 0 .34029
27 0 .00022
28 0 .11024
29 0 .16099
30 0 .02845
31 0 .03633
32 0 .02277
33 0 .00694
34 0 .00453
35 0 .00374
36 0 .00187
37 0 .00117
38 0 .00074
39 0 .00052
40 0 .00027
41 0 .00018
42 0 .00011
43 0 .00006
44 0 .00004
45 0 .00002
46 0 .00001
47 0 .00001
48 0 0
49 0 0
50 0 0
51 0 0
100 0 0
*parity 0 divorced
birth 1 F divorced 0
14 0 0
15 0 .00002
16 0 .00007
17 0 .09596
18 0 .00021
19 0 .21866
20 0 .00033
21 0 .76048
22 0 .00032
23 0 .35258
24 0 .73083
25 0 .34588
26 0 .34029
27 0 .00022
28 0 .11024
29 0 .16099
30 0 .02845
31 0 .03633
32 0 .02277
33 0 .00694
34 0 .00453
35 0 .00374
36 0 .00187
37 0 .00117
38 0 .00074
39 0 .00052
40 0 .00027
41 0 .00018
42 0 .00011
43 0 .00006
44 0 .00004
45 0 .00002
46 0 .00001
47 0 .00001
48 0 0
49 0 0
50 0 0
51 0 0
100 0 0
*parity 1 married
birth 1 F married 1
14 0 0
15 0 0
16 0 .00002
17 0 .00008
18 0 .02068
19 0 .01613
20 0 .02141
21 0 .02513
22 0 .03306
23 0 .03379
24 0 .02981
25 0 .03223
26 0 .04145
27 0 .03716
28 0 .03974
29 0 .03389
30 0 .02466
31 0 .02535
32 0 .02295
33 0 .0181
34 0 .0165
35 0 .01292
36 0 .00758
37 0 .00668
38 0 .00416
39 0 .0033
40 0 .00197
41 0 .00151
42 0 .00094
43 0 .00058
44 0 .00035
45 0 .00021
46 0 .00012
47 0 .00005
48 0 .00002
49 0 .00001
50 0 0
51 0 0
100 0 0
*parity 1 single
birth 1 F single 1
14 0 0
15 0 0
16 0 .03542
17 0 .02613
18 0 .03182
19 0 .02543
20 0 .02607
21 0 .02842
22 0 .02058
23 0 .0234
24 0 .02281
25 0 .02437
26 0 .02071
27 0 .02538
28 0 .03249
29 0 .02454
30 0 .02376
31 0 .02953
32 0 .03271
33 0 .02417
34 0 .02373
35 0 .02085
36 0 .02645
37 0 .02288
38 0 .01722
39 0 .02059
40 0 .02239
41 0 .01197
42 0 .01114
43 0 .00933
44 0 .00933
45 0 .00448
46 0 .00417
47 0 .00084
48 0 .0003
49 0 .00013
50 0 .00005
51 0 .00007
100 0 0
*parity 1 widowed
birth 1 F widowed 1
14 0 0
15 0 0
16 0 0
17 0 .00001
18 0 .08094
19 0 .08232
20 0 .08743
21 0 .05916
22 0 .03938
23 0 .02976
24 0 .02968
25 0 .02255
26 0 .03173
27 0 .02115
28 0 .01337
29 0 .01308
30 0 .01175
31 0 .01518
32 0 .02594
33 0 .01887
34 0 .01221
35 0 .01539
36 0 .00503
37 0 .00463
38 0 .00208
39 0 .00144
40 0 .0017
41 0 .00072
42 0 .00039
43 0 .00016
44 0 .00012
45 0 .00009
46 0 .00003
47 0 .00001
48 0 0
49 0 0
50 0 0
51 0 0
100 0 0
*parity 1 divorced
birth 1 F divorced 1
14 0 0
15 0 0
16 0 0
17 0 .00001
18 0 .08094
19 0 .08232
20 0 .08743
21 0 .05916
22 0 .03938
23 0 .02976
24 0 .02968
25 0 .02255
26 0 .03173
27 0 .02115
28 0 .01337
29 0 .01308
30 0 .01175
31 0 .01518
32 0 .02594
33 0 .01887
34 0 .01221
35 0 .01539
36 0 .00503
37 0 .00463
38 0 .00208
39 0 .00144
40 0 .0017
41 0 .00072
42 0 .00039
43 0 .00016
44 0 .00012
45 0 .00009
46 0 .00003
47 0 .00001
48 0 0
49 0 0
50 0 0
51 0 0
100 0 0
*parity 2 married
birth 1 F married 2
14 0 0
15 0 0
16 0 0
17 0 .00001
18 0 .00003
19 0 .02251
20 0 .01788
21 0 .00894
22 0 .01259
23 0 .01147
24 0 .01335
25 0 .01285
26 0 .0112
27 0 .00994
28 0 .01053
29 0 .00969
30 0 .00983
31 0 .00869
32 0 .00686
33 0 .00632
34 0 .00458
35 0 .00387
36 0 .00349
37 0 .00293
38 0 .0025
39 0 .00208
40 0 .00171
41 0 .00127
42 0 .00099
43 0 .00069
44 0 .00047
45 0 .00031
46 0 .00018
47 0 .00011
48 0 .00006
49 0 .00003
50 0 .00001
51 0 0
100 0 0
*parity 2 single
birth 1 F single 2
14 0 0
15 0 0
16 0 0
17 0 .00001
18 0 .02254
19 0 .0265
20 0 .01929
21 0 .0167
22 0 .01812
23 0 .02118
24 0 .01629
25 0 .01707
26 0 .01486
27 0 .01367
28 0 .0124
29 0 .01192
30 0 .01093
31 0 .01032
32 0 .00938
33 0 .00918
34 0 .00959
35 0 .00986
36 0 .00951
37 0 .00863
38 0 .00866
39 0 .00909
40 0 .00797
41 0 .00724
42 0 .00539
43 0 .00441
44 0 .00397
45 0 .00258
46 0 .00198
47 0 .00095
48 0 .0006
49 0 .00032
50 0 .00015
51 0 .00006
100 0 0
*parity 2 widowed
birth 1 F widowed 2
14 0 0
15 0 0
16 0 0
17 0 0
18 0 0
19 0 .00001
20 0 .00003
21 0 .03042
22 0 .01179
23 0 .03367
24 0 .03748
25 0 .0296
26 0 .01685
27 0 .02146
28 0 .00928
29 0 .00714
30 0 .00852
31 0 .00475
32 0 .00337
33 0 .0036
34 0 .0027
35 0 .00202
36 0 .00192
37 0 .0014
38 0 .00121
39 0 .00081
40 0 .00065
41 0 .00047
42 0 .00035
43 0 .00021
44 0 .00014
45 0 .00008
46 0 .00005
47 0 .00003
48 0 .00001
49 0 .00001
50 0 0
51 0 0
100 0 0
*parity 2 divorced
birth 1 F divorced 2
14 0 0
15 0 0
16 0 0
17 0 0
18 0 0
19 0 .00001
20 0 .00003
21 0 .03042
22 0 .01179
23 0 .03367
24 0 .03748
25 0 .0296
26 0 .01685
27 0 .02146
28 0 .00928
29 0 .00714
30 0 .00852
31 0 .00475
32 0 .00337
33 0 .0036
34 0 .0027
35 0 .00202
36 0 .00192
37 0 .0014
38 0 .00121
39 0 .00081
40 0 .00065
41 0 .00047
42 0 .00035
43 0 .00021
44 0 .00014
45 0 .00008
46 0 .00005
47 0 .00003
48 0 .00001
49 0 .00001
50 0 0
51 0 0
100 0 0
