*parity 0 married
birth 1 F married 0
14 0 0
15 0 .00054
16 0 .0008
17 0 .03317
18 0 .02916
19 0 .0395
20 0 .05543
21 0 .0944
22 0 .10945
23 0 .10993
24 0 .12535
25 0 .13524
26 0 .1194
27 0 .16322
28 0 .04733
29 0 .11217
30 0 .01032
31 0 0
32 0 .00179
33 0 .00656
34 0 .006
35 0 .02217
36 0 .01157
37 0 .04369
38 0 .03958
39 0 .19283
40 0 .00063
41 0 .00062
42 0 .00061
43 0 .00059
44 0 .00058
45 0 .00057
46 0 .00056
47 0 .00056
48 0 .00056
49 0 .00056
50 0 .00056
51 0 .00056
100 0 0
*parity 0 single
birth 1 F single 0
14 0 0
15 0 .00002
16 0 .00003
17 0 .00008
18 0 .00018
19 0 .00033
20 0 .00049
21 0 .00056
22 0 .00059
23 0 .00054
24 0 .00046
25 0 .0004
26 0 .00028
27 0 .0002
28 0 .00012
29 0 .00005
30 0 .00002
31 0 0
32 0 .00002
33 0 .0001
34 0 .00032
35 0 .00101
36 0 .00099
37 0 .0016
38 0 .00294
39 0 .00199
40 0 .00504
41 0 .00508
42 0 .01233
43 0 .00002
44 0 .00902
45 0 .01196
46 0 .00002
47 0 .00002
48 0 .00002
49 0 .00002
50 0 .00002
51 0 .00002
100 0 0
*parity 0 widowed
birth 1 F widowed 0
14 0 0
15 0 .00003
16 0 .00004
17 0 .0001
18 0 .22344
19 0 .382
20 0 .12302
21 0 .24194
22 0 .12291
23 0 .41827
24 0 .00031
25 0 .00022
26 0 .00015
27 0 .00008
28 0 .00004
29 0 .00001
30 0 0
31 0 0
32 0 .00161
33 0 .00347
34 0 .00857
35 0 .00644
36 0 .00306
37 0 .00264
38 0 .00376
39 0 .00679
40 0 .00003
41 0 .00003
42 0 .00003
43 0 .00003
44 0 .00003
45 0 .00003
46 0 .00003
47 0 .00003
48 0 .00003
49 0 .00003
50 0 .00003
51 0 .00003
100 0 0
*parity 0 divorced
birth 1 F divorced 0
14 0 0
15 0 .00003
16 0 .00004
17 0 .0001
18 0 .22344
19 0 .382
20 0 .12302
21 0 .24194
22 0 .12291
23 0 .41827
24 0 .00031
25 0 .00022
26 0 .00015
27 0 .00008
28 0 .00004
29 0 .00001
30 0 0
31 0 0
32 0 .00161
33 0 .00347
34 0 .00857
35 0 .00644
36 0 .00306
37 0 .00264
38 0 .00376
39 0 .00679
40 0 .00003
41 0 .00003
42 0 .00003
43 0 .00003
44 0 .00003
45 0 .00003
46 0 .00003
47 0 .00003
48 0 .00003
49 0 .00003
50 0 .00003
51 0 .00003
100 0 0
*parity 1 married
birth 1 F married 1
14 0 0
15 0 .00056
16 0 .00062
17 0 .99042
18 0 .07561
19 0 .40125
20 0 .14102
21 0 .05879
22 0 .06506
23 0 .12225
24 0 1
25 0 .29944
26 0 .37583
27 0 1
28 0 .87052
29 0 .35534
30 0 .06977
31 0 .00107
32 0 .58656
33 0 .11151
34 0 .02656
35 0 .02048
36 0 .01824
37 0 .0189
38 0 .03014
39 0 .0161
40 0 .02502
41 0 .04594
42 0 .08103
43 0 .00063
44 0 .0006
45 0 .00058
46 0 .00057
47 0 .00056
48 0 .00056
49 0 .00056
50 0 .00056
51 0 .00056
100 0 0
*parity 1 single
birth 1 F single 1
14 0 0
15 0 .00002
16 0 .02983
17 0 .02043
18 0 .07173
19 0 .0662
20 0 .10179
21 0 .2449
22 0 .07648
23 0 .07816
24 0 .13293
25 0 .23467
26 0 .02657
27 0 .00902
28 0 .00326
29 0 .00138
30 0 .00074
31 0 .00046
32 0 .00042
33 0 .00049
34 0 .00051
35 0 .00065
36 0 .00108
37 0 .00122
38 0 .0017
39 0 .00128
40 0 .00219
41 0 .00213
42 0 .00668
43 0 .00451
44 0 .00466
45 0 .00306
46 0 .00948
47 0 .00002
48 0 .0086
49 0 .00002
50 0 .00002
51 0 .00946
100 0 0
*parity 1 widowed
birth 1 F widowed 1
14 0 0
15 0 .00003
16 0 .00003
17 0 .00004
18 0 .00008
19 0 .00014
20 0 .26083
21 0 .31376
22 0 .07839
23 0 .13351
24 0 .3406
25 0 .00031
26 0 .00026
27 0 .00021
28 0 .00016
29 0 .00011
30 0 .03502
31 0 .00006
32 0 .00004
33 0 .00884
34 0 .00655
35 0 .00271
36 0 .00277
37 0 .00357
38 0 .00004
39 0 .00224
40 0 .00281
41 0 .00437
42 0 .00245
43 0 .00578
44 0 .01195
45 0 .01567
46 0 .00607
47 0 .00415
48 0 .01101
49 0 .01113
50 0 .00003
51 0 .01212
100 0 0
*parity 1 divorced
birth 1 F divorced 1
14 0 0
15 0 .00003
16 0 .00003
17 0 .00004
18 0 .00008
19 0 .00014
20 0 .26083
21 0 .31376
22 0 .07839
23 0 .13351
24 0 .3406
25 0 .00031
26 0 .00026
27 0 .00021
28 0 .00016
29 0 .00011
30 0 .03502
31 0 .00006
32 0 .00004
33 0 .00884
34 0 .00655
35 0 .00271
36 0 .00277
37 0 .00357
38 0 .00004
39 0 .00224
40 0 .00281
41 0 .00437
42 0 .00245
43 0 .00578
44 0 .01195
45 0 .01567
46 0 .00607
47 0 .00415
48 0 .01101
49 0 .01113
50 0 .00003
51 0 .01212
100 0 0
*parity 2 married
birth 1 F married 2
14 0 0
15 0 .00056
16 0 .00056
17 0 .69537
18 0 .00073
19 0 .01425
20 0 .01487
21 0 .02611
22 0 .0267
23 0 .0243
24 0 .0235
25 0 .022
26 0 .02322
27 0 .01993
28 0 .01939
29 0 .01934
30 0 .02173
31 0 .01763
32 0 .01505
33 0 .01358
34 0 .01434
35 0 .01254
36 0 .01277
37 0 .01164
38 0 .01086
39 0 .00992
40 0 .00863
41 0 .00688
42 0 .00543
43 0 .00425
44 0 .0033
45 0 .00265
46 0 .00206
47 0 .00156
48 0 .00126
49 0 .00112
50 0 .00102
51 0 .00094
100 0 0
*parity 2 single
birth 1 F single 2
14 0 0
15 0 .00002
16 0 .00002
17 0 .00002
18 0 .00003
19 0 .00005
20 0 .00008
21 0 .02865
22 0 .02904
23 0 .03137
24 0 .03199
25 0 .03099
26 0 .02173
27 0 .0136
28 0 .0132
29 0 .01454
30 0 .00831
31 0 .00871
32 0 .00721
33 0 .00632
34 0 .0047
35 0 .00513
36 0 .00432
37 0 .00292
38 0 .00277
39 0 .00251
40 0 .00272
41 0 .00179
42 0 .00217
43 0 .00143
44 0 .00239
45 0 .00091
46 0 .00061
47 0 .00062
48 0 .00102
49 0 .00053
50 0 .00057
51 0 .00027
100 0 0
*parity 2 widowed
birth 1 F widowed 2
14 0 0
15 0 .00003
16 0 .00003
17 0 .00003
18 0 .00004
19 0 .07077
20 0 .1202
21 0 .03671
22 0 .01861
23 0 .02871
24 0 .01555
25 0 .01518
26 0 .01125
27 0 .0133
28 0 .01021
29 0 .00986
30 0 .00786
31 0 .0075
32 0 .00565
33 0 .00405
34 0 .00364
35 0 .0036
36 0 .00309
37 0 .00308
38 0 .00231
39 0 .00266
40 0 .00178
41 0 .00146
42 0 .00096
43 0 .0007
44 0 .0005
45 0 .00037
46 0 .00024
47 0 .00019
48 0 .00013
49 0 .0001
50 0 .00009
51 0 .0001
100 0 0
*parity 2 divorced
birth 1 F divorced 2
14 0 0
15 0 .00003
16 0 .00003
17 0 .00003
18 0 .00004
19 0 .07077
20 0 .1202
21 0 .03671
22 0 .01861
23 0 .02871
24 0 .01555
25 0 .01518
26 0 .01125
27 0 .0133
28 0 .01021
29 0 .00986
30 0 .00786
31 0 .0075
32 0 .00565
33 0 .00405
34 0 .00364
35 0 .0036
36 0 .00309
37 0 .00308
38 0 .00231
39 0 .00266
40 0 .00178
41 0 .00146
42 0 .00096
43 0 .0007
44 0 .0005
45 0 .00037
46 0 .00024
47 0 .00019
48 0 .00013
49 0 .0001
50 0 .00009
51 0 .0001
100 0 0
