*parity 0 married
birth 1 F married 0
14 0 0
15 0 .00025
16 0 .00107
17 0 .04529
18 0 .0308
19 0 .04095
20 0 .04047
21 0 .03949
22 0 .04006
23 0 .04389
24 0 .04666
25 0 .06647
26 0 .08416
27 0 .06422
28 0 .09849
29 0 .15706
30 0 .14693
31 0 .11587
32 0 .13713
33 0 .07174
34 0 .05968
35 0 .05054
36 0 .02175
37 0 .03655
38 0 .05098
39 0 .03078
40 0 .0144
41 0 .00691
42 0 .00613
43 0 .00213
44 0 .00088
45 0 .00046
46 0 .00023
47 0 .0001
48 0 .00007
49 0 .00002
50 0 .00001
51 0 .00003
100 0 0
*parity 0 single
birth 1 F single 0
14 0 0
15 0 0
16 0 0
17 0 .00001
18 0 .00002
19 0 .00003
20 0 .00004
21 0 .00004
22 0 .00004
23 0 .00004
24 0 .00004
25 0 .00004
26 0 .00004
27 0 .00004
28 0 .00004
29 0 .00004
30 0 .00004
31 0 .00004
32 0 .00004
33 0 .00003
34 0 .00004
35 0 .00002
36 0 .00002
37 0 .00003
38 0 .00002
39 0 .00002
40 0 .00001
41 0 .00001
42 0 .00001
43 0 .00001
44 0 0
45 0 0
46 0 0
47 0 0
48 0 0
49 0 0
50 0 0
51 0 0
100 0 0
*parity 0 widowed
birth 1 F widowed 0
14 0 0
15 0 0
16 0 .00001
17 0 .00002
18 0 .01559
19 0 .02184
20 0 .04907
21 0 .01188
22 0 .0072
23 0 .00865
24 0 .02
25 0 .03394
26 0 .01023
27 0 .00562
28 0 .00303
29 0 .01074
30 0 .01139
31 0 .00002
32 0 .01125
33 0 .00425
34 0 .00236
35 0 .00184
36 0 .00436
37 0 .00167
38 0 .00232
39 0 .00098
40 0 .00144
41 0 .00101
42 0 .00031
43 0 .00039
44 0 .00024
45 0 .00007
46 0 .00002
47 0 0
48 0 0
49 0 0
50 0 0
51 0 0
100 0 0
*parity 0 divorced
birth 1 F divorced 0
14 0 0
15 0 0
16 0 .00001
17 0 .00002
18 0 .01559
19 0 .02184
20 0 .04907
21 0 .01188
22 0 .0072
23 0 .00865
24 0 .02
25 0 .03394
26 0 .01023
27 0 .00562
28 0 .00303
29 0 .01074
30 0 .01139
31 0 .00002
32 0 .01125
33 0 .00425
34 0 .00236
35 0 .00184
36 0 .00436
37 0 .00167
38 0 .00232
39 0 .00098
40 0 .00144
41 0 .00101
42 0 .00031
43 0 .00039
44 0 .00024
45 0 .00007
46 0 .00002
47 0 0
48 0 0
49 0 0
50 0 0
51 0 0
100 0 0
*parity 1 married
birth 1 F married 1
14 0 0
15 0 0
16 0 .00006
17 0 .00024
18 0 .01807
19 0 .01843
20 0 .01636
21 0 .02196
22 0 .02197
23 0 .01973
24 0 .02213
25 0 .02133
26 0 .02272
27 0 .02131
28 0 .0244
29 0 .02408
30 0 .02405
31 0 .02496
32 0 .0383
33 0 .04015
34 0 .03554
35 0 .0282
36 0 .02224
37 0 .01211
38 0 .01045
39 0 .00677
40 0 .0055
41 0 .00602
42 0 .00285
43 0 .00171
44 0 .00136
45 0 .00063
46 0 .00039
47 0 .00039
48 0 .00008
49 0 .00003
50 0 .00001
51 0 .00001
100 0 0
*parity 1 single
birth 1 F single 1
14 0 0
15 0 0
16 0 0
17 0 0
18 0 0
19 0 .00001
20 0 .00001
21 0 .00001
22 0 .01407
23 0 .00002
24 0 .00762
25 0 .00002
26 0 .01372
27 0 .00002
28 0 .01216
29 0 .01142
30 0 .00001
31 0 .00749
32 0 .00001
33 0 .00553
34 0 .00001
35 0 .00377
36 0 0
37 0 0
38 0 0
39 0 0
40 0 0
41 0 .00066
42 0 0
43 0 0
44 0 0
45 0 0
46 0 0
47 0 0
48 0 0
49 0 0
50 0 0
51 0 0
100 0 0
*parity 1 widowed
birth 1 F widowed 1
14 0 0
15 0 0
16 0 0
17 0 0
18 0 .00001
19 0 .00588
20 0 .0026
21 0 .00586
22 0 .00452
23 0 .00233
24 0 .00429
25 0 .0029
26 0 .00206
27 0 .00272
28 0 .00195
29 0 .00161
30 0 .00169
31 0 .00168
32 0 .00121
33 0 .00113
34 0 .00107
35 0 .00071
36 0 .00051
37 0 .00036
38 0 .00035
39 0 .00049
40 0 .00013
41 0 .00011
42 0 .00005
43 0 .00003
44 0 .00002
45 0 .00002
46 0 .00001
47 0 0
48 0 0
49 0 0
50 0 0
51 0 0
100 0 0
*parity 1 divorced
birth 1 F divorced 1
14 0 0
15 0 0
16 0 0
17 0 0
18 0 .00001
19 0 .00588
20 0 .0026
21 0 .00586
22 0 .00452
23 0 .00233
24 0 .00429
25 0 .0029
26 0 .00206
27 0 .00272
28 0 .00195
29 0 .00161
30 0 .00169
31 0 .00168
32 0 .00121
33 0 .00113
34 0 .00107
35 0 .00071
36 0 .00051
37 0 .00036
38 0 .00035
39 0 .00049
40 0 .00013
41 0 .00011
42 0 .00005
43 0 .00003
44 0 .00002
45 0 .00002
46 0 .00001
47 0 0
48 0 0
49 0 0
50 0 0
51 0 0
100 0 0
*parity 2 married
birth 1 F married 2
14 0 0
15 0 0
16 0 0
17 0 .00002
18 0 .00009
19 0 .03713
20 0 .0181
21 0 .01593
22 0 .01693
23 0 .01887
24 0 .01497
25 0 .01448
26 0 .01277
27 0 .01129
28 0 .0108
29 0 .00967
30 0 .00861
31 0 .00744
32 0 .00663
33 0 .00632
34 0 .00572
35 0 .00543
36 0 .00509
37 0 .00447
38 0 .00394
39 0 .00335
40 0 .00298
41 0 .00229
42 0 .00174
43 0 .00132
44 0 .00094
45 0 .00064
46 0 .00039
47 0 .00024
48 0 .00012
49 0 .00006
50 0 .00002
51 0 .00001
100 0 0
*parity 2 single
birth 1 F single 2
14 0 0
15 0 0
16 0 0
17 0 0
18 0 0
19 0 0
20 0 .00114
21 0 0
22 0 .00001
23 0 .00001
24 0 .00001
25 0 .00002
26 0 .00002
27 0 .00002
28 0 .00002
29 0 .00002
30 0 .00002
31 0 .00002
32 0 .00002
33 0 .00002
34 0 .00002
35 0 .00001
36 0 .00001
37 0 .00001
38 0 .00001
39 0 .00001
40 0 .00001
41 0 .00001
42 0 0
43 0 0
44 0 0
45 0 0
46 0 0
47 0 0
48 0 0
49 0 .00008
50 0 0
51 0 0
100 0 0
*parity 2 widowed
birth 1 F widowed 2
14 0 0
15 0 0
16 0 0
17 0 0
18 0 0
19 0 0
20 0 .00001
21 0 .00901
22 0 .00525
23 0 .00508
24 0 .00326
25 0 .00159
26 0 .00245
27 0 .00183
28 0 .00119
29 0 .00115
30 0 .00092
31 0 .00084
32 0 .00055
33 0 .00039
34 0 .00033
35 0 .00036
36 0 .00025
37 0 .0002
38 0 .00018
39 0 .00016
40 0 .00012
41 0 .00008
42 0 .00006
43 0 .00004
44 0 .00003
45 0 .00002
46 0 .00001
47 0 .00001
48 0 0
49 0 0
50 0 0
51 0 0
100 0 0
*parity 2 divorced
birth 1 F divorced 2
14 0 0
15 0 0
16 0 0
17 0 0
18 0 0
19 0 0
20 0 .00001
21 0 .00901
22 0 .00525
23 0 .00508
24 0 .00326
25 0 .00159
26 0 .00245
27 0 .00183
28 0 .00119
29 0 .00115
30 0 .00092
31 0 .00084
32 0 .00055
33 0 .00039
34 0 .00033
35 0 .00036
36 0 .00025
37 0 .0002
38 0 .00018
39 0 .00016
40 0 .00012
41 0 .00008
42 0 .00006
43 0 .00004
44 0 .00003
45 0 .00002
46 0 .00001
47 0 .00001
48 0 0
49 0 0
50 0 0
51 0 0
100 0 0
