*parity 0 married
birth 1 F married 0
14 0 0
15 0 .00014
16 0 .00068
17 0 .03819
18 0 .02483
19 0 .02906
20 0 .03189
21 0 .03262
22 0 .02998
23 0 .0291
24 0 .02583
25 0 .02008
26 0 .01628
27 0 .01195
28 0 .00969
29 0 .00891
30 0 .00654
31 0 .00536
32 0 .00404
33 0 .00278
34 0 .00224
35 0 .00181
36 0 .00148
37 0 .00117
38 0 .00094
39 0 .00068
40 0 .00055
41 0 .00037
42 0 .00026
43 0 .00018
44 0 .00011
45 0 .00007
46 0 .00003
47 0 .00002
48 0 .00001
49 0 0
50 0 0
51 0 0
100 0 0
*parity 0 single
birth 1 F single 0
14 0 0
15 0 .00004
16 0 .00019
17 0 .00044
18 0 .00089
19 0 .00147
20 0 .00199
21 0 .00234
22 0 .00249
23 0 .00246
24 0 .00248
25 0 .00251
26 0 .00245
27 0 .0023
28 0 .00228
29 0 .00226
30 0 .00232
31 0 .00193
32 0 .00186
33 0 .00152
34 0 .00168
35 0 .00179
36 0 .00171
37 0 .00129
38 0 .00168
39 0 .0012
40 0 .00119
41 0 .00096
42 0 .00076
43 0 .00039
44 0 .00035
45 0 .0002
46 0 .00014
47 0 .00006
48 0 .00002
49 0 .00002
50 0 0
51 0 0
100 0 0
*parity 0 widowed
birth 1 F widowed 0
14 0 0
15 0 .00003
16 0 .00014
17 0 .78479
18 0 .22765
19 0 .49611
20 0 .82158
21 0 .87295
22 0 2.14366
23 0 .20555
24 0 .2608
25 0 .14189
26 0 .0751
27 0 .04878
28 0 .04293
29 0 .0394
30 0 .01716
31 0 .01048
32 0 .00801
33 0 .00768
34 0 .00334
35 0 .00275
36 0 .00195
37 0 .00124
38 0 .00092
39 0 .00064
40 0 .00045
41 0 .00035
42 0 .00019
43 0 .00011
44 0 .00007
45 0 .00003
46 0 .00002
47 0 .00001
48 0 0
49 0 0
50 0 0
51 0 0
100 0 0
*parity 0 divorced
birth 1 F divorced 0
14 0 0
15 0 .00003
16 0 .00014
17 0 .78479
18 0 .22765
19 0 .49611
20 0 .82158
21 0 .87295
22 0 2.14366
23 0 .20555
24 0 .2608
25 0 .14189
26 0 .0751
27 0 .04878
28 0 .04293
29 0 .0394
30 0 .01716
31 0 .01048
32 0 .00801
33 0 .00768
34 0 .00334
35 0 .00275
36 0 .00195
37 0 .00124
38 0 .00092
39 0 .00064
40 0 .00045
41 0 .00035
42 0 .00019
43 0 .00011
44 0 .00007
45 0 .00003
46 0 .00002
47 0 .00001
48 0 0
49 0 0
50 0 0
51 0 0
100 0 0
*parity 1 married
birth 1 F married 1
14 0 0
15 0 0
16 0 .00005
17 0 .48488
18 0 .02927
19 0 .02228
20 0 .02986
21 0 .03183
22 0 .03005
23 0 .03488
24 0 .03288
25 0 .03014
26 0 .03313
27 0 .0375
28 0 .03454
29 0 .02439
30 0 .02738
31 0 .02679
32 0 .02172
33 0 .02763
34 0 .02171
35 0 .02965
36 0 .01943
37 0 .01854
38 0 .01762
39 0 .02374
40 0 .01438
41 0 .00753
42 0 .0069
43 0 .00629
44 0 .00288
45 0 .0016
46 0 .00066
47 0 .00037
48 0 .00009
49 0 .00004
50 0 .00001
51 0 .00001
100 0 0
*parity 1 single
birth 1 F single 1
14 0 0
15 0 0
16 0 .00001
17 0 .13719
18 0 .04232
19 0 .04924
20 0 .03159
21 0 .04616
22 0 .0407
23 0 .03362
24 0 .03651
25 0 .02922
26 0 .03616
27 0 .04936
28 0 .09968
29 0 .04983
30 0 .06519
31 0 .22994
32 0 .06418
33 0 .05667
34 0 .12082
35 0 .11186
36 0 .24733
37 0 .09968
38 0 .14953
39 0 .00009
40 0 .02984
41 0 .05753
42 0 .03905
43 0 .00002
44 0 .00775
45 0 .00001
46 0 0
47 0 0
48 0 0
49 0 .00026
50 0 0
51 0 0
100 0 0
*parity 1 widowed
birth 1 F widowed 1
14 0 0
15 0 0
16 0 .00001
17 0 .00004
18 0 .00012
19 0 .06623
20 0 .05576
21 0 .03676
22 0 .0402
23 0 .03661
24 0 .04183
25 0 .03511
26 0 .02335
27 0 .02684
28 0 .0419
29 0 .03393
30 0 .03482
31 0 .02485
32 0 .02081
33 0 .01906
34 0 .01714
35 0 .02821
36 0 .0104
37 0 .0052
38 0 .00453
39 0 .00572
40 0 .00234
41 0 .00207
42 0 .00148
43 0 .00236
44 0 .00168
45 0 .00056
46 0 .00035
47 0 .00012
48 0 .00002
49 0 .00001
50 0 0
51 0 0
100 0 0
*parity 1 divorced
birth 1 F divorced 1
14 0 0
15 0 0
16 0 .00001
17 0 .00004
18 0 .00012
19 0 .06623
20 0 .05576
21 0 .03676
22 0 .0402
23 0 .03661
24 0 .04183
25 0 .03511
26 0 .02335
27 0 .02684
28 0 .0419
29 0 .03393
30 0 .03482
31 0 .02485
32 0 .02081
33 0 .01906
34 0 .01714
35 0 .02821
36 0 .0104
37 0 .0052
38 0 .00453
39 0 .00572
40 0 .00234
41 0 .00207
42 0 .00148
43 0 .00236
44 0 .00168
45 0 .00056
46 0 .00035
47 0 .00012
48 0 .00002
49 0 .00001
50 0 0
51 0 0
100 0 0
*parity 2 married
birth 1 F married 2
14 0 0
15 0 0
16 0 0
17 0 .00002
18 0 .00009
19 0 .03273
20 0 .02395
21 0 .02011
22 0 .02116
23 0 .01911
24 0 .01874
25 0 .01794
26 0 .01607
27 0 .01446
28 0 .01362
29 0 .01322
30 0 .01202
31 0 .01131
32 0 .01049
33 0 .01047
34 0 .00984
35 0 .00861
36 0 .0085
37 0 .0083
38 0 .00703
39 0 .00639
40 0 .00582
41 0 .00439
42 0 .00372
43 0 .00258
44 0 .00195
45 0 .00137
46 0 .0009
47 0 .00054
48 0 .00028
49 0 .00014
50 0 .00006
51 0 .00003
100 0 0
*parity 2 single
birth 1 F single 2
14 0 0
15 0 0
16 0 0
17 0 .00001
18 0 .02889
19 0 .03519
20 0 .05252
21 0 .0339
22 0 .03977
23 0 .03928
24 0 .03066
25 0 .0328
26 0 .02982
27 0 .03853
28 0 .03941
29 0 .03842
30 0 .05039
31 0 .04524
32 0 .06582
33 0 .08563
34 0 .05903
35 0 .12847
36 0 .09857
37 0 .29162
38 0 .08368
39 0 .18464
40 0 .1564
41 0 .27946
42 0 .14548
43 0 .10885
44 0 .08238
45 0 .07835
46 0 .09481
47 0 .01823
48 0 .00002
49 0 .00001
50 0 .00229
51 0 .00255
100 0 0
*parity 2 widowed
birth 1 F widowed 2
14 0 0
15 0 0
16 0 0
17 0 0
18 0 .00002
19 0 .13312
20 0 .15894
21 0 .20517
22 0 .14043
23 0 .07528
24 0 .03163
25 0 .03756
26 0 .03095
27 0 .02221
28 0 .01338
29 0 .0109
30 0 .01047
31 0 .00892
32 0 .00871
33 0 .00669
34 0 .00657
35 0 .00521
36 0 .00453
37 0 .00396
38 0 .00376
39 0 .00329
40 0 .00258
41 0 .00214
42 0 .00133
43 0 .00101
44 0 .00074
45 0 .00048
46 0 .0003
47 0 .00016
48 0 .00008
49 0 .00004
50 0 .00002
51 0 .00001
100 0 0
*parity 2 divorced
birth 1 F divorced 2
14 0 0
15 0 0
16 0 0
17 0 0
18 0 .00002
19 0 .13312
20 0 .15894
21 0 .20517
22 0 .14043
23 0 .07528
24 0 .03163
25 0 .03756
26 0 .03095
27 0 .02221
28 0 .01338
29 0 .0109
30 0 .01047
31 0 .00892
32 0 .00871
33 0 .00669
34 0 .00657
35 0 .00521
36 0 .00453
37 0 .00396
38 0 .00376
39 0 .00329
40 0 .00258
41 0 .00214
42 0 .00133
43 0 .00101
44 0 .00074
45 0 .00048
46 0 .0003
47 0 .00016
48 0 .00008
49 0 .00004
50 0 .00002
51 0 .00001
100 0 0
