*parity 0 married
birth 1 F married 0
14 0 0
15 0 .00009
16 0 .00036
17 0 .04735
18 0 .04454
19 0 .05694
20 0 .06191
21 0 .05931
22 0 .06554
23 0 .08775
24 0 .11774
25 0 .12538
26 0 .14895
27 0 .11442
28 0 .14407
29 0 .18042
30 0 .23902
31 0 .2634
32 0 .15031
33 0 .70411
34 0 .30792
35 0 .01849
36 0 .00443
37 0 .00248
38 0 .00164
39 0 .00107
40 0 .0007
41 0 .0004
42 0 .00024
43 0 .00016
44 0 .00009
45 0 .00006
46 0 .00003
47 0 .00002
48 0 .00001
49 0 0
50 0 0
51 0 0
100 0 0
*parity 0 single
birth 1 F single 0
14 0 0
15 0 .00015
16 0 .00062
17 0 .00121
18 0 .00203
19 0 .00287
20 0 .00348
21 0 .00383
22 0 .00385
23 0 .0038
24 0 .00377
25 0 .00388
26 0 .00374
27 0 .00381
28 0 .00362
29 0 .00344
30 0 .00317
31 0 .00289
32 0 .00255
33 0 .00224
34 0 .00205
35 0 .00175
36 0 .00173
37 0 .0015
38 0 .00129
39 0 .00109
40 0 .00084
41 0 .00069
42 0 .00047
43 0 .00037
44 0 .00027
45 0 .00018
46 0 .00012
47 0 .00007
48 0 .00003
49 0 .00001
50 0 0
51 0 0
100 0 0
*parity 0 widowed
birth 1 F widowed 0
14 0 0
15 0 .00002
16 0 .00006
17 0 .00012
18 0 .57249
19 0 .00027
20 0 .94846
21 0 .00031
22 0 .0003
23 0 .00028
24 0 .78782
25 0 .00024
26 0 .00023
27 0 .00021
28 0 .00019
29 0 .00017
30 0 .42087
31 0 .00012
32 0 .0001
33 0 .00008
34 0 .00007
35 0 .00005
36 0 .07563
37 0 .05989
38 0 .01885
39 0 .0057
40 0 .00167
41 0 .00097
42 0 .00039
43 0 .00023
44 0 .00014
45 0 .00006
46 0 .00003
47 0 .00001
48 0 .00001
49 0 0
50 0 0
51 0 0
100 0 0
*parity 0 divorced
birth 1 F divorced 0
14 0 0
15 0 .00002
16 0 .00006
17 0 .00012
18 0 .57249
19 0 .00027
20 0 .94846
21 0 .00031
22 0 .0003
23 0 .00028
24 0 .78782
25 0 .00024
26 0 .00023
27 0 .00021
28 0 .00019
29 0 .00017
30 0 .42087
31 0 .00012
32 0 .0001
33 0 .00008
34 0 .00007
35 0 .00005
36 0 .07563
37 0 .05989
38 0 .01885
39 0 .0057
40 0 .00167
41 0 .00097
42 0 .00039
43 0 .00023
44 0 .00014
45 0 .00006
46 0 .00003
47 0 .00001
48 0 .00001
49 0 0
50 0 0
51 0 0
100 0 0
*parity 1 married
birth 1 F married 1
14 0 0
15 0 0
16 0 .00002
17 0 .00007
18 0 .02304
19 0 .01865
20 0 .01728
21 0 .01633
22 0 .01804
23 0 .01892
24 0 .02093
25 0 .01462
26 0 .01659
27 0 .01599
28 0 .01754
29 0 .01662
30 0 .01404
31 0 .01576
32 0 .01423
33 0 .0112
34 0 .00725
35 0 .00589
36 0 .00458
37 0 .00363
38 0 .0024
39 0 .00174
40 0 .00153
41 0 .00134
42 0 .00074
43 0 .00046
44 0 .00026
45 0 .00015
46 0 .00007
47 0 .00004
48 0 .00001
49 0 0
50 0 0
51 0 0
100 0 0
*parity 1 single
birth 1 F single 1
14 0 0
15 0 0
16 0 .09723
17 0 .0246
18 0 .03427
19 0 .03656
20 0 .0395
21 0 .02853
22 0 .02695
23 0 .02608
24 0 .02856
25 0 .02559
26 0 .0243
27 0 .02397
28 0 .02697
29 0 .03147
30 0 .03409
31 0 .03066
32 0 .02384
33 0 .02048
34 0 .02033
35 0 .01883
36 0 .02091
37 0 .03173
38 0 .02138
39 0 .01649
40 0 .01593
41 0 .01226
42 0 .0102
43 0 .00614
44 0 .00301
45 0 .0023
46 0 .00311
47 0 .00135
48 0 .00042
49 0 .00016
50 0 .0001
51 0 .00001
100 0 0
*parity 1 widowed
birth 1 F widowed 1
14 0 0
15 0 0
16 0 0
17 0 .00001
18 0 .09736
19 0 .02862
20 0 .08215
21 0 .05017
22 0 .27481
23 0 .08996
24 0 .63743
25 0 .00021
26 0 .5842
27 0 .28572
28 0 .0002
29 0 .56197
30 0 .00017
31 0 .11586
32 0 .10522
33 0 .34694
34 0 .03155
35 0 .064
36 0 .22488
37 0 .01475
38 0 .00534
39 0 .00335
40 0 .00346
41 0 .00182
42 0 .00091
43 0 .00073
44 0 .00018
45 0 .00009
46 0 .00004
47 0 .00002
48 0 .00001
49 0 0
50 0 0
51 0 0
100 0 0
*parity 1 divorced
birth 1 F divorced 1
14 0 0
15 0 0
16 0 0
17 0 .00001
18 0 .09736
19 0 .02862
20 0 .08215
21 0 .05017
22 0 .27481
23 0 .08996
24 0 .63743
25 0 .00021
26 0 .5842
27 0 .28572
28 0 .0002
29 0 .56197
30 0 .00017
31 0 .11586
32 0 .10522
33 0 .34694
34 0 .03155
35 0 .064
36 0 .22488
37 0 .01475
38 0 .00534
39 0 .00335
40 0 .00346
41 0 .00182
42 0 .00091
43 0 .00073
44 0 .00018
45 0 .00009
46 0 .00004
47 0 .00002
48 0 .00001
49 0 0
50 0 0
51 0 0
100 0 0
*parity 2 married
birth 1 F married 2
14 0 0
15 0 0
16 0 0
17 0 .00001
18 0 .00002
19 0 .02632
20 0 .01212
21 0 .01584
22 0 .01564
23 0 .01325
24 0 .0111
25 0 .01181
26 0 .01127
27 0 .00941
28 0 .00822
29 0 .00754
30 0 .00745
31 0 .00614
32 0 .00536
33 0 .0048
34 0 .00424
35 0 .00331
36 0 .00271
37 0 .00226
38 0 .00196
39 0 .00165
40 0 .00127
41 0 .00097
42 0 .00075
43 0 .00048
44 0 .00036
45 0 .00022
46 0 .00013
47 0 .00007
48 0 .00004
49 0 .00002
50 0 .00001
51 0 0
100 0 0
*parity 2 single
birth 1 F single 2
14 0 0
15 0 0
16 0 0
17 0 .00001
18 0 .01025
19 0 .01015
20 0 .01302
21 0 .01413
22 0 .01319
23 0 .01426
24 0 .01226
25 0 .01175
26 0 .01219
27 0 .01149
28 0 .01099
29 0 .0096
30 0 .00888
31 0 .00831
32 0 .00837
33 0 .00746
34 0 .00683
35 0 .00745
36 0 .00687
37 0 .00639
38 0 .00612
39 0 .00542
40 0 .00512
41 0 .00385
42 0 .00341
43 0 .00288
44 0 .00215
45 0 .0017
46 0 .00099
47 0 .00066
48 0 .00031
49 0 .00016
50 0 .00007
51 0 .00003
100 0 0
*parity 2 widowed
birth 1 F widowed 2
14 0 0
15 0 0
16 0 0
17 0 0
18 0 0
19 0 .00001
20 0 .02774
21 0 .0118
22 0 .01692
23 0 .0144
24 0 .01134
25 0 .01304
26 0 .00964
27 0 .00699
28 0 .00662
29 0 .00725
30 0 .00604
31 0 .00461
32 0 .00383
33 0 .00346
34 0 .00268
35 0 .00212
36 0 .00179
37 0 .00144
38 0 .00116
39 0 .00089
40 0 .00065
41 0 .00046
42 0 .00035
43 0 .00022
44 0 .00015
45 0 .00008
46 0 .00005
47 0 .00003
48 0 .00001
49 0 .00001
50 0 0
51 0 0
100 0 0
*parity 2 divorced
birth 1 F divorced 2
14 0 0
15 0 0
16 0 0
17 0 0
18 0 0
19 0 .00001
20 0 .02774
21 0 .0118
22 0 .01692
23 0 .0144
24 0 .01134
25 0 .01304
26 0 .00964
27 0 .00699
28 0 .00662
29 0 .00725
30 0 .00604
31 0 .00461
32 0 .00383
33 0 .00346
34 0 .00268
35 0 .00212
36 0 .00179
37 0 .00144
38 0 .00116
39 0 .00089
40 0 .00065
41 0 .00046
42 0 .00035
43 0 .00022
44 0 .00015
45 0 .00008
46 0 .00005
47 0 .00003
48 0 .00001
49 0 .00001
50 0 0
51 0 0
100 0 0
