*parity 0 married
birth 1 F married 0
14 0 0
15 0 .00009
16 0 .00036
17 0 .05022
18 0 .05626
19 0 .05737
20 0 .06648
21 0 .06904
22 0 .0798
23 0 .06142
24 0 .08731
25 0 .08582
26 0 .07863
27 0 .10137
28 0 .1257
29 0 .27655
30 0 .22923
31 0 .11497
32 0 .07947
33 0 .17065
34 0 .02609
35 0 .00847
36 0 .00347
37 0 .00215
38 0 .00143
39 0 .00101
40 0 .00064
41 0 .00038
42 0 .00027
43 0 .00017
44 0 .0001
45 0 .00006
46 0 .00003
47 0 .00002
48 0 .00001
49 0 0
50 0 0
51 0 0
100 0 0
*parity 0 single
birth 1 F single 0
14 0 0
15 0 .00015
16 0 .00062
17 0 .00121
18 0 .00202
19 0 .00287
20 0 .00352
21 0 .00378
22 0 .00383
23 0 .00376
24 0 .00367
25 0 .00383
26 0 .00381
27 0 .00369
28 0 .0037
29 0 .00352
30 0 .00324
31 0 .00286
32 0 .00268
33 0 .00223
34 0 .00202
35 0 .00186
36 0 .0017
37 0 .00152
38 0 .00132
39 0 .00103
40 0 .00092
41 0 .00067
42 0 .00052
43 0 .00038
44 0 .00027
45 0 .00019
46 0 .00012
47 0 .00007
48 0 .00003
49 0 .00001
50 0 0
51 0 0
100 0 0
*parity 0 widowed
birth 1 F widowed 0
14 0 0
15 0 .00002
16 0 .00006
17 0 .35263
18 0 .29628
19 0 .00027
20 0 .95701
21 0 .98162
22 0 .0003
23 0 .85176
24 0 .00026
25 0 .33897
26 0 .63493
27 0 .29361
28 0 .57371
29 0 .00017
30 0 .00015
31 0 .00013
32 0 .0001
33 0 .00008
34 0 .00007
35 0 .06344
36 0 .05131
37 0 .04126
38 0 .00838
39 0 .00432
40 0 .00177
41 0 .00085
42 0 .00044
43 0 .0002
44 0 .00017
45 0 .00005
46 0 .00002
47 0 .00001
48 0 0
49 0 0
50 0 0
51 0 0
100 0 0
*parity 0 divorced
birth 1 F divorced 0
14 0 0
15 0 .00002
16 0 .00006
17 0 .35263
18 0 .29628
19 0 .00027
20 0 .95701
21 0 .98162
22 0 .0003
23 0 .85176
24 0 .00026
25 0 .33897
26 0 .63493
27 0 .29361
28 0 .57371
29 0 .00017
30 0 .00015
31 0 .00013
32 0 .0001
33 0 .00008
34 0 .00007
35 0 .06344
36 0 .05131
37 0 .04126
38 0 .00838
39 0 .00432
40 0 .00177
41 0 .00085
42 0 .00044
43 0 .0002
44 0 .00017
45 0 .00005
46 0 .00002
47 0 .00001
48 0 0
49 0 0
50 0 0
51 0 0
100 0 0
*parity 1 married
birth 1 F married 1
14 0 0
15 0 0
16 0 .00002
17 0 .00007
18 0 .0164
19 0 .01703
20 0 .01574
21 0 .01605
22 0 .01835
23 0 .02238
24 0 .02106
25 0 .01912
26 0 .01526
27 0 .01581
28 0 .01663
29 0 .01449
30 0 .01637
31 0 .01795
32 0 .01413
33 0 .01119
34 0 .00759
35 0 .00524
36 0 .00462
37 0 .00419
38 0 .00282
39 0 .00233
40 0 .00196
41 0 .0013
42 0 .00077
43 0 .00039
44 0 .00024
45 0 .00013
46 0 .00007
47 0 .00003
48 0 .00001
49 0 .00001
50 0 0
51 0 0
100 0 0
*parity 1 single
birth 1 F single 1
14 0 0
15 0 0
16 0 .03336
17 0 .01994
18 0 .02285
19 0 .02717
20 0 .02566
21 0 .02834
22 0 .02363
23 0 .02788
24 0 .03189
25 0 .02518
26 0 .02672
27 0 .02534
28 0 .02524
29 0 .0254
30 0 .02486
31 0 .02937
32 0 .02332
33 0 .0209
34 0 .02049
35 0 .02117
36 0 .0194
37 0 .01524
38 0 .01505
39 0 .01942
40 0 .01511
41 0 .01513
42 0 .01293
43 0 .00785
44 0 .00428
45 0 .00287
46 0 .00258
47 0 .00101
48 0 .00041
49 0 .00011
50 0 .00004
51 0 .00013
100 0 0
*parity 1 widowed
birth 1 F widowed 1
14 0 0
15 0 0
16 0 0
17 0 .00001
18 0 .00003
19 0 .20624
20 0 .06631
21 0 .09127
22 0 .28353
23 0 .3045
24 0 .19842
25 0 .1188
26 0 .00021
27 0 .28717
28 0 .0002
29 0 .10734
30 0 .26009
31 0 .23949
32 0 .00014
33 0 .06287
34 0 .03914
35 0 .03137
36 0 .01907
37 0 .01407
38 0 .00647
39 0 .00423
40 0 .00317
41 0 .00346
42 0 .0009
43 0 .00045
44 0 .00017
45 0 .00012
46 0 .00005
47 0 .00002
48 0 .00001
49 0 0
50 0 0
51 0 0
100 0 0
*parity 1 divorced
birth 1 F divorced 1
14 0 0
15 0 0
16 0 0
17 0 .00001
18 0 .00003
19 0 .20624
20 0 .06631
21 0 .09127
22 0 .28353
23 0 .3045
24 0 .19842
25 0 .1188
26 0 .00021
27 0 .28717
28 0 .0002
29 0 .10734
30 0 .26009
31 0 .23949
32 0 .00014
33 0 .06287
34 0 .03914
35 0 .03137
36 0 .01907
37 0 .01407
38 0 .00647
39 0 .00423
40 0 .00317
41 0 .00346
42 0 .0009
43 0 .00045
44 0 .00017
45 0 .00012
46 0 .00005
47 0 .00002
48 0 .00001
49 0 0
50 0 0
51 0 0
100 0 0
*parity 2 married
birth 1 F married 2
14 0 0
15 0 0
16 0 0
17 0 .00001
18 0 .00002
19 0 .01976
20 0 .01709
21 0 .01732
22 0 .01497
23 0 .01185
24 0 .01234
25 0 .01114
26 0 .01009
27 0 .00916
28 0 .009
29 0 .00814
30 0 .00683
31 0 .00616
32 0 .00547
33 0 .00543
34 0 .00445
35 0 .00355
36 0 .00314
37 0 .00242
38 0 .00201
39 0 .00159
40 0 .00129
41 0 .00096
42 0 .0007
43 0 .00051
44 0 .00035
45 0 .00023
46 0 .00013
47 0 .00008
48 0 .00004
49 0 .00002
50 0 .00001
51 0 0
100 0 0
*parity 2 single
birth 1 F single 2
14 0 0
15 0 0
16 0 0
17 0 .00417
18 0 .01049
19 0 .01283
20 0 .01241
21 0 .01426
22 0 .0148
23 0 .0142
24 0 .01281
25 0 .01201
26 0 .01239
27 0 .01226
28 0 .01007
29 0 .01002
30 0 .00961
31 0 .00822
32 0 .00776
33 0 .00719
34 0 .00702
35 0 .00716
36 0 .00657
37 0 .00651
38 0 .00633
39 0 .00548
40 0 .00478
41 0 .00412
42 0 .00366
43 0 .00276
44 0 .00232
45 0 .00178
46 0 .00119
47 0 .00057
48 0 .00035
49 0 .00019
50 0 .00006
51 0 .00003
100 0 0
*parity 2 widowed
birth 1 F widowed 2
14 0 0
15 0 0
16 0 0
17 0 0
18 0 0
19 0 .01272
20 0 .0168
21 0 .02215
22 0 .01745
23 0 .01686
24 0 .01372
25 0 .00927
26 0 .00916
27 0 .00968
28 0 .00664
29 0 .00532
30 0 .00513
31 0 .0048
32 0 .00356
33 0 .00275
34 0 .00252
35 0 .00212
36 0 .00167
37 0 .00136
38 0 .00108
39 0 .00091
40 0 .0006
41 0 .00048
42 0 .00031
43 0 .00022
44 0 .00013
45 0 .00008
46 0 .00005
47 0 .00002
48 0 .00001
49 0 .00001
50 0 0
51 0 0
100 0 0
*parity 2 divorced
birth 1 F divorced 2
14 0 0
15 0 0
16 0 0
17 0 0
18 0 0
19 0 .01272
20 0 .0168
21 0 .02215
22 0 .01745
23 0 .01686
24 0 .01372
25 0 .00927
26 0 .00916
27 0 .00968
28 0 .00664
29 0 .00532
30 0 .00513
31 0 .0048
32 0 .00356
33 0 .00275
34 0 .00252
35 0 .00212
36 0 .00167
37 0 .00136
38 0 .00108
39 0 .00091
40 0 .0006
41 0 .00048
42 0 .00031
43 0 .00022
44 0 .00013
45 0 .00008
46 0 .00005
47 0 .00002
48 0 .00001
49 0 .00001
50 0 0
51 0 0
100 0 0
