*parity 0 married
birth 1 F married 0
14 0 0
15 0 .00023
16 0 .00092
17 0 .03745
18 0 .0291
19 0 .03373
20 0 .02414
21 0 .0295
22 0 .03087
23 0 .02643
24 0 .02966
25 0 .02612
26 0 .02113
27 0 .01996
28 0 .01577
29 0 .0127
30 0 .01168
31 0 .01004
32 0 .00856
33 0 .00802
34 0 .00632
35 0 .00543
36 0 .0044
37 0 .00335
38 0 .0027
39 0 .00198
40 0 .00156
41 0 .00103
42 0 .00081
43 0 .00052
44 0 .00038
45 0 .00026
46 0 .00012
47 0 .00009
48 0 .00006
49 0 .00002
50 0 0
51 0 0
100 0 0
*parity 0 single
birth 1 F single 0
14 0 0
15 0 .00002
16 0 .00007
17 0 .00015
18 0 .00026
19 0 .00039
20 0 .00053
21 0 .00057
22 0 .00059
23 0 .00061
24 0 .0006
25 0 .00061
26 0 .00072
27 0 .0008
28 0 .00084
29 0 .00095
30 0 .00098
31 0 .00097
32 0 .00095
33 0 .00083
34 0 .00113
35 0 .00076
36 0 .00062
37 0 .00065
38 0 .00056
39 0 .00064
40 0 .00043
41 0 .00036
42 0 .00029
43 0 .00019
44 0 .00016
45 0 .00008
46 0 .00004
47 0 .00002
48 0 .00001
49 0 0
50 0 0
51 0 0
100 0 0
*parity 0 widowed
birth 1 F widowed 0
14 0 0
15 0 .00001
16 0 .00005
17 0 .06137
18 0 .1972
19 0 .02977
20 0 .05968
21 0 .0428
22 0 .0277
23 0 .06167
24 0 .01833
25 0 .02932
26 0 .01217
27 0 .00663
28 0 .00517
29 0 .00599
30 0 .00364
31 0 .00288
32 0 .00181
33 0 .00142
34 0 .00104
35 0 .00063
36 0 .00058
37 0 .00049
38 0 .0003
39 0 .00026
40 0 .0002
41 0 .00021
42 0 .00009
43 0 .00007
44 0 .00004
45 0 .00003
46 0 .00002
47 0 .00001
48 0 .00001
49 0 0
50 0 0
51 0 0
100 0 0
*parity 0 divorced
birth 1 F divorced 0
14 0 0
15 0 .00001
16 0 .00005
17 0 .06137
18 0 .1972
19 0 .02977
20 0 .05968
21 0 .0428
22 0 .0277
23 0 .06167
24 0 .01833
25 0 .02932
26 0 .01217
27 0 .00663
28 0 .00517
29 0 .00599
30 0 .00364
31 0 .00288
32 0 .00181
33 0 .00142
34 0 .00104
35 0 .00063
36 0 .00058
37 0 .00049
38 0 .0003
39 0 .00026
40 0 .0002
41 0 .00021
42 0 .00009
43 0 .00007
44 0 .00004
45 0 .00003
46 0 .00002
47 0 .00001
48 0 .00001
49 0 0
50 0 0
51 0 0
100 0 0
*parity 1 married
birth 1 F married 1
14 0 0
15 0 0
16 0 .00005
17 0 .00018
18 0 .02241
19 0 .01654
20 0 .01657
21 0 .01814
22 0 .02136
23 0 .02017
24 0 .02087
25 0 .02293
26 0 .01948
27 0 .01596
28 0 .01711
29 0 .01833
30 0 .01842
31 0 .01492
32 0 .01482
33 0 .014
34 0 .00955
35 0 .00799
36 0 .00849
37 0 .00725
38 0 .00563
39 0 .00406
40 0 .0038
41 0 .00253
42 0 .00162
43 0 .00096
44 0 .00056
45 0 .00027
46 0 .00017
47 0 .00008
48 0 .00003
49 0 .00001
50 0 .00001
51 0 0
100 0 0
*parity 1 single
birth 1 F single 1
14 0 0
15 0 0
16 0 0
17 0 .00001
18 0 .01601
19 0 .0479
20 0 .0296
21 0 .04271
22 0 .01917
23 0 .07885
24 0 .00024
25 0 .09191
26 0 .04445
27 0 .04123
28 0 .05374
29 0 .1848
30 0 .04513
31 0 .15453
32 0 .2812
33 0 .23891
34 0 .20319
35 0 .00009
36 0 .12263
37 0 .00006
38 0 .00004
39 0 .00003
40 0 .00002
41 0 .00737
42 0 .0153
43 0 .00001
44 0 .00581
45 0 .00279
46 0 0
47 0 0
48 0 0
49 0 0
50 0 0
51 0 0
100 0 0
*parity 1 widowed
birth 1 F widowed 1
14 0 0
15 0 0
16 0 0
17 0 .00001
18 0 .01681
19 0 .01341
20 0 .00956
21 0 .01196
22 0 .00632
23 0 .00849
24 0 .0058
25 0 .00495
26 0 .00401
27 0 .00371
28 0 .00325
29 0 .00272
30 0 .00226
31 0 .00187
32 0 .00177
33 0 .00158
34 0 .00135
35 0 .00095
36 0 .00083
37 0 .00063
38 0 .00049
39 0 .00035
40 0 .00026
41 0 .00012
42 0 .00009
43 0 .00006
44 0 .00003
45 0 .00002
46 0 .00001
47 0 0
48 0 0
49 0 0
50 0 0
51 0 0
100 0 0
*parity 1 divorced
birth 1 F divorced 1
14 0 0
15 0 0
16 0 0
17 0 .00001
18 0 .01681
19 0 .01341
20 0 .00956
21 0 .01196
22 0 .00632
23 0 .00849
24 0 .0058
25 0 .00495
26 0 .00401
27 0 .00371
28 0 .00325
29 0 .00272
30 0 .00226
31 0 .00187
32 0 .00177
33 0 .00158
34 0 .00135
35 0 .00095
36 0 .00083
37 0 .00063
38 0 .00049
39 0 .00035
40 0 .00026
41 0 .00012
42 0 .00009
43 0 .00006
44 0 .00003
45 0 .00002
46 0 .00001
47 0 0
48 0 0
49 0 0
50 0 0
51 0 0
100 0 0
*parity 2 married
birth 1 F married 2
14 0 0
15 0 0
16 0 0
17 0 .00001
18 0 .00006
19 0 .02488
20 0 .01421
21 0 .01529
22 0 .01221
23 0 .01322
24 0 .01191
25 0 .012
26 0 .01181
27 0 .01199
28 0 .01167
29 0 .00992
30 0 .00956
31 0 .0093
32 0 .0083
33 0 .00716
34 0 .00655
35 0 .00636
36 0 .00556
37 0 .00445
38 0 .0041
39 0 .00345
40 0 .00265
41 0 .00207
42 0 .00154
43 0 .00115
44 0 .00077
45 0 .00049
46 0 .0003
47 0 .00017
48 0 .00008
49 0 .00004
50 0 .00001
51 0 .00001
100 0 0
*parity 2 single
birth 1 F single 2
14 0 0
15 0 0
16 0 0
17 0 0
18 0 0
19 0 .00001
20 0 .04512
21 0 .02185
22 0 .01897
23 0 .01853
24 0 .02127
25 0 .01771
26 0 .02634
27 0 .02386
28 0 .01773
29 0 .0307
30 0 .02248
31 0 .02089
32 0 .02336
33 0 .02862
34 0 .01868
35 0 .01973
36 0 .03393
37 0 .08084
38 0 .02083
39 0 .02879
40 0 .04725
41 0 .01183
42 0 .01912
43 0 .05557
44 0 .01066
45 0 .0249
46 0 .00001
47 0 .00001
48 0 .00116
49 0 .00059
50 0 0
51 0 0
100 0 0
*parity 2 widowed
birth 1 F widowed 2
14 0 0
15 0 0
16 0 0
17 0 0
18 0 0
19 0 .00001
20 0 .00002
21 0 .0051
22 0 .00547
23 0 .00449
24 0 .00596
25 0 .00404
26 0 .0035
27 0 .00304
28 0 .00322
29 0 .00266
30 0 .00214
31 0 .00189
32 0 .00157
33 0 .00132
34 0 .00126
35 0 .0012
36 0 .00075
37 0 .0007
38 0 .00054
39 0 .00041
40 0 .00033
41 0 .00027
42 0 .00019
43 0 .00012
44 0 .00009
45 0 .00005
46 0 .00003
47 0 .00002
48 0 .00001
49 0 0
50 0 0
51 0 0
100 0 0
*parity 2 divorced
birth 1 F divorced 2
14 0 0
15 0 0
16 0 0
17 0 0
18 0 0
19 0 .00001
20 0 .00002
21 0 .0051
22 0 .00547
23 0 .00449
24 0 .00596
25 0 .00404
26 0 .0035
27 0 .00304
28 0 .00322
29 0 .00266
30 0 .00214
31 0 .00189
32 0 .00157
33 0 .00132
34 0 .00126
35 0 .0012
36 0 .00075
37 0 .0007
38 0 .00054
39 0 .00041
40 0 .00033
41 0 .00027
42 0 .00019
43 0 .00012
44 0 .00009
45 0 .00005
46 0 .00003
47 0 .00002
48 0 .00001
49 0 0
50 0 0
51 0 0
100 0 0
