*parity 0 married
birth 1 F married 0
14 0 0
15 0 .00012
16 0 .00049
17 0 .02847
18 0 .02429
19 0 .02013
20 0 .01805
21 0 .01851
22 0 .01706
23 0 .01626
24 0 .01483
25 0 .01291
26 0 .01421
27 0 .01337
28 0 .01136
29 0 .00905
30 0 .00696
31 0 .00536
32 0 .00486
33 0 .00396
34 0 .00337
35 0 .00322
36 0 .00298
37 0 .00251
38 0 .00185
39 0 .00162
40 0 .00115
41 0 .00088
42 0 .00072
43 0 .00043
44 0 .0003
45 0 .0002
46 0 .00014
47 0 .00006
48 0 .00002
49 0 .00001
50 0 0
51 0 0
100 0 0
*parity 0 single
birth 1 F single 0
14 0 0
15 0 .00011
16 0 .00044
17 0 .00089
18 0 .00155
19 0 .00232
20 0 .00296
21 0 .00332
22 0 .00359
23 0 .00365
24 0 .00387
25 0 .00391
26 0 .00393
27 0 .00401
28 0 .00432
29 0 .00476
30 0 .00543
31 0 .00606
32 0 .00547
33 0 .00596
34 0 .00706
35 0 .00577
36 0 .00601
37 0 .0049
38 0 .00514
39 0 .00388
40 0 .00433
41 0 .00246
42 0 .00183
43 0 .0024
44 0 .00169
45 0 .00076
46 0 .00073
47 0 .00038
48 0 .00015
49 0 .00004
50 0 .00001
51 0 .00001
100 0 0
*parity 0 widowed
birth 1 F widowed 0
14 0 0
15 0 .00003
16 0 .00013
17 0 .00026
18 0 .35974
19 0 .31859
20 0 .45748
21 0 .66489
22 0 .69958
23 0 .38113
24 0 .93875
25 0 .58068
26 0 .17676
27 0 .00044
28 0 1.32537
29 0 .54929
30 0 1.01256
31 0 .15355
32 0 .16045
33 0 .03322
34 0 .01406
35 0 .01252
36 0 .00713
37 0 .00641
38 0 .0052
39 0 .00414
40 0 .00166
41 0 .0018
42 0 .00068
43 0 .00045
44 0 .00033
45 0 .00019
46 0 .00008
47 0 .00003
48 0 .00001
49 0 0
50 0 0
51 0 0
100 0 0
*parity 0 divorced
birth 1 F divorced 0
14 0 0
15 0 .00003
16 0 .00013
17 0 .00026
18 0 .35974
19 0 .31859
20 0 .45748
21 0 .66489
22 0 .69958
23 0 .38113
24 0 .93875
25 0 .58068
26 0 .17676
27 0 .00044
28 0 1.32537
29 0 .54929
30 0 1.01256
31 0 .15355
32 0 .16045
33 0 .03322
34 0 .01406
35 0 .01252
36 0 .00713
37 0 .00641
38 0 .0052
39 0 .00414
40 0 .00166
41 0 .0018
42 0 .00068
43 0 .00045
44 0 .00033
45 0 .00019
46 0 .00008
47 0 .00003
48 0 .00001
49 0 0
50 0 0
51 0 0
100 0 0
*parity 1 married
birth 1 F married 1
14 0 0
15 0 0
16 0 .00003
17 0 .27631
18 0 .04218
19 0 .02562
20 0 .02132
21 0 .0267
22 0 .02001
23 0 .01863
24 0 .01708
25 0 .01391
26 0 .01419
27 0 .01437
28 0 .01142
29 0 .01226
30 0 .01339
31 0 .01384
32 0 .01482
33 0 .00987
34 0 .00806
35 0 .00619
36 0 .00484
37 0 .00396
38 0 .00362
39 0 .00331
40 0 .00275
41 0 .00292
42 0 .00403
43 0 .00922
44 0 .00832
45 0 .00001
46 0 .00001
47 0 .00102
48 0 .00054
49 0 .00069
50 0 .00007
51 0 .00007
100 0 0
*parity 1 single
birth 1 F single 1
14 0 0
15 0 0
16 0 .00002
17 0 .02533
18 0 .02577
19 0 .04318
20 0 .03873
21 0 .03934
22 0 .02698
23 0 .02922
24 0 .02843
25 0 .03585
26 0 .03524
27 0 .03235
28 0 .04246
29 0 .06183
30 0 .11083
31 0 .11883
32 0 .13522
33 0 .23241
34 0 .47674
35 0 .51473
36 0 1
37 0 .00036
38 0 .15254
39 0 .21211
40 0 .00015
41 0 .16323
42 0 .11095
43 0 .00004
44 0 .00002
45 0 .00001
46 0 .00001
47 0 .00466
48 0 .0005
49 0 0
50 0 0
51 0 0
100 0 0
*parity 1 widowed
birth 1 F widowed 1
14 0 0
15 0 0
16 0 .00001
17 0 .00003
18 0 .03748
19 0 .08112
20 0 .03227
21 0 .02478
22 0 .03334
23 0 .03541
24 0 .03147
25 0 .01745
26 0 .01771
27 0 .01583
28 0 .01287
29 0 .00966
30 0 .00983
31 0 .00803
32 0 .00699
33 0 .0055
34 0 .00438
35 0 .00323
36 0 .00265
37 0 .00252
38 0 .00208
39 0 .00167
40 0 .00188
41 0 .00247
42 0 .00259
43 0 .0041
44 0 .00385
45 0 .00202
46 0 .0032
47 0 .00141
48 0 .0002
49 0 0
50 0 .00003
51 0 .00001
100 0 0
*parity 1 divorced
birth 1 F divorced 1
14 0 0
15 0 0
16 0 .00001
17 0 .00003
18 0 .03748
19 0 .08112
20 0 .03227
21 0 .02478
22 0 .03334
23 0 .03541
24 0 .03147
25 0 .01745
26 0 .01771
27 0 .01583
28 0 .01287
29 0 .00966
30 0 .00983
31 0 .00803
32 0 .00699
33 0 .0055
34 0 .00438
35 0 .00323
36 0 .00265
37 0 .00252
38 0 .00208
39 0 .00167
40 0 .00188
41 0 .00247
42 0 .00259
43 0 .0041
44 0 .00385
45 0 .00202
46 0 .0032
47 0 .00141
48 0 .0002
49 0 0
50 0 .00003
51 0 .00001
100 0 0
*parity 2 married
birth 1 F married 2
14 0 0
15 0 0
16 0 0
17 0 .00001
18 0 .00678
19 0 .00512
20 0 .01045
21 0 .00774
22 0 .00922
23 0 .0099
24 0 .00947
25 0 .01164
26 0 .00983
27 0 .00893
28 0 .00877
29 0 .00715
30 0 .00599
31 0 .00552
32 0 .00477
33 0 .00451
34 0 .00414
35 0 .00362
36 0 .00321
37 0 .00274
38 0 .00239
39 0 .00191
40 0 .00166
41 0 .0012
42 0 .00084
43 0 .00057
44 0 .0004
45 0 .00028
46 0 .00016
47 0 .0001
48 0 .00005
49 0 .00003
50 0 .00001
51 0 0
100 0 0
*parity 2 single
birth 1 F single 2
14 0 0
15 0 0
16 0 0
17 0 .02099
18 0 .00898
19 0 .01408
20 0 .01791
21 0 .0154
22 0 .01721
23 0 .01688
24 0 .01634
25 0 .01796
26 0 .01659
27 0 .01658
28 0 .0173
29 0 .01748
30 0 .01741
31 0 .01784
32 0 .01881
33 0 .01879
34 0 .02173
35 0 .01745
36 0 .02104
37 0 .01995
38 0 .01832
39 0 .02335
40 0 .01463
41 0 .01657
42 0 .01779
43 0 .01152
44 0 .00985
45 0 .00849
46 0 .00635
47 0 .00337
48 0 .00255
49 0 .00117
50 0 .00056
51 0 .00044
100 0 0
*parity 2 widowed
birth 1 F widowed 2
14 0 0
15 0 0
16 0 0
17 0 0
18 0 .00001
19 0 .03841
20 0 .02804
21 0 .01506
22 0 .01053
23 0 .00977
24 0 .00898
25 0 .00818
26 0 .00689
27 0 .00583
28 0 .00493
29 0 .00443
30 0 .00368
31 0 .00286
32 0 .00253
33 0 .00222
34 0 .00176
35 0 .0017
36 0 .00132
37 0 .00111
38 0 .00089
39 0 .0007
40 0 .00054
41 0 .00038
42 0 .00029
43 0 .00021
44 0 .00014
45 0 .00009
46 0 .00005
47 0 .00003
48 0 .00001
49 0 .00001
50 0 0
51 0 0
100 0 0
*parity 2 divorced
birth 1 F divorced 2
14 0 0
15 0 0
16 0 0
17 0 0
18 0 .00001
19 0 .03841
20 0 .02804
21 0 .01506
22 0 .01053
23 0 .00977
24 0 .00898
25 0 .00818
26 0 .00689
27 0 .00583
28 0 .00493
29 0 .00443
30 0 .00368
31 0 .00286
32 0 .00253
33 0 .00222
34 0 .00176
35 0 .0017
36 0 .00132
37 0 .00111
38 0 .00089
39 0 .0007
40 0 .00054
41 0 .00038
42 0 .00029
43 0 .00021
44 0 .00014
45 0 .00009
46 0 .00005
47 0 .00003
48 0 .00001
49 0 .00001
50 0 0
51 0 0
100 0 0
