*parity 0 married
birth 1 F married 0
14 0 0
15 0 .00022
16 0 .00091
17 0 .04818
18 0 .03228
19 0 .03828
20 0 .03214
21 0 .02901
22 0 .03644
23 0 .02971
24 0 .02734
25 0 .03528
26 0 .03041
27 0 .0258
28 0 .01855
29 0 .01549
30 0 .01405
31 0 .01099
32 0 .0078
33 0 .00683
34 0 .00578
35 0 .00491
36 0 .00426
37 0 .00351
38 0 .00272
39 0 .00199
40 0 .00141
41 0 .00099
42 0 .0007
43 0 .00045
44 0 .00026
45 0 .00018
46 0 .00011
47 0 .00008
48 0 .00004
49 0 .00001
50 0 0
51 0 0
100 0 0
*parity 0 single
birth 1 F single 0
14 0 0
15 0 .00002
16 0 .00008
17 0 .00016
18 0 .00028
19 0 .00041
20 0 .00054
21 0 .00061
22 0 .00061
23 0 .00068
24 0 .00066
25 0 .00065
26 0 .0007
27 0 .00078
28 0 .00084
29 0 .00101
30 0 .00104
31 0 .00104
32 0 .00111
33 0 .00111
34 0 .00091
35 0 .0009
36 0 .00081
37 0 .00105
38 0 .00066
39 0 .00051
40 0 .00043
41 0 .00041
42 0 .00033
43 0 .00025
44 0 .00018
45 0 .00015
46 0 .00007
47 0 .00005
48 0 .00002
49 0 0
50 0 0
51 0 0
100 0 0
*parity 0 widowed
birth 1 F widowed 0
14 0 0
15 0 .00001
16 0 .00005
17 0 .00009
18 0 .19518
19 0 .05007
20 0 .30388
21 0 .15229
22 0 .0721
23 0 .03878
24 0 .02347
25 0 .01874
26 0 .02693
27 0 .01641
28 0 .01127
29 0 .00492
30 0 .00398
31 0 .00239
32 0 .00259
33 0 .00184
34 0 .00119
35 0 .00081
36 0 .00062
37 0 .00043
38 0 .00028
39 0 .00021
40 0 .00017
41 0 .0001
42 0 .00008
43 0 .00005
44 0 .00004
45 0 .00002
46 0 .00001
47 0 .00001
48 0 0
49 0 0
50 0 0
51 0 0
100 0 0
*parity 0 divorced
birth 1 F divorced 0
14 0 0
15 0 .00001
16 0 .00005
17 0 .00009
18 0 .19518
19 0 .05007
20 0 .30388
21 0 .15229
22 0 .0721
23 0 .03878
24 0 .02347
25 0 .01874
26 0 .02693
27 0 .01641
28 0 .01127
29 0 .00492
30 0 .00398
31 0 .00239
32 0 .00259
33 0 .00184
34 0 .00119
35 0 .00081
36 0 .00062
37 0 .00043
38 0 .00028
39 0 .00021
40 0 .00017
41 0 .0001
42 0 .00008
43 0 .00005
44 0 .00004
45 0 .00002
46 0 .00001
47 0 .00001
48 0 0
49 0 0
50 0 0
51 0 0
100 0 0
*parity 1 married
birth 1 F married 1
14 0 0
15 0 0
16 0 .00005
17 0 .00018
18 0 .01767
19 0 .01827
20 0 .01703
21 0 .01901
22 0 .01701
23 0 .01584
24 0 .01741
25 0 .0202
26 0 .01649
27 0 .01785
28 0 .01736
29 0 .01824
30 0 .01529
31 0 .01433
32 0 .01616
33 0 .0139
34 0 .01192
35 0 .01004
36 0 .0096
37 0 .0062
38 0 .00411
39 0 .00438
40 0 .00344
41 0 .00222
42 0 .00134
43 0 .00115
44 0 .00059
45 0 .00033
46 0 .00016
47 0 .00007
48 0 .00003
49 0 .00001
50 0 0
51 0 0
100 0 0
*parity 1 single
birth 1 F single 1
14 0 0
15 0 0
16 0 0
17 0 .00002
18 0 .02661
19 0 .01433
20 0 .02111
21 0 .02841
22 0 .02298
23 0 .02545
24 0 .06605
25 0 .03294
26 0 .07214
27 0 .05149
28 0 .18757
29 0 .34887
30 0 .05755
31 0 .10872
32 0 .29762
33 0 .0385
34 0 .00013
35 0 .09112
36 0 .1445
37 0 .05707
38 0 .08411
39 0 .05941
40 0 .00003
41 0 .02887
42 0 .00001
43 0 .00001
44 0 0
45 0 .00313
46 0 0
47 0 .0004
48 0 .0001
49 0 0
50 0 0
51 0 0
100 0 0
*parity 1 widowed
birth 1 F widowed 1
14 0 0
15 0 0
16 0 0
17 0 .00001
18 0 .00003
19 0 .03112
20 0 .00874
21 0 .00543
22 0 .00463
23 0 .00582
24 0 .00793
25 0 .00501
26 0 .00448
27 0 .00379
28 0 .00485
29 0 .00297
30 0 .00221
31 0 .00215
32 0 .00181
33 0 .00133
34 0 .00107
35 0 .00098
36 0 .00075
37 0 .00064
38 0 .0004
39 0 .00031
40 0 .00022
41 0 .00017
42 0 .0001
43 0 .00006
44 0 .00003
45 0 .00002
46 0 .00001
47 0 0
48 0 0
49 0 0
50 0 0
51 0 0
100 0 0
*parity 1 divorced
birth 1 F divorced 1
14 0 0
15 0 0
16 0 0
17 0 .00001
18 0 .00003
19 0 .03112
20 0 .00874
21 0 .00543
22 0 .00463
23 0 .00582
24 0 .00793
25 0 .00501
26 0 .00448
27 0 .00379
28 0 .00485
29 0 .00297
30 0 .00221
31 0 .00215
32 0 .00181
33 0 .00133
34 0 .00107
35 0 .00098
36 0 .00075
37 0 .00064
38 0 .0004
39 0 .00031
40 0 .00022
41 0 .00017
42 0 .0001
43 0 .00006
44 0 .00003
45 0 .00002
46 0 .00001
47 0 0
48 0 0
49 0 0
50 0 0
51 0 0
100 0 0
*parity 2 married
birth 1 F married 2
14 0 0
15 0 0
16 0 0
17 0 .00001
18 0 .00006
19 0 .02084
20 0 .01654
21 0 .01572
22 0 .0166
23 0 .01394
24 0 .01321
25 0 .01199
26 0 .0117
27 0 .00979
28 0 .00973
29 0 .00902
30 0 .00908
31 0 .00835
32 0 .00742
33 0 .00705
34 0 .00662
35 0 .00578
36 0 .00489
37 0 .00417
38 0 .00408
39 0 .00335
40 0 .00265
41 0 .00215
42 0 .00159
43 0 .00108
44 0 .00079
45 0 .00051
46 0 .00031
47 0 .00016
48 0 .00008
49 0 .00004
50 0 .00002
51 0 .00001
100 0 0
*parity 2 single
birth 1 F single 2
14 0 0
15 0 0
16 0 0
17 0 0
18 0 .00001
19 0 .00002
20 0 .00849
21 0 .07656
22 0 .02352
23 0 .01852
24 0 .01352
25 0 .01215
26 0 .02609
27 0 .02434
28 0 .02412
29 0 .01746
30 0 .02337
31 0 .0194
32 0 .02724
33 0 .02551
34 0 .02622
35 0 .02313
36 0 .02217
37 0 .02313
38 0 .02343
39 0 .04723
40 0 .15818
41 0 .02388
42 0 .0294
43 0 .0629
44 0 .00773
45 0 .00672
46 0 .01599
47 0 .00241
48 0 .00433
49 0 0
50 0 0
51 0 .00009
100 0 0
*parity 2 widowed
birth 1 F widowed 2
14 0 0
15 0 0
16 0 0
17 0 0
18 0 0
19 0 .00001
20 0 .00879
21 0 .00679
22 0 .0146
23 0 .00522
24 0 .00581
25 0 .00321
26 0 .00302
27 0 .00293
28 0 .00241
29 0 .00217
30 0 .002
31 0 .00204
32 0 .00155
33 0 .00122
34 0 .00111
35 0 .00093
36 0 .00078
37 0 .00069
38 0 .00062
39 0 .00041
40 0 .00034
41 0 .00023
42 0 .00017
43 0 .00012
44 0 .00009
45 0 .00005
46 0 .00003
47 0 .00002
48 0 .00001
49 0 0
50 0 0
51 0 0
100 0 0
*parity 2 divorced
birth 1 F divorced 2
14 0 0
15 0 0
16 0 0
17 0 0
18 0 0
19 0 .00001
20 0 .00879
21 0 .00679
22 0 .0146
23 0 .00522
24 0 .00581
25 0 .00321
26 0 .00302
27 0 .00293
28 0 .00241
29 0 .00217
30 0 .002
31 0 .00204
32 0 .00155
33 0 .00122
34 0 .00111
35 0 .00093
36 0 .00078
37 0 .00069
38 0 .00062
39 0 .00041
40 0 .00034
41 0 .00023
42 0 .00017
43 0 .00012
44 0 .00009
45 0 .00005
46 0 .00003
47 0 .00002
48 0 .00001
49 0 0
50 0 0
51 0 0
100 0 0
