*parity 0 married
birth 1 F married 0
14 0 0
15 0 .00011
16 0 .00044
17 0 .03502
18 0 .0266
19 0 .02778
20 0 .0321
21 0 .03217
22 0 .02851
23 0 .02222
24 0 .02268
25 0 .02165
26 0 .01542
27 0 .01834
28 0 .01578
29 0 .01416
30 0 .00963
31 0 .00738
32 0 .00563
33 0 .0038
34 0 .00259
35 0 .00231
36 0 .00175
37 0 .0013
38 0 .00107
39 0 .00081
40 0 .0006
41 0 .00043
42 0 .00032
43 0 .00021
44 0 .00014
45 0 .00009
46 0 .00005
47 0 .00003
48 0 .00001
49 0 .00001
50 0 0
51 0 0
100 0 0
*parity 0 single
birth 1 F single 0
14 0 0
15 0 .00013
16 0 .00052
17 0 .00102
18 0 .00178
19 0 .00257
20 0 .00321
21 0 .00352
22 0 .00365
23 0 .00378
24 0 .00396
25 0 .00399
26 0 .00427
27 0 .00424
28 0 .00481
29 0 .00484
30 0 .00496
31 0 .00517
32 0 .0055
33 0 .00555
34 0 .00572
35 0 .0053
36 0 .00551
37 0 .00421
38 0 .00512
39 0 .0045
40 0 .0039
41 0 .00343
42 0 .00357
43 0 .00272
44 0 .00152
45 0 .00148
46 0 .001
47 0 .00065
48 0 .00019
49 0 .00007
50 0 .00002
51 0 .00001
100 0 0
*parity 0 widowed
birth 1 F widowed 0
14 0 0
15 0 .00003
16 0 .0001
17 0 .0002
18 0 .19481
19 0 .00045
20 0 1.48273
21 0 .00054
22 0 .00051
23 0 .41844
24 0 .15431
25 0 1.01564
26 0 .48915
27 0 .46077
28 0 .21619
29 0 .1041
30 0 .16013
31 0 .13727
32 0 .03929
33 0 .02246
34 0 .00897
35 0 .0053
36 0 .00389
37 0 .00193
38 0 .00132
39 0 .00089
40 0 .0008
41 0 .00038
42 0 .00025
43 0 .00015
44 0 .00007
45 0 .00005
46 0 .00003
47 0 .00001
48 0 .00001
49 0 0
50 0 0
51 0 0
100 0 0
*parity 0 divorced
birth 1 F divorced 0
14 0 0
15 0 .00003
16 0 .0001
17 0 .0002
18 0 .19481
19 0 .00045
20 0 1.48273
21 0 .00054
22 0 .00051
23 0 .41844
24 0 .15431
25 0 1.01564
26 0 .48915
27 0 .46077
28 0 .21619
29 0 .1041
30 0 .16013
31 0 .13727
32 0 .03929
33 0 .02246
34 0 .00897
35 0 .0053
36 0 .00389
37 0 .00193
38 0 .00132
39 0 .00089
40 0 .0008
41 0 .00038
42 0 .00025
43 0 .00015
44 0 .00007
45 0 .00005
46 0 .00003
47 0 .00001
48 0 .00001
49 0 0
50 0 0
51 0 0
100 0 0
*parity 1 married
birth 1 F married 1
14 0 0
15 0 0
16 0 .00002
17 0 .00009
18 0 .02516
19 0 .01692
20 0 .01397
21 0 .01749
22 0 .01761
23 0 .01833
24 0 .01804
25 0 .01655
26 0 .01699
27 0 .01765
28 0 .01513
29 0 .01058
30 0 .01048
31 0 .01203
32 0 .009
33 0 .00857
34 0 .0107
35 0 .00815
36 0 .00567
37 0 .00498
38 0 .00386
39 0 .00286
40 0 .00203
41 0 .00168
42 0 .00134
43 0 .00067
44 0 .00044
45 0 .00017
46 0 .00011
47 0 .00006
48 0 .00004
49 0 .00001
50 0 0
51 0 0
100 0 0
*parity 1 single
birth 1 F single 1
14 0 0
15 0 0
16 0 .00003
17 0 .03171
18 0 .02316
19 0 .03095
20 0 .02897
21 0 .0333
22 0 .02954
23 0 .02823
24 0 .02365
25 0 .02596
26 0 .02906
27 0 .02924
28 0 .03047
29 0 .03086
30 0 .03697
31 0 .05276
32 0 .04725
33 0 .08543
34 0 .12663
35 0 .14804
36 0 .18849
37 0 .43573
38 0 .00032
39 0 .00024
40 0 .52523
41 0 .1757
42 0 .00008
43 0 .00005
44 0 .00003
45 0 .00001
46 0 .0184
47 0 0
48 0 .0018
49 0 .00037
50 0 .00032
51 0 0
100 0 0
*parity 1 widowed
birth 1 F widowed 1
14 0 0
15 0 0
16 0 .00001
17 0 .00002
18 0 .00006
19 0 .08608
20 0 .05216
21 0 .03368
22 0 .03955
23 0 .03131
24 0 .0354
25 0 .02913
26 0 .03419
27 0 .03056
28 0 .03509
29 0 .02478
30 0 .01362
31 0 .01196
32 0 .0076
33 0 .00722
34 0 .00523
35 0 .00488
36 0 .00304
37 0 .00193
38 0 .00122
39 0 .00075
40 0 .00057
41 0 .00034
42 0 .00024
43 0 .00014
44 0 .00007
45 0 .00003
46 0 .00002
47 0 .00001
48 0 .00001
49 0 0
50 0 0
51 0 0
100 0 0
*parity 1 divorced
birth 1 F divorced 1
14 0 0
15 0 0
16 0 .00001
17 0 .00002
18 0 .00006
19 0 .08608
20 0 .05216
21 0 .03368
22 0 .03955
23 0 .03131
24 0 .0354
25 0 .02913
26 0 .03419
27 0 .03056
28 0 .03509
29 0 .02478
30 0 .01362
31 0 .01196
32 0 .0076
33 0 .00722
34 0 .00523
35 0 .00488
36 0 .00304
37 0 .00193
38 0 .00122
39 0 .00075
40 0 .00057
41 0 .00034
42 0 .00024
43 0 .00014
44 0 .00007
45 0 .00003
46 0 .00002
47 0 .00001
48 0 .00001
49 0 0
50 0 0
51 0 0
100 0 0
*parity 2 married
birth 1 F married 2
14 0 0
15 0 0
16 0 0
17 0 .00001
18 0 .00003
19 0 .02263
20 0 .01572
21 0 .01293
22 0 .01301
23 0 .01283
24 0 .01036
25 0 .01125
26 0 .00989
27 0 .00858
28 0 .00748
29 0 .00804
30 0 .00759
31 0 .00556
32 0 .00505
33 0 .00448
34 0 .00399
35 0 .00344
36 0 .00326
37 0 .00285
38 0 .00245
39 0 .00213
40 0 .00171
41 0 .00132
42 0 .00097
43 0 .00073
44 0 .00053
45 0 .00035
46 0 .00022
47 0 .00012
48 0 .00006
49 0 .00003
50 0 .00001
51 0 0
100 0 0
*parity 2 single
birth 1 F single 2
14 0 0
15 0 0
16 0 0
17 0 .00001
18 0 .00776
19 0 .01397
20 0 .01762
21 0 .01391
22 0 .01442
23 0 .01422
24 0 .0136
25 0 .01305
26 0 .01181
27 0 .01126
28 0 .01035
29 0 .01051
30 0 .01068
31 0 .01016
32 0 .01181
33 0 .01143
34 0 .01222
35 0 .0125
36 0 .01224
37 0 .0149
38 0 .01458
39 0 .01294
40 0 .01251
41 0 .01164
42 0 .00962
43 0 .00959
44 0 .00794
45 0 .00557
46 0 .00383
47 0 .00225
48 0 .00147
49 0 .00061
50 0 .00024
51 0 .00012
100 0 0
*parity 2 widowed
birth 1 F widowed 2
14 0 0
15 0 0
16 0 0
17 0 0
18 0 .00001
19 0 .0325
20 0 .01505
21 0 .01456
22 0 .01611
23 0 .01309
24 0 .01179
25 0 .00712
26 0 .00665
27 0 .00527
28 0 .00446
29 0 .00403
30 0 .00335
31 0 .00305
32 0 .00256
33 0 .00221
34 0 .00181
35 0 .0015
36 0 .00127
37 0 .0011
38 0 .00085
39 0 .00072
40 0 .00058
41 0 .00042
42 0 .00028
43 0 .00019
44 0 .00014
45 0 .00009
46 0 .00005
47 0 .00002
48 0 .00001
49 0 .00001
50 0 0
51 0 0
100 0 0
*parity 2 divorced
birth 1 F divorced 2
14 0 0
15 0 0
16 0 0
17 0 0
18 0 .00001
19 0 .0325
20 0 .01505
21 0 .01456
22 0 .01611
23 0 .01309
24 0 .01179
25 0 .00712
26 0 .00665
27 0 .00527
28 0 .00446
29 0 .00403
30 0 .00335
31 0 .00305
32 0 .00256
33 0 .00221
34 0 .00181
35 0 .0015
36 0 .00127
37 0 .0011
38 0 .00085
39 0 .00072
40 0 .00058
41 0 .00042
42 0 .00028
43 0 .00019
44 0 .00014
45 0 .00009
46 0 .00005
47 0 .00002
48 0 .00001
49 0 .00001
50 0 0
51 0 0
100 0 0
