*parity 0 married
birth 1 F married 0
14 0 0
15 0 .00164
16 0 .00151
17 0 .05593
18 0 .03057
19 0 .03471
20 0 .04462
21 0 .05292
22 0 .05024
23 0 .04163
24 0 .04066
25 0 .03234
26 0 .01837
27 0 .00909
28 0 .00344
29 0 .00016
30 0 0
31 0 .00125
32 0 .00419
33 0 .00774
34 0 .01072
35 0 .01312
36 0 .01933
37 0 .02328
38 0 .0231
39 0 .02832
40 0 .02093
41 0 .02467
42 0 .03365
43 0 .02395
44 0 .0279
45 0 .0319
46 0 .01702
47 0 .03549
48 0 .04342
49 0 .01649
50 0 .01818
51 0 .04237
100 0 0
*parity 0 single
birth 1 F single 0
14 0 0
15 0 .00006
16 0 .00006
17 0 .00009
18 0 .00019
19 0 .00037
20 0 .0006
21 0 .00078
22 0 .0011
23 0 .00128
24 0 .00133
25 0 .00108
26 0 .00089
27 0 .00061
28 0 .0002
29 0 .00001
30 0 0
31 0 .0001
32 0 .00068
33 0 .00074
34 0 .00214
35 0 .00227
36 0 .00582
37 0 .00525
38 0 .01302
39 0 .00715
40 0 .02439
41 0 .00839
42 0 .00588
43 0 .00286
44 0 .00397
45 0 .00259
46 0 .0045
47 0 .00164
48 0 .00177
49 0 .00385
50 0 .00518
51 0 .00086
100 0 0
*parity 0 widowed
birth 1 F widowed 0
14 0 0
15 0 .0001
16 0 .00009
17 0 .00013
18 0 .00021
19 0 .09375
20 0 .05757
21 0 .09984
22 0 .08142
23 0 .02861
24 0 .10941
25 0 .02901
26 0 .09547
27 0 .00597
28 0 .00735
29 0 .00009
30 0 0
31 0 .0009
32 0 .00156
33 0 .00234
34 0 .01194
35 0 .00795
36 0 .00371
37 0 .01392
38 0 .02072
39 0 .01518
40 0 .00485
41 0 .00445
42 0 .00535
43 0 .00423
44 0 .00223
45 0 .00267
46 0 .00597
47 0 .00245
48 0 .0047
49 0 .00437
50 0 .00206
51 0 .00721
100 0 0
*parity 0 divorced
birth 1 F divorced 0
14 0 0
15 0 .0001
16 0 .00009
17 0 .00013
18 0 .00021
19 0 .09375
20 0 .05757
21 0 .09984
22 0 .08142
23 0 .02861
24 0 .10941
25 0 .02901
26 0 .09547
27 0 .00597
28 0 .00735
29 0 .00009
30 0 0
31 0 .0009
32 0 .00156
33 0 .00234
34 0 .01194
35 0 .00795
36 0 .00371
37 0 .01392
38 0 .02072
39 0 .01518
40 0 .00485
41 0 .00445
42 0 .00535
43 0 .00423
44 0 .00223
45 0 .00267
46 0 .00597
47 0 .00245
48 0 .0047
49 0 .00437
50 0 .00206
51 0 .00721
100 0 0
*parity 1 married
birth 1 F married 1
14 0 0
15 0 .00179
16 0 .00183
17 0 .35985
18 0 .15874
19 0 .08396
20 0 .07178
21 0 .06723
22 0 .05774
23 0 .05278
24 0 .04472
25 0 .03478
26 0 .0387
27 0 .03146
28 0 .02539
29 0 .01568
30 0 .01212
31 0 .01048
32 0 .01128
33 0 .00808
34 0 .01133
35 0 .01458
36 0 .01722
37 0 .01234
38 0 .02247
39 0 .02632
40 0 .0259
41 0 .03158
42 0 .02285
43 0 .03234
44 0 .02212
45 0 .02111
46 0 .01761
47 0 .02604
48 0 .02468
49 0 .02356
50 0 .02353
51 0 .02454
100 0 0
*parity 1 single
birth 1 F single 1
14 0 0
15 0 .00007
16 0 .00177
17 0 .00085
18 0 .00062
19 0 .00075
20 0 .00097
21 0 .00113
22 0 .00131
23 0 .00141
24 0 .00198
25 0 .0022
26 0 .00164
27 0 .00145
28 0 .00156
29 0 .00181
30 0 .00116
31 0 .0007
32 0 .00081
33 0 .00097
34 0 .00209
35 0 .00434
36 0 .00803
37 0 .0039
38 0 .00541
39 0 .00297
40 0 .00503
41 0 .01718
42 0 .02397
43 0 .0029
44 0 .00401
45 0 .00574
46 0 .00251
47 0 .00175
48 0 .00122
49 0 .0024
50 0 .00311
51 0 .00086
100 0 0
*parity 1 widowed
birth 1 F widowed 1
14 0 0
15 0 .00011
16 0 .00011
17 0 .00012
18 0 .00016
19 0 .18179
20 0 .27087
21 0 .15179
22 0 .06073
23 0 .06775
24 0 .06847
25 0 .04554
26 0 .02261
27 0 .02724
28 0 .01394
29 0 .00642
30 0 .00862
31 0 .00843
32 0 .0034
33 0 .00328
34 0 .00178
35 0 .00593
36 0 .00295
37 0 .00395
38 0 .00616
39 0 .00472
40 0 .00445
41 0 .00456
42 0 .00347
43 0 .00667
44 0 .00383
45 0 .00457
46 0 .00899
47 0 .00524
48 0 .00404
49 0 .00255
50 0 .00206
51 0 .00361
100 0 0
*parity 1 divorced
birth 1 F divorced 1
14 0 0
15 0 .00011
16 0 .00011
17 0 .00012
18 0 .00016
19 0 .18179
20 0 .27087
21 0 .15179
22 0 .06073
23 0 .06775
24 0 .06847
25 0 .04554
26 0 .02261
27 0 .02724
28 0 .01394
29 0 .00642
30 0 .00862
31 0 .00843
32 0 .0034
33 0 .00328
34 0 .00178
35 0 .00593
36 0 .00295
37 0 .00395
38 0 .00616
39 0 .00472
40 0 .00445
41 0 .00456
42 0 .00347
43 0 .00667
44 0 .00383
45 0 .00457
46 0 .00899
47 0 .00524
48 0 .00404
49 0 .00255
50 0 .00206
51 0 .00361
100 0 0
*parity 2 married
birth 1 F married 2
14 0 0
15 0 .00179
16 0 .00179
17 0 .00181
18 0 .85536
19 0 .38219
20 0 .15294
21 0 .13471
22 0 .0756
23 0 .06369
24 0 .04676
25 0 .04702
26 0 .03696
27 0 .03458
28 0 .03026
29 0 .02784
30 0 .025
31 0 .02418
32 0 .02044
33 0 .01914
34 0 .01846
35 0 .01764
36 0 .01512
37 0 .01486
38 0 .01338
39 0 .01295
40 0 .01233
41 0 .01024
42 0 .00975
43 0 .00857
44 0 .00679
45 0 .00667
46 0 .00565
47 0 .00565
48 0 .00611
49 0 .00433
50 0 .00416
51 0 .00605
100 0 0
*parity 2 single
birth 1 F single 2
14 0 0
15 0 .00007
16 0 .00007
17 0 .06386
18 0 .00831
19 0 .00275
20 0 .00198
21 0 .00189
22 0 .0016
23 0 .00189
24 0 .00172
25 0 .002
26 0 .00235
27 0 .0021
28 0 .00228
29 0 .00234
30 0 .0025
31 0 .00212
32 0 .00231
33 0 .00261
34 0 .00235
35 0 .0024
36 0 .00318
37 0 .00365
38 0 .00272
39 0 .00361
40 0 .00353
41 0 .00236
42 0 .00133
43 0 .00109
44 0 .00155
45 0 .00112
46 0 .00056
47 0 .00038
48 0 .00027
49 0 .00073
50 0 .00107
51 0 .00028
100 0 0
*parity 2 widowed
birth 1 F widowed 2
14 0 0
15 0 .00011
16 0 .00011
17 0 .00011
18 0 .10583
19 0 .00014
20 0 .00019
21 0 .21666
22 0 .15901
23 0 .07584
24 0 .07983
25 0 .03218
26 0 .04153
27 0 .04862
28 0 .02007
29 0 .01459
30 0 .0134
31 0 .01228
32 0 .00836
33 0 .0082
34 0 .00698
35 0 .00478
36 0 .00551
37 0 .00476
38 0 .00442
39 0 .00287
40 0 .00276
41 0 .00231
42 0 .00189
43 0 .00156
44 0 .00157
45 0 .00087
46 0 .00147
47 0 .00124
48 0 .00101
49 0 .00074
50 0 .00065
51 0 .00086
100 0 0
*parity 2 divorced
birth 1 F divorced 2
14 0 0
15 0 .00011
16 0 .00011
17 0 .00011
18 0 .10583
19 0 .00014
20 0 .00019
21 0 .21666
22 0 .15901
23 0 .07584
24 0 .07983
25 0 .03218
26 0 .04153
27 0 .04862
28 0 .02007
29 0 .01459
30 0 .0134
31 0 .01228
32 0 .00836
33 0 .0082
34 0 .00698
35 0 .00478
36 0 .00551
37 0 .00476
38 0 .00442
39 0 .00287
40 0 .00276
41 0 .00231
42 0 .00189
43 0 .00156
44 0 .00157
45 0 .00087
46 0 .00147
47 0 .00124
48 0 .00101
49 0 .00074
50 0 .00065
51 0 .00086
100 0 0
