*parity all married
birth 1 F married 0
14 0 0
15 0 .00765
16 0 .00738
17 0 .00803
18 0 .00993
19 0 .01346
20 0 .01783
21 0 .02153
22 0 .02362
23 0 .02435
24 0 .02426
25 0 .02306
26 0 .02111
27 0 .01873
28 0 .017
29 0 .01565
30 0 .01502
31 0 .01392
32 0 .01347
33 0 .01318
34 0 .0136
35 0 .0138
36 0 .01399
37 0 .01396
38 0 .01396
39 0 .01366
40 0 .01324
41 0 .01213
42 0 .01123
43 0 .01036
44 0 .00978
45 0 .00917
46 0 .00866
47 0 .00837
48 0 .00814
49 0 .00801
50 0 .00794
51 0 .0079
100 0 0
*parity all single
birth 1 F single 0
14 0 0
15 0 .00765
16 0 .00738
17 0 .00803
18 0 .00993
19 0 .01346
20 0 .01783
21 0 .02153
22 0 .02362
23 0 .02435
24 0 .02426
25 0 .02306
26 0 .02111
27 0 .01873
28 0 .017
29 0 .01565
30 0 .01502
31 0 .01392
32 0 .01347
33 0 .01318
34 0 .0136
35 0 .0138
36 0 .01399
37 0 .01396
38 0 .01396
39 0 .01366
40 0 .01324
41 0 .01213
42 0 .01123
43 0 .01036
44 0 .00978
45 0 .00917
46 0 .00866
47 0 .00837
48 0 .00814
49 0 .00801
50 0 .00794
51 0 .0079
100 0 0
*parity all widowed
birth 1 F widowed 0
14 0 0
15 0 .00765
16 0 .00738
17 0 .00803
18 0 .00993
19 0 .01346
20 0 .01783
21 0 .02153
22 0 .02362
23 0 .02435
24 0 .02426
25 0 .02306
26 0 .02111
27 0 .01873
28 0 .017
29 0 .01565
30 0 .01502
31 0 .01392
32 0 .01347
33 0 .01318
34 0 .0136
35 0 .0138
36 0 .01399
37 0 .01396
38 0 .01396
39 0 .01366
40 0 .01324
41 0 .01213
42 0 .01123
43 0 .01036
44 0 .00978
45 0 .00917
46 0 .00866
47 0 .00837
48 0 .00814
49 0 .00801
50 0 .00794
51 0 .0079
100 0 0
*parity all divorced
birth 1 F divorced 0
14 0 0
15 0 .00765
16 0 .00738
17 0 .00803
18 0 .00993
19 0 .01346
20 0 .01783
21 0 .02153
22 0 .02362
23 0 .02435
24 0 .02426
25 0 .02306
26 0 .02111
27 0 .01873
28 0 .017
29 0 .01565
30 0 .01502
31 0 .01392
32 0 .01347
33 0 .01318
34 0 .0136
35 0 .0138
36 0 .01399
37 0 .01396
38 0 .01396
39 0 .01366
40 0 .01324
41 0 .01213
42 0 .01123
43 0 .01036
44 0 .00978
45 0 .00917
46 0 .00866
47 0 .00837
48 0 .00814
49 0 .00801
50 0 .00794
51 0 .0079
100 0 0
