*parity all married
birth 1 F married 0
14 0 0
15 0 .00024
16 0 .00083
17 0 .00244
18 0 .00562
19 0 .01037
20 0 .01557
21 0 .01976
22 0 .02218
23 0 .02324
24 0 .02343
25 0 .02254
26 0 .02089
27 0 .01876
28 0 .01709
29 0 .01558
30 0 .01453
31 0 .01288
32 0 .01178
33 0 .01075
34 0 .01037
35 0 .00982
36 0 .0093
37 0 .00864
38 0 .00806
39 0 .00729
40 0 .00647
41 0 .00508
42 0 .00396
43 0 .00294
44 0 .00224
45 0 .00156
46 0 .00101
47 0 .00069
48 0 .00045
49 0 .00032
50 0 .00025
51 0 .00021
100 0 0
*parity all single
birth 1 F single 0
14 0 0
15 0 .00024
16 0 .00083
17 0 .00244
18 0 .00562
19 0 .01037
20 0 .01557
21 0 .01976
22 0 .02218
23 0 .02324
24 0 .02343
25 0 .02254
26 0 .02089
27 0 .01876
28 0 .01709
29 0 .01558
30 0 .01453
31 0 .01288
32 0 .01178
33 0 .01075
34 0 .01037
35 0 .00982
36 0 .0093
37 0 .00864
38 0 .00806
39 0 .00729
40 0 .00647
41 0 .00508
42 0 .00396
43 0 .00294
44 0 .00224
45 0 .00156
46 0 .00101
47 0 .00069
48 0 .00045
49 0 .00032
50 0 .00025
51 0 .00021
100 0 0
*parity all widowed
birth 1 F widowed 0
14 0 0
15 0 .00024
16 0 .00083
17 0 .00244
18 0 .00562
19 0 .01037
20 0 .01557
21 0 .01976
22 0 .02218
23 0 .02324
24 0 .02343
25 0 .02254
26 0 .02089
27 0 .01876
28 0 .01709
29 0 .01558
30 0 .01453
31 0 .01288
32 0 .01178
33 0 .01075
34 0 .01037
35 0 .00982
36 0 .0093
37 0 .00864
38 0 .00806
39 0 .00729
40 0 .00647
41 0 .00508
42 0 .00396
43 0 .00294
44 0 .00224
45 0 .00156
46 0 .00101
47 0 .00069
48 0 .00045
49 0 .00032
50 0 .00025
51 0 .00021
100 0 0
*parity all divorced
birth 1 F divorced 0
14 0 0
15 0 .00024
16 0 .00083
17 0 .00244
18 0 .00562
19 0 .01037
20 0 .01557
21 0 .01976
22 0 .02218
23 0 .02324
24 0 .02343
25 0 .02254
26 0 .02089
27 0 .01876
28 0 .01709
29 0 .01558
30 0 .01453
31 0 .01288
32 0 .01178
33 0 .01075
34 0 .01037
35 0 .00982
36 0 .0093
37 0 .00864
38 0 .00806
39 0 .00729
40 0 .00647
41 0 .00508
42 0 .00396
43 0 .00294
44 0 .00224
45 0 .00156
46 0 .00101
47 0 .00069
48 0 .00045
49 0 .00032
50 0 .00025
51 0 .00021
100 0 0
