*parity 0 married
birth 1 F married 0
14 0 0
15 0 .00018
16 0 .00074
17 0 .06122
18 0 .04499
19 0 .06766
20 0 .07676
21 0 .06092
22 0 .05584
23 0 .04305
24 0 .03946
25 0 .04019
26 0 .02944
27 0 .03699
28 0 .02431
29 0 .02085
30 0 .01775
31 0 .0188
32 0 .009
33 0 .00553
34 0 .00379
35 0 .00267
36 0 .00185
37 0 .0014
38 0 .00101
39 0 .00075
40 0 .00055
41 0 .00035
42 0 .00024
43 0 .00015
44 0 .00009
45 0 .00005
46 0 .00003
47 0 .00002
48 0 .00001
49 0 0
50 0 0
51 0 0
100 0 0
*parity 0 single
birth 1 F single 0
14 0 0
15 0 .00006
16 0 .00023
17 0 .00043
18 0 .00074
19 0 .00104
20 0 .00124
21 0 .00133
22 0 .00133
23 0 .00132
24 0 .0013
25 0 .00134
26 0 .00129
27 0 .00135
28 0 .00128
29 0 .00123
30 0 .00111
31 0 .00097
32 0 .00095
33 0 .00093
34 0 .00097
35 0 .00094
36 0 .0009
37 0 .00078
38 0 .00081
39 0 .0007
40 0 .00061
41 0 .00048
42 0 .00043
43 0 .00022
44 0 .00027
45 0 .00017
46 0 .00014
47 0 .00009
48 0 .00002
49 0 .00001
50 0 0
51 0 0
100 0 0
*parity 0 widowed
birth 1 F widowed 0
14 0 0
15 0 .00001
16 0 .00005
17 0 .00009
18 0 .00015
19 0 .04803
20 0 .21797
21 0 .10915
22 0 .05285
23 0 .19503
24 0 .17873
25 0 .18205
26 0 .02853
27 0 .04001
28 0 .01926
29 0 .00997
30 0 .01227
31 0 .01208
32 0 .00684
33 0 .00665
34 0 .00329
35 0 .00172
36 0 .00118
37 0 .00073
38 0 .00068
39 0 .00036
40 0 .00034
41 0 .00014
42 0 .00007
43 0 .00005
44 0 .00003
45 0 .00001
46 0 .00001
47 0 0
48 0 0
49 0 0
50 0 0
51 0 0
100 0 0
*parity 0 divorced
birth 1 F divorced 0
14 0 0
15 0 .00001
16 0 .00005
17 0 .00009
18 0 .00015
19 0 .04803
20 0 .21797
21 0 .10915
22 0 .05285
23 0 .19503
24 0 .17873
25 0 .18205
26 0 .02853
27 0 .04001
28 0 .01926
29 0 .00997
30 0 .01227
31 0 .01208
32 0 .00684
33 0 .00665
34 0 .00329
35 0 .00172
36 0 .00118
37 0 .00073
38 0 .00068
39 0 .00036
40 0 .00034
41 0 .00014
42 0 .00007
43 0 .00005
44 0 .00003
45 0 .00001
46 0 .00001
47 0 0
48 0 0
49 0 0
50 0 0
51 0 0
100 0 0
*parity 1 married
birth 1 F married 1
14 0 0
15 0 0
16 0 .00004
17 0 .00014
18 0 .01943
19 0 .01537
20 0 .0188
21 0 .02722
22 0 .03653
23 0 .045
24 0 .04559
25 0 .03035
26 0 .04876
27 0 .04427
28 0 .03061
29 0 .03915
30 0 .05538
31 0 .06271
32 0 .03609
33 0 .0332
34 0 .02435
35 0 .01549
36 0 .0136
37 0 .01254
38 0 .00847
39 0 .00672
40 0 .00552
41 0 .00264
42 0 .00194
43 0 .00166
44 0 .00067
45 0 .00052
46 0 .00022
47 0 .0001
48 0 .00006
49 0 .00002
50 0 0
51 0 0
100 0 0
*parity 1 single
birth 1 F single 1
14 0 0
15 0 0
16 0 .01043
17 0 .03786
18 0 .01774
19 0 .01754
20 0 .01746
21 0 .01597
22 0 .01917
23 0 .02567
24 0 .02552
25 0 .02599
26 0 .02583
27 0 .02147
28 0 .02672
29 0 .02254
30 0 .02387
31 0 .02812
32 0 .03451
33 0 .02761
34 0 .02434
35 0 .03037
36 0 .01896
37 0 .06107
38 0 .0268
39 0 .03341
40 0 .01378
41 0 .00005
42 0 .01799
43 0 .00002
44 0 .00001
45 0 .00584
46 0 0
47 0 0
48 0 .00063
49 0 0
50 0 .00003
51 0 0
100 0 0
*parity 1 widowed
birth 1 F widowed 1
14 0 0
15 0 0
16 0 0
17 0 .00001
18 0 .00002
19 0 .02338
20 0 .02458
21 0 .02485
22 0 .04117
23 0 .06846
24 0 .14179
25 0 .03119
26 0 .07747
27 0 .05088
28 0 .00015
29 0 .02805
30 0 .01819
31 0 .01484
32 0 .01193
33 0 .01315
34 0 .00947
35 0 .00607
36 0 .0046
37 0 .00679
38 0 .00372
39 0 .00159
40 0 .00073
41 0 .00105
42 0 .00067
43 0 .00033
44 0 .0003
45 0 .00012
46 0 .00006
47 0 .00001
48 0 0
49 0 0
50 0 0
51 0 0
100 0 0
*parity 1 divorced
birth 1 F divorced 1
14 0 0
15 0 0
16 0 0
17 0 .00001
18 0 .00002
19 0 .02338
20 0 .02458
21 0 .02485
22 0 .04117
23 0 .06846
24 0 .14179
25 0 .03119
26 0 .07747
27 0 .05088
28 0 .00015
29 0 .02805
30 0 .01819
31 0 .01484
32 0 .01193
33 0 .01315
34 0 .00947
35 0 .00607
36 0 .0046
37 0 .00679
38 0 .00372
39 0 .00159
40 0 .00073
41 0 .00105
42 0 .00067
43 0 .00033
44 0 .0003
45 0 .00012
46 0 .00006
47 0 .00001
48 0 0
49 0 0
50 0 0
51 0 0
100 0 0
*parity 2 married
birth 1 F married 2
14 0 0
15 0 0
16 0 0
17 0 .00001
18 0 .00005
19 0 .03097
20 0 .01394
21 0 .01319
22 0 .01142
23 0 .01069
24 0 .01095
25 0 .01058
26 0 .01154
27 0 .00887
28 0 .01066
29 0 .01
30 0 .00935
31 0 .00782
32 0 .00783
33 0 .00653
34 0 .00579
35 0 .00503
36 0 .00456
37 0 .00405
38 0 .00315
39 0 .00258
40 0 .00198
41 0 .00176
42 0 .00122
43 0 .00088
44 0 .00062
45 0 .00042
46 0 .00024
47 0 .00014
48 0 .00007
49 0 .00004
50 0 .00001
51 0 .00001
100 0 0
*parity 2 single
birth 1 F single 2
14 0 0
15 0 0
16 0 0
17 0 0
18 0 .00001
19 0 .00004
20 0 .02687
21 0 .0289
22 0 .01506
23 0 .01375
24 0 .01409
25 0 .01588
26 0 .01424
27 0 .01048
28 0 .01238
29 0 .01268
30 0 .00973
31 0 .00912
32 0 .00893
33 0 .01196
34 0 .01258
35 0 .01355
36 0 .01269
37 0 .01224
38 0 .01202
39 0 .01362
40 0 .01126
41 0 .00921
42 0 .01191
43 0 .00945
44 0 .01078
45 0 .00635
46 0 .00486
47 0 .00314
48 0 .00109
49 0 .00054
50 0 .00017
51 0 .00007
100 0 0
*parity 2 widowed
birth 1 F widowed 2
14 0 0
15 0 0
16 0 0
17 0 0
18 0 0
19 0 .00001
20 0 .00896
21 0 .0107
22 0 .00837
23 0 .0056
24 0 .00582
25 0 .00602
26 0 .00407
27 0 .00494
28 0 .00484
29 0 .00338
30 0 .00312
31 0 .00261
32 0 .0025
33 0 .00185
34 0 .00141
35 0 .00155
36 0 .00135
37 0 .00085
38 0 .00081
39 0 .00068
40 0 .00054
41 0 .00036
42 0 .00028
43 0 .00019
44 0 .00013
45 0 .00008
46 0 .00005
47 0 .00002
48 0 .00001
49 0 .00001
50 0 0
51 0 0
100 0 0
*parity 2 divorced
birth 1 F divorced 2
14 0 0
15 0 0
16 0 0
17 0 0
18 0 0
19 0 .00001
20 0 .00896
21 0 .0107
22 0 .00837
23 0 .0056
24 0 .00582
25 0 .00602
26 0 .00407
27 0 .00494
28 0 .00484
29 0 .00338
30 0 .00312
31 0 .00261
32 0 .0025
33 0 .00185
34 0 .00141
35 0 .00155
36 0 .00135
37 0 .00085
38 0 .00081
39 0 .00068
40 0 .00054
41 0 .00036
42 0 .00028
43 0 .00019
44 0 .00013
45 0 .00008
46 0 .00005
47 0 .00002
48 0 .00001
49 0 .00001
50 0 0
51 0 0
100 0 0
