*parity all married
birth 1 F married 0
14 0 0
15 0 .0064
16 0 .00624
17 0 .00702
18 0 .00909
19 0 .01277
20 0 .01724
21 0 .02099
22 0 .02312
23 0 .02389
24 0 .02384
25 0 .02269
26 0 .02078
27 0 .01845
28 0 .01673
29 0 .01536
30 0 .01467
31 0 .0135
32 0 .01297
33 0 .01258
34 0 .01289
35 0 .01299
36 0 .01308
37 0 .01297
38 0 .01289
39 0 .01253
40 0 .01206
41 0 .01092
42 0 .00998
43 0 .0091
44 0 .0085
45 0 .00788
46 0 .00737
47 0 .00708
48 0 .00685
49 0 .00672
50 0 .00665
51 0 .00661
100 0 0
*parity all single
birth 1 F single 0
14 0 0
15 0 .0064
16 0 .00624
17 0 .00702
18 0 .00909
19 0 .01277
20 0 .01724
21 0 .02099
22 0 .02312
23 0 .02389
24 0 .02384
25 0 .02269
26 0 .02078
27 0 .01845
28 0 .01673
29 0 .01536
30 0 .01467
31 0 .0135
32 0 .01297
33 0 .01258
34 0 .01289
35 0 .01299
36 0 .01308
37 0 .01297
38 0 .01289
39 0 .01253
40 0 .01206
41 0 .01092
42 0 .00998
43 0 .0091
44 0 .0085
45 0 .00788
46 0 .00737
47 0 .00708
48 0 .00685
49 0 .00672
50 0 .00665
51 0 .00661
100 0 0
*parity all widowed
birth 1 F widowed 0
14 0 0
15 0 .0064
16 0 .00624
17 0 .00702
18 0 .00909
19 0 .01277
20 0 .01724
21 0 .02099
22 0 .02312
23 0 .02389
24 0 .02384
25 0 .02269
26 0 .02078
27 0 .01845
28 0 .01673
29 0 .01536
30 0 .01467
31 0 .0135
32 0 .01297
33 0 .01258
34 0 .01289
35 0 .01299
36 0 .01308
37 0 .01297
38 0 .01289
39 0 .01253
40 0 .01206
41 0 .01092
42 0 .00998
43 0 .0091
44 0 .0085
45 0 .00788
46 0 .00737
47 0 .00708
48 0 .00685
49 0 .00672
50 0 .00665
51 0 .00661
100 0 0
*parity all divorced
birth 1 F divorced 0
14 0 0
15 0 .0064
16 0 .00624
17 0 .00702
18 0 .00909
19 0 .01277
20 0 .01724
21 0 .02099
22 0 .02312
23 0 .02389
24 0 .02384
25 0 .02269
26 0 .02078
27 0 .01845
28 0 .01673
29 0 .01536
30 0 .01467
31 0 .0135
32 0 .01297
33 0 .01258
34 0 .01289
35 0 .01299
36 0 .01308
37 0 .01297
38 0 .01289
39 0 .01253
40 0 .01206
41 0 .01092
42 0 .00998
43 0 .0091
44 0 .0085
45 0 .00788
46 0 .00737
47 0 .00708
48 0 .00685
49 0 .00672
50 0 .00665
51 0 .00661
100 0 0
