*parity 0 married
birth 1 F married 0
14 0 0
15 0 .00006
16 0 .00026
17 0 .0423
18 0 .08563
19 0 .06694
20 0 .03127
21 0 .03378
22 0 .02883
23 0 .04998
24 0 .09113
25 0 .0607
26 0 .04645
27 0 .03315
28 0 .03925
29 0 .02838
30 0 .02118
31 0 .01726
32 0 .01718
33 0 .01258
34 0 .01166
35 0 .00929
36 0 .0064
37 0 .00295
38 0 .00211
39 0 .0012
40 0 .0007
41 0 .00048
42 0 .00029
43 0 .00019
44 0 .0001
45 0 .00005
46 0 .00003
47 0 .00001
48 0 .00001
49 0 0
50 0 0
51 0 0
100 0 0
*parity 0 single
birth 1 F single 0
14 0 0
15 0 .00018
16 0 .00073
17 0 .00139
18 0 .00231
19 0 .0033
20 0 .004
21 0 .00437
22 0 .00445
23 0 .00441
24 0 .0045
25 0 .00447
26 0 .00477
27 0 .00467
28 0 .00452
29 0 .00441
30 0 .00409
31 0 .00359
32 0 .00331
33 0 .0029
34 0 .00243
35 0 .00202
36 0 .00182
37 0 .00161
38 0 .00113
39 0 .00095
40 0 .00074
41 0 .00055
42 0 .00041
43 0 .00028
44 0 .00018
45 0 .00011
46 0 .00006
47 0 .00004
48 0 .00002
49 0 .00001
50 0 0
51 0 0
100 0 0
*parity 0 widowed
birth 1 F widowed 0
14 0 0
15 0 .00001
16 0 .00005
17 0 .0001
18 0 .47955
19 0 .00021
20 0 .00025
21 0 .76353
22 0 .1816
23 0 .00022
24 0 .00021
25 0 .0002
26 0 .54816
27 0 .08398
28 0 .46313
29 0 .2043
30 0 .18211
31 0 .0001
32 0 .12884
33 0 .06877
34 0 .00006
35 0 .13749
36 0 .10622
37 0 .04193
38 0 .01644
39 0 .00614
40 0 .003
41 0 .00418
42 0 .00093
43 0 .00037
44 0 .00026
45 0 .0001
46 0 .00005
47 0 .00002
48 0 .00001
49 0 0
50 0 0
51 0 0
100 0 0
*parity 0 divorced
birth 1 F divorced 0
14 0 0
15 0 .00001
16 0 .00005
17 0 .0001
18 0 .47955
19 0 .00021
20 0 .00025
21 0 .76353
22 0 .1816
23 0 .00022
24 0 .00021
25 0 .0002
26 0 .54816
27 0 .08398
28 0 .46313
29 0 .2043
30 0 .18211
31 0 .0001
32 0 .12884
33 0 .06877
34 0 .00006
35 0 .13749
36 0 .10622
37 0 .04193
38 0 .01644
39 0 .00614
40 0 .003
41 0 .00418
42 0 .00093
43 0 .00037
44 0 .00026
45 0 .0001
46 0 .00005
47 0 .00002
48 0 .00001
49 0 0
50 0 0
51 0 0
100 0 0
*parity 1 married
birth 1 F married 1
14 0 0
15 0 0
16 0 .00001
17 0 .00005
18 0 .00839
19 0 .00863
20 0 .01462
21 0 .01407
22 0 .01411
23 0 .01576
24 0 .0114
25 0 .01104
26 0 .0104
27 0 .01218
28 0 .01149
29 0 .01026
30 0 .0105
31 0 .0097
32 0 .00884
33 0 .00855
34 0 .00718
35 0 .00468
36 0 .00322
37 0 .00273
38 0 .00268
39 0 .00191
40 0 .00129
41 0 .00093
42 0 .00053
43 0 .00033
44 0 .00019
45 0 .0001
46 0 .00005
47 0 .00002
48 0 .00001
49 0 0
50 0 0
51 0 0
100 0 0
*parity 1 single
birth 1 F single 1
14 0 0
15 0 0
16 0 .01919
17 0 .03055
18 0 .047
19 0 .02621
20 0 .02709
21 0 .02721
22 0 .03144
23 0 .02823
24 0 .02425
25 0 .0266
26 0 .0234
27 0 .02344
28 0 .02319
29 0 .02182
30 0 .02107
31 0 .0343
32 0 .03232
33 0 .02271
34 0 .02082
35 0 .01521
36 0 .01135
37 0 .01209
38 0 .01165
39 0 .01156
40 0 .00852
41 0 .00453
42 0 .00364
43 0 .0028
44 0 .00183
45 0 .00099
46 0 .00046
47 0 .00024
48 0 .00017
49 0 .00005
50 0 .00001
51 0 .00001
100 0 0
*parity 1 widowed
birth 1 F widowed 1
14 0 0
15 0 0
16 0 0
17 0 .00001
18 0 .08056
19 0 .0518
20 0 .08578
21 0 .03198
22 0 .08578
23 0 .22688
24 0 .24854
25 0 .16849
26 0 .10063
27 0 .09746
28 0 .0951
29 0 .44733
30 0 .00014
31 0 .18618
32 0 .05656
33 0 .28713
34 0 .03569
35 0 .10156
36 0 .05244
37 0 .01235
38 0 .01072
39 0 .00653
40 0 .00436
41 0 .00171
42 0 .00073
43 0 .00044
44 0 .00027
45 0 .0001
46 0 .00005
47 0 .00003
48 0 .00001
49 0 0
50 0 0
51 0 0
100 0 0
*parity 1 divorced
birth 1 F divorced 1
14 0 0
15 0 0
16 0 0
17 0 .00001
18 0 .08056
19 0 .0518
20 0 .08578
21 0 .03198
22 0 .08578
23 0 .22688
24 0 .24854
25 0 .16849
26 0 .10063
27 0 .09746
28 0 .0951
29 0 .44733
30 0 .00014
31 0 .18618
32 0 .05656
33 0 .28713
34 0 .03569
35 0 .10156
36 0 .05244
37 0 .01235
38 0 .01072
39 0 .00653
40 0 .00436
41 0 .00171
42 0 .00073
43 0 .00044
44 0 .00027
45 0 .0001
46 0 .00005
47 0 .00003
48 0 .00001
49 0 0
50 0 0
51 0 0
100 0 0
*parity 2 married
birth 1 F married 2
14 0 0
15 0 0
16 0 0
17 0 0
18 0 .00002
19 0 .04726
20 0 .01524
21 0 .02017
22 0 .01127
23 0 .00898
24 0 .00934
25 0 .00997
26 0 .00864
27 0 .00837
28 0 .00752
29 0 .0072
30 0 .00599
31 0 .00545
32 0 .00451
33 0 .00406
34 0 .00361
35 0 .00325
36 0 .00266
37 0 .0023
38 0 .0018
39 0 .00142
40 0 .00114
41 0 .00083
42 0 .0006
43 0 .00039
44 0 .00027
45 0 .00018
46 0 .0001
47 0 .00006
48 0 .00003
49 0 .00001
50 0 .00001
51 0 0
100 0 0
*parity 2 single
birth 1 F single 2
14 0 0
15 0 0
16 0 0
17 0 .00574
18 0 .00621
19 0 .01073
20 0 .01907
21 0 .013
22 0 .01321
23 0 .01188
24 0 .01264
25 0 .01192
26 0 .01064
27 0 .01064
28 0 .01028
29 0 .00968
30 0 .00982
31 0 .00792
32 0 .00718
33 0 .00656
34 0 .00605
35 0 .00589
36 0 .00552
37 0 .00447
38 0 .00416
39 0 .00377
40 0 .00318
41 0 .00255
42 0 .002
43 0 .00155
44 0 .00119
45 0 .00082
46 0 .00052
47 0 .00031
48 0 .00015
49 0 .00008
50 0 .00003
51 0 .00001
100 0 0
*parity 2 widowed
birth 1 F widowed 2
14 0 0
15 0 0
16 0 0
17 0 0
18 0 0
19 0 .02836
20 0 .06402
21 0 .01671
22 0 .01387
23 0 .02317
24 0 .01246
25 0 .01126
26 0 .01028
27 0 .00596
28 0 .0062
29 0 .0061
30 0 .00465
31 0 .00448
32 0 .00398
33 0 .00371
34 0 .00307
35 0 .00247
36 0 .00198
37 0 .00158
38 0 .00145
39 0 .00089
40 0 .00078
41 0 .00056
42 0 .00042
43 0 .00027
44 0 .00018
45 0 .00012
46 0 .00006
47 0 .00003
48 0 .00002
49 0 .00001
50 0 0
51 0 0
100 0 0
*parity 2 divorced
birth 1 F divorced 2
14 0 0
15 0 0
16 0 0
17 0 0
18 0 0
19 0 .02836
20 0 .06402
21 0 .01671
22 0 .01387
23 0 .02317
24 0 .01246
25 0 .01126
26 0 .01028
27 0 .00596
28 0 .0062
29 0 .0061
30 0 .00465
31 0 .00448
32 0 .00398
33 0 .00371
34 0 .00307
35 0 .00247
36 0 .00198
37 0 .00158
38 0 .00145
39 0 .00089
40 0 .00078
41 0 .00056
42 0 .00042
43 0 .00027
44 0 .00018
45 0 .00012
46 0 .00006
47 0 .00003
48 0 .00002
49 0 .00001
50 0 0
51 0 0
100 0 0
