*parity 0 married
birth 1 F married 0
14 0 0
15 0 .00022
16 0 .0009
17 0 .03849
18 0 .02265
19 0 .0264
20 0 .02528
21 0 .02353
22 0 .02533
23 0 .02186
24 0 .0214
25 0 .02056
26 0 .01839
27 0 .01745
28 0 .01421
29 0 .01332
30 0 .01211
31 0 .00995
32 0 .00931
33 0 .00798
34 0 .00705
35 0 .00714
36 0 .00684
37 0 .00475
38 0 .00432
39 0 .00301
40 0 .00237
41 0 .00228
42 0 .00154
43 0 .00119
44 0 .00068
45 0 .00053
46 0 .00022
47 0 .00019
48 0 .00011
49 0 .00005
50 0 .00001
51 0 .00001
100 0 0
*parity 0 single
birth 1 F single 0
14 0 0
15 0 .00001
16 0 .00005
17 0 .0001
18 0 .00018
19 0 .00027
20 0 .00033
21 0 .00038
22 0 .00039
23 0 .00041
24 0 .00042
25 0 .00044
26 0 .00049
27 0 .00054
28 0 .00059
29 0 .00063
30 0 .00061
31 0 .00068
32 0 .0007
33 0 .00061
34 0 .00057
35 0 .00049
36 0 .00052
37 0 .00042
38 0 .0004
39 0 .00031
40 0 .00025
41 0 .00021
42 0 .00016
43 0 .00012
44 0 .00008
45 0 .00006
46 0 .00002
47 0 .00002
48 0 .00001
49 0 0
50 0 0
51 0 0
100 0 0
*parity 0 widowed
birth 1 F widowed 0
14 0 0
15 0 .00001
16 0 .00005
17 0 .12564
18 0 .05142
19 0 .06733
20 0 .02665
21 0 .01921
22 0 .01527
23 0 .02539
24 0 .0141
25 0 .01359
26 0 .00801
27 0 .00584
28 0 .00357
29 0 .00362
30 0 .00345
31 0 .00248
32 0 .00169
33 0 .00157
34 0 .0015
35 0 .0012
36 0 .00094
37 0 .00107
38 0 .00065
39 0 .0004
40 0 .00027
41 0 .00034
42 0 .00034
43 0 .00027
44 0 .00017
45 0 .00008
46 0 .00005
47 0 .00006
48 0 .00001
49 0 .00001
50 0 0
51 0 0
100 0 0
*parity 0 divorced
birth 1 F divorced 0
14 0 0
15 0 .00001
16 0 .00005
17 0 .12564
18 0 .05142
19 0 .06733
20 0 .02665
21 0 .01921
22 0 .01527
23 0 .02539
24 0 .0141
25 0 .01359
26 0 .00801
27 0 .00584
28 0 .00357
29 0 .00362
30 0 .00345
31 0 .00248
32 0 .00169
33 0 .00157
34 0 .0015
35 0 .0012
36 0 .00094
37 0 .00107
38 0 .00065
39 0 .0004
40 0 .00027
41 0 .00034
42 0 .00034
43 0 .00027
44 0 .00017
45 0 .00008
46 0 .00005
47 0 .00006
48 0 .00001
49 0 .00001
50 0 0
51 0 0
100 0 0
*parity 1 married
birth 1 F married 1
14 0 0
15 0 0
16 0 .00005
17 0 .00017
18 0 .02991
19 0 .02819
20 0 .0216
21 0 .01806
22 0 .01995
23 0 .01966
24 0 .01728
25 0 .01654
26 0 .01561
27 0 .01476
28 0 .01779
29 0 .01461
30 0 .01536
31 0 .01525
32 0 .01331
33 0 .01259
34 0 .01111
35 0 .00897
36 0 .00925
37 0 .00626
38 0 .0044
39 0 .0037
40 0 .00372
41 0 .00217
42 0 .00167
43 0 .00137
44 0 .00072
45 0 .00051
46 0 .00046
47 0 .00034
48 0 .00013
49 0 .00004
50 0 .00001
51 0 0
100 0 0
*parity 1 single
birth 1 F single 1
14 0 0
15 0 0
16 0 0
17 0 .00001
18 0 .00003
19 0 .00925
20 0 .02444
21 0 .08902
22 0 .04445
23 0 .02626
24 0 .09709
25 0 .04825
26 0 .30315
27 0 .15107
28 0 .05894
29 0 .03994
30 0 .00014
31 0 .00013
32 0 .08886
33 0 .0001
34 0 .00008
35 0 .00007
36 0 .04099
37 0 .06064
38 0 .02475
39 0 .00002
40 0 .01977
41 0 .00001
42 0 .00001
43 0 0
44 0 .0026
45 0 0
46 0 0
47 0 0
48 0 0
49 0 0
50 0 0
51 0 0
100 0 0
*parity 1 widowed
birth 1 F widowed 1
14 0 0
15 0 0
16 0 0
17 0 .00001
18 0 .01678
19 0 .01078
20 0 .00822
21 0 .01298
22 0 .0072
23 0 .00478
24 0 .00481
25 0 .00367
26 0 .00384
27 0 .00297
28 0 .00255
29 0 .00222
30 0 .0024
31 0 .00179
32 0 .0014
33 0 .0011
34 0 .00133
35 0 .00083
36 0 .0007
37 0 .00047
38 0 .0004
39 0 .00029
40 0 .00026
41 0 .00015
42 0 .00012
43 0 .00006
44 0 .00008
45 0 .00003
46 0 .00002
47 0 .00001
48 0 .00001
49 0 0
50 0 0
51 0 0
100 0 0
*parity 1 divorced
birth 1 F divorced 1
14 0 0
15 0 0
16 0 0
17 0 .00001
18 0 .01678
19 0 .01078
20 0 .00822
21 0 .01298
22 0 .0072
23 0 .00478
24 0 .00481
25 0 .00367
26 0 .00384
27 0 .00297
28 0 .00255
29 0 .00222
30 0 .0024
31 0 .00179
32 0 .0014
33 0 .0011
34 0 .00133
35 0 .00083
36 0 .0007
37 0 .00047
38 0 .0004
39 0 .00029
40 0 .00026
41 0 .00015
42 0 .00012
43 0 .00006
44 0 .00008
45 0 .00003
46 0 .00002
47 0 .00001
48 0 .00001
49 0 0
50 0 0
51 0 0
100 0 0
*parity 2 married
birth 1 F married 2
14 0 0
15 0 0
16 0 0
17 0 .00001
18 0 .00426
19 0 .00338
20 0 .00778
21 0 .00923
22 0 .00974
23 0 .01018
24 0 .01089
25 0 .01198
26 0 .01093
27 0 .01078
28 0 .00933
29 0 .00958
30 0 .0082
31 0 .00726
32 0 .00677
33 0 .00614
34 0 .00486
35 0 .00467
36 0 .00369
37 0 .00341
38 0 .00285
39 0 .00236
40 0 .00187
41 0 .00131
42 0 .001
43 0 .00068
44 0 .00048
45 0 .0003
46 0 .00018
47 0 .00009
48 0 .00004
49 0 .00002
50 0 .00001
51 0 0
100 0 0
*parity 2 single
birth 1 F single 2
14 0 0
15 0 0
16 0 0
17 0 0
18 0 0
19 0 .00001
20 0 .00002
21 0 .01866
22 0 .0175
23 0 .03103
24 0 .02668
25 0 .01293
26 0 .01925
27 0 .02577
28 0 .03536
29 0 .01824
30 0 .02797
31 0 .02708
32 0 .02352
33 0 .02627
34 0 .0611
35 0 .01754
36 0 .02155
37 0 .01795
38 0 .01665
39 0 .02228
40 0 .03003
41 0 .01149
42 0 .00922
43 0 .00887
44 0 .00755
45 0 .00001
46 0 .00281
47 0 0
48 0 0
49 0 0
50 0 0
51 0 .00011
100 0 0
*parity 2 widowed
birth 1 F widowed 2
14 0 0
15 0 0
16 0 0
17 0 0
18 0 .00413
19 0 .01139
20 0 .02539
21 0 .00612
22 0 .00333
23 0 .00472
24 0 .00483
25 0 .00406
26 0 .00304
27 0 .00236
28 0 .00297
29 0 .0023
30 0 .00175
31 0 .00157
32 0 .00129
33 0 .00106
34 0 .00095
35 0 .00066
36 0 .00052
37 0 .00045
38 0 .00037
39 0 .0003
40 0 .0002
41 0 .00017
42 0 .0001
43 0 .00007
44 0 .00004
45 0 .00003
46 0 .00002
47 0 .00001
48 0 0
49 0 0
50 0 0
51 0 0
100 0 0
*parity 2 divorced
birth 1 F divorced 2
14 0 0
15 0 0
16 0 0
17 0 0
18 0 .00413
19 0 .01139
20 0 .02539
21 0 .00612
22 0 .00333
23 0 .00472
24 0 .00483
25 0 .00406
26 0 .00304
27 0 .00236
28 0 .00297
29 0 .0023
30 0 .00175
31 0 .00157
32 0 .00129
33 0 .00106
34 0 .00095
35 0 .00066
36 0 .00052
37 0 .00045
38 0 .00037
39 0 .0003
40 0 .0002
41 0 .00017
42 0 .0001
43 0 .00007
44 0 .00004
45 0 .00003
46 0 .00002
47 0 .00001
48 0 0
49 0 0
50 0 0
51 0 0
100 0 0
