*parity 0 married
birth 1 F married 0
14 0 0
15 0 .00019
16 0 .00094
17 0 .04642
18 0 .02948
19 0 .03407
20 0 .03649
21 0 .0342
22 0 .03763
23 0 .03671
24 0 .03311
25 0 .02353
26 0 .02215
27 0 .01628
28 0 .01385
29 0 .01127
30 0 .00792
31 0 .00595
32 0 .00492
33 0 .0038
34 0 .00302
35 0 .00257
36 0 .00192
37 0 .00182
38 0 .00132
39 0 .00117
40 0 .00083
41 0 .00065
42 0 .00049
43 0 .00028
44 0 .00018
45 0 .00011
46 0 .00006
47 0 .00003
48 0 .00001
49 0 .00001
50 0 0
51 0 0
100 0 0
*parity 0 single
birth 1 F single 0
14 0 0
15 0 0
16 0 0
17 0 .00001
18 0 .00001
19 0 .00002
20 0 .00003
21 0 .00004
22 0 .00004
23 0 .00003
24 0 .00003
25 0 .00003
26 0 .00003
27 0 .00002
28 0 .00002
29 0 .00002
30 0 .00002
31 0 .00002
32 0 .00001
33 0 .00001
34 0 .00001
35 0 .00001
36 0 .00001
37 0 .00001
38 0 .00001
39 0 .00001
40 0 .00001
41 0 0
42 0 0
43 0 0
44 0 0
45 0 0
46 0 0
47 0 0
48 0 0
49 0 0
50 0 0
51 0 0
100 0 0
*parity 0 widowed
birth 1 F widowed 0
14 0 0
15 0 0
16 0 .00002
17 0 .00004
18 0 .03247
19 0 .03226
20 0 .04184
21 0 .01611
22 0 .00831
23 0 .01392
24 0 .00784
25 0 .00447
26 0 .00352
27 0 .00223
28 0 .00214
29 0 .00134
30 0 .00092
31 0 .00084
32 0 .00045
33 0 .00069
34 0 .00026
35 0 .00024
36 0 .00022
37 0 .00014
38 0 .00013
39 0 .00009
40 0 .00006
41 0 .00005
42 0 .00004
43 0 .00002
44 0 .00001
45 0 .00001
46 0 0
47 0 0
48 0 0
49 0 0
50 0 0
51 0 0
100 0 0
*parity 0 divorced
birth 1 F divorced 0
14 0 0
15 0 0
16 0 .00002
17 0 .00004
18 0 .03247
19 0 .03226
20 0 .04184
21 0 .01611
22 0 .00831
23 0 .01392
24 0 .00784
25 0 .00447
26 0 .00352
27 0 .00223
28 0 .00214
29 0 .00134
30 0 .00092
31 0 .00084
32 0 .00045
33 0 .00069
34 0 .00026
35 0 .00024
36 0 .00022
37 0 .00014
38 0 .00013
39 0 .00009
40 0 .00006
41 0 .00005
42 0 .00004
43 0 .00002
44 0 .00001
45 0 .00001
46 0 0
47 0 0
48 0 0
49 0 0
50 0 0
51 0 0
100 0 0
*parity 1 married
birth 1 F married 1
14 0 0
15 0 0
16 0 .00008
17 0 .0003
18 0 .02062
19 0 .02688
20 0 .03131
21 0 .03609
22 0 .03584
23 0 .04238
24 0 .04783
25 0 .048
26 0 .05211
27 0 .04535
28 0 .04419
29 0 .04446
30 0 .03668
31 0 .03833
32 0 .03537
33 0 .02732
34 0 .01605
35 0 .0193
36 0 .01251
37 0 .0126
38 0 .01304
39 0 .00663
40 0 .00695
41 0 .00358
42 0 .0028
43 0 .0018
44 0 .00097
45 0 .00081
46 0 .0003
47 0 .00022
48 0 .00007
49 0 .00004
50 0 .00002
51 0 .00001
100 0 0
*parity 1 single
birth 1 F single 1
14 0 0
15 0 0
16 0 0
17 0 0
18 0 0
19 0 0
20 0 .00001
21 0 .00857
22 0 .00001
23 0 .00001
24 0 .00001
25 0 .00001
26 0 .00001
27 0 .00001
28 0 .00001
29 0 .00308
30 0 .00001
31 0 .00469
32 0 .00366
33 0 .00315
34 0 0
35 0 0
36 0 .00179
37 0 0
38 0 0
39 0 0
40 0 0
41 0 0
42 0 0
43 0 0
44 0 0
45 0 0
46 0 0
47 0 0
48 0 .00001
49 0 0
50 0 0
51 0 0
100 0 0
*parity 1 widowed
birth 1 F widowed 1
14 0 0
15 0 0
16 0 0
17 0 .00001
18 0 .01435
19 0 .00004
20 0 .05263
21 0 .01174
22 0 .02678
23 0 .01157
24 0 .01006
25 0 .00629
26 0 .00431
27 0 .00577
28 0 .00543
29 0 .00317
30 0 .00334
31 0 .00385
32 0 .00334
33 0 .00123
34 0 .00172
35 0 .00129
36 0 .00113
37 0 .00083
38 0 .00047
39 0 .00038
40 0 .00025
41 0 .00025
42 0 .0001
43 0 .00007
44 0 .00004
45 0 .00003
46 0 .00002
47 0 .00001
48 0 0
49 0 0
50 0 0
51 0 0
100 0 0
*parity 1 divorced
birth 1 F divorced 1
14 0 0
15 0 0
16 0 0
17 0 .00001
18 0 .01435
19 0 .00004
20 0 .05263
21 0 .01174
22 0 .02678
23 0 .01157
24 0 .01006
25 0 .00629
26 0 .00431
27 0 .00577
28 0 .00543
29 0 .00317
30 0 .00334
31 0 .00385
32 0 .00334
33 0 .00123
34 0 .00172
35 0 .00129
36 0 .00113
37 0 .00083
38 0 .00047
39 0 .00038
40 0 .00025
41 0 .00025
42 0 .0001
43 0 .00007
44 0 .00004
45 0 .00003
46 0 .00002
47 0 .00001
48 0 0
49 0 0
50 0 0
51 0 0
100 0 0
*parity 2 married
birth 1 F married 2
14 0 0
15 0 0
16 0 .00001
17 0 .00003
18 0 .00014
19 0 .03586
20 0 .02875
21 0 .02563
22 0 .02577
23 0 .0285
24 0 .02405
25 0 .02537
26 0 .02259
27 0 .02268
28 0 .02207
29 0 .02132
30 0 .02038
31 0 .01889
32 0 .01623
33 0 .01468
34 0 .01621
35 0 .01463
36 0 .01306
37 0 .01176
38 0 .01118
39 0 .01007
40 0 .00874
41 0 .00687
42 0 .00502
43 0 .00378
44 0 .00279
45 0 .00199
46 0 .00117
47 0 .00064
48 0 .00034
49 0 .00018
50 0 .00008
51 0 .00003
100 0 0
*parity 2 single
birth 1 F single 2
14 0 0
15 0 0
16 0 0
17 0 0
18 0 0
19 0 0
20 0 0
21 0 0
22 0 .00001
23 0 .00001
24 0 .00001
25 0 .00002
26 0 .00002
27 0 .00002
28 0 .00002
29 0 .00002
30 0 .00002
31 0 .00002
32 0 .00002
33 0 .00002
34 0 .00002
35 0 .01142
36 0 .00001
37 0 .00001
38 0 .00001
39 0 .00001
40 0 .00001
41 0 .00001
42 0 .00001
43 0 0
44 0 0
45 0 0
46 0 0
47 0 0
48 0 0
49 0 0
50 0 .00006
51 0 0
100 0 0
*parity 2 widowed
birth 1 F widowed 2
14 0 0
15 0 0
16 0 0
17 0 0
18 0 0
19 0 .00001
20 0 .01722
21 0 .00805
22 0 .00813
23 0 .00732
24 0 .00482
25 0 .00788
26 0 .0047
27 0 .00568
28 0 .00346
29 0 .0031
30 0 .00275
31 0 .00223
32 0 .00252
33 0 .00226
34 0 .00156
35 0 .00144
36 0 .00157
37 0 .00103
38 0 .00088
39 0 .00075
40 0 .00073
41 0 .00051
42 0 .00034
43 0 .00028
44 0 .00024
45 0 .0001
46 0 .00007
47 0 .00004
48 0 .00002
49 0 .00001
50 0 0
51 0 0
100 0 0
*parity 2 divorced
birth 1 F divorced 2
14 0 0
15 0 0
16 0 0
17 0 0
18 0 0
19 0 .00001
20 0 .01722
21 0 .00805
22 0 .00813
23 0 .00732
24 0 .00482
25 0 .00788
26 0 .0047
27 0 .00568
28 0 .00346
29 0 .0031
30 0 .00275
31 0 .00223
32 0 .00252
33 0 .00226
34 0 .00156
35 0 .00144
36 0 .00157
37 0 .00103
38 0 .00088
39 0 .00075
40 0 .00073
41 0 .00051
42 0 .00034
43 0 .00028
44 0 .00024
45 0 .0001
46 0 .00007
47 0 .00004
48 0 .00002
49 0 .00001
50 0 0
51 0 0
100 0 0
