*parity 0 married
birth 1 F married 0
14 0 0
15 0 .00013
16 0 .00054
17 0 .03081
18 0 .0213
19 0 .02261
20 0 .02214
21 0 .02044
22 0 .01919
23 0 .02015
24 0 .01744
25 0 .01767
26 0 .01494
27 0 .01198
28 0 .01117
29 0 .00855
30 0 .00791
31 0 .00776
32 0 .00652
33 0 .00607
34 0 .00537
35 0 .00486
36 0 .00345
37 0 .0034
38 0 .00246
39 0 .00211
40 0 .00171
41 0 .00146
42 0 .00112
43 0 .00053
44 0 .00023
45 0 .00013
46 0 .00007
47 0 .00004
48 0 .00002
49 0 .00001
50 0 0
51 0 0
100 0 0
*parity 0 single
birth 1 F single 0
14 0 0
15 0 .00009
16 0 .00039
17 0 .00077
18 0 .00136
19 0 .00202
20 0 .00263
21 0 .00294
22 0 .00311
23 0 .00307
24 0 .00329
25 0 .00334
26 0 .00365
27 0 .00384
28 0 .00419
29 0 .00473
30 0 .00515
31 0 .00508
32 0 .00561
33 0 .00479
34 0 .00471
35 0 .00456
36 0 .00479
37 0 .00391
38 0 .00395
39 0 .00401
40 0 .00317
41 0 .00215
42 0 .00264
43 0 .00151
44 0 .00096
45 0 .00064
46 0 .00037
47 0 .00018
48 0 .00017
49 0 .00003
50 0 0
51 0 .00001
100 0 0
*parity 0 widowed
birth 1 F widowed 0
14 0 0
15 0 .00003
16 0 .00014
17 0 .00027
18 0 1.44214
19 0 .24255
20 0 1.20414
21 0 .35249
22 0 1.15365
23 0 .00065
24 0 1.98522
25 0 .00056
26 0 .8422
27 0 .6945
28 0 .00043
29 0 .13447
30 0 .1521
31 0 .15215
32 0 .05704
33 0 .06699
34 0 .11408
35 0 .03666
36 0 .02613
37 0 .018
38 0 .01443
39 0 .00584
40 0 .00541
41 0 .00281
42 0 .00106
43 0 .00047
44 0 .00034
45 0 .00008
46 0 .00006
47 0 .00003
48 0 .00001
49 0 0
50 0 0
51 0 0
100 0 0
*parity 0 divorced
birth 1 F divorced 0
14 0 0
15 0 .00003
16 0 .00014
17 0 .00027
18 0 1.44214
19 0 .24255
20 0 1.20414
21 0 .35249
22 0 1.15365
23 0 .00065
24 0 1.98522
25 0 .00056
26 0 .8422
27 0 .6945
28 0 .00043
29 0 .13447
30 0 .1521
31 0 .15215
32 0 .05704
33 0 .06699
34 0 .11408
35 0 .03666
36 0 .02613
37 0 .018
38 0 .01443
39 0 .00584
40 0 .00541
41 0 .00281
42 0 .00106
43 0 .00047
44 0 .00034
45 0 .00008
46 0 .00006
47 0 .00003
48 0 .00001
49 0 0
50 0 0
51 0 0
100 0 0
*parity 1 married
birth 1 F married 1
14 0 0
15 0 0
16 0 .00003
17 0 .31591
18 0 .02241
19 0 .03094
20 0 .02072
21 0 .01568
22 0 .01698
23 0 .01782
24 0 .01398
25 0 .01586
26 0 .01696
27 0 .02011
28 0 .01867
29 0 .01439
30 0 .01346
31 0 .01025
32 0 .00921
33 0 .00855
34 0 .0076
35 0 .00791
36 0 .00809
37 0 .00914
38 0 .02161
39 0 .08413
40 0 .05947
41 0 .19833
42 0 .04475
43 0 .02535
44 0 .04501
45 0 .00787
46 0 .00288
47 0 .00147
48 0 .00112
49 0 .00024
50 0 .00021
51 0 .00013
100 0 0
*parity 1 single
birth 1 F single 1
14 0 0
15 0 0
16 0 .02893
17 0 .02525
18 0 .03077
19 0 .03609
20 0 .0302
21 0 .03384
22 0 .03189
23 0 .0355
24 0 .03414
25 0 .05817
26 0 .04895
27 0 .05352
28 0 .06594
29 0 .0818
30 0 .14019
31 0 .10008
32 0 .16228
33 0 1
34 0 1
35 0 .25885
36 0 .00039
37 0 .00031
38 0 .00024
39 0 .10086
40 0 .05347
41 0 .14267
42 0 .09657
43 0 .02735
44 0 .01619
45 0 .01698
46 0 .00001
47 0 0
48 0 0
49 0 0
50 0 0
51 0 0
100 0 0
*parity 1 widowed
birth 1 F widowed 1
14 0 0
15 0 0
16 0 .00001
17 0 .00003
18 0 .02787
19 0 .03534
20 0 .0315
21 0 .03239
22 0 .02631
23 0 .0342
24 0 .02267
25 0 .01866
26 0 .02187
27 0 .01876
28 0 .01792
29 0 .0129
30 0 .01283
31 0 .00877
32 0 .00859
33 0 .0085
34 0 .00739
35 0 .00581
36 0 .01245
37 0 .03128
38 0 .0214
39 0 .02803
40 0 .01981
41 0 .01322
42 0 .03578
43 0 .00001
44 0 .012
45 0 0
46 0 .00308
47 0 .00078
48 0 .0002
49 0 .00004
50 0 .00002
51 0 .00001
100 0 0
*parity 1 divorced
birth 1 F divorced 1
14 0 0
15 0 0
16 0 .00001
17 0 .00003
18 0 .02787
19 0 .03534
20 0 .0315
21 0 .03239
22 0 .02631
23 0 .0342
24 0 .02267
25 0 .01866
26 0 .02187
27 0 .01876
28 0 .01792
29 0 .0129
30 0 .01283
31 0 .00877
32 0 .00859
33 0 .0085
34 0 .00739
35 0 .00581
36 0 .01245
37 0 .03128
38 0 .0214
39 0 .02803
40 0 .01981
41 0 .01322
42 0 .03578
43 0 .00001
44 0 .012
45 0 0
46 0 .00308
47 0 .00078
48 0 .0002
49 0 .00004
50 0 .00002
51 0 .00001
100 0 0
*parity 2 married
birth 1 F married 2
14 0 0
15 0 0
16 0 0
17 0 .00001
18 0 .00004
19 0 .00503
20 0 .00672
21 0 .01455
22 0 .01121
23 0 .01117
24 0 .01241
25 0 .00994
26 0 .00824
27 0 .00799
28 0 .00689
29 0 .00711
30 0 .00644
31 0 .00581
32 0 .00529
33 0 .00455
34 0 .00416
35 0 .00336
36 0 .00313
37 0 .00252
38 0 .00205
39 0 .00166
40 0 .00137
41 0 .00109
42 0 .00079
43 0 .0006
44 0 .00046
45 0 .00032
46 0 .00018
47 0 .00011
48 0 .00006
49 0 .00003
50 0 .00001
51 0 .00001
100 0 0
*parity 2 single
birth 1 F single 2
14 0 0
15 0 0
16 0 0
17 0 .01886
18 0 .02215
19 0 .02111
20 0 .01153
21 0 .01656
22 0 .0182
23 0 .01796
24 0 .01915
25 0 .01523
26 0 .01635
27 0 .01641
28 0 .01684
29 0 .01803
30 0 .02089
31 0 .01769
32 0 .01992
33 0 .01907
34 0 .02019
35 0 .02718
36 0 .01814
37 0 .02065
38 0 .0219
39 0 .02056
40 0 .01894
41 0 .01677
42 0 .01657
43 0 .01151
44 0 .01451
45 0 .00982
46 0 .00868
47 0 .00974
48 0 .00387
49 0 .00167
50 0 .00129
51 0 .00102
100 0 0
*parity 2 widowed
birth 1 F widowed 2
14 0 0
15 0 0
16 0 0
17 0 0
18 0 .00001
19 0 .01564
20 0 .01481
21 0 .01869
22 0 .0128
23 0 .00869
24 0 .00849
25 0 .00725
26 0 .00617
27 0 .00481
28 0 .00454
29 0 .0042
30 0 .0031
31 0 .0033
32 0 .00254
33 0 .00227
34 0 .00183
35 0 .00162
36 0 .00125
37 0 .00103
38 0 .00088
39 0 .00074
40 0 .00061
41 0 .00042
42 0 .00032
43 0 .00023
44 0 .00016
45 0 .0001
46 0 .00006
47 0 .00004
48 0 .00002
49 0 .00001
50 0 0
51 0 0
100 0 0
*parity 2 divorced
birth 1 F divorced 2
14 0 0
15 0 0
16 0 0
17 0 0
18 0 .00001
19 0 .01564
20 0 .01481
21 0 .01869
22 0 .0128
23 0 .00869
24 0 .00849
25 0 .00725
26 0 .00617
27 0 .00481
28 0 .00454
29 0 .0042
30 0 .0031
31 0 .0033
32 0 .00254
33 0 .00227
34 0 .00183
35 0 .00162
36 0 .00125
37 0 .00103
38 0 .00088
39 0 .00074
40 0 .00061
41 0 .00042
42 0 .00032
43 0 .00023
44 0 .00016
45 0 .0001
46 0 .00006
47 0 .00004
48 0 .00002
49 0 .00001
50 0 0
51 0 0
100 0 0
