*parity 0 married
birth 1 F married 0
14 0 0
15 0 .00023
16 0 .00103
17 0 .05207
18 0 .03087
19 0 .03839
20 0 .05326
21 0 .06756
22 0 .08942
23 0 .07929
24 0 .25233
25 0 .38012
26 0 .2609
27 0 1
28 0 .12146
29 0 .89346
30 0 .17691
31 0 .30334
32 0 .32216
33 0 .08237
34 0 .05013
35 0 .01822
36 0 .01722
37 0 .01129
38 0 .01031
39 0 .0177
40 0 .00905
41 0 .00397
42 0 .00231
43 0 .00173
44 0 .00298
45 0 .00459
46 0 .00172
47 0 .00203
48 0 .00025
49 0 0
50 0 .00004
51 0 .00005
100 0 0
*parity 0 single
birth 1 F single 0
14 0 0
15 0 0
16 0 0
17 0 .00001
18 0 .00001
19 0 .00002
20 0 .00003
21 0 .00003
22 0 .00003
23 0 .00003
24 0 .00003
25 0 .00003
26 0 .00003
27 0 .00002
28 0 .00002
29 0 .00002
30 0 .00002
31 0 .00002
32 0 .00002
33 0 .00001
34 0 .00001
35 0 .00001
36 0 .00001
37 0 .00001
38 0 .00001
39 0 .00001
40 0 .00001
41 0 .00001
42 0 .00001
43 0 0
44 0 0
45 0 0
46 0 0
47 0 0
48 0 0
49 0 0
50 0 0
51 0 0
100 0 0
*parity 0 widowed
birth 1 F widowed 0
14 0 0
15 0 0
16 0 .00001
17 0 .00002
18 0 .03122
19 0 .00924
20 0 .00006
21 0 .02011
22 0 .01928
23 0 .01445
24 0 .01035
25 0 .00866
26 0 .01308
27 0 .00003
28 0 .00003
29 0 .00002
30 0 .00002
31 0 .00002
32 0 .00001
33 0 .00338
34 0 .00274
35 0 .00001
36 0 .00098
37 0 .00288
38 0 .00225
39 0 .00059
40 0 .00124
41 0 .00043
42 0 .0002
43 0 .00014
44 0 .00005
45 0 .00002
46 0 .00003
47 0 .00002
48 0 .00001
49 0 0
50 0 0
51 0 0
100 0 0
*parity 0 divorced
birth 1 F divorced 0
14 0 0
15 0 0
16 0 .00001
17 0 .00002
18 0 .03122
19 0 .00924
20 0 .00006
21 0 .02011
22 0 .01928
23 0 .01445
24 0 .01035
25 0 .00866
26 0 .01308
27 0 .00003
28 0 .00003
29 0 .00002
30 0 .00002
31 0 .00002
32 0 .00001
33 0 .00338
34 0 .00274
35 0 .00001
36 0 .00098
37 0 .00288
38 0 .00225
39 0 .00059
40 0 .00124
41 0 .00043
42 0 .0002
43 0 .00014
44 0 .00005
45 0 .00002
46 0 .00003
47 0 .00002
48 0 .00001
49 0 0
50 0 0
51 0 0
100 0 0
*parity 1 married
birth 1 F married 1
14 0 0
15 0 0
16 0 .00007
17 0 .00028
18 0 .0876
19 0 .04124
20 0 .02728
21 0 .02967
22 0 .02588
23 0 .03308
24 0 .03018
25 0 .03041
26 0 .03148
27 0 .03179
28 0 .03057
29 0 .03162
30 0 .0262
31 0 .03832
32 0 .03378
33 0 .03191
34 0 .0407
35 0 .04955
36 0 .0225
37 0 .01338
38 0 .01231
39 0 .01395
40 0 .01167
41 0 .00454
42 0 .00507
43 0 .00266
44 0 .00138
45 0 .00048
46 0 .00017
47 0 .00008
48 0 .00003
49 0 .00001
50 0 0
51 0 0
100 0 0
*parity 1 single
birth 1 F single 1
14 0 0
15 0 0
16 0 0
17 0 0
18 0 0
19 0 0
20 0 .00001
21 0 .00001
22 0 .00001
23 0 .01332
24 0 .00548
25 0 .01024
26 0 .00001
27 0 .00001
28 0 .0037
29 0 .00001
30 0 .00531
31 0 .00001
32 0 .00001
33 0 .00311
34 0 0
35 0 0
36 0 0
37 0 0
38 0 0
39 0 .00081
40 0 0
41 0 .00013
42 0 .00005
43 0 .00001
44 0 .00001
45 0 .00001
46 0 0
47 0 0
48 0 0
49 0 0
50 0 0
51 0 0
100 0 0
*parity 1 widowed
birth 1 F widowed 1
14 0 0
15 0 0
16 0 0
17 0 0
18 0 .00001
19 0 .00002
20 0 .00729
21 0 .00351
22 0 .00641
23 0 .00512
24 0 .0038
25 0 .00591
26 0 .00731
27 0 .00449
28 0 .00285
29 0 .00444
30 0 .0046
31 0 .00328
32 0 .00135
33 0 .00154
34 0 .00223
35 0 .00135
36 0 .00064
37 0 .00051
38 0 .00051
39 0 .0004
40 0 .00032
41 0 .00033
42 0 .00022
43 0 .00015
44 0 .00007
45 0 .00002
46 0 0
47 0 0
48 0 0
49 0 0
50 0 0
51 0 0
100 0 0
*parity 1 divorced
birth 1 F divorced 1
14 0 0
15 0 0
16 0 0
17 0 0
18 0 .00001
19 0 .00002
20 0 .00729
21 0 .00351
22 0 .00641
23 0 .00512
24 0 .0038
25 0 .00591
26 0 .00731
27 0 .00449
28 0 .00285
29 0 .00444
30 0 .0046
31 0 .00328
32 0 .00135
33 0 .00154
34 0 .00223
35 0 .00135
36 0 .00064
37 0 .00051
38 0 .00051
39 0 .0004
40 0 .00032
41 0 .00033
42 0 .00022
43 0 .00015
44 0 .00007
45 0 .00002
46 0 0
47 0 0
48 0 0
49 0 0
50 0 0
51 0 0
100 0 0
*parity 2 married
birth 1 F married 2
14 0 0
15 0 0
16 0 .00001
17 0 .00003
18 0 .00801
19 0 .01159
20 0 .02559
21 0 .01883
22 0 .01919
23 0 .02095
24 0 .01638
25 0 .01627
26 0 .01466
27 0 .01361
28 0 .01359
29 0 .01266
30 0 .01236
31 0 .01055
32 0 .00956
33 0 .00884
34 0 .00811
35 0 .00712
36 0 .0068
37 0 .00651
38 0 .00575
39 0 .00454
40 0 .00395
41 0 .00327
42 0 .00257
43 0 .0019
44 0 .00133
45 0 .00095
46 0 .00058
47 0 .00037
48 0 .00019
49 0 .0001
50 0 .00004
51 0 .00002
100 0 0
*parity 2 single
birth 1 F single 2
14 0 0
15 0 0
16 0 0
17 0 0
18 0 0
19 0 0
20 0 0
21 0 0
22 0 .00001
23 0 .00001
24 0 .00001
25 0 .00001
26 0 .01104
27 0 .00002
28 0 .00002
29 0 .00002
30 0 .00002
31 0 .00002
32 0 .00002
33 0 .00001
34 0 .00001
35 0 .00001
36 0 .00001
37 0 .00001
38 0 .00001
39 0 .00551
40 0 .00001
41 0 .00335
42 0 .00128
43 0 .002
44 0 0
45 0 .00027
46 0 .00011
47 0 .00006
48 0 .00003
49 0 .00001
50 0 0
51 0 0
100 0 0
*parity 2 widowed
birth 1 F widowed 2
14 0 0
15 0 0
16 0 0
17 0 0
18 0 0
19 0 0
20 0 .00001
21 0 .00678
22 0 .00723
23 0 .00334
24 0 .0023
25 0 .00301
26 0 .00425
27 0 .00215
28 0 .00179
29 0 .00192
30 0 .00122
31 0 .00084
32 0 .00091
33 0 .00074
34 0 .00058
35 0 .00057
36 0 .00046
37 0 .00038
38 0 .0003
39 0 .00026
40 0 .00021
41 0 .00015
42 0 .00009
43 0 .00007
44 0 .00005
45 0 .00003
46 0 .00002
47 0 .00001
48 0 0
49 0 0
50 0 0
51 0 0
100 0 0
*parity 2 divorced
birth 1 F divorced 2
14 0 0
15 0 0
16 0 0
17 0 0
18 0 0
19 0 0
20 0 .00001
21 0 .00678
22 0 .00723
23 0 .00334
24 0 .0023
25 0 .00301
26 0 .00425
27 0 .00215
28 0 .00179
29 0 .00192
30 0 .00122
31 0 .00084
32 0 .00091
33 0 .00074
34 0 .00058
35 0 .00057
36 0 .00046
37 0 .00038
38 0 .0003
39 0 .00026
40 0 .00021
41 0 .00015
42 0 .00009
43 0 .00007
44 0 .00005
45 0 .00003
46 0 .00002
47 0 .00001
48 0 0
49 0 0
50 0 0
51 0 0
100 0 0
