*parity 0 married
birth 1 F married 0
14 0 0
15 0 .0001
16 0 .00039
17 0 .04642
18 0 .04945
19 0 .08595
20 0 .09287
21 0 .11212
22 0 .0982
23 0 .13411
24 0 .09007
25 0 .08316
26 0 .08818
27 0 .09455
28 0 .0866
29 0 .06575
30 0 .0489
31 0 .04485
32 0 .04997
33 0 .037
34 0 .01108
35 0 .00669
36 0 .00319
37 0 .00194
38 0 .00148
39 0 .00093
40 0 .00055
41 0 .00043
42 0 .00028
43 0 .00019
44 0 .0001
45 0 .00006
46 0 .00004
47 0 .00002
48 0 .00001
49 0 0
50 0 0
51 0 0
100 0 0
*parity 0 single
birth 1 F single 0
14 0 0
15 0 .00014
16 0 .00059
17 0 .00115
18 0 .00193
19 0 .00272
20 0 .00331
21 0 .00363
22 0 .00362
23 0 .00363
24 0 .00374
25 0 .00361
26 0 .00367
27 0 .00353
28 0 .00354
29 0 .0034
30 0 .00315
31 0 .00288
32 0 .00246
33 0 .00232
34 0 .00213
35 0 .00205
36 0 .00199
37 0 .00174
38 0 .00153
39 0 .00132
40 0 .0011
41 0 .00094
42 0 .00074
43 0 .00061
44 0 .00041
45 0 .00037
46 0 .00022
47 0 .00015
48 0 .00008
49 0 .00003
50 0 0
51 0 0
100 0 0
*parity 0 widowed
birth 1 F widowed 0
14 0 0
15 0 .00002
16 0 .00007
17 0 .00013
18 0 .29186
19 0 .85282
20 0 .93733
21 0 .99731
22 0 .00032
23 0 .0003
24 0 .87823
25 0 .16218
26 0 .82969
27 0 .77635
28 0 .7259
29 0 .6299
30 0 .5521
31 0 .44498
32 0 .00011
33 0 .27215
34 0 .22939
35 0 .08761
36 0 .04514
37 0 .01379
38 0 .00648
39 0 .00263
40 0 .00184
41 0 .00076
42 0 .00054
43 0 .00026
44 0 .00008
45 0 .00005
46 0 .00002
47 0 .00002
48 0 .00001
49 0 0
50 0 0
51 0 0
100 0 0
*parity 0 divorced
birth 1 F divorced 0
14 0 0
15 0 .00002
16 0 .00007
17 0 .00013
18 0 .29186
19 0 .85282
20 0 .93733
21 0 .99731
22 0 .00032
23 0 .0003
24 0 .87823
25 0 .16218
26 0 .82969
27 0 .77635
28 0 .7259
29 0 .6299
30 0 .5521
31 0 .44498
32 0 .00011
33 0 .27215
34 0 .22939
35 0 .08761
36 0 .04514
37 0 .01379
38 0 .00648
39 0 .00263
40 0 .00184
41 0 .00076
42 0 .00054
43 0 .00026
44 0 .00008
45 0 .00005
46 0 .00002
47 0 .00002
48 0 .00001
49 0 0
50 0 0
51 0 0
100 0 0
*parity 1 married
birth 1 F married 1
14 0 0
15 0 0
16 0 .00002
17 0 .00008
18 0 .02157
19 0 .01837
20 0 .02505
21 0 .019
22 0 .02023
23 0 .01739
24 0 .01728
25 0 .02314
26 0 .01806
27 0 .0192
28 0 .01667
29 0 .01673
30 0 .0198
31 0 .01973
32 0 .01301
33 0 .00969
34 0 .00788
35 0 .0067
36 0 .00493
37 0 .00434
38 0 .00283
39 0 .00184
40 0 .00177
41 0 .00111
42 0 .00067
43 0 .0004
44 0 .00025
45 0 .00014
46 0 .00007
47 0 .00004
48 0 .00002
49 0 .00001
50 0 0
51 0 0
100 0 0
*parity 1 single
birth 1 F single 1
14 0 0
15 0 0
16 0 .09008
17 0 .06619
18 0 .03387
19 0 .03257
20 0 .03235
21 0 .02874
22 0 .02596
23 0 .02668
24 0 .02315
25 0 .02863
26 0 .02787
27 0 .02532
28 0 .02521
29 0 .02541
30 0 .03075
31 0 .02662
32 0 .02478
33 0 .02833
34 0 .02205
35 0 .023
36 0 .02072
37 0 .03006
38 0 .02555
39 0 .01962
40 0 .01727
41 0 .01457
42 0 .01785
43 0 .02317
44 0 .01095
45 0 .0133
46 0 .0203
47 0 0
48 0 0
49 0 0
50 0 .00011
51 0 .00023
100 0 0
*parity 1 widowed
birth 1 F widowed 1
14 0 0
15 0 0
16 0 0
17 0 .00001
18 0 .00004
19 0 .10684
20 0 .06515
21 0 .23243
22 0 .00019
23 0 .00021
24 0 .71235
25 0 .35628
26 0 .25749
27 0 .7618
28 0 .15114
29 0 .0002
30 0 .10841
31 0 .55702
32 0 .23266
33 0 .19069
34 0 .03038
35 0 .03717
36 0 .02879
37 0 .0102
38 0 .0054
39 0 .00159
40 0 .00115
41 0 .00068
42 0 .00036
43 0 .00023
44 0 .0001
45 0 .00007
46 0 .00003
47 0 .00001
48 0 0
49 0 0
50 0 0
51 0 0
100 0 0
*parity 1 divorced
birth 1 F divorced 1
14 0 0
15 0 0
16 0 0
17 0 .00001
18 0 .00004
19 0 .10684
20 0 .06515
21 0 .23243
22 0 .00019
23 0 .00021
24 0 .71235
25 0 .35628
26 0 .25749
27 0 .7618
28 0 .15114
29 0 .0002
30 0 .10841
31 0 .55702
32 0 .23266
33 0 .19069
34 0 .03038
35 0 .03717
36 0 .02879
37 0 .0102
38 0 .0054
39 0 .00159
40 0 .00115
41 0 .00068
42 0 .00036
43 0 .00023
44 0 .0001
45 0 .00007
46 0 .00003
47 0 .00001
48 0 0
49 0 0
50 0 0
51 0 0
100 0 0
*parity 2 married
birth 1 F married 2
14 0 0
15 0 0
16 0 0
17 0 .00001
18 0 .00003
19 0 .02901
20 0 .00836
21 0 .01068
22 0 .01505
23 0 .01309
24 0 .01168
25 0 .0093
26 0 .01018
27 0 .0097
28 0 .00878
29 0 .00829
30 0 .00707
31 0 .00656
32 0 .00599
33 0 .00497
34 0 .0043
35 0 .00326
36 0 .00282
37 0 .0023
38 0 .00208
39 0 .00185
40 0 .00139
41 0 .00104
42 0 .00075
43 0 .00055
44 0 .00042
45 0 .00026
46 0 .00015
47 0 .00008
48 0 .00004
49 0 .00002
50 0 .00001
51 0 0
100 0 0
*parity 2 single
birth 1 F single 2
14 0 0
15 0 0
16 0 0
17 0 .00001
18 0 .01258
19 0 .00856
20 0 .01163
21 0 .01288
22 0 .01457
23 0 .01472
24 0 .01398
25 0 .01348
26 0 .01154
27 0 .01173
28 0 .01137
29 0 .01032
30 0 .00948
31 0 .00828
32 0 .00848
33 0 .00755
34 0 .00784
35 0 .00799
36 0 .00786
37 0 .00777
38 0 .00636
39 0 .00642
40 0 .00626
41 0 .00497
42 0 .00467
43 0 .00343
44 0 .00283
45 0 .00221
46 0 .00146
47 0 .00095
48 0 .00045
49 0 .0002
50 0 .00012
51 0 .00004
100 0 0
*parity 2 widowed
birth 1 F widowed 2
14 0 0
15 0 0
16 0 0
17 0 0
18 0 0
19 0 .00001
20 0 .04145
21 0 .01589
22 0 .01484
23 0 .01227
24 0 .01017
25 0 .0094
26 0 .00821
27 0 .00783
28 0 .00606
29 0 .00505
30 0 .00449
31 0 .00372
32 0 .00347
33 0 .0027
34 0 .00225
35 0 .00168
36 0 .00142
37 0 .00118
38 0 .00096
39 0 .00073
40 0 .0006
41 0 .00039
42 0 .00028
43 0 .00017
44 0 .00013
45 0 .00007
46 0 .00004
47 0 .00002
48 0 .00001
49 0 .00001
50 0 0
51 0 0
100 0 0
*parity 2 divorced
birth 1 F divorced 2
14 0 0
15 0 0
16 0 0
17 0 0
18 0 0
19 0 .00001
20 0 .04145
21 0 .01589
22 0 .01484
23 0 .01227
24 0 .01017
25 0 .0094
26 0 .00821
27 0 .00783
28 0 .00606
29 0 .00505
30 0 .00449
31 0 .00372
32 0 .00347
33 0 .0027
34 0 .00225
35 0 .00168
36 0 .00142
37 0 .00118
38 0 .00096
39 0 .00073
40 0 .0006
41 0 .00039
42 0 .00028
43 0 .00017
44 0 .00013
45 0 .00007
46 0 .00004
47 0 .00002
48 0 .00001
49 0 .00001
50 0 0
51 0 0
100 0 0
