*parity 0 married
birth 1 F married 0
14 0 0
15 0 .00008
16 0 .00034
17 0 .07041
18 0 .05219
19 0 .04693
20 0 .04814
21 0 .04404
22 0 .04416
23 0 .05885
24 0 .08715
25 0 .096
26 0 .0973
27 0 .09768
28 0 .11567
29 0 .14025
30 0 .19261
31 0 .0726
32 0 .04351
33 0 .02787
34 0 .01454
35 0 .00706
36 0 .00483
37 0 .00314
38 0 .00201
39 0 .00117
40 0 .00078
41 0 .00044
42 0 .00031
43 0 .00017
44 0 .00009
45 0 .00005
46 0 .00003
47 0 .00002
48 0 .00001
49 0 0
50 0 0
51 0 0
100 0 0
*parity 0 single
birth 1 F single 0
14 0 0
15 0 .00016
16 0 .00065
17 0 .00125
18 0 .0021
19 0 .003
20 0 .00369
21 0 .00398
22 0 .00406
23 0 .00399
24 0 .00405
25 0 .00396
26 0 .00409
27 0 .00394
28 0 .00393
29 0 .0037
30 0 .00335
31 0 .0031
32 0 .00269
33 0 .00239
34 0 .00201
35 0 .00191
36 0 .00167
37 0 .0014
38 0 .0012
39 0 .00097
40 0 .0008
41 0 .00061
42 0 .00041
43 0 .00031
44 0 .00024
45 0 .00015
46 0 .00009
47 0 .00005
48 0 .00003
49 0 .00001
50 0 0
51 0 0
100 0 0
*parity 0 widowed
birth 1 F widowed 0
14 0 0
15 0 .00001
16 0 .00006
17 0 .00012
18 0 .00019
19 0 .00026
20 0 .95388
21 0 .96791
22 0 .10342
23 0 .25442
24 0 .73787
25 0 .00023
26 0 .00022
27 0 .30793
28 0 .56258
29 0 .00016
30 0 .45104
31 0 .36618
32 0 .0001
33 0 .0753
34 0 .00007
35 0 .07314
36 0 .12528
37 0 .02331
38 0 .00828
39 0 .00476
40 0 .00182
41 0 .00115
42 0 .00085
43 0 .00033
44 0 .00016
45 0 .00006
46 0 .00003
47 0 .00001
48 0 .00001
49 0 0
50 0 0
51 0 0
100 0 0
*parity 0 divorced
birth 1 F divorced 0
14 0 0
15 0 .00001
16 0 .00006
17 0 .00012
18 0 .00019
19 0 .00026
20 0 .95388
21 0 .96791
22 0 .10342
23 0 .25442
24 0 .73787
25 0 .00023
26 0 .00022
27 0 .30793
28 0 .56258
29 0 .00016
30 0 .45104
31 0 .36618
32 0 .0001
33 0 .0753
34 0 .00007
35 0 .07314
36 0 .12528
37 0 .02331
38 0 .00828
39 0 .00476
40 0 .00182
41 0 .00115
42 0 .00085
43 0 .00033
44 0 .00016
45 0 .00006
46 0 .00003
47 0 .00001
48 0 .00001
49 0 0
50 0 0
51 0 0
100 0 0
*parity 1 married
birth 1 F married 1
14 0 0
15 0 0
16 0 .00002
17 0 .21285
18 0 .01829
19 0 .01502
20 0 .01779
21 0 .02332
22 0 .02364
23 0 .02564
24 0 .01525
25 0 .01671
26 0 .01702
27 0 .01582
28 0 .01354
29 0 .01482
30 0 .01406
31 0 .01275
32 0 .01064
33 0 .01252
34 0 .00943
35 0 .00528
36 0 .00457
37 0 .00325
38 0 .00264
39 0 .00224
40 0 .00182
41 0 .00104
42 0 .0006
43 0 .00035
44 0 .00021
45 0 .00014
46 0 .00006
47 0 .00003
48 0 .00002
49 0 .00001
50 0 0
51 0 0
100 0 0
*parity 1 single
birth 1 F single 1
14 0 0
15 0 0
16 0 .03563
17 0 .02146
18 0 .02649
19 0 .03227
20 0 .026
21 0 .02516
22 0 .02628
23 0 .02672
24 0 .02439
25 0 .02225
26 0 .02439
27 0 .02309
28 0 .02331
29 0 .02282
30 0 .02979
31 0 .02655
32 0 .02515
33 0 .02776
34 0 .02808
35 0 .02023
36 0 .01784
37 0 .01928
38 0 .01357
39 0 .02174
40 0 .0119
41 0 .00892
42 0 .00883
43 0 .00695
44 0 .00419
45 0 .00132
46 0 .0007
47 0 .00043
48 0 .00022
49 0 .00013
50 0 .00003
51 0 .00002
100 0 0
*parity 1 widowed
birth 1 F widowed 1
14 0 0
15 0 0
16 0 0
17 0 .00001
18 0 .10213
19 0 .05007
20 0 .0825
21 0 .44941
22 0 .13837
23 0 .27255
24 0 .14907
25 0 .19668
26 0 .10015
27 0 .10023
28 0 .29147
29 0 .55781
30 0 .00017
31 0 .45688
32 0 .00013
33 0 .31581
34 0 .13331
35 0 .04337
36 0 .02327
37 0 .02296
38 0 .00998
39 0 .01048
40 0 .00447
41 0 .00204
42 0 .00086
43 0 .00035
44 0 .00015
45 0 .00009
46 0 .00005
47 0 .00002
48 0 .00001
49 0 0
50 0 0
51 0 0
100 0 0
*parity 1 divorced
birth 1 F divorced 1
14 0 0
15 0 0
16 0 0
17 0 .00001
18 0 .10213
19 0 .05007
20 0 .0825
21 0 .44941
22 0 .13837
23 0 .27255
24 0 .14907
25 0 .19668
26 0 .10015
27 0 .10023
28 0 .29147
29 0 .55781
30 0 .00017
31 0 .45688
32 0 .00013
33 0 .31581
34 0 .13331
35 0 .04337
36 0 .02327
37 0 .02296
38 0 .00998
39 0 .01048
40 0 .00447
41 0 .00204
42 0 .00086
43 0 .00035
44 0 .00015
45 0 .00009
46 0 .00005
47 0 .00002
48 0 .00001
49 0 0
50 0 0
51 0 0
100 0 0
*parity 2 married
birth 1 F married 2
14 0 0
15 0 0
16 0 0
17 0 .00001
18 0 .00002
19 0 .02281
20 0 .01028
21 0 .00994
22 0 .01007
23 0 .00927
24 0 .01185
25 0 .01078
26 0 .00979
27 0 .00877
28 0 .00865
29 0 .00796
30 0 .00715
31 0 .00618
32 0 .00606
33 0 .00489
34 0 .00416
35 0 .00356
36 0 .00308
37 0 .0024
38 0 .00198
39 0 .00149
40 0 .00122
41 0 .00098
42 0 .00068
43 0 .00049
44 0 .00036
45 0 .00023
46 0 .00013
47 0 .00007
48 0 .00004
49 0 .00002
50 0 .00001
51 0 0
100 0 0
*parity 2 single
birth 1 F single 2
14 0 0
15 0 0
16 0 0
17 0 .03314
18 0 .01158
19 0 .00915
20 0 .01198
21 0 .01527
22 0 .01352
23 0 .01344
24 0 .0128
25 0 .0137
26 0 .01082
27 0 .01173
28 0 .01078
29 0 .0097
30 0 .00905
31 0 .00826
32 0 .00773
33 0 .00673
34 0 .00682
35 0 .0068
36 0 .00586
37 0 .00585
38 0 .00551
39 0 .00518
40 0 .0042
41 0 .00351
42 0 .00302
43 0 .00248
44 0 .00178
45 0 .00139
46 0 .00089
47 0 .00054
48 0 .00027
49 0 .00015
50 0 .00007
51 0 .00003
100 0 0
*parity 2 widowed
birth 1 F widowed 2
14 0 0
15 0 0
16 0 0
17 0 0
18 0 0
19 0 .00001
20 0 .02084
21 0 .01015
22 0 .01251
23 0 .01142
24 0 .01231
25 0 .0108
26 0 .00819
27 0 .00921
28 0 .00625
29 0 .00667
30 0 .0051
31 0 .00502
32 0 .00406
33 0 .00321
34 0 .00265
35 0 .00216
36 0 .00178
37 0 .00146
38 0 .00108
39 0 .00087
40 0 .00067
41 0 .00047
42 0 .00037
43 0 .00023
44 0 .00016
45 0 .00009
46 0 .00005
47 0 .00003
48 0 .00001
49 0 .00001
50 0 0
51 0 0
100 0 0
*parity 2 divorced
birth 1 F divorced 2
14 0 0
15 0 0
16 0 0
17 0 0
18 0 0
19 0 .00001
20 0 .02084
21 0 .01015
22 0 .01251
23 0 .01142
24 0 .01231
25 0 .0108
26 0 .00819
27 0 .00921
28 0 .00625
29 0 .00667
30 0 .0051
31 0 .00502
32 0 .00406
33 0 .00321
34 0 .00265
35 0 .00216
36 0 .00178
37 0 .00146
38 0 .00108
39 0 .00087
40 0 .00067
41 0 .00047
42 0 .00037
43 0 .00023
44 0 .00016
45 0 .00009
46 0 .00005
47 0 .00003
48 0 .00001
49 0 .00001
50 0 0
51 0 0
100 0 0
