*parity all married
birth 1 F married 0
14 0 0
15 0 .00909
16 0 .00868
17 0 .0092
18 0 .01094
19 0 .01435
20 0 .01866
21 0 .02234
22 0 .02441
23 0 .02511
24 0 .02497
25 0 .02371
26 0 .02169
27 0 .01924
28 0 .01747
29 0 .01613
30 0 .01555
31 0 .01451
32 0 .01415
33 0 .01396
34 0 .01451
35 0 .01482
36 0 .01511
37 0 .01518
38 0 .01526
39 0 .01503
40 0 .01466
41 0 .01358
42 0 .01269
43 0 .01184
44 0 .01126
45 0 .01065
46 0 .01014
47 0 .00985
48 0 .00962
49 0 .00949
50 0 .00942
51 0 .00938
100 0 0
*parity all single
birth 1 F single 0
14 0 0
15 0 .00909
16 0 .00868
17 0 .0092
18 0 .01094
19 0 .01435
20 0 .01866
21 0 .02234
22 0 .02441
23 0 .02511
24 0 .02497
25 0 .02371
26 0 .02169
27 0 .01924
28 0 .01747
29 0 .01613
30 0 .01555
31 0 .01451
32 0 .01415
33 0 .01396
34 0 .01451
35 0 .01482
36 0 .01511
37 0 .01518
38 0 .01526
39 0 .01503
40 0 .01466
41 0 .01358
42 0 .01269
43 0 .01184
44 0 .01126
45 0 .01065
46 0 .01014
47 0 .00985
48 0 .00962
49 0 .00949
50 0 .00942
51 0 .00938
100 0 0
*parity all widowed
birth 1 F widowed 0
14 0 0
15 0 .00909
16 0 .00868
17 0 .0092
18 0 .01094
19 0 .01435
20 0 .01866
21 0 .02234
22 0 .02441
23 0 .02511
24 0 .02497
25 0 .02371
26 0 .02169
27 0 .01924
28 0 .01747
29 0 .01613
30 0 .01555
31 0 .01451
32 0 .01415
33 0 .01396
34 0 .01451
35 0 .01482
36 0 .01511
37 0 .01518
38 0 .01526
39 0 .01503
40 0 .01466
41 0 .01358
42 0 .01269
43 0 .01184
44 0 .01126
45 0 .01065
46 0 .01014
47 0 .00985
48 0 .00962
49 0 .00949
50 0 .00942
51 0 .00938
100 0 0
*parity all divorced
birth 1 F divorced 0
14 0 0
15 0 .00909
16 0 .00868
17 0 .0092
18 0 .01094
19 0 .01435
20 0 .01866
21 0 .02234
22 0 .02441
23 0 .02511
24 0 .02497
25 0 .02371
26 0 .02169
27 0 .01924
28 0 .01747
29 0 .01613
30 0 .01555
31 0 .01451
32 0 .01415
33 0 .01396
34 0 .01451
35 0 .01482
36 0 .01511
37 0 .01518
38 0 .01526
39 0 .01503
40 0 .01466
41 0 .01358
42 0 .01269
43 0 .01184
44 0 .01126
45 0 .01065
46 0 .01014
47 0 .00985
48 0 .00962
49 0 .00949
50 0 .00942
51 0 .00938
100 0 0
