*parity 0 married
birth 1 F married 0
14 0 0
15 0 .0002
16 0 .00083
17 0 .05368
18 0 .05964
19 0 .04864
20 0 .04258
21 0 .04709
22 0 .04246
23 0 .04101
24 0 .03101
25 0 .0315
26 0 .02821
27 0 .02534
28 0 .01882
29 0 .01347
30 0 .01134
31 0 .00791
32 0 .0065
33 0 .00492
34 0 .00418
35 0 .00299
36 0 .00226
37 0 .00163
38 0 .00125
39 0 .00101
40 0 .00061
41 0 .00045
42 0 .00033
43 0 .00019
44 0 .00013
45 0 .00007
46 0 .00004
47 0 .00003
48 0 .00001
49 0 0
50 0 0
51 0 0
100 0 0
*parity 0 single
birth 1 F single 0
14 0 0
15 0 .00003
16 0 .00014
17 0 .00026
18 0 .00045
19 0 .00064
20 0 .00079
21 0 .00082
22 0 .00086
23 0 .00085
24 0 .00086
25 0 .00084
26 0 .00087
27 0 .00086
28 0 .00087
29 0 .00104
30 0 .00099
31 0 .00104
32 0 .00098
33 0 .00108
34 0 .00097
35 0 .00085
36 0 .00093
37 0 .00087
38 0 .00099
39 0 .00074
40 0 .0006
41 0 .00064
42 0 .00037
43 0 .00043
44 0 .0003
45 0 .00016
46 0 .00019
47 0 .00007
48 0 .00003
49 0 .00002
50 0 0
51 0 0
100 0 0
*parity 0 widowed
birth 1 F widowed 0
14 0 0
15 0 .00001
16 0 .00005
17 0 .09569
18 0 .14748
19 0 .20699
20 0 .11632
21 0 .24644
22 0 .11842
23 0 .07625
24 0 .03685
25 0 .04167
26 0 .0169
27 0 .01776
28 0 .02016
29 0 .01057
30 0 .00652
31 0 .00541
32 0 .00393
33 0 .00213
34 0 .00119
35 0 .00092
36 0 .00062
37 0 .00062
38 0 .00042
39 0 .00031
40 0 .00018
41 0 .0001
42 0 .00005
43 0 .00003
44 0 .00002
45 0 .00001
46 0 .00001
47 0 0
48 0 0
49 0 0
50 0 0
51 0 0
100 0 0
*parity 0 divorced
birth 1 F divorced 0
14 0 0
15 0 .00001
16 0 .00005
17 0 .09569
18 0 .14748
19 0 .20699
20 0 .11632
21 0 .24644
22 0 .11842
23 0 .07625
24 0 .03685
25 0 .04167
26 0 .0169
27 0 .01776
28 0 .02016
29 0 .01057
30 0 .00652
31 0 .00541
32 0 .00393
33 0 .00213
34 0 .00119
35 0 .00092
36 0 .00062
37 0 .00062
38 0 .00042
39 0 .00031
40 0 .00018
41 0 .0001
42 0 .00005
43 0 .00003
44 0 .00002
45 0 .00001
46 0 .00001
47 0 0
48 0 0
49 0 0
50 0 0
51 0 0
100 0 0
*parity 1 married
birth 1 F married 1
14 0 0
15 0 0
16 0 .00004
17 0 .00016
18 0 .01697
19 0 .01788
20 0 .02319
21 0 .02408
22 0 .02382
23 0 .02471
24 0 .03466
25 0 .03608
26 0 .03892
27 0 .0381
28 0 .0451
29 0 .03236
30 0 .02563
31 0 .02929
32 0 .02539
33 0 .01865
34 0 .01714
35 0 .01713
36 0 .01487
37 0 .0097
38 0 .0108
39 0 .00591
40 0 .00605
41 0 .00357
42 0 .00208
43 0 .00139
44 0 .00076
45 0 .00056
46 0 .00029
47 0 .00012
48 0 .00005
49 0 .00001
50 0 0
51 0 0
100 0 0
*parity 1 single
birth 1 F single 1
14 0 0
15 0 0
16 0 .00001
17 0 .02781
18 0 .01163
19 0 .01441
20 0 .01731
21 0 .10693
22 0 .02637
23 0 .0287
24 0 .02388
25 0 .0189
26 0 .0164
27 0 .02663
28 0 .01507
29 0 .01634
30 0 .02686
31 0 .0258
32 0 .03075
33 0 .02944
34 0 .05989
35 0 .06573
36 0 .03606
37 0 .05821
38 0 .00008
39 0 .06026
40 0 .00004
41 0 .02756
42 0 .01778
43 0 .01074
44 0 .00001
45 0 .00187
46 0 .00203
47 0 0
48 0 .00038
49 0 .00013
50 0 0
51 0 0
100 0 0
*parity 1 widowed
birth 1 F widowed 1
14 0 0
15 0 0
16 0 0
17 0 .00001
18 0 .00002
19 0 .00005
20 0 .00984
21 0 .0374
22 0 .01976
23 0 .01606
24 0 .05848
25 0 .02549
26 0 .06119
27 0 .02661
28 0 .04085
29 0 .02667
30 0 .01253
31 0 .0079
32 0 .00563
33 0 .00606
34 0 .00419
35 0 .00265
36 0 .00266
37 0 .0014
38 0 .00094
39 0 .00081
40 0 .0008
41 0 .00048
42 0 .00017
43 0 .00013
44 0 .00007
45 0 .00005
46 0 .00002
47 0 .00001
48 0 0
49 0 0
50 0 0
51 0 0
100 0 0
*parity 1 divorced
birth 1 F divorced 1
14 0 0
15 0 0
16 0 0
17 0 .00001
18 0 .00002
19 0 .00005
20 0 .00984
21 0 .0374
22 0 .01976
23 0 .01606
24 0 .05848
25 0 .02549
26 0 .06119
27 0 .02661
28 0 .04085
29 0 .02667
30 0 .01253
31 0 .0079
32 0 .00563
33 0 .00606
34 0 .00419
35 0 .00265
36 0 .00266
37 0 .0014
38 0 .00094
39 0 .00081
40 0 .0008
41 0 .00048
42 0 .00017
43 0 .00013
44 0 .00007
45 0 .00005
46 0 .00002
47 0 .00001
48 0 0
49 0 0
50 0 0
51 0 0
100 0 0
*parity 2 married
birth 1 F married 2
14 0 0
15 0 0
16 0 0
17 0 .00001
18 0 .00005
19 0 .01744
20 0 .01445
21 0 .01466
22 0 .01207
23 0 .01281
24 0 .01123
25 0 .01177
26 0 .00998
27 0 .01078
28 0 .00972
29 0 .0086
30 0 .00821
31 0 .0075
32 0 .00681
33 0 .00588
34 0 .00547
35 0 .00498
36 0 .00455
37 0 .00383
38 0 .0033
39 0 .00258
40 0 .00237
41 0 .00174
42 0 .00136
43 0 .00105
44 0 .00072
45 0 .00046
46 0 .00027
47 0 .00015
48 0 .00008
49 0 .00004
50 0 .00002
51 0 .00001
100 0 0
*parity 2 single
birth 1 F single 2
14 0 0
15 0 0
16 0 0
17 0 0
18 0 .00871
19 0 .0258
20 0 .02733
21 0 .01481
22 0 .0134
23 0 .01409
24 0 .01516
25 0 .01762
26 0 .02143
27 0 .00957
28 0 .01428
29 0 .01471
30 0 .0146
31 0 .0106
32 0 .01575
33 0 .02721
34 0 .02476
35 0 .01901
36 0 .01408
37 0 .05132
38 0 .0151
39 0 .01323
40 0 .00975
41 0 .03392
42 0 .01531
43 0 .01372
44 0 .00785
45 0 .00952
46 0 .00299
47 0 .00992
48 0 .00232
49 0 .00079
50 0 .00042
51 0 .00009
100 0 0
*parity 2 widowed
birth 1 F widowed 2
14 0 0
15 0 0
16 0 0
17 0 0
18 0 0
19 0 .00001
20 0 .00002
21 0 .01208
22 0 .00937
23 0 .01126
24 0 .00438
25 0 .00366
26 0 .00409
27 0 .00308
28 0 .00329
29 0 .00234
30 0 .00278
31 0 .00222
32 0 .00175
33 0 .00159
34 0 .00116
35 0 .00117
36 0 .0008
37 0 .00078
38 0 .00052
39 0 .00051
40 0 .00038
41 0 .00028
42 0 .00022
43 0 .00013
44 0 .00009
45 0 .00006
46 0 .00003
47 0 .00002
48 0 .00001
49 0 0
50 0 0
51 0 0
100 0 0
*parity 2 divorced
birth 1 F divorced 2
14 0 0
15 0 0
16 0 0
17 0 0
18 0 0
19 0 .00001
20 0 .00002
21 0 .01208
22 0 .00937
23 0 .01126
24 0 .00438
25 0 .00366
26 0 .00409
27 0 .00308
28 0 .00329
29 0 .00234
30 0 .00278
31 0 .00222
32 0 .00175
33 0 .00159
34 0 .00116
35 0 .00117
36 0 .0008
37 0 .00078
38 0 .00052
39 0 .00051
40 0 .00038
41 0 .00028
42 0 .00022
43 0 .00013
44 0 .00009
45 0 .00006
46 0 .00003
47 0 .00002
48 0 .00001
49 0 0
50 0 0
51 0 0
100 0 0
