*parity 0 married
birth 1 F married 0
14 0 0
15 0 .00017
16 0 .00086
17 0 .03539
18 0 .03098
19 0 .03777
20 0 .04249
21 0 .04004
22 0 .04932
23 0 .04906
24 0 .03435
25 0 .02667
26 0 .0261
27 0 .01768
28 0 .01238
29 0 .00989
30 0 .00732
31 0 .00714
32 0 .00517
33 0 .00383
34 0 .00261
35 0 .00203
36 0 .0017
37 0 .00148
38 0 .00125
39 0 .00099
40 0 .00069
41 0 .00072
42 0 .00051
43 0 .0004
44 0 .00022
45 0 .00015
46 0 .0001
47 0 .00005
48 0 .00003
49 0 .00001
50 0 0
51 0 0
100 0 0
*parity 0 single
birth 1 F single 0
14 0 0
15 0 .00001
16 0 .00003
17 0 .00008
18 0 .00017
19 0 .00029
20 0 .00041
21 0 .0005
22 0 .00047
23 0 .00047
24 0 .00049
25 0 .00043
26 0 .0004
27 0 .00036
28 0 .00032
29 0 .00031
30 0 .00028
31 0 .00022
32 0 .00016
33 0 .0002
34 0 .0002
35 0 .00016
36 0 .00011
37 0 .00008
38 0 .0001
39 0 .0001
40 0 .00008
41 0 .00008
42 0 .00005
43 0 .00002
44 0 .00004
45 0 .00005
46 0 .00002
47 0 .00003
48 0 .00001
49 0 0
50 0 0
51 0 0
100 0 0
*parity 0 widowed
birth 1 F widowed 0
14 0 0
15 0 .00001
16 0 .00004
17 0 .0001
18 0 .07731
19 0 .17356
20 0 .00036
21 0 .11292
22 0 .05927
23 0 .12324
24 0 .03946
25 0 .04085
26 0 .01532
27 0 .00994
28 0 .02016
29 0 .01498
30 0 .00501
31 0 .00311
32 0 .00265
33 0 .00322
34 0 .00118
35 0 .00079
36 0 .00078
37 0 .00069
38 0 .00043
39 0 .0003
40 0 .00018
41 0 .00011
42 0 .0001
43 0 .00008
44 0 .00004
45 0 .00003
46 0 .00001
47 0 0
48 0 0
49 0 0
50 0 0
51 0 0
100 0 0
*parity 0 divorced
birth 1 F divorced 0
14 0 0
15 0 .00001
16 0 .00004
17 0 .0001
18 0 .07731
19 0 .17356
20 0 .00036
21 0 .11292
22 0 .05927
23 0 .12324
24 0 .03946
25 0 .04085
26 0 .01532
27 0 .00994
28 0 .02016
29 0 .01498
30 0 .00501
31 0 .00311
32 0 .00265
33 0 .00322
34 0 .00118
35 0 .00079
36 0 .00078
37 0 .00069
38 0 .00043
39 0 .0003
40 0 .00018
41 0 .00011
42 0 .0001
43 0 .00008
44 0 .00004
45 0 .00003
46 0 .00001
47 0 0
48 0 0
49 0 0
50 0 0
51 0 0
100 0 0
*parity 1 married
birth 1 F married 1
14 0 0
15 0 0
16 0 .00007
17 0 .00029
18 0 .02818
19 0 .02711
20 0 .02649
21 0 .03345
22 0 .04151
23 0 .05176
24 0 .0522
25 0 .0571
26 0 .05985
27 0 .05885
28 0 .05317
29 0 .04788
30 0 .04034
31 0 .0523
32 0 .04065
33 0 .02567
34 0 .03704
35 0 .03643
36 0 .03372
37 0 .04078
38 0 .07283
39 0 .05392
40 0 .02524
41 0 .00955
42 0 .00635
43 0 .00378
44 0 .00262
45 0 .00082
46 0 .00054
47 0 .00038
48 0 .00009
49 0 .00003
50 0 .00001
51 0 0
100 0 0
*parity 1 single
birth 1 F single 1
14 0 0
15 0 0
16 0 0
17 0 .00001
18 0 .00003
19 0 .04127
20 0 .06898
21 0 .02347
22 0 .10887
23 0 .07785
24 0 .03861
25 0 .06843
26 0 .02886
27 0 .02375
28 0 .06924
29 0 .05533
30 0 .00009
31 0 .00008
32 0 .03057
33 0 .00005
34 0 .00004
35 0 .00004
36 0 .02598
37 0 .00002
38 0 .01603
39 0 .01187
40 0 .00309
41 0 .00158
42 0 .0005
43 0 .00011
44 0 .00009
45 0 .00009
46 0 .00016
47 0 .00006
48 0 .00001
49 0 0
50 0 0
51 0 0
100 0 0
*parity 1 widowed
birth 1 F widowed 1
14 0 0
15 0 0
16 0 0
17 0 .00001
18 0 .02603
19 0 .02735
20 0 .02286
21 0 .02765
22 0 .03608
23 0 .10319
24 0 .02559
25 0 .0907
26 0 .04462
27 0 .07345
28 0 .18354
29 0 .0163
30 0 .00997
31 0 .01303
32 0 .04052
33 0 .01082
34 0 .00491
35 0 .02126
36 0 .00861
37 0 .00555
38 0 .00531
39 0 .00131
40 0 .00123
41 0 .00139
42 0 .00075
43 0 .00174
44 0 .00191
45 0 .00012
46 0 .00004
47 0 .00002
48 0 0
49 0 0
50 0 0
51 0 0
100 0 0
*parity 1 divorced
birth 1 F divorced 1
14 0 0
15 0 0
16 0 0
17 0 .00001
18 0 .02603
19 0 .02735
20 0 .02286
21 0 .02765
22 0 .03608
23 0 .10319
24 0 .02559
25 0 .0907
26 0 .04462
27 0 .07345
28 0 .18354
29 0 .0163
30 0 .00997
31 0 .01303
32 0 .04052
33 0 .01082
34 0 .00491
35 0 .02126
36 0 .00861
37 0 .00555
38 0 .00531
39 0 .00131
40 0 .00123
41 0 .00139
42 0 .00075
43 0 .00174
44 0 .00191
45 0 .00012
46 0 .00004
47 0 .00002
48 0 0
49 0 0
50 0 0
51 0 0
100 0 0
*parity 2 married
birth 1 F married 2
14 0 0
15 0 0
16 0 .00001
17 0 .00003
18 0 .00014
19 0 .03073
20 0 .03108
21 0 .0272
22 0 .02789
23 0 .02108
24 0 .02207
25 0 .02298
26 0 .02009
27 0 .01909
28 0 .01966
29 0 .0181
30 0 .01748
31 0 .01598
32 0 .01589
33 0 .01361
34 0 .0137
35 0 .01303
36 0 .01365
37 0 .01273
38 0 .01051
39 0 .00969
40 0 .00897
41 0 .00624
42 0 .00474
43 0 .00356
44 0 .00254
45 0 .00168
46 0 .00097
47 0 .00062
48 0 .00032
49 0 .00016
50 0 .00008
51 0 .00004
100 0 0
*parity 2 single
birth 1 F single 2
14 0 0
15 0 0
16 0 0
17 0 0
18 0 0
19 0 .00002
20 0 .00004
21 0 .08682
22 0 .04468
23 0 .04698
24 0 .04776
25 0 .04384
26 0 .02622
27 0 .04433
28 0 .0193
29 0 .0324
30 0 .02801
31 0 .01872
32 0 .05037
33 0 .02093
34 0 .02418
35 0 .0321
36 0 .02904
37 0 .01961
38 0 .1361
39 0 .01614
40 0 .00828
41 0 .01865
42 0 .00382
43 0 .00197
44 0 .00246
45 0 .00393
46 0 .00144
47 0 .00077
48 0 .00017
49 0 .0001
50 0 .00003
51 0 .00001
100 0 0
*parity 2 widowed
birth 1 F widowed 2
14 0 0
15 0 0
16 0 0
17 0 0
18 0 .00001
19 0 .00002
20 0 .02015
21 0 .05753
22 0 .01974
23 0 .01038
24 0 .01862
25 0 .01162
26 0 .0097
27 0 .00935
28 0 .0063
29 0 .00522
30 0 .00758
31 0 .00388
32 0 .00375
33 0 .00343
34 0 .00324
35 0 .00327
36 0 .00246
37 0 .00236
38 0 .00154
39 0 .00135
40 0 .00157
41 0 .00078
42 0 .00064
43 0 .00052
44 0 .00032
45 0 .00017
46 0 .0001
47 0 .00005
48 0 .00003
49 0 .00002
50 0 .00001
51 0 0
100 0 0
*parity 2 divorced
birth 1 F divorced 2
14 0 0
15 0 0
16 0 0
17 0 0
18 0 .00001
19 0 .00002
20 0 .02015
21 0 .05753
22 0 .01974
23 0 .01038
24 0 .01862
25 0 .01162
26 0 .0097
27 0 .00935
28 0 .0063
29 0 .00522
30 0 .00758
31 0 .00388
32 0 .00375
33 0 .00343
34 0 .00324
35 0 .00327
36 0 .00246
37 0 .00236
38 0 .00154
39 0 .00135
40 0 .00157
41 0 .00078
42 0 .00064
43 0 .00052
44 0 .00032
45 0 .00017
46 0 .0001
47 0 .00005
48 0 .00003
49 0 .00002
50 0 .00001
51 0 0
100 0 0
