*parity 0 married
birth 1 F married 0
14 0 0
15 0 .0001
16 0 .00042
17 0 .07296
18 0 .04023
19 0 .04166
20 0 .03873
21 0 .04
22 0 .03506
23 0 .02791
24 0 .02172
25 0 .02559
26 0 .0173
27 0 .01496
28 0 .01316
29 0 .00949
30 0 .0086
31 0 .00669
32 0 .00499
33 0 .00312
34 0 .00216
35 0 .00176
36 0 .00136
37 0 .00107
38 0 .00075
39 0 .00059
40 0 .00042
41 0 .0003
42 0 .00019
43 0 .00012
44 0 .00007
45 0 .00005
46 0 .00003
47 0 .00002
48 0 .00001
49 0 0
50 0 0
51 0 0
100 0 0
*parity 0 single
birth 1 F single 0
14 0 0
15 0 .00013
16 0 .00056
17 0 .00109
18 0 .00187
19 0 .00272
20 0 .00332
21 0 .00362
22 0 .00372
23 0 .00361
24 0 .00385
25 0 .00379
26 0 .0038
27 0 .0038
28 0 .00367
29 0 .00371
30 0 .00342
31 0 .00321
32 0 .00306
33 0 .00336
34 0 .0034
35 0 .00319
36 0 .00303
37 0 .00274
38 0 .00262
39 0 .00232
40 0 .00234
41 0 .00214
42 0 .0015
43 0 .00122
44 0 .00089
45 0 .00061
46 0 .00033
47 0 .00028
48 0 .00016
49 0 .00005
50 0 .00001
51 0 .00001
100 0 0
*parity 0 widowed
birth 1 F widowed 0
14 0 0
15 0 .00002
16 0 .00009
17 0 .00018
18 0 .81285
19 0 .27592
20 0 .60862
21 0 .6061
22 0 .23137
23 0 .51681
24 0 .18433
25 0 .14168
26 0 .10932
27 0 .07455
28 0 .02659
29 0 .01939
30 0 .01463
31 0 .01287
32 0 .0077
33 0 .00851
34 0 .00512
35 0 .00232
36 0 .00179
37 0 .00108
38 0 .00067
39 0 .00049
40 0 .00025
41 0 .00017
42 0 .0001
43 0 .00005
44 0 .00003
45 0 .00002
46 0 .00001
47 0 0
48 0 0
49 0 0
50 0 0
51 0 0
100 0 0
*parity 0 divorced
birth 1 F divorced 0
14 0 0
15 0 .00002
16 0 .00009
17 0 .00018
18 0 .81285
19 0 .27592
20 0 .60862
21 0 .6061
22 0 .23137
23 0 .51681
24 0 .18433
25 0 .14168
26 0 .10932
27 0 .07455
28 0 .02659
29 0 .01939
30 0 .01463
31 0 .01287
32 0 .0077
33 0 .00851
34 0 .00512
35 0 .00232
36 0 .00179
37 0 .00108
38 0 .00067
39 0 .00049
40 0 .00025
41 0 .00017
42 0 .0001
43 0 .00005
44 0 .00003
45 0 .00002
46 0 .00001
47 0 0
48 0 0
49 0 0
50 0 0
51 0 0
100 0 0
*parity 1 married
birth 1 F married 1
14 0 0
15 0 0
16 0 .00002
17 0 .00009
18 0 .02636
19 0 .01851
20 0 .02669
21 0 .02724
22 0 .02499
23 0 .02815
24 0 .02869
25 0 .02356
26 0 .02222
27 0 .02507
28 0 .02101
29 0 .01968
30 0 .02243
31 0 .01869
32 0 .01314
33 0 .01025
34 0 .01017
35 0 .00927
36 0 .0084
37 0 .00527
38 0 .00438
39 0 .00374
40 0 .0019
41 0 .00164
42 0 .00125
43 0 .0008
44 0 .00043
45 0 .00026
46 0 .00018
47 0 .00008
48 0 .00002
49 0 .00001
50 0 0
51 0 0
100 0 0
*parity 1 single
birth 1 F single 1
14 0 0
15 0 0
16 0 .01469
17 0 .02927
18 0 .03108
19 0 .0242
20 0 .02656
21 0 .02903
22 0 .02762
23 0 .02982
24 0 .02235
25 0 .02094
26 0 .02562
27 0 .02601
28 0 .02549
29 0 .02541
30 0 .02572
31 0 .02844
32 0 .02713
33 0 .02952
34 0 .03827
35 0 .02719
36 0 .03846
37 0 .0331
38 0 .02628
39 0 .02554
40 0 .03436
41 0 .02327
42 0 .03273
43 0 .02004
44 0 .00652
45 0 .01324
46 0 .00987
47 0 .00195
48 0 .00197
49 0 .00064
50 0 0
51 0 0
100 0 0
*parity 1 widowed
birth 1 F widowed 1
14 0 0
15 0 0
16 0 .00001
17 0 .00002
18 0 .00005
19 0 .09419
20 0 .21572
21 0 .03381
22 0 .0369
23 0 .04424
24 0 .02923
25 0 .01814
26 0 .01517
27 0 .01361
28 0 .02211
29 0 .04545
30 0 .02227
31 0 .01818
32 0 .01303
33 0 .00813
34 0 .00844
35 0 .00886
36 0 .00367
37 0 .00233
38 0 .00279
39 0 .00173
40 0 .00112
41 0 .00088
42 0 .00041
43 0 .00024
44 0 .00013
45 0 .00006
46 0 .00004
47 0 .00001
48 0 .00001
49 0 0
50 0 0
51 0 0
100 0 0
*parity 1 divorced
birth 1 F divorced 1
14 0 0
15 0 0
16 0 .00001
17 0 .00002
18 0 .00005
19 0 .09419
20 0 .21572
21 0 .03381
22 0 .0369
23 0 .04424
24 0 .02923
25 0 .01814
26 0 .01517
27 0 .01361
28 0 .02211
29 0 .04545
30 0 .02227
31 0 .01818
32 0 .01303
33 0 .00813
34 0 .00844
35 0 .00886
36 0 .00367
37 0 .00233
38 0 .00279
39 0 .00173
40 0 .00112
41 0 .00088
42 0 .00041
43 0 .00024
44 0 .00013
45 0 .00006
46 0 .00004
47 0 .00001
48 0 .00001
49 0 0
50 0 0
51 0 0
100 0 0
*parity 2 married
birth 1 F married 2
14 0 0
15 0 0
16 0 0
17 0 .00001
18 0 .00003
19 0 .07997
20 0 .01486
21 0 .01378
22 0 .01431
23 0 .01614
24 0 .01279
25 0 .01274
26 0 .01238
27 0 .01094
28 0 .01142
29 0 .01057
30 0 .00944
31 0 .00764
32 0 .00699
33 0 .00541
34 0 .00463
35 0 .00423
36 0 .00345
37 0 .00338
38 0 .0028
39 0 .0023
40 0 .00202
41 0 .00144
42 0 .00114
43 0 .00086
44 0 .00064
45 0 .00043
46 0 .00025
47 0 .00015
48 0 .00008
49 0 .00004
50 0 .00002
51 0 .00001
100 0 0
*parity 2 single
birth 1 F single 2
14 0 0
15 0 0
16 0 0
17 0 .00001
18 0 .03676
19 0 .01989
20 0 .02792
21 0 .02154
22 0 .0216
23 0 .02019
24 0 .01808
25 0 .01803
26 0 .01587
27 0 .01447
28 0 .01471
29 0 .01425
30 0 .01266
31 0 .01226
32 0 .01256
33 0 .01326
34 0 .01337
35 0 .01205
36 0 .01233
37 0 .01001
38 0 .01178
39 0 .01211
40 0 .01216
41 0 .00964
42 0 .00925
43 0 .00851
44 0 .00579
45 0 .00475
46 0 .00294
47 0 .00194
48 0 .00091
49 0 .00058
50 0 .00026
51 0 .00011
100 0 0
*parity 2 widowed
birth 1 F widowed 2
14 0 0
15 0 0
16 0 0
17 0 0
18 0 .00001
19 0 .02693
20 0 .0567
21 0 .10205
22 0 .02651
23 0 .03821
24 0 .02988
25 0 .02114
26 0 .02293
27 0 .01381
28 0 .00813
29 0 .00553
30 0 .00553
31 0 .00495
32 0 .00421
33 0 .00355
34 0 .00271
35 0 .00219
36 0 .00195
37 0 .00164
38 0 .00126
39 0 .00088
40 0 .00074
41 0 .00054
42 0 .00038
43 0 .00027
44 0 .00019
45 0 .00012
46 0 .00007
47 0 .00003
48 0 .00002
49 0 .00001
50 0 0
51 0 0
100 0 0
*parity 2 divorced
birth 1 F divorced 2
14 0 0
15 0 0
16 0 0
17 0 0
18 0 .00001
19 0 .02693
20 0 .0567
21 0 .10205
22 0 .02651
23 0 .03821
24 0 .02988
25 0 .02114
26 0 .02293
27 0 .01381
28 0 .00813
29 0 .00553
30 0 .00553
31 0 .00495
32 0 .00421
33 0 .00355
34 0 .00271
35 0 .00219
36 0 .00195
37 0 .00164
38 0 .00126
39 0 .00088
40 0 .00074
41 0 .00054
42 0 .00038
43 0 .00027
44 0 .00019
45 0 .00012
46 0 .00007
47 0 .00003
48 0 .00002
49 0 .00001
50 0 0
51 0 0
100 0 0
