*parity 0 married
birth 1 F married 0
14 0 0
15 0 .00022
16 0 .0009
17 0 .06334
18 0 .05658
19 0 .06878
20 0 .05006
21 0 .05245
22 0 .05115
23 0 .04732
24 0 .04582
25 0 .03939
26 0 .03154
27 0 .02917
28 0 .01796
29 0 .01276
30 0 .00892
31 0 .00812
32 0 .00593
33 0 .00475
34 0 .00374
35 0 .0028
36 0 .00243
37 0 .00171
38 0 .00137
39 0 .00104
40 0 .00082
41 0 .00051
42 0 .00041
43 0 .00024
44 0 .00014
45 0 .00008
46 0 .00005
47 0 .00003
48 0 .00001
49 0 0
50 0 0
51 0 0
100 0 0
*parity 0 single
birth 1 F single 0
14 0 0
15 0 .00003
16 0 .00012
17 0 .00025
18 0 .00043
19 0 .00062
20 0 .0008
21 0 .00088
22 0 .00085
23 0 .00089
24 0 .00087
25 0 .00086
26 0 .00089
27 0 .00084
28 0 .00094
29 0 .001
30 0 .00125
31 0 .0011
32 0 .00097
33 0 .00114
34 0 .0011
35 0 .0011
36 0 .00126
37 0 .00073
38 0 .0009
39 0 .00087
40 0 .00094
41 0 .00074
42 0 .00055
43 0 .00037
44 0 .00021
45 0 .00024
46 0 .00011
47 0 .0001
48 0 .00009
49 0 .00001
50 0 0
51 0 0
100 0 0
*parity 0 widowed
birth 1 F widowed 0
14 0 0
15 0 .00001
16 0 .00005
17 0 .10885
18 0 .00015
19 0 .08741
20 0 .27421
21 0 .09577
22 0 .05494
23 0 .02626
24 0 .07709
25 0 .02158
26 0 .01073
27 0 .00714
28 0 .00702
29 0 .01357
30 0 .00474
31 0 .00436
32 0 .00284
33 0 .00145
34 0 .00092
35 0 .0007
36 0 .00038
37 0 .00044
38 0 .00027
39 0 .00016
40 0 .00011
41 0 .00007
42 0 .00004
43 0 .00003
44 0 .00002
45 0 .00001
46 0 0
47 0 0
48 0 0
49 0 0
50 0 0
51 0 0
100 0 0
*parity 0 divorced
birth 1 F divorced 0
14 0 0
15 0 .00001
16 0 .00005
17 0 .10885
18 0 .00015
19 0 .08741
20 0 .27421
21 0 .09577
22 0 .05494
23 0 .02626
24 0 .07709
25 0 .02158
26 0 .01073
27 0 .00714
28 0 .00702
29 0 .01357
30 0 .00474
31 0 .00436
32 0 .00284
33 0 .00145
34 0 .00092
35 0 .0007
36 0 .00038
37 0 .00044
38 0 .00027
39 0 .00016
40 0 .00011
41 0 .00007
42 0 .00004
43 0 .00003
44 0 .00002
45 0 .00001
46 0 0
47 0 0
48 0 0
49 0 0
50 0 0
51 0 0
100 0 0
*parity 1 married
birth 1 F married 1
14 0 0
15 0 0
16 0 .00005
17 0 .00018
18 0 .02231
19 0 .02048
20 0 .02318
21 0 .02414
22 0 .04024
23 0 .03556
24 0 .03446
25 0 .03708
26 0 .03319
27 0 .03438
28 0 .03319
29 0 .0272
30 0 .03107
31 0 .0221
32 0 .02273
33 0 .01959
34 0 .01754
35 0 .01641
36 0 .01081
37 0 .01748
38 0 .01201
39 0 .00794
40 0 .0063
41 0 .00313
42 0 .00191
43 0 .00139
44 0 .00091
45 0 .00064
46 0 .00033
47 0 .00012
48 0 .00004
49 0 .00001
50 0 .00001
51 0 0
100 0 0
*parity 1 single
birth 1 F single 1
14 0 0
15 0 0
16 0 .00001
17 0 .01011
18 0 .01202
19 0 .03488
20 0 .02525
21 0 .0236
22 0 .02277
23 0 .01787
24 0 .02915
25 0 .03587
26 0 .02808
27 0 .03326
28 0 .02913
29 0 .06647
30 0 .06506
31 0 .04319
32 0 .02645
33 0 .05333
34 0 .05958
35 0 .07334
36 0 .00013
37 0 .02098
38 0 .08553
39 0 .00006
40 0 .04396
41 0 .01506
42 0 .01924
43 0 .00001
44 0 .00001
45 0 .00463
46 0 0
47 0 0
48 0 0
49 0 0
50 0 0
51 0 0
100 0 0
*parity 1 widowed
birth 1 F widowed 1
14 0 0
15 0 0
16 0 0
17 0 .00001
18 0 .00003
19 0 .03354
20 0 .02428
21 0 .01134
22 0 .01664
23 0 .02148
24 0 .02723
25 0 .0276
26 0 .0102
27 0 .01492
28 0 .01206
29 0 .00852
30 0 .00626
31 0 .00969
32 0 .00572
33 0 .0041
34 0 .00229
35 0 .00176
36 0 .00143
37 0 .00168
38 0 .00097
39 0 .0008
40 0 .00039
41 0 .00026
42 0 .0002
43 0 .0001
44 0 .00005
45 0 .00003
46 0 .00001
47 0 .00001
48 0 0
49 0 0
50 0 0
51 0 0
100 0 0
*parity 1 divorced
birth 1 F divorced 1
14 0 0
15 0 0
16 0 0
17 0 .00001
18 0 .00003
19 0 .03354
20 0 .02428
21 0 .01134
22 0 .01664
23 0 .02148
24 0 .02723
25 0 .0276
26 0 .0102
27 0 .01492
28 0 .01206
29 0 .00852
30 0 .00626
31 0 .00969
32 0 .00572
33 0 .0041
34 0 .00229
35 0 .00176
36 0 .00143
37 0 .00168
38 0 .00097
39 0 .0008
40 0 .00039
41 0 .00026
42 0 .0002
43 0 .0001
44 0 .00005
45 0 .00003
46 0 .00001
47 0 .00001
48 0 0
49 0 0
50 0 0
51 0 0
100 0 0
*parity 2 married
birth 1 F married 2
14 0 0
15 0 0
16 0 0
17 0 .00002
18 0 .00007
19 0 .02973
20 0 .01695
21 0 .01605
22 0 .01594
23 0 .01362
24 0 .01307
25 0 .0134
26 0 .01341
27 0 .0129
28 0 .01237
29 0 .01117
30 0 .00992
31 0 .00922
32 0 .00966
33 0 .00788
34 0 .00779
35 0 .00708
36 0 .00622
37 0 .00533
38 0 .00451
39 0 .00384
40 0 .00332
41 0 .00288
42 0 .00212
43 0 .00159
44 0 .00117
45 0 .00081
46 0 .00045
47 0 .00026
48 0 .00014
49 0 .00007
50 0 .00003
51 0 .00001
100 0 0
*parity 2 single
birth 1 F single 2
14 0 0
15 0 0
16 0 0
17 0 0
18 0 .00001
19 0 .0166
20 0 .06627
21 0 .04182
22 0 .02176
23 0 .03114
24 0 .02753
25 0 .01946
26 0 .02621
27 0 .02269
28 0 .01828
29 0 .02348
30 0 .02004
31 0 .02236
32 0 .02454
33 0 .02141
34 0 .01904
35 0 .0186
36 0 .02078
37 0 .04153
38 0 .03897
39 0 .07836
40 0 .01858
41 0 .02877
42 0 .02146
43 0 .01648
44 0 .01134
45 0 .00925
46 0 .00444
47 0 .00826
48 0 .00279
49 0 .00104
50 0 .00054
51 0 .00033
100 0 0
*parity 2 widowed
birth 1 F widowed 2
14 0 0
15 0 0
16 0 0
17 0 0
18 0 0
19 0 .01277
20 0 .01274
21 0 .01609
22 0 .00753
23 0 .00564
24 0 .00454
25 0 .00428
26 0 .00403
27 0 .00436
28 0 .00325
29 0 .00328
30 0 .00261
31 0 .00237
32 0 .00197
33 0 .00192
34 0 .00153
35 0 .00131
36 0 .00115
37 0 .00087
38 0 .00071
39 0 .00062
40 0 .00045
41 0 .00036
42 0 .00023
43 0 .00017
44 0 .00012
45 0 .00008
46 0 .00004
47 0 .00002
48 0 .00001
49 0 .00001
50 0 0
51 0 0
100 0 0
*parity 2 divorced
birth 1 F divorced 2
14 0 0
15 0 0
16 0 0
17 0 0
18 0 0
19 0 .01277
20 0 .01274
21 0 .01609
22 0 .00753
23 0 .00564
24 0 .00454
25 0 .00428
26 0 .00403
27 0 .00436
28 0 .00325
29 0 .00328
30 0 .00261
31 0 .00237
32 0 .00197
33 0 .00192
34 0 .00153
35 0 .00131
36 0 .00115
37 0 .00087
38 0 .00071
39 0 .00062
40 0 .00045
41 0 .00036
42 0 .00023
43 0 .00017
44 0 .00012
45 0 .00008
46 0 .00004
47 0 .00002
48 0 .00001
49 0 .00001
50 0 0
51 0 0
100 0 0
