*parity 0 married
birth 1 F married 0
14 0 0
15 0 .0002
16 0 .00082
17 0 .05227
18 0 .0407
19 0 .05729
20 0 .04368
21 0 .04552
22 0 .04811
23 0 .04556
24 0 .03637
25 0 .03506
26 0 .03399
27 0 .02413
28 0 .02471
29 0 .016
30 0 .01004
31 0 .00786
32 0 .00606
33 0 .00451
34 0 .00329
35 0 .00275
36 0 .00212
37 0 .00175
38 0 .0012
39 0 .00096
40 0 .00068
41 0 .00044
42 0 .0003
43 0 .00018
44 0 .00012
45 0 .00007
46 0 .00004
47 0 .00002
48 0 .00001
49 0 0
50 0 0
51 0 0
100 0 0
*parity 0 single
birth 1 F single 0
14 0 0
15 0 .00004
16 0 .00015
17 0 .00029
18 0 .0005
19 0 .00071
20 0 .00088
21 0 .00094
22 0 .00094
23 0 .00094
24 0 .00094
25 0 .00094
26 0 .00093
27 0 .00094
28 0 .00091
29 0 .00094
30 0 .00104
31 0 .00093
32 0 .00092
33 0 .00098
34 0 .00098
35 0 .00101
36 0 .00089
37 0 .00085
38 0 .00073
39 0 .00083
40 0 .00074
41 0 .0005
42 0 .00045
43 0 .00033
44 0 .00026
45 0 .00013
46 0 .0001
47 0 .00008
48 0 .00002
49 0 .00001
50 0 0
51 0 0
100 0 0
*parity 0 widowed
birth 1 F widowed 0
14 0 0
15 0 .00001
16 0 .00005
17 0 .00009
18 0 .08061
19 0 .21341
20 0 .06005
21 0 .23687
22 0 .05689
23 0 .07183
24 0 .19355
25 0 .00018
26 0 .02526
27 0 .01919
28 0 .16072
29 0 .02122
30 0 .01676
31 0 .00873
32 0 .00422
33 0 .00239
34 0 .0019
35 0 .0013
36 0 .00079
37 0 .00044
38 0 .00049
39 0 .00026
40 0 .00016
41 0 .0001
42 0 .00006
43 0 .00005
44 0 .00002
45 0 .00002
46 0 .00001
47 0 0
48 0 0
49 0 0
50 0 0
51 0 0
100 0 0
*parity 0 divorced
birth 1 F divorced 0
14 0 0
15 0 .00001
16 0 .00005
17 0 .00009
18 0 .08061
19 0 .21341
20 0 .06005
21 0 .23687
22 0 .05689
23 0 .07183
24 0 .19355
25 0 .00018
26 0 .02526
27 0 .01919
28 0 .16072
29 0 .02122
30 0 .01676
31 0 .00873
32 0 .00422
33 0 .00239
34 0 .0019
35 0 .0013
36 0 .00079
37 0 .00044
38 0 .00049
39 0 .00026
40 0 .00016
41 0 .0001
42 0 .00006
43 0 .00005
44 0 .00002
45 0 .00002
46 0 .00001
47 0 0
48 0 0
49 0 0
50 0 0
51 0 0
100 0 0
*parity 1 married
birth 1 F married 1
14 0 0
15 0 0
16 0 .00004
17 0 .00015
18 0 .03222
19 0 .01658
20 0 .01963
21 0 .02146
22 0 .02444
23 0 .02611
24 0 .03167
25 0 .02878
26 0 .0361
27 0 .03617
28 0 .04748
29 0 .0344
30 0 .03005
31 0 .02456
32 0 .02786
33 0 .02375
34 0 .0199
35 0 .01592
36 0 .01135
37 0 .01014
38 0 .00823
39 0 .00619
40 0 .00522
41 0 .00416
42 0 .00241
43 0 .0014
44 0 .00101
45 0 .00041
46 0 .00028
47 0 .0001
48 0 .00004
49 0 .00002
50 0 0
51 0 0
100 0 0
*parity 1 single
birth 1 F single 1
14 0 0
15 0 0
16 0 .00001
17 0 .00003
18 0 .02809
19 0 .02736
20 0 .02567
21 0 .02272
22 0 .02625
23 0 .03187
24 0 .0211
25 0 .02458
26 0 .02199
27 0 .02081
28 0 .02708
29 0 .04231
30 0 .05428
31 0 .04405
32 0 .02672
33 0 .02958
34 0 .02677
35 0 .01859
36 0 .01802
37 0 .04357
38 0 .03487
39 0 .02621
40 0 .01821
41 0 .03734
42 0 .00002
43 0 .01385
44 0 .00001
45 0 .00194
46 0 0
47 0 0
48 0 .00018
49 0 .00012
50 0 0
51 0 .00001
100 0 0
*parity 1 widowed
birth 1 F widowed 1
14 0 0
15 0 0
16 0 0
17 0 .00001
18 0 .00002
19 0 .01732
20 0 .01354
21 0 .02696
22 0 .03323
23 0 .05043
24 0 .02559
25 0 .02723
26 0 .04002
27 0 .0183
28 0 .04071
29 0 .02295
30 0 .01406
31 0 .02324
32 0 .01057
33 0 .01021
34 0 .0121
35 0 .00588
36 0 .003
37 0 .00207
38 0 .00184
39 0 .001
40 0 .00069
41 0 .00039
42 0 .00035
43 0 .00014
44 0 .00007
45 0 .00004
46 0 .00003
47 0 .00001
48 0 0
49 0 0
50 0 0
51 0 0
100 0 0
*parity 1 divorced
birth 1 F divorced 1
14 0 0
15 0 0
16 0 0
17 0 .00001
18 0 .00002
19 0 .01732
20 0 .01354
21 0 .02696
22 0 .03323
23 0 .05043
24 0 .02559
25 0 .02723
26 0 .04002
27 0 .0183
28 0 .04071
29 0 .02295
30 0 .01406
31 0 .02324
32 0 .01057
33 0 .01021
34 0 .0121
35 0 .00588
36 0 .003
37 0 .00207
38 0 .00184
39 0 .001
40 0 .00069
41 0 .00039
42 0 .00035
43 0 .00014
44 0 .00007
45 0 .00004
46 0 .00003
47 0 .00001
48 0 0
49 0 0
50 0 0
51 0 0
100 0 0
*parity 2 married
birth 1 F married 2
14 0 0
15 0 0
16 0 0
17 0 .00001
18 0 .00005
19 0 .02248
20 0 .01854
21 0 .01551
22 0 .01187
23 0 .01112
24 0 .01138
25 0 .01086
26 0 .01015
27 0 .01043
28 0 .00907
29 0 .00953
30 0 .00812
31 0 .00867
32 0 .00741
33 0 .00627
34 0 .00567
35 0 .00493
36 0 .00448
37 0 .00381
38 0 .00326
39 0 .00251
40 0 .00215
41 0 .00169
42 0 .00134
43 0 .00096
44 0 .00065
45 0 .0004
46 0 .00026
47 0 .00014
48 0 .00007
49 0 .00004
50 0 .00001
51 0 .00001
100 0 0
*parity 2 single
birth 1 F single 2
14 0 0
15 0 0
16 0 0
17 0 .00229
18 0 .00001
19 0 .00003
20 0 .01039
21 0 .01573
22 0 .01707
23 0 .01676
24 0 .01393
25 0 .0154
26 0 .01162
27 0 .01559
28 0 .01112
29 0 .01399
30 0 .01714
31 0 .01575
32 0 .02016
33 0 .01641
34 0 .01339
35 0 .01549
36 0 .02932
37 0 .01372
38 0 .01314
39 0 .03206
40 0 .01622
41 0 .00985
42 0 .00862
43 0 .0177
44 0 .01101
45 0 .00984
46 0 .00521
47 0 .003
48 0 .00148
49 0 .00224
50 0 .00028
51 0 .00013
100 0 0
*parity 2 widowed
birth 1 F widowed 2
14 0 0
15 0 0
16 0 0
17 0 0
18 0 0
19 0 .00931
20 0 .00987
21 0 .00697
22 0 .01801
23 0 .00464
24 0 .00464
25 0 .00596
26 0 .0056
27 0 .00555
28 0 .00336
29 0 .00246
30 0 .00291
31 0 .00213
32 0 .00192
33 0 .00183
34 0 .00166
35 0 .00111
36 0 .00104
37 0 .00081
38 0 .00066
39 0 .00054
40 0 .00038
41 0 .00033
42 0 .00019
43 0 .00014
44 0 .00009
45 0 .00006
46 0 .00004
47 0 .00002
48 0 .00001
49 0 0
50 0 0
51 0 0
100 0 0
*parity 2 divorced
birth 1 F divorced 2
14 0 0
15 0 0
16 0 0
17 0 0
18 0 0
19 0 .00931
20 0 .00987
21 0 .00697
22 0 .01801
23 0 .00464
24 0 .00464
25 0 .00596
26 0 .0056
27 0 .00555
28 0 .00336
29 0 .00246
30 0 .00291
31 0 .00213
32 0 .00192
33 0 .00183
34 0 .00166
35 0 .00111
36 0 .00104
37 0 .00081
38 0 .00066
39 0 .00054
40 0 .00038
41 0 .00033
42 0 .00019
43 0 .00014
44 0 .00009
45 0 .00006
46 0 .00004
47 0 .00002
48 0 .00001
49 0 0
50 0 0
51 0 0
100 0 0
