*parity 0 married
birth 1 F married 0
14 0 0
15 0 .00022
16 0 .00092
17 0 .04214
18 0 .03513
19 0 .0325
20 0 .03458
21 0 .03708
22 0 .03436
23 0 .03339
24 0 .03418
25 0 .02964
26 0 .02339
27 0 .02213
28 0 .01783
29 0 .01424
30 0 .01318
31 0 .01142
32 0 .01062
33 0 .00736
34 0 .00607
35 0 .00464
36 0 .00382
37 0 .00297
38 0 .00258
39 0 .00188
40 0 .00153
41 0 .00094
42 0 .00067
43 0 .00053
44 0 .00039
45 0 .00021
46 0 .00014
47 0 .00007
48 0 .00004
49 0 .00002
50 0 0
51 0 0
100 0 0
*parity 0 single
birth 1 F single 0
14 0 0
15 0 .00002
16 0 .00008
17 0 .00016
18 0 .00027
19 0 .00041
20 0 .00052
21 0 .00057
22 0 .00059
23 0 .00059
24 0 .00061
25 0 .00066
26 0 .00073
27 0 .00076
28 0 .00084
29 0 .0009
30 0 .00087
31 0 .00091
32 0 .00095
33 0 .00093
34 0 .0008
35 0 .00079
36 0 .00076
37 0 .00075
38 0 .00054
39 0 .0006
40 0 .00056
41 0 .00043
42 0 .00035
43 0 .00017
44 0 .00016
45 0 .00007
46 0 .00007
47 0 .00004
48 0 .00002
49 0 0
50 0 0
51 0 0
100 0 0
*parity 0 widowed
birth 1 F widowed 0
14 0 0
15 0 .00001
16 0 .00005
17 0 .06044
18 0 .06395
19 0 .06903
20 0 .05278
21 0 .06464
22 0 .03153
23 0 .02173
24 0 .02979
25 0 .01088
26 0 .01123
27 0 .00718
28 0 .00829
29 0 .00515
30 0 .00372
31 0 .00318
32 0 .00216
33 0 .00166
34 0 .00138
35 0 .00084
36 0 .0006
37 0 .00051
38 0 .00038
39 0 .00022
40 0 .00015
41 0 .00013
42 0 .00009
43 0 .00006
44 0 .00004
45 0 .00003
46 0 .00001
47 0 .00001
48 0 0
49 0 0
50 0 0
51 0 0
100 0 0
*parity 0 divorced
birth 1 F divorced 0
14 0 0
15 0 .00001
16 0 .00005
17 0 .06044
18 0 .06395
19 0 .06903
20 0 .05278
21 0 .06464
22 0 .03153
23 0 .02173
24 0 .02979
25 0 .01088
26 0 .01123
27 0 .00718
28 0 .00829
29 0 .00515
30 0 .00372
31 0 .00318
32 0 .00216
33 0 .00166
34 0 .00138
35 0 .00084
36 0 .0006
37 0 .00051
38 0 .00038
39 0 .00022
40 0 .00015
41 0 .00013
42 0 .00009
43 0 .00006
44 0 .00004
45 0 .00003
46 0 .00001
47 0 .00001
48 0 0
49 0 0
50 0 0
51 0 0
100 0 0
*parity 1 married
birth 1 F married 1
14 0 0
15 0 0
16 0 .00005
17 0 .22836
18 0 .01513
19 0 .016
20 0 .01726
21 0 .01689
22 0 .01755
23 0 .0211
24 0 .01803
25 0 .01667
26 0 .01833
27 0 .02029
28 0 .01823
29 0 .01824
30 0 .01913
31 0 .01744
32 0 .01314
33 0 .01201
34 0 .01079
35 0 .00961
36 0 .00876
37 0 .00581
38 0 .00535
39 0 .00488
40 0 .00336
41 0 .0022
42 0 .0016
43 0 .0009
44 0 .00069
45 0 .00029
46 0 .00014
47 0 .00007
48 0 .00004
49 0 .00001
50 0 0
51 0 0
100 0 0
*parity 1 single
birth 1 F single 1
14 0 0
15 0 0
16 0 .00274
17 0 .00976
18 0 .05045
19 0 .01524
20 0 .03394
21 0 .02906
22 0 .05325
23 0 .04007
24 0 .05327
25 0 .19171
26 0 .38703
27 0 .36937
28 0 .0745
29 0 .09469
30 0 .3582
31 0 .16922
32 0 .07752
33 0 .00015
34 0 .22696
35 0 .18565
36 0 .00008
37 0 .03792
38 0 .08374
39 0 .06134
40 0 .03939
41 0 .02798
42 0 .00001
43 0 .00968
44 0 .00594
45 0 0
46 0 .00165
47 0 0
48 0 0
49 0 0
50 0 0
51 0 0
100 0 0
*parity 1 widowed
birth 1 F widowed 1
14 0 0
15 0 0
16 0 0
17 0 .00001
18 0 .00003
19 0 .02294
20 0 .00913
21 0 .01072
22 0 .00711
23 0 .00895
24 0 .00602
25 0 .00495
26 0 .0049
27 0 .00404
28 0 .00359
29 0 .00317
30 0 .00275
31 0 .00245
32 0 .00189
33 0 .00137
34 0 .00117
35 0 .00086
36 0 .00066
37 0 .00056
38 0 .00038
39 0 .00028
40 0 .00021
41 0 .00013
42 0 .00011
43 0 .00005
44 0 .00003
45 0 .00002
46 0 .00001
47 0 0
48 0 0
49 0 0
50 0 0
51 0 0
100 0 0
*parity 1 divorced
birth 1 F divorced 1
14 0 0
15 0 0
16 0 0
17 0 .00001
18 0 .00003
19 0 .02294
20 0 .00913
21 0 .01072
22 0 .00711
23 0 .00895
24 0 .00602
25 0 .00495
26 0 .0049
27 0 .00404
28 0 .00359
29 0 .00317
30 0 .00275
31 0 .00245
32 0 .00189
33 0 .00137
34 0 .00117
35 0 .00086
36 0 .00066
37 0 .00056
38 0 .00038
39 0 .00028
40 0 .00021
41 0 .00013
42 0 .00011
43 0 .00005
44 0 .00003
45 0 .00002
46 0 .00001
47 0 0
48 0 0
49 0 0
50 0 0
51 0 0
100 0 0
*parity 2 married
birth 1 F married 2
14 0 0
15 0 0
16 0 0
17 0 .00001
18 0 .00006
19 0 .05759
20 0 .01392
21 0 .0156
22 0 .01706
23 0 .01322
24 0 .01483
25 0 .01428
26 0 .01177
27 0 .01014
28 0 .00963
29 0 .00975
30 0 .00918
31 0 .00778
32 0 .0075
33 0 .00739
34 0 .00672
35 0 .00643
36 0 .00526
37 0 .00474
38 0 .00402
39 0 .00345
40 0 .00272
41 0 .00218
42 0 .0015
43 0 .00112
44 0 .00076
45 0 .00053
46 0 .00032
47 0 .00017
48 0 .00009
49 0 .00004
50 0 .00002
51 0 .00001
100 0 0
*parity 2 single
birth 1 F single 2
14 0 0
15 0 0
16 0 0
17 0 0
18 0 .00001
19 0 .00985
20 0 .02143
21 0 .01574
22 0 .03427
23 0 .0236
24 0 .01539
25 0 .01439
26 0 .0148
27 0 .01638
28 0 .02017
29 0 .02875
30 0 .02193
31 0 .02671
32 0 .03312
33 0 .01886
34 0 .02997
35 0 .02235
36 0 .02479
37 0 .03112
38 0 .03938
39 0 .03295
40 0 .02922
41 0 .02933
42 0 .01652
43 0 .05631
44 0 .0213
45 0 .00659
46 0 .01679
47 0 .00861
48 0 .00357
49 0 .0009
50 0 .00024
51 0 .0003
100 0 0
*parity 2 widowed
birth 1 F widowed 2
14 0 0
15 0 0
16 0 0
17 0 0
18 0 0
19 0 .00001
20 0 .00691
21 0 .00725
22 0 .00632
23 0 .00717
24 0 .00438
25 0 .00392
26 0 .00324
27 0 .00336
28 0 .00366
29 0 .00243
30 0 .00196
31 0 .00192
32 0 .00159
33 0 .00141
34 0 .00116
35 0 .00094
36 0 .00093
37 0 .00073
38 0 .00055
39 0 .00041
40 0 .00033
41 0 .00026
42 0 .00019
43 0 .00012
44 0 .00007
45 0 .00005
46 0 .00003
47 0 .00002
48 0 .00001
49 0 0
50 0 0
51 0 0
100 0 0
*parity 2 divorced
birth 1 F divorced 2
14 0 0
15 0 0
16 0 0
17 0 0
18 0 0
19 0 .00001
20 0 .00691
21 0 .00725
22 0 .00632
23 0 .00717
24 0 .00438
25 0 .00392
26 0 .00324
27 0 .00336
28 0 .00366
29 0 .00243
30 0 .00196
31 0 .00192
32 0 .00159
33 0 .00141
34 0 .00116
35 0 .00094
36 0 .00093
37 0 .00073
38 0 .00055
39 0 .00041
40 0 .00033
41 0 .00026
42 0 .00019
43 0 .00012
44 0 .00007
45 0 .00005
46 0 .00003
47 0 .00002
48 0 .00001
49 0 0
50 0 0
51 0 0
100 0 0
