*parity 0 married
birth 1 F married 0
14 0 0
15 0 .00022
16 0 .0009
17 0 .05372
18 0 .03717
19 0 .04266
20 0 .0358
21 0 .0416
22 0 .03149
23 0 .02614
24 0 .02566
25 0 .02213
26 0 .01968
27 0 .01559
28 0 .0131
29 0 .01002
30 0 .00778
31 0 .00674
32 0 .0058
33 0 .00429
34 0 .00343
35 0 .0033
36 0 .00245
37 0 .00185
38 0 .00148
39 0 .00109
40 0 .00081
41 0 .00051
42 0 .00034
43 0 .00024
44 0 .00014
45 0 .00009
46 0 .00005
47 0 .00003
48 0 .00002
49 0 0
50 0 0
51 0 0
100 0 0
*parity 0 single
birth 1 F single 0
14 0 0
15 0 .00002
16 0 .00009
17 0 .00017
18 0 .0003
19 0 .00044
20 0 .00056
21 0 .00062
22 0 .00064
23 0 .00066
24 0 .00066
25 0 .00068
26 0 .00072
27 0 .00076
28 0 .00093
29 0 .00107
30 0 .00101
31 0 .00115
32 0 .00099
33 0 .00106
34 0 .00099
35 0 .0009
36 0 .00094
37 0 .00103
38 0 .00073
39 0 .00065
40 0 .00069
41 0 .00039
42 0 .00037
43 0 .0003
44 0 .00017
45 0 .00012
46 0 .00008
47 0 .00004
48 0 .00002
49 0 .00001
50 0 0
51 0 0
100 0 0
*parity 0 widowed
birth 1 F widowed 0
14 0 0
15 0 .00001
16 0 .00005
17 0 .09638
18 0 .16167
19 0 .03896
20 0 .23353
21 0 .07162
22 0 .02359
23 0 .01411
24 0 .00708
25 0 .00581
26 0 .00969
27 0 .00607
28 0 .00329
29 0 .00322
30 0 .00206
31 0 .00161
32 0 .00113
33 0 .00106
34 0 .00064
35 0 .00044
36 0 .0004
37 0 .00028
38 0 .00019
39 0 .00012
40 0 .0001
41 0 .00006
42 0 .00004
43 0 .00002
44 0 .00001
45 0 .00001
46 0 0
47 0 0
48 0 0
49 0 0
50 0 0
51 0 0
100 0 0
*parity 0 divorced
birth 1 F divorced 0
14 0 0
15 0 .00001
16 0 .00005
17 0 .09638
18 0 .16167
19 0 .03896
20 0 .23353
21 0 .07162
22 0 .02359
23 0 .01411
24 0 .00708
25 0 .00581
26 0 .00969
27 0 .00607
28 0 .00329
29 0 .00322
30 0 .00206
31 0 .00161
32 0 .00113
33 0 .00106
34 0 .00064
35 0 .00044
36 0 .0004
37 0 .00028
38 0 .00019
39 0 .00012
40 0 .0001
41 0 .00006
42 0 .00004
43 0 .00002
44 0 .00001
45 0 .00001
46 0 0
47 0 0
48 0 0
49 0 0
50 0 0
51 0 0
100 0 0
*parity 1 married
birth 1 F married 1
14 0 0
15 0 0
16 0 .00005
17 0 .00018
18 0 .02188
19 0 .0168
20 0 .019
21 0 .0162
22 0 .02317
23 0 .02784
24 0 .03068
25 0 .02827
26 0 .02743
27 0 .03021
28 0 .03547
29 0 .0241
30 0 .02403
31 0 .02658
32 0 .02252
33 0 .01759
34 0 .02083
35 0 .01739
36 0 .00999
37 0 .01015
38 0 .00786
39 0 .00815
40 0 .00615
41 0 .00351
42 0 .00293
43 0 .00212
44 0 .00119
45 0 .00051
46 0 .00028
47 0 .00009
48 0 .00004
49 0 .00001
50 0 .00001
51 0 0
100 0 0
*parity 1 single
birth 1 F single 1
14 0 0
15 0 0
16 0 0
17 0 .00601
18 0 .02463
19 0 .00009
20 0 .02901
21 0 .0448
22 0 .01745
23 0 .05069
24 0 .0297
25 0 .05481
26 0 .02783
27 0 .03195
28 0 .02842
29 0 .04011
30 0 .08705
31 0 .2316
32 0 .03087
33 0 .04305
34 0 .09381
35 0 .00011
36 0 .06457
37 0 .00007
38 0 .00005
39 0 .05582
40 0 .02046
41 0 .00002
42 0 .00001
43 0 .0054
44 0 0
45 0 0
46 0 0
47 0 0
48 0 0
49 0 0
50 0 .00003
51 0 .00002
100 0 0
*parity 1 widowed
birth 1 F widowed 1
14 0 0
15 0 0
16 0 0
17 0 .00001
18 0 .00003
19 0 .01211
20 0 .01151
21 0 .01659
22 0 .0105
23 0 .00828
24 0 .0106
25 0 .01171
26 0 .00773
27 0 .00634
28 0 .00694
29 0 .004
30 0 .00382
31 0 .00306
32 0 .003
33 0 .00181
34 0 .00217
35 0 .00158
36 0 .00124
37 0 .00081
38 0 .00083
39 0 .00051
40 0 .00039
41 0 .00028
42 0 .00019
43 0 .00011
44 0 .00007
45 0 .00003
46 0 .00001
47 0 .00001
48 0 0
49 0 0
50 0 0
51 0 0
100 0 0
*parity 1 divorced
birth 1 F divorced 1
14 0 0
15 0 0
16 0 0
17 0 .00001
18 0 .00003
19 0 .01211
20 0 .01151
21 0 .01659
22 0 .0105
23 0 .00828
24 0 .0106
25 0 .01171
26 0 .00773
27 0 .00634
28 0 .00694
29 0 .004
30 0 .00382
31 0 .00306
32 0 .003
33 0 .00181
34 0 .00217
35 0 .00158
36 0 .00124
37 0 .00081
38 0 .00083
39 0 .00051
40 0 .00039
41 0 .00028
42 0 .00019
43 0 .00011
44 0 .00007
45 0 .00003
46 0 .00001
47 0 .00001
48 0 0
49 0 0
50 0 0
51 0 0
100 0 0
*parity 2 married
birth 1 F married 2
14 0 0
15 0 0
16 0 0
17 0 .00001
18 0 .00006
19 0 .05462
20 0 .02191
21 0 .01666
22 0 .01796
23 0 .01401
24 0 .01396
25 0 .01336
26 0 .01231
27 0 .01178
28 0 .00961
29 0 .01018
30 0 .01153
31 0 .00906
32 0 .00899
33 0 .00851
34 0 .00758
35 0 .00641
36 0 .00591
37 0 .00524
38 0 .00452
39 0 .00406
40 0 .00303
41 0 .00261
42 0 .00196
43 0 .00134
44 0 .00102
45 0 .00064
46 0 .00037
47 0 .00023
48 0 .00011
49 0 .00005
50 0 .00002
51 0 .00001
100 0 0
*parity 2 single
birth 1 F single 2
14 0 0
15 0 0
16 0 0
17 0 0
18 0 .00001
19 0 .00002
20 0 .03647
21 0 .01509
22 0 .04836
23 0 .01646
24 0 .01491
25 0 .01489
26 0 .02028
27 0 .02002
28 0 .03012
29 0 .04214
30 0 .03753
31 0 .01927
32 0 .01853
33 0 .02961
34 0 .01988
35 0 .02167
36 0 .04619
37 0 .01877
38 0 .03464
39 0 .02956
40 0 .0187
41 0 .0568
42 0 .0143
43 0 .01238
44 0 .01318
45 0 .02559
46 0 .00364
47 0 .00783
48 0 .00124
49 0 .00203
50 0 .00028
51 0 .00015
100 0 0
*parity 2 widowed
birth 1 F widowed 2
14 0 0
15 0 0
16 0 0
17 0 0
18 0 0
19 0 .00891
20 0 .00675
21 0 .01117
22 0 .00537
23 0 .00488
24 0 .00396
25 0 .00566
26 0 .00322
27 0 .00346
28 0 .00257
29 0 .00264
30 0 .00222
31 0 .00201
32 0 .00181
33 0 .00164
34 0 .0013
35 0 .00101
36 0 .00092
37 0 .00074
38 0 .00061
39 0 .00045
40 0 .00037
41 0 .00033
42 0 .0002
43 0 .00014
44 0 .00009
45 0 .00006
46 0 .00003
47 0 .00002
48 0 .00001
49 0 0
50 0 0
51 0 0
100 0 0
*parity 2 divorced
birth 1 F divorced 2
14 0 0
15 0 0
16 0 0
17 0 0
18 0 0
19 0 .00891
20 0 .00675
21 0 .01117
22 0 .00537
23 0 .00488
24 0 .00396
25 0 .00566
26 0 .00322
27 0 .00346
28 0 .00257
29 0 .00264
30 0 .00222
31 0 .00201
32 0 .00181
33 0 .00164
34 0 .0013
35 0 .00101
36 0 .00092
37 0 .00074
38 0 .00061
39 0 .00045
40 0 .00037
41 0 .00033
42 0 .0002
43 0 .00014
44 0 .00009
45 0 .00006
46 0 .00003
47 0 .00002
48 0 .00001
49 0 0
50 0 0
51 0 0
100 0 0
