*parity 0 married
birth 1 F married 0
14 0 0
15 0 .00018
16 0 .00071
17 0 .10718
18 0 .05791
19 0 .05287
20 0 .07944
21 0 .1099
22 0 .18213
23 0 .22826
24 0 .68973
25 0 .4714
26 0 .9073
27 0 .49099
28 0 .459
29 0 .93628
30 0 .20722
31 0 .70948
32 0 .86872
33 0 .24318
34 0 .07952
35 0 .01753
36 0 .00485
37 0 .00349
38 0 .00289
39 0 .00217
40 0 .0015
41 0 .00089
42 0 .00058
43 0 .00042
44 0 .00022
45 0 .00016
46 0 .00011
47 0 .00005
48 0 .00002
49 0 .00001
50 0 0
51 0 0
100 0 0
*parity 0 single
birth 1 F single 0
14 0 0
15 0 .00006
16 0 .00025
17 0 .00048
18 0 .00081
19 0 .00117
20 0 .00138
21 0 .00146
22 0 .00153
23 0 .00145
24 0 .00145
25 0 .00142
26 0 .00141
27 0 .00141
28 0 .00143
29 0 .00131
30 0 .00119
31 0 .00112
32 0 .00096
33 0 .00088
34 0 .00087
35 0 .00084
36 0 .00091
37 0 .00087
38 0 .00073
39 0 .00073
40 0 .00065
41 0 .00049
42 0 .00037
43 0 .00039
44 0 .00024
45 0 .00014
46 0 .00011
47 0 .00009
48 0 .00003
49 0 .00001
50 0 0
51 0 0
100 0 0
*parity 0 widowed
birth 1 F widowed 0
14 0 0
15 0 .00001
16 0 .00005
17 0 .13711
18 0 .03978
19 0 .02767
20 0 .07001
21 0 .11455
22 0 .3236
23 0 .04403
24 0 .14705
25 0 .26802
26 0 .12896
27 0 .00017
28 0 .00015
29 0 .00014
30 0 .08836
31 0 .15126
32 0 .00008
33 0 .10369
34 0 .00006
35 0 .00943
36 0 .00235
37 0 .00145
38 0 .00095
39 0 .00055
40 0 .00033
41 0 .00018
42 0 .0001
43 0 .00006
44 0 .00003
45 0 .00002
46 0 .00001
47 0 .00001
48 0 0
49 0 0
50 0 0
51 0 0
100 0 0
*parity 0 divorced
birth 1 F divorced 0
14 0 0
15 0 .00001
16 0 .00005
17 0 .13711
18 0 .03978
19 0 .02767
20 0 .07001
21 0 .11455
22 0 .3236
23 0 .04403
24 0 .14705
25 0 .26802
26 0 .12896
27 0 .00017
28 0 .00015
29 0 .00014
30 0 .08836
31 0 .15126
32 0 .00008
33 0 .10369
34 0 .00006
35 0 .00943
36 0 .00235
37 0 .00145
38 0 .00095
39 0 .00055
40 0 .00033
41 0 .00018
42 0 .0001
43 0 .00006
44 0 .00003
45 0 .00002
46 0 .00001
47 0 .00001
48 0 0
49 0 0
50 0 0
51 0 0
100 0 0
*parity 1 married
birth 1 F married 1
14 0 0
15 0 0
16 0 .00004
17 0 .00014
18 0 .06174
19 0 .03066
20 0 .02057
21 0 .0218
22 0 .01942
23 0 .02559
24 0 .02432
25 0 .03473
26 0 .02628
27 0 .0298
28 0 .02987
29 0 .03069
30 0 .04279
31 0 .04087
32 0 .03494
33 0 .01978
34 0 .01456
35 0 .01035
36 0 .01247
37 0 .01054
38 0 .00628
39 0 .00419
40 0 .00256
41 0 .002
42 0 .0013
43 0 .00099
44 0 .00049
45 0 .00031
46 0 .00012
47 0 .00006
48 0 .00003
49 0 .00001
50 0 0
51 0 0
100 0 0
*parity 1 single
birth 1 F single 1
14 0 0
15 0 0
16 0 .00001
17 0 .00005
18 0 .03261
19 0 .02622
20 0 .02095
21 0 .02095
22 0 .01588
23 0 .02383
24 0 .02513
25 0 .03074
26 0 .02966
27 0 .01956
28 0 .01943
29 0 .03344
30 0 .05313
31 0 .05117
32 0 .02666
33 0 .0323
34 0 .055
35 0 .0687
36 0 .02517
37 0 .30449
38 0 .22768
39 0 .16677
40 0 .1246
41 0 .0398
42 0 .01351
43 0 .00002
44 0 .01757
45 0 .00001
46 0 0
47 0 0
48 0 0
49 0 0
50 0 .00009
51 0 .00006
100 0 0
*parity 1 widowed
birth 1 F widowed 1
14 0 0
15 0 0
16 0 0
17 0 .00001
18 0 .0079
19 0 .00741
20 0 .0074
21 0 .0092
22 0 .00511
23 0 .00424
24 0 .00486
25 0 .00396
26 0 .00338
27 0 .00555
28 0 .00326
29 0 .00304
30 0 .00334
31 0 .00286
32 0 .00252
33 0 .00194
34 0 .00167
35 0 .00117
36 0 .00089
37 0 .00059
38 0 .00041
39 0 .0003
40 0 .00016
41 0 .00013
42 0 .00008
43 0 .00004
44 0 .00002
45 0 .00001
46 0 .00001
47 0 0
48 0 0
49 0 0
50 0 0
51 0 0
100 0 0
*parity 1 divorced
birth 1 F divorced 1
14 0 0
15 0 0
16 0 0
17 0 .00001
18 0 .0079
19 0 .00741
20 0 .0074
21 0 .0092
22 0 .00511
23 0 .00424
24 0 .00486
25 0 .00396
26 0 .00338
27 0 .00555
28 0 .00326
29 0 .00304
30 0 .00334
31 0 .00286
32 0 .00252
33 0 .00194
34 0 .00167
35 0 .00117
36 0 .00089
37 0 .00059
38 0 .00041
39 0 .0003
40 0 .00016
41 0 .00013
42 0 .00008
43 0 .00004
44 0 .00002
45 0 .00001
46 0 .00001
47 0 0
48 0 0
49 0 0
50 0 0
51 0 0
100 0 0
*parity 2 married
birth 1 F married 2
14 0 0
15 0 0
16 0 0
17 0 .00001
18 0 .00408
19 0 .00602
20 0 .0213
21 0 .01452
22 0 .01522
23 0 .01573
24 0 .01571
25 0 .01269
26 0 .01372
27 0 .01239
28 0 .01123
29 0 .01097
30 0 .01034
31 0 .00912
32 0 .00863
33 0 .00756
34 0 .0064
35 0 .00552
36 0 .00475
37 0 .00423
38 0 .0035
39 0 .0031
40 0 .00266
41 0 .00206
42 0 .00157
43 0 .00108
44 0 .00078
45 0 .0005
46 0 .00031
47 0 .00019
48 0 .00009
49 0 .00005
50 0 .00002
51 0 .00001
100 0 0
*parity 2 single
birth 1 F single 2
14 0 0
15 0 0
16 0 0
17 0 0
18 0 .01221
19 0 .00822
20 0 .01296
21 0 .02088
22 0 .01523
23 0 .01423
24 0 .01106
25 0 .01051
26 0 .0135
27 0 .01197
28 0 .0127
29 0 .01098
30 0 .00924
31 0 .00916
32 0 .00906
33 0 .00947
34 0 .00977
35 0 .00927
36 0 .0125
37 0 .01065
38 0 .01122
39 0 .00933
40 0 .011
41 0 .0084
42 0 .01058
43 0 .00568
44 0 .0069
45 0 .00383
46 0 .00603
47 0 .00132
48 0 .00239
49 0 .00121
50 0 .00027
51 0 .00011
100 0 0
*parity 2 widowed
birth 1 F widowed 2
14 0 0
15 0 0
16 0 0
17 0 0
18 0 .00246
19 0 .00001
20 0 .00719
21 0 .00843
22 0 .00384
23 0 .00443
24 0 .00279
25 0 .0029
26 0 .00268
27 0 .00194
28 0 .00185
29 0 .00161
30 0 .00128
31 0 .00096
32 0 .00095
33 0 .00084
34 0 .0006
35 0 .00057
36 0 .00047
37 0 .00036
38 0 .00032
39 0 .00023
40 0 .0002
41 0 .00014
42 0 .00011
43 0 .00007
44 0 .00006
45 0 .00003
46 0 .00002
47 0 .00001
48 0 0
49 0 0
50 0 0
51 0 0
100 0 0
*parity 2 divorced
birth 1 F divorced 2
14 0 0
15 0 0
16 0 0
17 0 0
18 0 .00246
19 0 .00001
20 0 .00719
21 0 .00843
22 0 .00384
23 0 .00443
24 0 .00279
25 0 .0029
26 0 .00268
27 0 .00194
28 0 .00185
29 0 .00161
30 0 .00128
31 0 .00096
32 0 .00095
33 0 .00084
34 0 .0006
35 0 .00057
36 0 .00047
37 0 .00036
38 0 .00032
39 0 .00023
40 0 .0002
41 0 .00014
42 0 .00011
43 0 .00007
44 0 .00006
45 0 .00003
46 0 .00002
47 0 .00001
48 0 0
49 0 0
50 0 0
51 0 0
100 0 0
