*parity 0 married
birth 1 F married 0
14 0 0
15 0 .0001
16 0 .00044
17 0 .03219
18 0 .04258
19 0 .03816
20 0 .03481
21 0 .02999
22 0 .02601
23 0 .02548
24 0 .01891
25 0 .0191
26 0 .01492
27 0 .01418
28 0 .01143
29 0 .00946
30 0 .0066
31 0 .00514
32 0 .00409
33 0 .0036
34 0 .0025
35 0 .0022
36 0 .00165
37 0 .00151
38 0 .00117
39 0 .00087
40 0 .00066
41 0 .0005
42 0 .00034
43 0 .00025
44 0 .00017
45 0 .00011
46 0 .00007
47 0 .00004
48 0 .00002
49 0 .00001
50 0 0
51 0 0
100 0 0
*parity 0 single
birth 1 F single 0
14 0 0
15 0 .00013
16 0 .00053
17 0 .00106
18 0 .00184
19 0 .00277
20 0 .00339
21 0 .00386
22 0 .00409
23 0 .00426
24 0 .00443
25 0 .00441
26 0 .00467
27 0 .00471
28 0 .00474
29 0 .00496
30 0 .00536
31 0 .00556
32 0 .00599
33 0 .00589
34 0 .00554
35 0 .00563
36 0 .00539
37 0 .00474
38 0 .0054
39 0 .00685
40 0 .00521
41 0 .00512
42 0 .00465
43 0 .00355
44 0 .00159
45 0 .00182
46 0 .00081
47 0 .00059
48 0 .00015
49 0 .00009
50 0 .00001
51 0 .00001
100 0 0
*parity 0 widowed
birth 1 F widowed 0
14 0 0
15 0 .00003
16 0 .00012
17 0 .65136
18 0 .34318
19 0 1.41398
20 0 1.59197
21 0 .00063
22 0 .37773
23 0 .00055
24 0 .2469
25 0 1.29535
26 0 .12894
27 0 .19157
28 0 .0771
29 0 .0003
30 0 .18548
31 0 .06269
32 0 .0234
33 0 .01678
34 0 .00774
35 0 .00581
36 0 .00395
37 0 .00231
38 0 .00198
39 0 .00126
40 0 .00089
41 0 .0005
42 0 .00029
43 0 .00017
44 0 .00012
45 0 .00007
46 0 .00004
47 0 .00002
48 0 .00001
49 0 0
50 0 0
51 0 0
100 0 0
*parity 0 divorced
birth 1 F divorced 0
14 0 0
15 0 .00003
16 0 .00012
17 0 .65136
18 0 .34318
19 0 1.41398
20 0 1.59197
21 0 .00063
22 0 .37773
23 0 .00055
24 0 .2469
25 0 1.29535
26 0 .12894
27 0 .19157
28 0 .0771
29 0 .0003
30 0 .18548
31 0 .06269
32 0 .0234
33 0 .01678
34 0 .00774
35 0 .00581
36 0 .00395
37 0 .00231
38 0 .00198
39 0 .00126
40 0 .00089
41 0 .0005
42 0 .00029
43 0 .00017
44 0 .00012
45 0 .00007
46 0 .00004
47 0 .00002
48 0 .00001
49 0 0
50 0 0
51 0 0
100 0 0
*parity 1 married
birth 1 F married 1
14 0 0
15 0 0
16 0 .00003
17 0 .27172
18 0 .01271
19 0 .01493
20 0 .02374
21 0 .01834
22 0 .01793
23 0 .01525
24 0 .018
25 0 .01594
26 0 .01736
27 0 .01661
28 0 .01875
29 0 .01732
30 0 .01473
31 0 .01453
32 0 .01271
33 0 .00951
34 0 .00793
35 0 .00628
36 0 .00596
37 0 .00403
38 0 .00332
39 0 .00284
40 0 .00241
41 0 .00198
42 0 .00123
43 0 .00076
44 0 .00036
45 0 .00016
46 0 .00011
47 0 .00005
48 0 .00003
49 0 .00001
50 0 0
51 0 .00001
100 0 0
*parity 1 single
birth 1 F single 1
14 0 0
15 0 0
16 0 .01813
17 0 .02334
18 0 .02472
19 0 .0291
20 0 .0392
21 0 .03371
22 0 .0351
23 0 .03067
24 0 .02851
25 0 .03465
26 0 .03507
27 0 .04585
28 0 .04259
29 0 .0425
30 0 .06907
31 0 .06363
32 0 .07146
33 0 .06937
34 0 .17871
35 0 .16674
36 0 .86019
37 0 .00042
38 0 .00032
39 0 .00024
40 0 .00018
41 0 .00012
42 0 .00008
43 0 .12985
44 0 .07454
45 0 .02003
46 0 .0093
47 0 0
48 0 .00308
49 0 0
50 0 .00012
51 0 0
100 0 0
*parity 1 widowed
birth 1 F widowed 1
14 0 0
15 0 0
16 0 .00001
17 0 .00002
18 0 .1837
19 0 .04611
20 0 .04783
21 0 .03065
22 0 .08437
23 0 .04721
24 0 .05165
25 0 .02953
26 0 .03756
27 0 .03386
28 0 .02872
29 0 .02064
30 0 .01485
31 0 .01171
32 0 .009
33 0 .00528
34 0 .00368
35 0 .00265
36 0 .00215
37 0 .00152
38 0 .00097
39 0 .00087
40 0 .00061
41 0 .00047
42 0 .00028
43 0 .00015
44 0 .00008
45 0 .00005
46 0 .00002
47 0 .00001
48 0 .00001
49 0 0
50 0 0
51 0 0
100 0 0
*parity 1 divorced
birth 1 F divorced 1
14 0 0
15 0 0
16 0 .00001
17 0 .00002
18 0 .1837
19 0 .04611
20 0 .04783
21 0 .03065
22 0 .08437
23 0 .04721
24 0 .05165
25 0 .02953
26 0 .03756
27 0 .03386
28 0 .02872
29 0 .02064
30 0 .01485
31 0 .01171
32 0 .009
33 0 .00528
34 0 .00368
35 0 .00265
36 0 .00215
37 0 .00152
38 0 .00097
39 0 .00087
40 0 .00061
41 0 .00047
42 0 .00028
43 0 .00015
44 0 .00008
45 0 .00005
46 0 .00002
47 0 .00001
48 0 .00001
49 0 0
50 0 0
51 0 0
100 0 0
*parity 2 married
birth 1 F married 2
14 0 0
15 0 0
16 0 0
17 0 .00001
18 0 .00003
19 0 .00536
20 0 .01156
21 0 .01695
22 0 .01524
23 0 .01339
24 0 .0128
25 0 .01196
26 0 .0101
27 0 .00991
28 0 .00876
29 0 .00803
30 0 .00717
31 0 .0059
32 0 .00554
33 0 .00476
34 0 .00454
35 0 .00411
36 0 .00367
37 0 .00321
38 0 .00273
39 0 .00225
40 0 .00195
41 0 .00147
42 0 .00116
43 0 .00087
44 0 .00061
45 0 .00041
46 0 .00024
47 0 .00014
48 0 .00007
49 0 .00004
50 0 .00001
51 0 .00001
100 0 0
*parity 2 single
birth 1 F single 2
14 0 0
15 0 0
16 0 0
17 0 .01385
18 0 .0125
19 0 .01315
20 0 .01222
21 0 .01668
22 0 .01368
23 0 .01526
24 0 .01424
25 0 .01364
26 0 .01422
27 0 .01177
28 0 .01329
29 0 .01273
30 0 .01322
31 0 .0153
32 0 .01446
33 0 .01559
34 0 .01874
35 0 .01735
36 0 .01737
37 0 .01781
38 0 .02013
39 0 .01867
40 0 .01762
41 0 .01449
42 0 .01609
43 0 .01332
44 0 .0092
45 0 .00831
46 0 .00616
47 0 .00311
48 0 .0018
49 0 .00072
50 0 .00047
51 0 .00017
100 0 0
*parity 2 widowed
birth 1 F widowed 2
14 0 0
15 0 0
16 0 0
17 0 0
18 0 .00001
19 0 .01197
20 0 .01936
21 0 .01123
22 0 .00949
23 0 .00975
24 0 .00947
25 0 .00934
26 0 .00664
27 0 .00577
28 0 .00487
29 0 .00436
30 0 .00413
31 0 .00337
32 0 .00278
33 0 .00257
34 0 .00227
35 0 .00187
36 0 .00156
37 0 .00131
38 0 .00107
39 0 .00084
40 0 .00064
41 0 .00045
42 0 .00033
43 0 .00022
44 0 .00017
45 0 .0001
46 0 .00006
47 0 .00003
48 0 .00001
49 0 .00001
50 0 0
51 0 0
100 0 0
*parity 2 divorced
birth 1 F divorced 2
14 0 0
15 0 0
16 0 0
17 0 0
18 0 .00001
19 0 .01197
20 0 .01936
21 0 .01123
22 0 .00949
23 0 .00975
24 0 .00947
25 0 .00934
26 0 .00664
27 0 .00577
28 0 .00487
29 0 .00436
30 0 .00413
31 0 .00337
32 0 .00278
33 0 .00257
34 0 .00227
35 0 .00187
36 0 .00156
37 0 .00131
38 0 .00107
39 0 .00084
40 0 .00064
41 0 .00045
42 0 .00033
43 0 .00022
44 0 .00017
45 0 .0001
46 0 .00006
47 0 .00003
48 0 .00001
49 0 .00001
50 0 0
51 0 0
100 0 0
