*parity 0 married
birth 1 F married 0
14 0 0
15 0 .00011
16 0 .00045
17 0 .0293
18 0 .02169
19 0 .01897
20 0 .02038
21 0 .02091
22 0 .01855
23 0 .01432
24 0 .01271
25 0 .01298
26 0 .01217
27 0 .01132
28 0 .00921
29 0 .00812
30 0 .00625
31 0 .00567
32 0 .00471
33 0 .00337
34 0 .00276
35 0 .0023
36 0 .00203
37 0 .00171
38 0 .00152
39 0 .00132
40 0 .001
41 0 .00069
42 0 .00054
43 0 .00034
44 0 .00023
45 0 .00017
46 0 .00008
47 0 .00006
48 0 .00003
49 0 .00001
50 0 0
51 0 0
100 0 0
*parity 0 single
birth 1 F single 0
14 0 0
15 0 .00012
16 0 .0005
17 0 .00101
18 0 .0018
19 0 .00275
20 0 .00346
21 0 .00389
22 0 .00416
23 0 .00434
24 0 .00443
25 0 .00458
26 0 .00465
27 0 .00472
28 0 .00482
29 0 .00506
30 0 .00531
31 0 .00529
32 0 .00581
33 0 .00665
34 0 .00666
35 0 .00617
36 0 .00679
37 0 .00742
38 0 .0055
39 0 .00536
40 0 .00488
41 0 .00406
42 0 .00279
43 0 .00229
44 0 .00099
45 0 .00061
46 0 .00106
47 0 .00042
48 0 .00015
49 0 .00009
50 0 .00001
51 0 .00001
100 0 0
*parity 0 widowed
birth 1 F widowed 0
14 0 0
15 0 .00003
16 0 .00013
17 0 .69129
18 0 1.26685
19 0 .84347
20 0 1.94733
21 0 .45583
22 0 .2654
23 0 .84496
24 0 .00058
25 0 .00053
26 0 .29777
27 0 .23883
28 0 .1836
29 0 1.11716
30 0 .13642
31 0 .11603
32 0 .03141
33 0 .06006
34 0 .03284
35 0 .01882
36 0 .00573
37 0 .00316
38 0 .00258
39 0 .00213
40 0 .00149
41 0 .001
42 0 .0007
43 0 .00032
44 0 .00034
45 0 .00012
46 0 .00007
47 0 .00004
48 0 .00002
49 0 0
50 0 0
51 0 0
100 0 0
*parity 0 divorced
birth 1 F divorced 0
14 0 0
15 0 .00003
16 0 .00013
17 0 .69129
18 0 1.26685
19 0 .84347
20 0 1.94733
21 0 .45583
22 0 .2654
23 0 .84496
24 0 .00058
25 0 .00053
26 0 .29777
27 0 .23883
28 0 .1836
29 0 1.11716
30 0 .13642
31 0 .11603
32 0 .03141
33 0 .06006
34 0 .03284
35 0 .01882
36 0 .00573
37 0 .00316
38 0 .00258
39 0 .00213
40 0 .00149
41 0 .001
42 0 .0007
43 0 .00032
44 0 .00034
45 0 .00012
46 0 .00007
47 0 .00004
48 0 .00002
49 0 0
50 0 0
51 0 0
100 0 0
*parity 1 married
birth 1 F married 1
14 0 0
15 0 0
16 0 .00003
17 0 .13269
18 0 .0184
19 0 .02332
20 0 .02789
21 0 .02491
22 0 .02264
23 0 .01827
24 0 .02187
25 0 .01877
26 0 .01757
27 0 .0154
28 0 .01219
29 0 .01285
30 0 .01178
31 0 .00902
32 0 .00817
33 0 .00958
34 0 .00936
35 0 .00968
36 0 .0059
37 0 .00506
38 0 .00344
39 0 .00233
40 0 .00193
41 0 .00141
42 0 .00112
43 0 .00083
44 0 .00063
45 0 .00074
46 0 .00187
47 0 .00131
48 0 0
49 0 0
50 0 .00005
51 0 .00005
100 0 0
*parity 1 single
birth 1 F single 1
14 0 0
15 0 0
16 0 .00003
17 0 .02639
18 0 .03606
19 0 .03661
20 0 .03835
21 0 .03853
22 0 .03135
23 0 .03836
24 0 .04741
25 0 .03609
26 0 .03395
27 0 .04728
28 0 .05243
29 0 .0479
30 0 .04744
31 0 .06569
32 0 .07974
33 0 .12853
34 0 .37206
35 0 .46065
36 0 .4733
37 0 .27131
38 0 .11788
39 0 .15413
40 0 .20557
41 0 .25432
42 0 .15504
43 0 .00005
44 0 .04287
45 0 .02422
46 0 .01225
47 0 .00573
48 0 .00229
49 0 0
50 0 .00022
51 0 .00004
100 0 0
*parity 1 widowed
birth 1 F widowed 1
14 0 0
15 0 0
16 0 .00001
17 0 .00003
18 0 .03795
19 0 .02331
20 0 .08828
21 0 .05511
22 0 .06033
23 0 .03792
24 0 .02826
25 0 .0364
26 0 .01843
27 0 .02277
28 0 .01223
29 0 .00969
30 0 .01029
31 0 .00717
32 0 .00541
33 0 .00492
34 0 .00381
35 0 .00334
36 0 .00263
37 0 .00176
38 0 .00128
39 0 .001
40 0 .00084
41 0 .00063
42 0 .00047
43 0 .00046
44 0 .00045
45 0 .00042
46 0 .00046
47 0 .00038
48 0 .00015
49 0 .0002
50 0 .00003
51 0 .00001
100 0 0
*parity 1 divorced
birth 1 F divorced 1
14 0 0
15 0 0
16 0 .00001
17 0 .00003
18 0 .03795
19 0 .02331
20 0 .08828
21 0 .05511
22 0 .06033
23 0 .03792
24 0 .02826
25 0 .0364
26 0 .01843
27 0 .02277
28 0 .01223
29 0 .00969
30 0 .01029
31 0 .00717
32 0 .00541
33 0 .00492
34 0 .00381
35 0 .00334
36 0 .00263
37 0 .00176
38 0 .00128
39 0 .001
40 0 .00084
41 0 .00063
42 0 .00047
43 0 .00046
44 0 .00045
45 0 .00042
46 0 .00046
47 0 .00038
48 0 .00015
49 0 .0002
50 0 .00003
51 0 .00001
100 0 0
*parity 2 married
birth 1 F married 2
14 0 0
15 0 0
16 0 0
17 0 .00001
18 0 .10658
19 0 .00816
20 0 .00846
21 0 .01157
22 0 .01025
23 0 .01454
24 0 .01102
25 0 .01045
26 0 .01053
27 0 .00929
28 0 .00977
29 0 .00816
30 0 .00736
31 0 .00689
32 0 .00584
33 0 .00484
34 0 .00456
35 0 .00378
36 0 .00357
37 0 .00318
38 0 .00273
39 0 .00234
40 0 .00187
41 0 .0015
42 0 .0011
43 0 .00083
44 0 .00056
45 0 .00035
46 0 .00019
47 0 .00011
48 0 .00006
49 0 .00003
50 0 .00001
51 0 .00001
100 0 0
*parity 2 single
birth 1 F single 2
14 0 0
15 0 0
16 0 0
17 0 .02476
18 0 .01295
19 0 .01573
20 0 .01783
21 0 .01611
22 0 .02183
23 0 .0184
24 0 .01826
25 0 .01866
26 0 .01796
27 0 .01643
28 0 .01941
29 0 .01928
30 0 .02246
31 0 .02033
32 0 .02132
33 0 .02162
34 0 .01967
35 0 .02254
36 0 .02334
37 0 .02669
38 0 .02125
39 0 .02607
40 0 .02322
41 0 .01813
42 0 .01849
43 0 .01214
44 0 .01244
45 0 .01055
46 0 .0068
47 0 .00485
48 0 .00254
49 0 .00134
50 0 .0005
51 0 .00029
100 0 0
*parity 2 widowed
birth 1 F widowed 2
14 0 0
15 0 0
16 0 0
17 0 0
18 0 .00001
19 0 .08689
20 0 .01068
21 0 .00933
22 0 .0103
23 0 .01105
24 0 .01053
25 0 .00772
26 0 .00783
27 0 .00673
28 0 .00618
29 0 .00539
30 0 .00447
31 0 .00379
32 0 .0033
33 0 .00257
34 0 .00211
35 0 .00183
36 0 .00151
37 0 .00121
38 0 .00113
39 0 .00086
40 0 .0007
41 0 .0005
42 0 .00035
43 0 .00023
44 0 .00016
45 0 .0001
46 0 .00006
47 0 .00003
48 0 .00002
49 0 .00001
50 0 0
51 0 0
100 0 0
*parity 2 divorced
birth 1 F divorced 2
14 0 0
15 0 0
16 0 0
17 0 0
18 0 .00001
19 0 .08689
20 0 .01068
21 0 .00933
22 0 .0103
23 0 .01105
24 0 .01053
25 0 .00772
26 0 .00783
27 0 .00673
28 0 .00618
29 0 .00539
30 0 .00447
31 0 .00379
32 0 .0033
33 0 .00257
34 0 .00211
35 0 .00183
36 0 .00151
37 0 .00121
38 0 .00113
39 0 .00086
40 0 .0007
41 0 .0005
42 0 .00035
43 0 .00023
44 0 .00016
45 0 .0001
46 0 .00006
47 0 .00003
48 0 .00002
49 0 .00001
50 0 0
51 0 0
100 0 0
