*parity 0 married
birth 1 F married 0
14 0 0
15 0 .00019
16 0 .00093
17 0 .04172
18 0 .04369
19 0 .04592
20 0 .06209
21 0 .08725
22 0 .0809
23 0 .11488
24 0 .10252
25 0 .40518
26 0 .43802
27 0 .49242
28 0 .15961
29 0 .6197
30 0 .08976
31 0 .19529
32 0 .12051
33 0 .24581
34 0 .05263
35 0 .03695
36 0 .02002
37 0 .02374
38 0 .18177
39 0 .06485
40 0 .01022
41 0 .02386
42 0 .01809
43 0 .00557
44 0 .00691
45 0 .00236
46 0 .00228
47 0 .00061
48 0 .00024
49 0 .00008
50 0 .00006
51 0 .00002
100 0 0
*parity 0 single
birth 1 F single 0
14 0 0
15 0 0
16 0 0
17 0 0
18 0 .00001
19 0 .00002
20 0 .00002
21 0 .00003
22 0 .00003
23 0 .00003
24 0 .00003
25 0 .00002
26 0 .00002
27 0 .00002
28 0 .00002
29 0 .00001
30 0 .00001
31 0 .00001
32 0 .00002
33 0 .00002
34 0 .00002
35 0 .00003
36 0 .00004
37 0 .00003
38 0 .00003
39 0 .00009
40 0 .00006
41 0 .00005
42 0 .00011
43 0 .00003
44 0 .00004
45 0 .00002
46 0 0
47 0 0
48 0 0
49 0 0
50 0 0
51 0 0
100 0 0
*parity 0 widowed
birth 1 F widowed 0
14 0 0
15 0 0
16 0 .00001
17 0 .00002
18 0 .02824
19 0 .04054
20 0 .02345
21 0 .01827
22 0 .05228
23 0 .023
24 0 .00607
25 0 .0295
26 0 .01196
27 0 .01793
28 0 .01453
29 0 .01128
30 0 .00001
31 0 .00001
32 0 .0011
33 0 .00224
34 0 .00067
35 0 .00045
36 0 .00043
37 0 .00032
38 0 .00033
39 0 .0003
40 0 0
41 0 0
42 0 .00049
43 0 .0003
44 0 .00019
45 0 .00003
46 0 .00003
47 0 .00001
48 0 .00001
49 0 0
50 0 0
51 0 0
100 0 0
*parity 0 divorced
birth 1 F divorced 0
14 0 0
15 0 0
16 0 .00001
17 0 .00002
18 0 .02824
19 0 .04054
20 0 .02345
21 0 .01827
22 0 .05228
23 0 .023
24 0 .00607
25 0 .0295
26 0 .01196
27 0 .01793
28 0 .01453
29 0 .01128
30 0 .00001
31 0 .00001
32 0 .0011
33 0 .00224
34 0 .00067
35 0 .00045
36 0 .00043
37 0 .00032
38 0 .00033
39 0 .0003
40 0 0
41 0 0
42 0 .00049
43 0 .0003
44 0 .00019
45 0 .00003
46 0 .00003
47 0 .00001
48 0 .00001
49 0 0
50 0 0
51 0 0
100 0 0
*parity 1 married
birth 1 F married 1
14 0 0
15 0 0
16 0 .00008
17 0 .00031
18 0 .04091
19 0 .02549
20 0 .03255
21 0 .02986
22 0 .04487
23 0 .0399
24 0 .04519
25 0 .03267
26 0 .03119
27 0 .0389
28 0 .03178
29 0 .04114
30 0 .048
31 0 .04744
32 0 .03006
33 0 .02726
34 0 .01677
35 0 .01562
36 0 .0093
37 0 .00773
38 0 .00618
39 0 .004
40 0 .00404
41 0 .00215
42 0 .0015
43 0 .00134
44 0 .00061
45 0 .00055
46 0 .00023
47 0 .00013
48 0 .00005
49 0 .00002
50 0 .00001
51 0 .00001
100 0 0
*parity 1 single
birth 1 F single 1
14 0 0
15 0 0
16 0 0
17 0 0
18 0 0
19 0 0
20 0 .00001
21 0 .00001
22 0 .00001
23 0 .00001
24 0 .00786
25 0 .00727
26 0 .00001
27 0 .00551
28 0 .00163
29 0 .00082
30 0 .00049
31 0 .00012
32 0 .00014
33 0 .00006
34 0 .00005
35 0 .00004
36 0 .00004
37 0 .00003
38 0 .00003
39 0 .00006
40 0 .00004
41 0 .00003
42 0 .00003
43 0 .00003
44 0 .00002
45 0 .00002
46 0 .00002
47 0 0
48 0 0
49 0 0
50 0 0
51 0 0
100 0 0
*parity 1 widowed
birth 1 F widowed 1
14 0 0
15 0 0
16 0 0
17 0 0
18 0 .00633
19 0 .01276
20 0 .01985
21 0 .01508
22 0 .00909
23 0 .00481
24 0 .00393
25 0 .00409
26 0 .00248
27 0 .00207
28 0 .00275
29 0 .00229
30 0 .00306
31 0 .0025
32 0 .00123
33 0 .00082
34 0 .00076
35 0 .0006
36 0 .00112
37 0 .00021
38 0 .00028
39 0 .00014
40 0 .00009
41 0 .00009
42 0 .00004
43 0 .00006
44 0 .00002
45 0 .00002
46 0 .00001
47 0 0
48 0 0
49 0 0
50 0 0
51 0 0
100 0 0
*parity 1 divorced
birth 1 F divorced 1
14 0 0
15 0 0
16 0 0
17 0 0
18 0 .00633
19 0 .01276
20 0 .01985
21 0 .01508
22 0 .00909
23 0 .00481
24 0 .00393
25 0 .00409
26 0 .00248
27 0 .00207
28 0 .00275
29 0 .00229
30 0 .00306
31 0 .0025
32 0 .00123
33 0 .00082
34 0 .00076
35 0 .0006
36 0 .00112
37 0 .00021
38 0 .00028
39 0 .00014
40 0 .00009
41 0 .00009
42 0 .00004
43 0 .00006
44 0 .00002
45 0 .00002
46 0 .00001
47 0 0
48 0 0
49 0 0
50 0 0
51 0 0
100 0 0
*parity 2 married
birth 1 F married 2
14 0 0
15 0 0
16 0 .00001
17 0 .00003
18 0 .00015
19 0 .03253
20 0 .02323
21 0 .02285
22 0 .02046
23 0 .01837
24 0 .02094
25 0 .0199
26 0 .01928
27 0 .01772
28 0 .01661
29 0 .01556
30 0 .01429
31 0 .01275
32 0 .01122
33 0 .01053
34 0 .01011
35 0 .00949
36 0 .00901
37 0 .00794
38 0 .00709
39 0 .00671
40 0 .00571
41 0 .00459
42 0 .00358
43 0 .00249
44 0 .00192
45 0 .00124
46 0 .00075
47 0 .00049
48 0 .00022
49 0 .00012
50 0 .00006
51 0 .00002
100 0 0
*parity 2 single
birth 1 F single 2
14 0 0
15 0 0
16 0 0
17 0 0
18 0 0
19 0 0
20 0 0
21 0 0
22 0 .00001
23 0 .00001
24 0 .00001
25 0 .00001
26 0 .00002
27 0 .01025
28 0 .01085
29 0 .0107
30 0 .0105
31 0 .00247
32 0 .00112
33 0 .00071
34 0 .00065
35 0 .00049
36 0 .00024
37 0 .00037
38 0 .00023
39 0 .00016
40 0 .00019
41 0 .00014
42 0 .00009
43 0 .00007
44 0 .00007
45 0 .00006
46 0 .0001
47 0 .00005
48 0 .00004
49 0 0
50 0 0
51 0 0
100 0 0
*parity 2 widowed
birth 1 F widowed 2
14 0 0
15 0 0
16 0 0
17 0 0
18 0 0
19 0 0
20 0 .00001
21 0 .00002
22 0 .01117
23 0 .01031
24 0 .0052
25 0 .00349
26 0 .00356
27 0 .00177
28 0 .00244
29 0 .00146
30 0 .00118
31 0 .00097
32 0 .00106
33 0 .0008
34 0 .00088
35 0 .00057
36 0 .00062
37 0 .00076
38 0 .00054
39 0 .00035
40 0 .00029
41 0 .0002
42 0 .00015
43 0 .0001
44 0 .00007
45 0 .00004
46 0 .00002
47 0 .00001
48 0 .00001
49 0 0
50 0 0
51 0 0
100 0 0
*parity 2 divorced
birth 1 F divorced 2
14 0 0
15 0 0
16 0 0
17 0 0
18 0 0
19 0 0
20 0 .00001
21 0 .00002
22 0 .01117
23 0 .01031
24 0 .0052
25 0 .00349
26 0 .00356
27 0 .00177
28 0 .00244
29 0 .00146
30 0 .00118
31 0 .00097
32 0 .00106
33 0 .0008
34 0 .00088
35 0 .00057
36 0 .00062
37 0 .00076
38 0 .00054
39 0 .00035
40 0 .00029
41 0 .0002
42 0 .00015
43 0 .0001
44 0 .00007
45 0 .00004
46 0 .00002
47 0 .00001
48 0 .00001
49 0 0
50 0 0
51 0 0
100 0 0
