*parity 0 married
birth 1 F married 0
14 0 0
15 0 .00024
16 0 .00101
17 0 .03595
18 0 .02466
19 0 .02497
20 0 .02962
21 0 .02958
22 0 .03288
23 0 .03386
24 0 .02858
25 0 .02747
26 0 .02755
27 0 .03452
28 0 .04306
29 0 .05048
30 0 .05989
31 0 .05454
32 0 .05994
33 0 .06655
34 0 .53582
35 0 .07212
36 0 .09914
37 0 .07352
38 0 .02581
39 0 .01286
40 0 .00534
41 0 .00335
42 0 .00204
43 0 .00112
44 0 .00051
45 0 .00027
46 0 .00013
47 0 .00009
48 0 .00004
49 0 .00001
50 0 0
51 0 0
100 0 0
*parity 0 single
birth 1 F single 0
14 0 0
15 0 .00001
16 0 .00002
17 0 .00004
18 0 .00008
19 0 .00012
20 0 .00016
21 0 .00018
22 0 .00019
23 0 .0002
24 0 .00021
25 0 .00023
26 0 .00023
27 0 .00025
28 0 .00025
29 0 .00027
30 0 .00027
31 0 .00025
32 0 .00021
33 0 .0002
34 0 .00017
35 0 .00017
36 0 .00014
37 0 .00012
38 0 .00014
39 0 .00008
40 0 .0001
41 0 .00008
42 0 .00005
43 0 .00003
44 0 .00002
45 0 .00001
46 0 .00001
47 0 .00001
48 0 0
49 0 0
50 0 0
51 0 0
100 0 0
*parity 0 widowed
birth 1 F widowed 0
14 0 0
15 0 .00001
16 0 .00004
17 0 .0707
18 0 .03856
19 0 .02024
20 0 .04941
21 0 .00022
22 0 .09879
23 0 .02914
24 0 .0513
25 0 .0318
26 0 .0143
27 0 .01612
28 0 .02929
29 0 .0462
30 0 .02405
31 0 .02756
32 0 .06631
33 0 .01363
34 0 .04391
35 0 .00004
36 0 .00711
37 0 .00002
38 0 .00002
39 0 .00181
40 0 .00179
41 0 .00123
42 0 .00039
43 0 .00012
44 0 .00008
45 0 .00006
46 0 .00002
47 0 .00001
48 0 0
49 0 0
50 0 0
51 0 0
100 0 0
*parity 0 divorced
birth 1 F divorced 0
14 0 0
15 0 .00001
16 0 .00004
17 0 .0707
18 0 .03856
19 0 .02024
20 0 .04941
21 0 .00022
22 0 .09879
23 0 .02914
24 0 .0513
25 0 .0318
26 0 .0143
27 0 .01612
28 0 .02929
29 0 .0462
30 0 .02405
31 0 .02756
32 0 .06631
33 0 .01363
34 0 .04391
35 0 .00004
36 0 .00711
37 0 .00002
38 0 .00002
39 0 .00181
40 0 .00179
41 0 .00123
42 0 .00039
43 0 .00012
44 0 .00008
45 0 .00006
46 0 .00002
47 0 .00001
48 0 0
49 0 0
50 0 0
51 0 0
100 0 0
*parity 1 married
birth 1 F married 1
14 0 0
15 0 0
16 0 .00006
17 0 .18574
18 0 .02474
19 0 .0193
20 0 .01796
21 0 .02232
22 0 .02468
23 0 .01819
24 0 .01822
25 0 .01738
26 0 .01837
27 0 .01801
28 0 .018
29 0 .01881
30 0 .01705
31 0 .02296
32 0 .03072
33 0 .03565
34 0 .03359
35 0 .04635
36 0 .04343
37 0 .03074
38 0 .01335
39 0 .01089
40 0 .02295
41 0 .00727
42 0 .00483
43 0 .0014
44 0 .0009
45 0 .00048
46 0 .00037
47 0 .0002
48 0 .00006
49 0 .00002
50 0 .00001
51 0 0
100 0 0
*parity 1 single
birth 1 F single 1
14 0 0
15 0 0
16 0 0
17 0 0
18 0 .02038
19 0 .00002
20 0 .02059
21 0 .03952
22 0 .02262
23 0 .03559
24 0 .10654
25 0 .05743
26 0 .02573
27 0 .08161
28 0 .02619
29 0 .01976
30 0 .00006
31 0 .00005
32 0 .00004
33 0 .03891
34 0 .01084
35 0 .00003
36 0 .00002
37 0 .00002
38 0 .01265
39 0 .00001
40 0 .00001
41 0 .00449
42 0 0
43 0 0
44 0 0
45 0 .00028
46 0 0
47 0 0
48 0 0
49 0 0
50 0 0
51 0 0
100 0 0
*parity 1 widowed
birth 1 F widowed 1
14 0 0
15 0 0
16 0 0
17 0 .00001
18 0 .04055
19 0 .02425
20 0 .01536
21 0 .01573
22 0 .00947
23 0 .0085
24 0 .00558
25 0 .00486
26 0 .0066
27 0 .00416
28 0 .00423
29 0 .00374
30 0 .00413
31 0 .00502
32 0 .00496
33 0 .0043
34 0 .0038
35 0 .00295
36 0 .00285
37 0 .00225
38 0 .00114
39 0 .00125
40 0 .00088
41 0 .00043
42 0 .00018
43 0 .00009
44 0 .00005
45 0 .00003
46 0 .00002
47 0 .00001
48 0 0
49 0 0
50 0 0
51 0 0
100 0 0
*parity 1 divorced
birth 1 F divorced 1
14 0 0
15 0 0
16 0 0
17 0 .00001
18 0 .04055
19 0 .02425
20 0 .01536
21 0 .01573
22 0 .00947
23 0 .0085
24 0 .00558
25 0 .00486
26 0 .0066
27 0 .00416
28 0 .00423
29 0 .00374
30 0 .00413
31 0 .00502
32 0 .00496
33 0 .0043
34 0 .0038
35 0 .00295
36 0 .00285
37 0 .00225
38 0 .00114
39 0 .00125
40 0 .00088
41 0 .00043
42 0 .00018
43 0 .00009
44 0 .00005
45 0 .00003
46 0 .00002
47 0 .00001
48 0 0
49 0 0
50 0 0
51 0 0
100 0 0
*parity 2 married
birth 1 F married 2
14 0 0
15 0 0
16 0 0
17 0 .00002
18 0 .00007
19 0 .01698
20 0 .01342
21 0 .01046
22 0 .00977
23 0 .01153
24 0 .01325
25 0 .01191
26 0 .01134
27 0 .00941
28 0 .00859
29 0 .00776
30 0 .0071
31 0 .0062
32 0 .00564
33 0 .00505
34 0 .00451
35 0 .00399
36 0 .00363
37 0 .00315
38 0 .00292
39 0 .00267
40 0 .00214
41 0 .00172
42 0 .00134
43 0 .00101
44 0 .00077
45 0 .0005
46 0 .00031
47 0 .00018
48 0 .00009
49 0 .00005
50 0 .00002
51 0 .00001
100 0 0
*parity 2 single
birth 1 F single 2
14 0 0
15 0 0
16 0 0
17 0 0
18 0 0
19 0 0
20 0 .00001
21 0 .02821
22 0 .02063
23 0 .02003
24 0 .01794
25 0 .02251
26 0 .03052
27 0 .01613
28 0 .0143
29 0 .09449
30 0 .03184
31 0 .0378
32 0 .00007
33 0 .03374
34 0 .00006
35 0 .00006
36 0 .05327
37 0 .00005
38 0 .00004
39 0 .00004
40 0 .00003
41 0 .00002
42 0 .00002
43 0 .01112
44 0 .00001
45 0 .00001
46 0 0
47 0 0
48 0 0
49 0 0
50 0 0
51 0 0
100 0 0
*parity 2 widowed
birth 1 F widowed 2
14 0 0
15 0 0
16 0 0
17 0 0
18 0 0
19 0 .00001
20 0 .01081
21 0 .00468
22 0 .00821
23 0 .00703
24 0 .00549
25 0 .0039
26 0 .00357
27 0 .00334
28 0 .00267
29 0 .00196
30 0 .00216
31 0 .00147
32 0 .0012
33 0 .00105
34 0 .00099
35 0 .00086
36 0 .00071
37 0 .00068
38 0 .0005
39 0 .00037
40 0 .00029
41 0 .00022
42 0 .00017
43 0 .00015
44 0 .00009
45 0 .00007
46 0 .00003
47 0 .00002
48 0 .00001
49 0 0
50 0 0
51 0 0
100 0 0
*parity 2 divorced
birth 1 F divorced 2
14 0 0
15 0 0
16 0 0
17 0 0
18 0 0
19 0 .00001
20 0 .01081
21 0 .00468
22 0 .00821
23 0 .00703
24 0 .00549
25 0 .0039
26 0 .00357
27 0 .00334
28 0 .00267
29 0 .00196
30 0 .00216
31 0 .00147
32 0 .0012
33 0 .00105
34 0 .00099
35 0 .00086
36 0 .00071
37 0 .00068
38 0 .0005
39 0 .00037
40 0 .00029
41 0 .00022
42 0 .00017
43 0 .00015
44 0 .00009
45 0 .00007
46 0 .00003
47 0 .00002
48 0 .00001
49 0 0
50 0 0
51 0 0
100 0 0
