*parity 0 married
birth 1 F married 0
14 0 0
15 0 .00045
16 0 .0007
17 0 .03391
18 0 .02613
19 0 .0337
20 0 .04218
21 0 .04167
22 0 .04924
23 0 .0546
24 0 .0566
25 0 .04915
26 0 .03291
27 0 .02105
28 0 .00898
29 0 .00392
30 0 .00112
31 0 0
32 0 .00021
33 0 .00062
34 0 .00123
35 0 .00162
36 0 .00212
37 0 .00263
38 0 .0031
39 0 .00278
40 0 .00316
41 0 .00385
42 0 .00381
43 0 .00447
44 0 .00491
45 0 .00504
46 0 .00627
47 0 .00664
48 0 .00942
49 0 .00695
50 0 .00695
51 0 .00839
100 0 0
*parity 0 single
birth 1 F single 0
14 0 0
15 0 .00003
16 0 .00004
17 0 .00011
18 0 .00025
19 0 .00046
20 0 .00069
21 0 .00088
22 0 .0009
23 0 .00095
24 0 .00088
25 0 .00078
26 0 .0006
27 0 .00039
28 0 .00023
29 0 .00009
30 0 .00003
31 0 0
32 0 .00001
33 0 .00005
34 0 .00012
35 0 .00021
36 0 .00029
37 0 .00041
38 0 .00037
39 0 .00057
40 0 .00062
41 0 .00065
42 0 .00079
43 0 .00096
44 0 .00101
45 0 .00097
46 0 .002
47 0 .00143
48 0 .00116
49 0 .00122
50 0 .00086
51 0 .00127
100 0 0
*parity 0 widowed
birth 1 F widowed 0
14 0 0
15 0 .00007
16 0 .00011
17 0 .00025
18 0 .87991
19 0 .29155
20 0 2.02613
21 0 .00125
22 0 .50202
23 0 .00101
24 0 .00081
25 0 .51244
26 0 .62528
27 0 .34133
28 0 .16513
29 0 .05997
30 0 .01849
31 0 0
32 0 .0006
33 0 .00344
34 0 .00243
35 0 .00275
36 0 .00397
37 0 .0031
38 0 .00303
39 0 .00329
40 0 .00326
41 0 .00397
42 0 .00605
43 0 .00456
44 0 .00349
45 0 .00437
46 0 .01076
47 0 .00622
48 0 .0038
49 0 .00255
50 0 .0024
51 0 .00423
100 0 0
*parity 0 divorced
birth 1 F divorced 0
14 0 0
15 0 .00007
16 0 .00011
17 0 .00025
18 0 .87991
19 0 .29155
20 0 2.02613
21 0 .00125
22 0 .50202
23 0 .00101
24 0 .00081
25 0 .51244
26 0 .62528
27 0 .34133
28 0 .16513
29 0 .05997
30 0 .01849
31 0 0
32 0 .0006
33 0 .00344
34 0 .00243
35 0 .00275
36 0 .00397
37 0 .0031
38 0 .00303
39 0 .00329
40 0 .00326
41 0 .00397
42 0 .00605
43 0 .00456
44 0 .00349
45 0 .00437
46 0 .01076
47 0 .00622
48 0 .0038
49 0 .00255
50 0 .0024
51 0 .00423
100 0 0
*parity 1 married
birth 1 F married 1
14 0 0
15 0 .00046
16 0 .00052
17 0 .00072
18 0 .45481
19 0 .58892
20 0 .10929
21 0 .05985
22 0 .12581
23 0 .1234
24 0 .08707
25 0 .04701
26 0 .04062
27 0 .03915
28 0 .04528
29 0 .04374
30 0 .0326
31 0 .03065
32 0 .03297
33 0 .0323
34 0 .0337
35 0 .04286
36 0 .02824
37 0 .02331
38 0 .02468
39 0 .01417
40 0 .01429
41 0 .00935
42 0 .01041
43 0 .01145
44 0 .01428
45 0 .01219
46 0 .01115
47 0 .01132
48 0 .0129
49 0 .00971
50 0 .01229
51 0 .00946
100 0 0
*parity 1 single
birth 1 F single 1
14 0 0
15 0 .00003
16 0 .02922
17 0 .08156
18 0 .02415
19 0 .06566
20 0 .14622
21 0 .27453
22 0 .21909
23 0 .09435
24 0 .12315
25 0 .05364
26 0 .06581
27 0 .17461
28 0 .0875
29 0 .09336
30 0 .00009
31 0 .00006
32 0 .00004
33 0 .04939
34 0 .00003
35 0 .00004
36 0 .02699
37 0 .00004
38 0 .00004
39 0 .00004
40 0 .00004
41 0 .02592
42 0 .00004
43 0 .04378
44 0 .04185
45 0 .00003
46 0 .00003
47 0 .01947
48 0 .00003
49 0 .01948
50 0 .00003
51 0 .00003
100 0 0
*parity 1 widowed
birth 1 F widowed 1
14 0 0
15 0 .00007
16 0 .00008
17 0 .00011
18 0 .0002
19 0 .10613
20 0 .35452
21 0 1.33121
22 0 .00094
23 0 1.60116
24 0 .74641
25 0 1.43048
26 0 1.11684
27 0 .42335
28 0 .00041
29 0 .0003
30 0 .15612
31 0 .06944
32 0 .00011
33 0 .11975
34 0 .06247
35 0 .12578
36 0 .04363
37 0 .0666
38 0 .00953
39 0 .00703
40 0 .00277
41 0 .00217
42 0 .00331
43 0 .00393
44 0 .00597
45 0 .00248
46 0 .00317
47 0 .00262
48 0 .00183
49 0 .0015
50 0 .00157
51 0 .00212
100 0 0
*parity 1 divorced
birth 1 F divorced 1
14 0 0
15 0 .00007
16 0 .00008
17 0 .00011
18 0 .0002
19 0 .10613
20 0 .35452
21 0 1.33121
22 0 .00094
23 0 1.60116
24 0 .74641
25 0 1.43048
26 0 1.11684
27 0 .42335
28 0 .00041
29 0 .0003
30 0 .15612
31 0 .06944
32 0 .00011
33 0 .11975
34 0 .06247
35 0 .12578
36 0 .04363
37 0 .0666
38 0 .00953
39 0 .00703
40 0 .00277
41 0 .00217
42 0 .00331
43 0 .00393
44 0 .00597
45 0 .00248
46 0 .00317
47 0 .00262
48 0 .00183
49 0 .0015
50 0 .00157
51 0 .00212
100 0 0
*parity 2 married
birth 1 F married 2
14 0 0
15 0 .00046
16 0 .00046
17 0 .00049
18 0 .03431
19 0 .01561
20 0 .01773
21 0 .02699
22 0 .02033
23 0 .01872
24 0 .02068
25 0 .02211
26 0 .02252
27 0 .02063
28 0 .01855
29 0 .01836
30 0 .01796
31 0 .01601
32 0 .01649
33 0 .01518
34 0 .01629
35 0 .01499
36 0 .01428
37 0 .0142
38 0 .0135
39 0 .01255
40 0 .01143
41 0 .00932
42 0 .00679
43 0 .00501
44 0 .00401
45 0 .00319
46 0 .00212
47 0 .00169
48 0 .00134
49 0 .00117
50 0 .00108
51 0 .00102
100 0 0
*parity 2 single
birth 1 F single 2
14 0 0
15 0 .00003
16 0 .00003
17 0 .00003
18 0 .06777
19 0 .1064
20 0 .0284
21 0 .03182
22 0 .03816
23 0 .02198
24 0 .03381
25 0 .03478
26 0 .06359
27 0 .03752
28 0 .04089
29 0 .05511
30 0 .0582
31 0 .1215
32 0 .12158
33 0 .12909
34 0 .1124
35 0 .24258
36 0 .22317
37 0 .15158
38 0 .13866
39 0 .10077
40 0 .22348
41 0 .18415
42 0 .09873
43 0 .04324
44 0 .0853
45 0 .12284
46 0 .04772
47 0 .00005
48 0 .01056
49 0 .02409
50 0 .01241
51 0 .00864
100 0 0
*parity 2 widowed
birth 1 F widowed 2
14 0 0
15 0 .00007
16 0 .00007
17 0 .00008
18 0 .1643
19 0 .25797
20 0 .03443
21 0 .03086
22 0 .03084
23 0 .03075
24 0 .02138
25 0 .02547
26 0 .01775
27 0 .01616
28 0 .01709
29 0 .01307
30 0 .01352
31 0 .01227
32 0 .00964
33 0 .00894
34 0 .00737
35 0 .00726
36 0 .00644
37 0 .00458
38 0 .00447
39 0 .00435
40 0 .00374
41 0 .0027
42 0 .00214
43 0 .00155
44 0 .00109
45 0 .00076
46 0 .00054
47 0 .00041
48 0 .00032
49 0 .00029
50 0 .00025
51 0 .00021
100 0 0
*parity 2 divorced
birth 1 F divorced 2
14 0 0
15 0 .00007
16 0 .00007
17 0 .00008
18 0 .1643
19 0 .25797
20 0 .03443
21 0 .03086
22 0 .03084
23 0 .03075
24 0 .02138
25 0 .02547
26 0 .01775
27 0 .01616
28 0 .01709
29 0 .01307
30 0 .01352
31 0 .01227
32 0 .00964
33 0 .00894
34 0 .00737
35 0 .00726
36 0 .00644
37 0 .00458
38 0 .00447
39 0 .00435
40 0 .00374
41 0 .0027
42 0 .00214
43 0 .00155
44 0 .00109
45 0 .00076
46 0 .00054
47 0 .00041
48 0 .00032
49 0 .00029
50 0 .00025
51 0 .00021
100 0 0
