*parity 0 married
birth 1 F married 0
14 0 0
15 0 .00026
16 0 .00107
17 0 .0431
18 0 .03308
19 0 .0371
20 0 .03854
21 0 .04157
22 0 .03016
23 0 .03974
24 0 .03979
25 0 .0362
26 0 .03291
27 0 .04004
28 0 .06435
29 0 .04887
30 0 .03502
31 0 .02672
32 0 .02561
33 0 .02404
34 0 .03518
35 0 .02039
36 0 .01253
37 0 .01084
38 0 .01083
39 0 .01126
40 0 .0088
41 0 .00588
42 0 .00288
43 0 .00129
44 0 .00061
45 0 .00061
46 0 .00044
47 0 .00022
48 0 .00008
49 0 .00003
50 0 .00001
51 0 .00001
100 0 0
*parity 0 single
birth 1 F single 0
14 0 0
15 0 0
16 0 0
17 0 .00001
18 0 .00001
19 0 .00002
20 0 .00002
21 0 .00002
22 0 .00002
23 0 .00002
24 0 .00003
25 0 .00002
26 0 .00003
27 0 .00003
28 0 .00003
29 0 .00002
30 0 .00003
31 0 .00003
32 0 .00002
33 0 .00002
34 0 .00002
35 0 .00002
36 0 .00001
37 0 .00001
38 0 .00001
39 0 .00001
40 0 .00001
41 0 .00001
42 0 .00001
43 0 0
44 0 0
45 0 0
46 0 0
47 0 0
48 0 0
49 0 0
50 0 0
51 0 0
100 0 0
*parity 0 widowed
birth 1 F widowed 0
14 0 0
15 0 0
16 0 .00001
17 0 .00002
18 0 .00874
19 0 .01229
20 0 .00551
21 0 .00839
22 0 .01037
23 0 .00383
24 0 .00333
25 0 .00375
26 0 .00386
27 0 .0022
28 0 .00414
29 0 .00429
30 0 .00236
31 0 .00216
32 0 .00121
33 0 .00169
34 0 .00684
35 0 .00188
36 0 .00073
37 0 .0007
38 0 .00332
39 0 .00168
40 0 .00132
41 0 .00042
42 0 .00019
43 0 .00009
44 0 .00003
45 0 .00002
46 0 .00002
47 0 .00001
48 0 0
49 0 0
50 0 0
51 0 0
100 0 0
*parity 0 divorced
birth 1 F divorced 0
14 0 0
15 0 0
16 0 .00001
17 0 .00002
18 0 .00874
19 0 .01229
20 0 .00551
21 0 .00839
22 0 .01037
23 0 .00383
24 0 .00333
25 0 .00375
26 0 .00386
27 0 .0022
28 0 .00414
29 0 .00429
30 0 .00236
31 0 .00216
32 0 .00121
33 0 .00169
34 0 .00684
35 0 .00188
36 0 .00073
37 0 .0007
38 0 .00332
39 0 .00168
40 0 .00132
41 0 .00042
42 0 .00019
43 0 .00009
44 0 .00003
45 0 .00002
46 0 .00002
47 0 .00001
48 0 0
49 0 0
50 0 0
51 0 0
100 0 0
*parity 1 married
birth 1 F married 1
14 0 0
15 0 0
16 0 .00006
17 0 .00023
18 0 .01743
19 0 .01536
20 0 .0192
21 0 .02131
22 0 .02148
23 0 .02381
24 0 .01977
25 0 .02226
26 0 .01826
27 0 .01675
28 0 .01485
29 0 .0182
30 0 .01862
31 0 .01538
32 0 .01346
33 0 .01219
34 0 .01115
35 0 .01188
36 0 .01311
37 0 .01299
38 0 .01477
39 0 .00685
40 0 .00867
41 0 .01163
42 0 .01838
43 0 .00649
44 0 .00614
45 0 .00083
46 0 .00026
47 0 .00009
48 0 .00006
49 0 .00003
50 0 .00001
51 0 0
100 0 0
*parity 1 single
birth 1 F single 1
14 0 0
15 0 0
16 0 0
17 0 0
18 0 0
19 0 0
20 0 0
21 0 .00001
22 0 .00001
23 0 .00229
24 0 .00906
25 0 .00001
26 0 .00854
27 0 .00404
28 0 .00001
29 0 .00001
30 0 .00654
31 0 .00001
32 0 .00161
33 0 0
34 0 0
35 0 0
36 0 0
37 0 .00085
38 0 .00161
39 0 0
40 0 0
41 0 0
42 0 0
43 0 .00016
44 0 0
45 0 0
46 0 0
47 0 0
48 0 0
49 0 0
50 0 0
51 0 0
100 0 0
*parity 1 widowed
birth 1 F widowed 1
14 0 0
15 0 0
16 0 0
17 0 0
18 0 0
19 0 .00964
20 0 .01592
21 0 .00674
22 0 .00425
23 0 .00189
24 0 .00186
25 0 .00305
26 0 .00155
27 0 .00277
28 0 .00119
29 0 .00083
30 0 .00096
31 0 .0007
32 0 .00071
33 0 .0005
34 0 .00035
35 0 .0003
36 0 .00029
37 0 .00024
38 0 .00019
39 0 .00028
40 0 .00013
41 0 .00014
42 0 .00008
43 0 .00005
44 0 .00003
45 0 .00001
46 0 .00001
47 0 .00001
48 0 0
49 0 0
50 0 0
51 0 0
100 0 0
*parity 1 divorced
birth 1 F divorced 1
14 0 0
15 0 0
16 0 0
17 0 0
18 0 0
19 0 .00964
20 0 .01592
21 0 .00674
22 0 .00425
23 0 .00189
24 0 .00186
25 0 .00305
26 0 .00155
27 0 .00277
28 0 .00119
29 0 .00083
30 0 .00096
31 0 .0007
32 0 .00071
33 0 .0005
34 0 .00035
35 0 .0003
36 0 .00029
37 0 .00024
38 0 .00019
39 0 .00028
40 0 .00013
41 0 .00014
42 0 .00008
43 0 .00005
44 0 .00003
45 0 .00001
46 0 .00001
47 0 .00001
48 0 0
49 0 0
50 0 0
51 0 0
100 0 0
*parity 2 married
birth 1 F married 2
14 0 0
15 0 0
16 0 0
17 0 .00002
18 0 .00008
19 0 .028
20 0 .01923
21 0 .01555
22 0 .01646
23 0 .01362
24 0 .01413
25 0 .01346
26 0 .01173
27 0 .01123
28 0 .01102
29 0 .00975
30 0 .00869
31 0 .00848
32 0 .00793
33 0 .00714
34 0 .00643
35 0 .00543
36 0 .00488
37 0 .00433
38 0 .00345
39 0 .00292
40 0 .00248
41 0 .0019
42 0 .00147
43 0 .00107
44 0 .00082
45 0 .00053
46 0 .00031
47 0 .00019
48 0 .0001
49 0 .00005
50 0 .00002
51 0 .00001
100 0 0
*parity 2 single
birth 1 F single 2
14 0 0
15 0 0
16 0 0
17 0 0
18 0 0
19 0 0
20 0 0
21 0 0
22 0 0
23 0 .00001
24 0 .00001
25 0 .00001
26 0 .00001
27 0 .00852
28 0 .00854
29 0 .00001
30 0 .00001
31 0 .00001
32 0 .00001
33 0 .00001
34 0 .00696
35 0 .00657
36 0 .00001
37 0 .00001
38 0 .00001
39 0 0
40 0 0
41 0 0
42 0 0
43 0 0
44 0 0
45 0 0
46 0 0
47 0 0
48 0 0
49 0 0
50 0 0
51 0 0
100 0 0
*parity 2 widowed
birth 1 F widowed 2
14 0 0
15 0 0
16 0 0
17 0 0
18 0 0
19 0 0
20 0 0
21 0 .00744
22 0 .00603
23 0 .00277
24 0 .00197
25 0 .00227
26 0 .00207
27 0 .00155
28 0 .00132
29 0 .00134
30 0 .00082
31 0 .00062
32 0 .00054
33 0 .00043
34 0 .00036
35 0 .0003
36 0 .00021
37 0 .00016
38 0 .00013
39 0 .00011
40 0 .00007
41 0 .00005
42 0 .00004
43 0 .00003
44 0 .00002
45 0 .00001
46 0 .00001
47 0 0
48 0 0
49 0 0
50 0 0
51 0 0
100 0 0
*parity 2 divorced
birth 1 F divorced 2
14 0 0
15 0 0
16 0 0
17 0 0
18 0 0
19 0 0
20 0 0
21 0 .00744
22 0 .00603
23 0 .00277
24 0 .00197
25 0 .00227
26 0 .00207
27 0 .00155
28 0 .00132
29 0 .00134
30 0 .00082
31 0 .00062
32 0 .00054
33 0 .00043
34 0 .00036
35 0 .0003
36 0 .00021
37 0 .00016
38 0 .00013
39 0 .00011
40 0 .00007
41 0 .00005
42 0 .00004
43 0 .00003
44 0 .00002
45 0 .00001
46 0 .00001
47 0 0
48 0 0
49 0 0
50 0 0
51 0 0
100 0 0
