*parity 0 married
birth 1 F married 0
14 0 0
15 0 .0002
16 0 .00083
17 0 .05577
18 0 .05088
19 0 .06132
20 0 .0676
21 0 .06358
22 0 .06193
23 0 .0636
24 0 .07185
25 0 .08269
26 0 .092
27 0 .14287
28 0 .25225
29 0 .04873
30 0 .02859
31 0 .0209
32 0 .01699
33 0 .0163
34 0 .01331
35 0 .00597
36 0 .00425
37 0 .00394
38 0 .00335
39 0 .00278
40 0 .00144
41 0 .00103
42 0 .0006
43 0 .00045
44 0 .00033
45 0 .00017
46 0 .0001
47 0 .00005
48 0 .00002
49 0 .00001
50 0 0
51 0 0
100 0 0
*parity 0 single
birth 1 F single 0
14 0 0
15 0 .00003
16 0 .00014
17 0 .00027
18 0 .00045
19 0 .00064
20 0 .00079
21 0 .00086
22 0 .00086
23 0 .00087
24 0 .00087
25 0 .00089
26 0 .00087
27 0 .00089
28 0 .00087
29 0 .00095
30 0 .00104
31 0 .00106
32 0 .00106
33 0 .00097
34 0 .00103
35 0 .00109
36 0 .00096
37 0 .00085
38 0 .00087
39 0 .0008
40 0 .00068
41 0 .00065
42 0 .00041
43 0 .00033
44 0 .00026
45 0 .00028
46 0 .00015
47 0 .00008
48 0 .00002
49 0 .00001
50 0 0
51 0 0
100 0 0
*parity 0 widowed
birth 1 F widowed 0
14 0 0
15 0 .00001
16 0 .00005
17 0 .00009
18 0 .21459
19 0 .29408
20 0 .32415
21 0 .00023
22 0 .3256
23 0 .0002
24 0 .14322
25 0 .29142
26 0 .27641
27 0 .00016
28 0 .00014
29 0 .00013
30 0 .00011
31 0 .03713
32 0 .03044
33 0 .04802
34 0 .03807
35 0 .01284
36 0 .00605
37 0 .00209
38 0 .00205
39 0 .00136
40 0 .00052
41 0 .00037
42 0 .00022
43 0 .0001
44 0 .00012
45 0 .00003
46 0 .00001
47 0 .00001
48 0 0
49 0 0
50 0 0
51 0 0
100 0 0
*parity 0 divorced
birth 1 F divorced 0
14 0 0
15 0 .00001
16 0 .00005
17 0 .00009
18 0 .21459
19 0 .29408
20 0 .32415
21 0 .00023
22 0 .3256
23 0 .0002
24 0 .14322
25 0 .29142
26 0 .27641
27 0 .00016
28 0 .00014
29 0 .00013
30 0 .00011
31 0 .03713
32 0 .03044
33 0 .04802
34 0 .03807
35 0 .01284
36 0 .00605
37 0 .00209
38 0 .00205
39 0 .00136
40 0 .00052
41 0 .00037
42 0 .00022
43 0 .0001
44 0 .00012
45 0 .00003
46 0 .00001
47 0 .00001
48 0 0
49 0 0
50 0 0
51 0 0
100 0 0
*parity 1 married
birth 1 F married 1
14 0 0
15 0 0
16 0 .00004
17 0 .00016
18 0 .02276
19 0 .01936
20 0 .01494
21 0 .01958
22 0 .02084
23 0 .02272
24 0 .02081
25 0 .01887
26 0 .01969
27 0 .01965
28 0 .01893
29 0 .01807
30 0 .01738
31 0 .01356
32 0 .01275
33 0 .01116
34 0 .00836
35 0 .00888
36 0 .00786
37 0 .00518
38 0 .00367
39 0 .00243
40 0 .00201
41 0 .00154
42 0 .00104
43 0 .00062
44 0 .00031
45 0 .00017
46 0 .00012
47 0 .00005
48 0 .00002
49 0 .00001
50 0 0
51 0 0
100 0 0
*parity 1 single
birth 1 F single 1
14 0 0
15 0 0
16 0 .00001
17 0 .04001
18 0 .02066
19 0 .01736
20 0 .02279
21 0 .03197
22 0 .02214
23 0 .02807
24 0 .0228
25 0 .02343
26 0 .02348
27 0 .02152
28 0 .02371
29 0 .04977
30 0 .02936
31 0 .03319
32 0 .05788
33 0 .09661
34 0 .00022
35 0 .00018
36 0 .00014
37 0 .16038
38 0 .05673
39 0 .00006
40 0 .00005
41 0 .00003
42 0 .00002
43 0 .00001
44 0 .00001
45 0 .00444
46 0 0
47 0 .00129
48 0 0
49 0 0
50 0 0
51 0 0
100 0 0
*parity 1 widowed
birth 1 F widowed 1
14 0 0
15 0 0
16 0 0
17 0 .00001
18 0 .0355
19 0 .07158
20 0 .01566
21 0 .03846
22 0 .01463
23 0 .01479
24 0 .00874
25 0 .01135
26 0 .01925
27 0 .0122
28 0 .02148
29 0 .01011
30 0 .00917
31 0 .0057
32 0 .00513
33 0 .00428
34 0 .00244
35 0 .0027
36 0 .00125
37 0 .00077
38 0 .00062
39 0 .00028
40 0 .00024
41 0 .00017
42 0 .00009
43 0 .00007
44 0 .00003
45 0 .00001
46 0 .00001
47 0 0
48 0 0
49 0 0
50 0 0
51 0 0
100 0 0
*parity 1 divorced
birth 1 F divorced 1
14 0 0
15 0 0
16 0 0
17 0 .00001
18 0 .0355
19 0 .07158
20 0 .01566
21 0 .03846
22 0 .01463
23 0 .01479
24 0 .00874
25 0 .01135
26 0 .01925
27 0 .0122
28 0 .02148
29 0 .01011
30 0 .00917
31 0 .0057
32 0 .00513
33 0 .00428
34 0 .00244
35 0 .0027
36 0 .00125
37 0 .00077
38 0 .00062
39 0 .00028
40 0 .00024
41 0 .00017
42 0 .00009
43 0 .00007
44 0 .00003
45 0 .00001
46 0 .00001
47 0 0
48 0 0
49 0 0
50 0 0
51 0 0
100 0 0
*parity 2 married
birth 1 F married 2
14 0 0
15 0 0
16 0 0
17 0 .00001
18 0 .00005
19 0 .0148
20 0 .01708
21 0 .01024
22 0 .01216
23 0 .01065
24 0 .01135
25 0 .01095
26 0 .01007
27 0 .00911
28 0 .00853
29 0 .00753
30 0 .00663
31 0 .00646
32 0 .00545
33 0 .00501
34 0 .00446
35 0 .0038
36 0 .0036
37 0 .00311
38 0 .00261
39 0 .00227
40 0 .00197
41 0 .00139
42 0 .00112
43 0 .0008
44 0 .00057
45 0 .0004
46 0 .00022
47 0 .00013
48 0 .00006
49 0 .00003
50 0 .00001
51 0 0
100 0 0
*parity 2 single
birth 1 F single 2
14 0 0
15 0 0
16 0 0
17 0 0
18 0 .00001
19 0 .03731
20 0 .0155
21 0 .01607
22 0 .01499
23 0 .0096
24 0 .01186
25 0 .00934
26 0 .01189
27 0 .01105
28 0 .00896
29 0 .01023
30 0 .01048
31 0 .01146
32 0 .01213
33 0 .01072
34 0 .01268
35 0 .01324
36 0 .01621
37 0 .01414
38 0 .01357
39 0 .01531
40 0 .00848
41 0 .01759
42 0 .01108
43 0 .00841
44 0 .00523
45 0 .01127
46 0 .00383
47 0 .00268
48 0 .00129
49 0 .00051
50 0 .00019
51 0 .00012
100 0 0
*parity 2 widowed
birth 1 F widowed 2
14 0 0
15 0 0
16 0 0
17 0 0
18 0 0
19 0 .00001
20 0 .02664
21 0 .0071
22 0 .00966
23 0 .00838
24 0 .00725
25 0 .00565
26 0 .00409
27 0 .00329
28 0 .00317
29 0 .00268
30 0 .00241
31 0 .00178
32 0 .00164
33 0 .00118
34 0 .00103
35 0 .00098
36 0 .00074
37 0 .00073
38 0 .00055
39 0 .00047
40 0 .00035
41 0 .00025
42 0 .00019
43 0 .00011
44 0 .00008
45 0 .00005
46 0 .00003
47 0 .00001
48 0 .00001
49 0 0
50 0 0
51 0 0
100 0 0
*parity 2 divorced
birth 1 F divorced 2
14 0 0
15 0 0
16 0 0
17 0 0
18 0 0
19 0 .00001
20 0 .02664
21 0 .0071
22 0 .00966
23 0 .00838
24 0 .00725
25 0 .00565
26 0 .00409
27 0 .00329
28 0 .00317
29 0 .00268
30 0 .00241
31 0 .00178
32 0 .00164
33 0 .00118
34 0 .00103
35 0 .00098
36 0 .00074
37 0 .00073
38 0 .00055
39 0 .00047
40 0 .00035
41 0 .00025
42 0 .00019
43 0 .00011
44 0 .00008
45 0 .00005
46 0 .00003
47 0 .00001
48 0 .00001
49 0 0
50 0 0
51 0 0
100 0 0
