*parity all married
birth 1 F married 0
14 0 0
15 0 .00008
16 0 .00072
17 0 .00235
18 0 .00552
19 0 .0102
20 0 .01526
21 0 .01932
22 0 .02167
23 0 .02272
24 0 .02293
25 0 .0221
26 0 .02055
27 0 .01852
28 0 .01693
29 0 .01547
30 0 .01443
31 0 .01279
32 0 .01167
33 0 .01062
34 0 .01018
35 0 .00958
36 0 .00903
37 0 .00833
38 0 .00773
39 0 .00694
40 0 .00612
41 0 .00476
42 0 .00366
43 0 .00267
44 0 .00198
45 0 .00132
46 0 .00079
47 0 .00048
48 0 .00025
49 0 .00013
50 0 .00006
51 0 .00002
100 0 0
*parity all single
birth 1 F single 0
14 0 0
15 0 .00008
16 0 .00072
17 0 .00235
18 0 .00552
19 0 .0102
20 0 .01526
21 0 .01932
22 0 .02167
23 0 .02272
24 0 .02293
25 0 .0221
26 0 .02055
27 0 .01852
28 0 .01693
29 0 .01547
30 0 .01443
31 0 .01279
32 0 .01167
33 0 .01062
34 0 .01018
35 0 .00958
36 0 .00903
37 0 .00833
38 0 .00773
39 0 .00694
40 0 .00612
41 0 .00476
42 0 .00366
43 0 .00267
44 0 .00198
45 0 .00132
46 0 .00079
47 0 .00048
48 0 .00025
49 0 .00013
50 0 .00006
51 0 .00002
100 0 0
*parity all widowed
birth 1 F widowed 0
14 0 0
15 0 .00008
16 0 .00072
17 0 .00235
18 0 .00552
19 0 .0102
20 0 .01526
21 0 .01932
22 0 .02167
23 0 .02272
24 0 .02293
25 0 .0221
26 0 .02055
27 0 .01852
28 0 .01693
29 0 .01547
30 0 .01443
31 0 .01279
32 0 .01167
33 0 .01062
34 0 .01018
35 0 .00958
36 0 .00903
37 0 .00833
38 0 .00773
39 0 .00694
40 0 .00612
41 0 .00476
42 0 .00366
43 0 .00267
44 0 .00198
45 0 .00132
46 0 .00079
47 0 .00048
48 0 .00025
49 0 .00013
50 0 .00006
51 0 .00002
100 0 0
*parity all divorced
birth 1 F divorced 0
14 0 0
15 0 .00008
16 0 .00072
17 0 .00235
18 0 .00552
19 0 .0102
20 0 .01526
21 0 .01932
22 0 .02167
23 0 .02272
24 0 .02293
25 0 .0221
26 0 .02055
27 0 .01852
28 0 .01693
29 0 .01547
30 0 .01443
31 0 .01279
32 0 .01167
33 0 .01062
34 0 .01018
35 0 .00958
36 0 .00903
37 0 .00833
38 0 .00773
39 0 .00694
40 0 .00612
41 0 .00476
42 0 .00366
43 0 .00267
44 0 .00198
45 0 .00132
46 0 .00079
47 0 .00048
48 0 .00025
49 0 .00013
50 0 .00006
51 0 .00002
100 0 0
