*parity 0 married
birth 1 F married 0
14 0 0
15 0 .001
16 0 .00108
17 0 .03182
18 0 .02714
19 0 .04
20 0 .06104
21 0 .07868
22 0 .15165
23 0 .19018
24 0 .29542
25 0 .86066
26 0 1
27 0 .36004
28 0 .0609
29 0 .00885
30 0 0
31 0 .00012
32 0 .00388
33 0 .00789
34 0 .01061
35 0 .02569
36 0 .04689
37 0 .57374
38 0 .51008
39 0 .00106
40 0 .0011
41 0 .00111
42 0 .00111
43 0 .0011
44 0 .0011
45 0 .00109
46 0 .00108
47 0 .00108
48 0 .00108
49 0 .00108
50 0 .00108
51 0 .00108
100 0 0
*parity 0 single
birth 1 F single 0
14 0 0
15 0 .00004
16 0 .00004
17 0 .00008
18 0 .00017
19 0 .00031
20 0 .00042
21 0 .00052
22 0 .00055
23 0 .00058
24 0 .00056
25 0 .00048
26 0 .00035
27 0 .00028
28 0 .00019
29 0 .00007
30 0 0
31 0 0
32 0 .00022
33 0 .0005
34 0 .00103
35 0 .00356
36 0 .00477
37 0 .00389
38 0 .02076
39 0 .00004
40 0 .01737
41 0 .00005
42 0 .00005
43 0 .00004
44 0 .00004
45 0 .00004
46 0 .00004
47 0 .00004
48 0 .00004
49 0 .02089
50 0 .00004
51 0 .00004
100 0 0
*parity 0 widowed
birth 1 F widowed 0
14 0 0
15 0 .00006
16 0 .00006
17 0 .00011
18 0 .06836
19 0 .00032
20 0 .44406
21 0 .00048
22 0 .00046
23 0 .00039
24 0 .00031
25 0 .00022
26 0 .00014
27 0 .06091
28 0 .00003
29 0 .00001
30 0 0
31 0 .00005
32 0 .00057
33 0 .00278
34 0 .00618
35 0 .00821
36 0 .00529
37 0 .00005
38 0 .02876
39 0 .03279
40 0 .00006
41 0 .00006
42 0 .00006
43 0 .01384
44 0 .00006
45 0 .00006
46 0 .00006
47 0 .00006
48 0 .00006
49 0 .00006
50 0 .01987
51 0 .0117
100 0 0
*parity 0 divorced
birth 1 F divorced 0
14 0 0
15 0 .00006
16 0 .00006
17 0 .00011
18 0 .06836
19 0 .00032
20 0 .44406
21 0 .00048
22 0 .00046
23 0 .00039
24 0 .00031
25 0 .00022
26 0 .00014
27 0 .06091
28 0 .00003
29 0 .00001
30 0 0
31 0 .00005
32 0 .00057
33 0 .00278
34 0 .00618
35 0 .00821
36 0 .00529
37 0 .00005
38 0 .02876
39 0 .03279
40 0 .00006
41 0 .00006
42 0 .00006
43 0 .01384
44 0 .00006
45 0 .00006
46 0 .00006
47 0 .00006
48 0 .00006
49 0 .00006
50 0 .01987
51 0 .0117
100 0 0
*parity 1 married
birth 1 F married 1
14 0 0
15 0 .00108
16 0 .00113
17 0 1
18 0 .33299
19 0 .1186
20 0 .08925
21 0 .16269
22 0 .92727
23 0 .58733
24 0 .42747
25 0 .42433
26 0 .1637
27 0 .14984
28 0 .08127
29 0 .03599
30 0 .02227
31 0 .01463
32 0 .01166
33 0 .0122
34 0 .01657
35 0 .01386
36 0 .03217
37 0 .02424
38 0 .03156
39 0 .02888
40 0 .03271
41 0 .12837
42 0 .24536
43 0 .00113
44 0 .00112
45 0 .0011
46 0 .00109
47 0 .00108
48 0 .00108
49 0 .00108
50 0 .00108
51 0 .00108
100 0 0
*parity 1 single
birth 1 F single 1
14 0 0
15 0 .00004
16 0 .00005
17 0 .05516
18 0 .00008
19 0 .00012
20 0 .09445
21 0 .0596
22 0 .03774
23 0 .00572
24 0 .00304
25 0 .00262
26 0 .0016
27 0 .00116
28 0 .00079
29 0 .00078
30 0 .00088
31 0 .00065
32 0 .00067
33 0 .00071
34 0 .00115
35 0 .00122
36 0 .00445
37 0 .00266
38 0 .0021
39 0 .00259
40 0 .00932
41 0 .00435
42 0 .00005
43 0 .02048
44 0 .00005
45 0 .01854
46 0 .00004
47 0 .00971
48 0 .00004
49 0 .02089
50 0 .01434
51 0 .00004
100 0 0
*parity 1 widowed
birth 1 F widowed 1
14 0 0
15 0 .00006
16 0 .00006
17 0 .00007
18 0 .00011
19 0 .08695
20 0 .04362
21 0 .08257
22 0 .00038
23 0 .00039
24 0 .00037
25 0 .00033
26 0 .23078
27 0 .00021
28 0 .00016
29 0 .00011
30 0 .00837
31 0 .00759
32 0 .00539
33 0 .00283
34 0 .00903
35 0 .0061
36 0 .0028
37 0 .00615
38 0 .00458
39 0 .00448
40 0 .0043
41 0 .00603
42 0 .00006
43 0 .01418
44 0 .01245
45 0 .01285
46 0 .00948
47 0 .0269
48 0 .01808
49 0 .01447
50 0 .00497
51 0 .0039
100 0 0
*parity 1 divorced
birth 1 F divorced 1
14 0 0
15 0 .00006
16 0 .00006
17 0 .00007
18 0 .00011
19 0 .08695
20 0 .04362
21 0 .08257
22 0 .00038
23 0 .00039
24 0 .00037
25 0 .00033
26 0 .23078
27 0 .00021
28 0 .00016
29 0 .00011
30 0 .00837
31 0 .00759
32 0 .00539
33 0 .00283
34 0 .00903
35 0 .0061
36 0 .0028
37 0 .00615
38 0 .00458
39 0 .00448
40 0 .0043
41 0 .00603
42 0 .00006
43 0 .01418
44 0 .01245
45 0 .01285
46 0 .00948
47 0 .0269
48 0 .01808
49 0 .01447
50 0 .00497
51 0 .0039
100 0 0
*parity 2 married
birth 1 F married 2
14 0 0
15 0 .00108
16 0 .00108
17 0 .00111
18 0 .04774
19 0 .02569
20 0 .03849
21 0 .02299
22 0 .01908
23 0 .02052
24 0 .02162
25 0 .02111
26 0 .02522
27 0 .02212
28 0 .02147
29 0 .01893
30 0 .01802
31 0 .01799
32 0 .0168
33 0 .01608
34 0 .01495
35 0 .01512
36 0 .01229
37 0 .01257
38 0 .01081
39 0 .01043
40 0 .00942
41 0 .00777
42 0 .00622
43 0 .00493
44 0 .00408
45 0 .00328
46 0 .00274
47 0 .00225
48 0 .00223
49 0 .00197
50 0 .00193
51 0 .0019
100 0 0
*parity 2 single
birth 1 F single 2
14 0 0
15 0 .00004
16 0 .00004
17 0 .00005
18 0 .00005
19 0 .06691
20 0 .10183
21 0 .15343
22 0 .01072
23 0 .01209
24 0 .0169
25 0 .01695
26 0 .01024
27 0 .00722
28 0 .00576
29 0 .00585
30 0 .00479
31 0 .0036
32 0 .00389
33 0 .0027
34 0 .00324
35 0 .00212
36 0 .00319
37 0 .002
38 0 .00293
39 0 .0029
40 0 .00329
41 0 .00162
42 0 .00216
43 0 .00171
44 0 .00168
45 0 .00127
46 0 .00098
47 0 .0008
48 0 .00048
49 0 .00029
50 0 .0005
51 0 .00059
100 0 0
*parity 2 widowed
birth 1 F widowed 2
14 0 0
15 0 .00006
16 0 .00006
17 0 .00006
18 0 .00007
19 0 .0927
20 0 .14109
21 0 .02657
22 0 .01856
23 0 .01427
24 0 .01561
25 0 .01913
26 0 .01147
27 0 .01019
28 0 .00986
29 0 .0103
30 0 .00986
31 0 .00781
32 0 .00573
33 0 .00569
34 0 .00438
35 0 .00437
36 0 .00403
37 0 .00341
38 0 .00331
39 0 .00231
40 0 .00177
41 0 .00161
42 0 .00101
43 0 .00087
44 0 .00068
45 0 .00055
46 0 .00038
47 0 .00036
48 0 .00025
49 0 .00031
50 0 .00021
51 0 .00019
100 0 0
*parity 2 divorced
birth 1 F divorced 2
14 0 0
15 0 .00006
16 0 .00006
17 0 .00006
18 0 .00007
19 0 .0927
20 0 .14109
21 0 .02657
22 0 .01856
23 0 .01427
24 0 .01561
25 0 .01913
26 0 .01147
27 0 .01019
28 0 .00986
29 0 .0103
30 0 .00986
31 0 .00781
32 0 .00573
33 0 .00569
34 0 .00438
35 0 .00437
36 0 .00403
37 0 .00341
38 0 .00331
39 0 .00231
40 0 .00177
41 0 .00161
42 0 .00101
43 0 .00087
44 0 .00068
45 0 .00055
46 0 .00038
47 0 .00036
48 0 .00025
49 0 .00031
50 0 .00021
51 0 .00019
100 0 0
