*parity 0 married
birth 1 F married 0
14 0 0
15 0 .00018
16 0 .00075
17 0 .0724
18 0 .05709
19 0 .06346
20 0 .06774
21 0 .07284
22 0 .0787
23 0 .13687
24 0 .08115
25 0 .12043
26 0 .17773
27 0 .5183
28 0 .21688
29 0 .29269
30 0 .2692
31 0 .46278
32 0 .03184
33 0 .18462
34 0 .03347
35 0 .01296
36 0 .00715
37 0 .00402
38 0 .00282
39 0 .00204
40 0 .00151
41 0 .00095
42 0 .00066
43 0 .00047
44 0 .00026
45 0 .00011
46 0 .00006
47 0 .00004
48 0 .00002
49 0 .00001
50 0 0
51 0 0
100 0 0
*parity 0 single
birth 1 F single 0
14 0 0
15 0 .00005
16 0 .00022
17 0 .00042
18 0 .00071
19 0 .00101
20 0 .00124
21 0 .00129
22 0 .00136
23 0 .00128
24 0 .00132
25 0 .00129
26 0 .00128
27 0 .00126
28 0 .00122
29 0 .00111
30 0 .00107
31 0 .00103
32 0 .00094
33 0 .00101
34 0 .001
35 0 .00093
36 0 .00095
37 0 .00089
38 0 .00071
39 0 .00069
40 0 .00059
41 0 .00046
42 0 .0004
43 0 .00031
44 0 .00033
45 0 .00016
46 0 .00009
47 0 .00008
48 0 .00003
49 0 .00001
50 0 0
51 0 0
100 0 0
*parity 0 widowed
birth 1 F widowed 0
14 0 0
15 0 .00001
16 0 .00005
17 0 .13571
18 0 .05542
19 0 .03351
20 0 .04859
21 0 .0445
22 0 .03113
23 0 .10385
24 0 .14396
25 0 .00019
26 0 .00018
27 0 .00016
28 0 .00015
29 0 .19595
30 0 .00012
31 0 .0001
32 0 .02984
33 0 .04944
34 0 .03921
35 0 .0107
36 0 .00474
37 0 .00194
38 0 .00151
39 0 .00098
40 0 .00043
41 0 .00018
42 0 .00015
43 0 .00008
44 0 .00004
45 0 .00001
46 0 .00001
47 0 .00001
48 0 0
49 0 0
50 0 0
51 0 0
100 0 0
*parity 0 divorced
birth 1 F divorced 0
14 0 0
15 0 .00001
16 0 .00005
17 0 .13571
18 0 .05542
19 0 .03351
20 0 .04859
21 0 .0445
22 0 .03113
23 0 .10385
24 0 .14396
25 0 .00019
26 0 .00018
27 0 .00016
28 0 .00015
29 0 .19595
30 0 .00012
31 0 .0001
32 0 .02984
33 0 .04944
34 0 .03921
35 0 .0107
36 0 .00474
37 0 .00194
38 0 .00151
39 0 .00098
40 0 .00043
41 0 .00018
42 0 .00015
43 0 .00008
44 0 .00004
45 0 .00001
46 0 .00001
47 0 .00001
48 0 0
49 0 0
50 0 0
51 0 0
100 0 0
*parity 1 married
birth 1 F married 1
14 0 0
15 0 0
16 0 .00004
17 0 .20601
18 0 .01826
19 0 .01713
20 0 .02421
21 0 .02917
22 0 .02264
23 0 .02494
24 0 .02527
25 0 .02756
26 0 .0251
27 0 .02544
28 0 .02906
29 0 .03368
30 0 .02676
31 0 .02516
32 0 .02619
33 0 .00977
34 0 .0077
35 0 .00688
36 0 .00618
37 0 .00495
38 0 .00442
39 0 .00314
40 0 .00248
41 0 .00165
42 0 .00091
43 0 .00058
44 0 .00038
45 0 .00026
46 0 .00014
47 0 .00007
48 0 .00003
49 0 .00001
50 0 0
51 0 0
100 0 0
*parity 1 single
birth 1 F single 1
14 0 0
15 0 0
16 0 .00001
17 0 .01216
18 0 .02021
19 0 .04045
20 0 .02415
21 0 .03402
22 0 .02845
23 0 .03856
24 0 .02189
25 0 .03805
26 0 .03602
27 0 .03191
28 0 .04716
29 0 .07187
30 0 .06542
31 0 .04195
32 0 .08597
33 0 .04018
34 0 .02928
35 0 .02773
36 0 .0339
37 0 .00018
38 0 .19453
39 0 .15663
40 0 .11429
41 0 .07985
42 0 .01609
43 0 .02732
44 0 .00544
45 0 .00001
46 0 .00433
47 0 .00201
48 0 .00031
49 0 0
50 0 .00002
51 0 0
100 0 0
*parity 1 widowed
birth 1 F widowed 1
14 0 0
15 0 0
16 0 0
17 0 .00001
18 0 .00002
19 0 .03671
20 0 .01046
21 0 .01247
22 0 .01334
23 0 .00547
24 0 .00672
25 0 .00525
26 0 .00658
27 0 .00463
28 0 .00471
29 0 .00365
30 0 .00289
31 0 .00302
32 0 .00226
33 0 .00236
34 0 .00182
35 0 .00115
36 0 .00079
37 0 .00053
38 0 .00042
39 0 .0003
40 0 .00023
41 0 .00014
42 0 .00008
43 0 .00004
44 0 .00002
45 0 .00002
46 0 .00001
47 0 0
48 0 0
49 0 0
50 0 0
51 0 0
100 0 0
*parity 1 divorced
birth 1 F divorced 1
14 0 0
15 0 0
16 0 0
17 0 .00001
18 0 .00002
19 0 .03671
20 0 .01046
21 0 .01247
22 0 .01334
23 0 .00547
24 0 .00672
25 0 .00525
26 0 .00658
27 0 .00463
28 0 .00471
29 0 .00365
30 0 .00289
31 0 .00302
32 0 .00226
33 0 .00236
34 0 .00182
35 0 .00115
36 0 .00079
37 0 .00053
38 0 .00042
39 0 .0003
40 0 .00023
41 0 .00014
42 0 .00008
43 0 .00004
44 0 .00002
45 0 .00002
46 0 .00001
47 0 0
48 0 0
49 0 0
50 0 0
51 0 0
100 0 0
*parity 2 married
birth 1 F married 2
14 0 0
15 0 0
16 0 0
17 0 .00001
18 0 .00005
19 0 .01964
20 0 .00835
21 0 .01134
22 0 .01214
23 0 .01293
24 0 .0118
25 0 .01173
26 0 .01075
27 0 .0112
28 0 .01012
29 0 .01079
30 0 .00936
31 0 .00819
32 0 .00753
33 0 .00659
34 0 .00544
35 0 .00514
36 0 .00421
37 0 .00367
38 0 .00333
39 0 .00272
40 0 .00217
41 0 .00184
42 0 .00133
43 0 .00096
44 0 .0007
45 0 .00048
46 0 .00028
47 0 .00014
48 0 .00008
49 0 .00004
50 0 .00001
51 0 .00001
100 0 0
*parity 2 single
birth 1 F single 2
14 0 0
15 0 0
16 0 0
17 0 0
18 0 .02017
19 0 .01932
20 0 .02464
21 0 .01923
22 0 .00995
23 0 .01578
24 0 .01482
25 0 .01319
26 0 .01066
27 0 .01131
28 0 .01277
29 0 .00858
30 0 .00955
31 0 .00793
32 0 .00848
33 0 .00861
34 0 .01331
35 0 .01061
36 0 .01226
37 0 .01316
38 0 .01685
39 0 .01177
40 0 .01205
41 0 .00819
42 0 .01298
43 0 .00931
44 0 .00788
45 0 .00983
46 0 .00382
47 0 .00522
48 0 .00086
49 0 .00091
50 0 .00019
51 0 .00013
100 0 0
*parity 2 widowed
birth 1 F widowed 2
14 0 0
15 0 0
16 0 0
17 0 0
18 0 0
19 0 .00001
20 0 .00233
21 0 .00436
22 0 .00271
23 0 .00383
24 0 .0041
25 0 .00264
26 0 .00348
27 0 .00229
28 0 .00188
29 0 .00198
30 0 .00187
31 0 .00134
32 0 .00126
33 0 .00092
34 0 .00082
35 0 .00069
36 0 .0006
37 0 .00054
38 0 .00037
39 0 .0003
40 0 .00023
41 0 .00017
42 0 .00013
43 0 .00009
44 0 .00006
45 0 .00004
46 0 .00002
47 0 .00001
48 0 .00001
49 0 0
50 0 0
51 0 0
100 0 0
*parity 2 divorced
birth 1 F divorced 2
14 0 0
15 0 0
16 0 0
17 0 0
18 0 0
19 0 .00001
20 0 .00233
21 0 .00436
22 0 .00271
23 0 .00383
24 0 .0041
25 0 .00264
26 0 .00348
27 0 .00229
28 0 .00188
29 0 .00198
30 0 .00187
31 0 .00134
32 0 .00126
33 0 .00092
34 0 .00082
35 0 .00069
36 0 .0006
37 0 .00054
38 0 .00037
39 0 .0003
40 0 .00023
41 0 .00017
42 0 .00013
43 0 .00009
44 0 .00006
45 0 .00004
46 0 .00002
47 0 .00001
48 0 .00001
49 0 0
50 0 0
51 0 0
100 0 0
