*parity 0 married
birth 1 F married 0
14 0 0
15 0 .00019
16 0 .00079
17 0 .06365
18 0 .04501
19 0 .06134
20 0 .11407
21 0 .10899
22 0 .08637
23 0 .09722
24 0 .15547
25 0 .15139
26 0 .20633
27 0 .11223
28 0 .20222
29 0 .40498
30 0 .08211
31 0 .04981
32 0 .02719
33 0 .01378
34 0 .00893
35 0 .00687
36 0 .0054
37 0 .00331
38 0 .00244
39 0 .00152
40 0 .001
41 0 .00081
42 0 .00048
43 0 .00032
44 0 .00025
45 0 .00014
46 0 .00007
47 0 .00004
48 0 .00002
49 0 .00001
50 0 0
51 0 0
100 0 0
*parity 0 single
birth 1 F single 0
14 0 0
15 0 .00004
16 0 .00018
17 0 .00035
18 0 .00059
19 0 .00084
20 0 .00099
21 0 .00109
22 0 .00107
23 0 .00106
24 0 .00103
25 0 .00108
26 0 .00106
27 0 .00106
28 0 .00107
29 0 .00097
30 0 .00099
31 0 .00096
32 0 .00095
33 0 .00101
34 0 .00091
35 0 .00087
36 0 .00085
37 0 .00094
38 0 .00077
39 0 .00082
40 0 .00063
41 0 .0005
42 0 .00046
43 0 .00033
44 0 .00022
45 0 .0002
46 0 .00021
47 0 .00009
48 0 .00004
49 0 .00001
50 0 0
51 0 0
100 0 0
*parity 0 widowed
birth 1 F widowed 0
14 0 0
15 0 .00001
16 0 .00005
17 0 .00009
18 0 .1093
19 0 .28647
20 0 .33383
21 0 .34611
22 0 .11474
23 0 .15134
24 0 .00019
25 0 .29223
26 0 .00017
27 0 .00016
28 0 .00015
29 0 .00013
30 0 .17896
31 0 .14888
32 0 .06434
33 0 .00007
34 0 .07948
35 0 .00807
36 0 .00618
37 0 .00795
38 0 .00386
39 0 .00113
40 0 .0005
41 0 .00033
42 0 .00029
43 0 .0002
44 0 .00006
45 0 .00004
46 0 .00003
47 0 .00001
48 0 .00001
49 0 0
50 0 0
51 0 0
100 0 0
*parity 0 divorced
birth 1 F divorced 0
14 0 0
15 0 .00001
16 0 .00005
17 0 .00009
18 0 .1093
19 0 .28647
20 0 .33383
21 0 .34611
22 0 .11474
23 0 .15134
24 0 .00019
25 0 .29223
26 0 .00017
27 0 .00016
28 0 .00015
29 0 .00013
30 0 .17896
31 0 .14888
32 0 .06434
33 0 .00007
34 0 .07948
35 0 .00807
36 0 .00618
37 0 .00795
38 0 .00386
39 0 .00113
40 0 .0005
41 0 .00033
42 0 .00029
43 0 .0002
44 0 .00006
45 0 .00004
46 0 .00003
47 0 .00001
48 0 .00001
49 0 0
50 0 0
51 0 0
100 0 0
*parity 1 married
birth 1 F married 1
14 0 0
15 0 0
16 0 .00004
17 0 .00015
18 0 .0264
19 0 .01513
20 0 .01664
21 0 .0148
22 0 .02097
23 0 .02094
24 0 .02078
25 0 .01748
26 0 .01799
27 0 .01936
28 0 .01931
29 0 .01845
30 0 .01506
31 0 .01462
32 0 .01112
33 0 .00961
34 0 .00803
35 0 .00713
36 0 .00613
37 0 .00404
38 0 .00335
39 0 .00274
40 0 .00195
41 0 .00133
42 0 .00091
43 0 .00055
44 0 .00035
45 0 .00016
46 0 .00009
47 0 .00004
48 0 .00002
49 0 .00001
50 0 0
51 0 0
100 0 0
*parity 1 single
birth 1 F single 1
14 0 0
15 0 0
16 0 .00001
17 0 .02532
18 0 .03344
19 0 .01984
20 0 .02983
21 0 .02242
22 0 .02399
23 0 .0262
24 0 .02516
25 0 .02436
26 0 .02007
27 0 .03413
28 0 .02929
29 0 .02306
30 0 .02935
31 0 .03561
32 0 .05656
33 0 .17111
34 0 .14113
35 0 .05017
36 0 .0385
37 0 .21563
38 0 .05557
39 0 .06384
40 0 .08855
41 0 .00004
42 0 .04177
43 0 .01255
44 0 .00471
45 0 .00742
46 0 .00369
47 0 0
48 0 .00072
49 0 .00006
50 0 0
51 0 0
100 0 0
*parity 1 widowed
birth 1 F widowed 1
14 0 0
15 0 0
16 0 0
17 0 .00001
18 0 .00904
19 0 .01395
20 0 .01255
21 0 .01126
22 0 .02234
23 0 .07083
24 0 .02976
25 0 .05006
26 0 .03053
27 0 .012
28 0 .01094
29 0 .03118
30 0 .01032
31 0 .01143
32 0 .00701
33 0 .00514
34 0 .00369
35 0 .00306
36 0 .00173
37 0 .00201
38 0 .00083
39 0 .00061
40 0 .00037
41 0 .00029
42 0 .00018
43 0 .0001
44 0 .00006
45 0 .00003
46 0 .00002
47 0 .00001
48 0 0
49 0 0
50 0 0
51 0 0
100 0 0
*parity 1 divorced
birth 1 F divorced 1
14 0 0
15 0 0
16 0 0
17 0 .00001
18 0 .00904
19 0 .01395
20 0 .01255
21 0 .01126
22 0 .02234
23 0 .07083
24 0 .02976
25 0 .05006
26 0 .03053
27 0 .012
28 0 .01094
29 0 .03118
30 0 .01032
31 0 .01143
32 0 .00701
33 0 .00514
34 0 .00369
35 0 .00306
36 0 .00173
37 0 .00201
38 0 .00083
39 0 .00061
40 0 .00037
41 0 .00029
42 0 .00018
43 0 .0001
44 0 .00006
45 0 .00003
46 0 .00002
47 0 .00001
48 0 0
49 0 0
50 0 0
51 0 0
100 0 0
*parity 2 married
birth 1 F married 2
14 0 0
15 0 0
16 0 0
17 0 .00001
18 0 .00005
19 0 .04012
20 0 .01762
21 0 .02271
22 0 .01326
23 0 .01172
24 0 .01435
25 0 .01188
26 0 .01101
27 0 .01022
28 0 .00898
29 0 .00889
30 0 .00809
31 0 .00655
32 0 .00615
33 0 .00527
34 0 .00477
35 0 .00419
36 0 .00355
37 0 .00302
38 0 .00264
39 0 .00221
40 0 .0019
41 0 .00139
42 0 .00106
43 0 .00075
44 0 .00051
45 0 .00033
46 0 .0002
47 0 .00011
48 0 .00005
49 0 .00003
50 0 .00001
51 0 0
100 0 0
*parity 2 single
birth 1 F single 2
14 0 0
15 0 0
16 0 0
17 0 0
18 0 .00835
19 0 .01155
20 0 .01127
21 0 .01046
22 0 .01889
23 0 .01754
24 0 .01176
25 0 .01125
26 0 .01444
27 0 .01196
28 0 .00978
29 0 .01128
30 0 .01181
31 0 .01075
32 0 .01185
33 0 .00912
34 0 .01287
35 0 .01297
36 0 .01283
37 0 .01159
38 0 .01551
39 0 .01072
40 0 .01446
41 0 .00954
42 0 .00817
43 0 .01069
44 0 .00522
45 0 .00332
46 0 .00217
47 0 .00128
48 0 .00087
49 0 .00054
50 0 .00017
51 0 .00016
100 0 0
*parity 2 widowed
birth 1 F widowed 2
14 0 0
15 0 0
16 0 0
17 0 0
18 0 0
19 0 .01249
20 0 .00914
21 0 .01697
22 0 .01167
23 0 .01159
24 0 .00621
25 0 .00714
26 0 .00561
27 0 .00462
28 0 .00452
29 0 .00339
30 0 .00294
31 0 .00287
32 0 .00209
33 0 .00198
34 0 .00172
35 0 .00116
36 0 .00094
37 0 .00087
38 0 .00069
39 0 .00056
40 0 .00045
41 0 .0003
42 0 .0002
43 0 .00014
44 0 .00009
45 0 .00006
46 0 .00003
47 0 .00002
48 0 .00001
49 0 0
50 0 0
51 0 0
100 0 0
*parity 2 divorced
birth 1 F divorced 2
14 0 0
15 0 0
16 0 0
17 0 0
18 0 0
19 0 .01249
20 0 .00914
21 0 .01697
22 0 .01167
23 0 .01159
24 0 .00621
25 0 .00714
26 0 .00561
27 0 .00462
28 0 .00452
29 0 .00339
30 0 .00294
31 0 .00287
32 0 .00209
33 0 .00198
34 0 .00172
35 0 .00116
36 0 .00094
37 0 .00087
38 0 .00069
39 0 .00056
40 0 .00045
41 0 .0003
42 0 .0002
43 0 .00014
44 0 .00009
45 0 .00006
46 0 .00003
47 0 .00002
48 0 .00001
49 0 0
50 0 0
51 0 0
100 0 0
