*parity 0 married
birth 1 F married 0
14 0 0
15 0 .00016
16 0 .00086
17 0 .02918
18 0 .02839
19 0 .03575
20 0 .0416
21 0 .04565
22 0 .04782
23 0 .03982
24 0 .02859
25 0 .02654
26 0 .02299
27 0 .01445
28 0 .01091
29 0 .00922
30 0 .00628
31 0 .00481
32 0 .00396
33 0 .00277
34 0 .00228
35 0 .00209
36 0 .00178
37 0 .00143
38 0 .00114
39 0 .00091
40 0 .00089
41 0 .00055
42 0 .00043
43 0 .00026
44 0 .00019
45 0 .00012
46 0 .00005
47 0 .00003
48 0 .00001
49 0 .00001
50 0 0
51 0 0
100 0 0
*parity 0 single
birth 1 F single 0
14 0 0
15 0 0
16 0 0
17 0 .00001
18 0 .00001
19 0 .00002
20 0 .00003
21 0 .00004
22 0 .00004
23 0 .00004
24 0 .00004
25 0 .00004
26 0 .00003
27 0 .00003
28 0 .00002
29 0 .00002
30 0 .00002
31 0 .00001
32 0 .00001
33 0 .00001
34 0 .00001
35 0 .00001
36 0 .00001
37 0 .00001
38 0 .00001
39 0 .00001
40 0 .00001
41 0 .00001
42 0 0
43 0 0
44 0 0
45 0 0
46 0 0
47 0 0
48 0 0
49 0 0
50 0 0
51 0 0
100 0 0
*parity 0 widowed
birth 1 F widowed 0
14 0 0
15 0 0
16 0 .00002
17 0 .00004
18 0 .03451
19 0 .02681
20 0 .02697
21 0 .02101
22 0 .02261
23 0 .00823
24 0 .01008
25 0 .006
26 0 .00328
27 0 .00324
28 0 .00151
29 0 .00108
30 0 .0009
31 0 .00082
32 0 .00042
33 0 .00032
34 0 .00029
35 0 .00017
36 0 .00023
37 0 .00012
38 0 .00011
39 0 .0001
40 0 .00006
41 0 .00005
42 0 .00003
43 0 .00002
44 0 .00001
45 0 .00001
46 0 0
47 0 0
48 0 0
49 0 0
50 0 0
51 0 0
100 0 0
*parity 0 divorced
birth 1 F divorced 0
14 0 0
15 0 0
16 0 .00002
17 0 .00004
18 0 .03451
19 0 .02681
20 0 .02697
21 0 .02101
22 0 .02261
23 0 .00823
24 0 .01008
25 0 .006
26 0 .00328
27 0 .00324
28 0 .00151
29 0 .00108
30 0 .0009
31 0 .00082
32 0 .00042
33 0 .00032
34 0 .00029
35 0 .00017
36 0 .00023
37 0 .00012
38 0 .00011
39 0 .0001
40 0 .00006
41 0 .00005
42 0 .00003
43 0 .00002
44 0 .00001
45 0 .00001
46 0 0
47 0 0
48 0 0
49 0 0
50 0 0
51 0 0
100 0 0
*parity 1 married
birth 1 F married 1
14 0 0
15 0 0
16 0 .00008
17 0 .00032
18 0 .03461
19 0 .02727
20 0 .03137
21 0 .03342
22 0 .03793
23 0 .04562
24 0 .04768
25 0 .04296
26 0 .0458
27 0 .04635
28 0 .04844
29 0 .05029
30 0 .04835
31 0 .03526
32 0 .02732
33 0 .0244
34 0 .02535
35 0 .02102
36 0 .02144
37 0 .00942
38 0 .01207
39 0 .0068
40 0 .00668
41 0 .00524
42 0 .00265
43 0 .00219
44 0 .00097
45 0 .00062
46 0 .00033
47 0 .00015
48 0 .00009
49 0 .00002
50 0 .00001
51 0 .00001
100 0 0
*parity 1 single
birth 1 F single 1
14 0 0
15 0 0
16 0 0
17 0 0
18 0 0
19 0 .00001
20 0 .00001
21 0 .00001
22 0 .00002
23 0 .00002
24 0 .00002
25 0 .00589
26 0 .00001
27 0 .00475
28 0 .00001
29 0 .00001
30 0 .00001
31 0 .00001
32 0 .00356
33 0 0
34 0 0
35 0 .00207
36 0 0
37 0 0
38 0 0
39 0 .00098
40 0 0
41 0 0
42 0 0
43 0 0
44 0 0
45 0 0
46 0 0
47 0 0
48 0 0
49 0 0
50 0 0
51 0 0
100 0 0
*parity 1 widowed
birth 1 F widowed 1
14 0 0
15 0 0
16 0 0
17 0 .00001
18 0 .00002
19 0 .03482
20 0 .01462
21 0 .01652
22 0 .01922
23 0 .03513
24 0 .01005
25 0 .00897
26 0 .01726
27 0 .01205
28 0 .00299
29 0 .0034
30 0 .00392
31 0 .0019
32 0 .00181
33 0 .00125
34 0 .002
35 0 .00225
36 0 .00073
37 0 .00079
38 0 .00068
39 0 .00044
40 0 .00038
41 0 .00018
42 0 .00014
43 0 .00008
44 0 .00007
45 0 .00002
46 0 .00001
47 0 .00001
48 0 0
49 0 0
50 0 0
51 0 0
100 0 0
*parity 1 divorced
birth 1 F divorced 1
14 0 0
15 0 0
16 0 0
17 0 .00001
18 0 .00002
19 0 .03482
20 0 .01462
21 0 .01652
22 0 .01922
23 0 .03513
24 0 .01005
25 0 .00897
26 0 .01726
27 0 .01205
28 0 .00299
29 0 .0034
30 0 .00392
31 0 .0019
32 0 .00181
33 0 .00125
34 0 .002
35 0 .00225
36 0 .00073
37 0 .00079
38 0 .00068
39 0 .00044
40 0 .00038
41 0 .00018
42 0 .00014
43 0 .00008
44 0 .00007
45 0 .00002
46 0 .00001
47 0 .00001
48 0 0
49 0 0
50 0 0
51 0 0
100 0 0
*parity 2 married
birth 1 F married 2
14 0 0
15 0 0
16 0 .00001
17 0 .00003
18 0 .00015
19 0 .03709
20 0 .02876
21 0 .02729
22 0 .02575
23 0 .02619
24 0 .02817
25 0 .02688
26 0 .02826
27 0 .02411
28 0 .0235
29 0 .02249
30 0 .02119
31 0 .02053
32 0 .0193
33 0 .01762
34 0 .01721
35 0 .01489
36 0 .0136
37 0 .01414
38 0 .01263
39 0 .01119
40 0 .00955
41 0 .00779
42 0 .00607
43 0 .00461
44 0 .00339
45 0 .00218
46 0 .00136
47 0 .00082
48 0 .00047
49 0 .00024
50 0 .00009
51 0 .00004
100 0 0
*parity 2 single
birth 1 F single 2
14 0 0
15 0 0
16 0 0
17 0 0
18 0 0
19 0 0
20 0 0
21 0 .00001
22 0 .00001
23 0 .00001
24 0 .01424
25 0 .00002
26 0 .00002
27 0 .00002
28 0 .00002
29 0 .00002
30 0 .00002
31 0 .00002
32 0 .00002
33 0 .00002
34 0 .00002
35 0 .00002
36 0 .00002
37 0 .00002
38 0 .00001
39 0 .00001
40 0 .00001
41 0 .00001
42 0 .00001
43 0 0
44 0 0
45 0 0
46 0 0
47 0 0
48 0 0
49 0 0
50 0 0
51 0 0
100 0 0
*parity 2 widowed
birth 1 F widowed 2
14 0 0
15 0 0
16 0 0
17 0 0
18 0 0
19 0 .00001
20 0 .00002
21 0 .01963
22 0 .06103
23 0 .01258
24 0 .00678
25 0 .00759
26 0 .00599
27 0 .00396
28 0 .00516
29 0 .00344
30 0 .00427
31 0 .00287
32 0 .00252
33 0 .00221
34 0 .00182
35 0 .00178
36 0 .00148
37 0 .00119
38 0 .0012
39 0 .0011
40 0 .00077
41 0 .00059
42 0 .00043
43 0 .00032
44 0 .00022
45 0 .00013
46 0 .00009
47 0 .00007
48 0 .00002
49 0 .00001
50 0 0
51 0 0
100 0 0
*parity 2 divorced
birth 1 F divorced 2
14 0 0
15 0 0
16 0 0
17 0 0
18 0 0
19 0 .00001
20 0 .00002
21 0 .01963
22 0 .06103
23 0 .01258
24 0 .00678
25 0 .00759
26 0 .00599
27 0 .00396
28 0 .00516
29 0 .00344
30 0 .00427
31 0 .00287
32 0 .00252
33 0 .00221
34 0 .00182
35 0 .00178
36 0 .00148
37 0 .00119
38 0 .0012
39 0 .0011
40 0 .00077
41 0 .00059
42 0 .00043
43 0 .00032
44 0 .00022
45 0 .00013
46 0 .00009
47 0 .00007
48 0 .00002
49 0 .00001
50 0 0
51 0 0
100 0 0
