*parity 0 married
birth 1 F married 0
14 0 0
15 0 .00022
16 0 .0009
17 0 .03116
18 0 .02829
19 0 .02814
20 0 .02684
21 0 .02467
22 0 .0256
23 0 .02516
24 0 .02088
25 0 .02056
26 0 .01712
27 0 .01487
28 0 .01381
29 0 .01245
30 0 .01407
31 0 .01035
32 0 .0092
33 0 .00772
34 0 .00656
35 0 .00541
36 0 .00421
37 0 .00352
38 0 .00262
39 0 .00226
40 0 .00178
41 0 .00142
42 0 .00102
43 0 .00057
44 0 .00046
45 0 .00037
46 0 .00019
47 0 .00012
48 0 .00006
49 0 .00002
50 0 0
51 0 .00001
100 0 0
*parity 0 single
birth 1 F single 0
14 0 0
15 0 .00002
16 0 .00006
17 0 .00012
18 0 .00021
19 0 .00032
20 0 .0004
21 0 .00045
22 0 .00045
23 0 .0005
24 0 .00054
25 0 .00053
26 0 .00062
27 0 .0007
28 0 .00074
29 0 .00083
30 0 .00078
31 0 .00094
32 0 .00077
33 0 .0007
34 0 .00067
35 0 .00066
36 0 .00067
37 0 .00053
38 0 .00054
39 0 .00046
40 0 .00032
41 0 .0003
42 0 .0002
43 0 .00012
44 0 .00008
45 0 .00007
46 0 .00004
47 0 .00002
48 0 .00001
49 0 .00001
50 0 0
51 0 0
100 0 0
*parity 0 widowed
birth 1 F widowed 0
14 0 0
15 0 .00001
16 0 .00005
17 0 .12779
18 0 .04339
19 0 .02878
20 0 .10101
21 0 .04485
22 0 .01877
23 0 .01537
24 0 .00982
25 0 .00664
26 0 .00987
27 0 .00725
28 0 .00469
29 0 .00329
30 0 .00269
31 0 .00211
32 0 .00151
33 0 .00124
34 0 .001
35 0 .00071
36 0 .00063
37 0 .00057
38 0 .00059
39 0 .00034
40 0 .00027
41 0 .00015
42 0 .00017
43 0 .00014
44 0 .00008
45 0 .00005
46 0 .00003
47 0 .00003
48 0 .00001
49 0 0
50 0 0
51 0 0
100 0 0
*parity 0 divorced
birth 1 F divorced 0
14 0 0
15 0 .00001
16 0 .00005
17 0 .12779
18 0 .04339
19 0 .02878
20 0 .10101
21 0 .04485
22 0 .01877
23 0 .01537
24 0 .00982
25 0 .00664
26 0 .00987
27 0 .00725
28 0 .00469
29 0 .00329
30 0 .00269
31 0 .00211
32 0 .00151
33 0 .00124
34 0 .001
35 0 .00071
36 0 .00063
37 0 .00057
38 0 .00059
39 0 .00034
40 0 .00027
41 0 .00015
42 0 .00017
43 0 .00014
44 0 .00008
45 0 .00005
46 0 .00003
47 0 .00003
48 0 .00001
49 0 0
50 0 0
51 0 0
100 0 0
*parity 1 married
birth 1 F married 1
14 0 0
15 0 0
16 0 .00005
17 0 .00017
18 0 .04193
19 0 .0222
20 0 .02018
21 0 .02211
22 0 .02251
23 0 .01662
24 0 .01614
25 0 .01844
26 0 .01802
27 0 .01745
28 0 .01719
29 0 .01652
30 0 .0157
31 0 .01233
32 0 .01143
33 0 .01394
34 0 .01077
35 0 .00996
36 0 .00834
37 0 .00789
38 0 .00603
39 0 .00449
40 0 .00309
41 0 .00219
42 0 .00121
43 0 .00093
44 0 .00055
45 0 .00031
46 0 .00018
47 0 .00011
48 0 .00006
49 0 .00003
50 0 .00002
51 0 .00001
100 0 0
*parity 1 single
birth 1 F single 1
14 0 0
15 0 0
16 0 0
17 0 .01669
18 0 .02306
19 0 .02251
20 0 .04392
21 0 .06128
22 0 .05995
23 0 .04398
24 0 .05012
25 0 .04599
26 0 .0476
27 0 .05775
28 0 .05396
29 0 .06405
30 0 .14783
31 0 .27025
32 0 .07725
33 0 .18974
34 0 .16139
35 0 .03235
36 0 .00006
37 0 .00005
38 0 .05094
39 0 .01348
40 0 .00002
41 0 .00711
42 0 .00001
43 0 .00001
44 0 0
45 0 0
46 0 0
47 0 0
48 0 0
49 0 .00003
50 0 .00002
51 0 0
100 0 0
*parity 1 widowed
birth 1 F widowed 1
14 0 0
15 0 0
16 0 0
17 0 .00001
18 0 .00002
19 0 .00775
20 0 .00851
21 0 .00712
22 0 .00688
23 0 .00409
24 0 .00457
25 0 .0043
26 0 .00385
27 0 .00305
28 0 .00273
29 0 .00239
30 0 .00252
31 0 .00223
32 0 .00176
33 0 .00143
34 0 .00117
35 0 .00098
36 0 .00081
37 0 .00064
38 0 .00033
39 0 .00027
40 0 .0002
41 0 .00015
42 0 .00012
43 0 .00007
44 0 .00003
45 0 .00002
46 0 .00001
47 0 .00001
48 0 0
49 0 0
50 0 0
51 0 0
100 0 0
*parity 1 divorced
birth 1 F divorced 1
14 0 0
15 0 0
16 0 0
17 0 .00001
18 0 .00002
19 0 .00775
20 0 .00851
21 0 .00712
22 0 .00688
23 0 .00409
24 0 .00457
25 0 .0043
26 0 .00385
27 0 .00305
28 0 .00273
29 0 .00239
30 0 .00252
31 0 .00223
32 0 .00176
33 0 .00143
34 0 .00117
35 0 .00098
36 0 .00081
37 0 .00064
38 0 .00033
39 0 .00027
40 0 .0002
41 0 .00015
42 0 .00012
43 0 .00007
44 0 .00003
45 0 .00002
46 0 .00001
47 0 .00001
48 0 0
49 0 0
50 0 0
51 0 0
100 0 0
*parity 2 married
birth 1 F married 2
14 0 0
15 0 0
16 0 0
17 0 .00001
18 0 .00521
19 0 .00569
20 0 .00734
21 0 .00857
22 0 .01106
23 0 .01226
24 0 .01291
25 0 .01165
26 0 .01017
27 0 .01021
28 0 .00992
29 0 .00911
30 0 .00793
31 0 .00756
32 0 .00744
33 0 .0066
34 0 .00566
35 0 .00505
36 0 .00432
37 0 .00359
38 0 .00308
39 0 .00259
40 0 .00209
41 0 .00153
42 0 .00112
43 0 .00081
44 0 .00059
45 0 .00034
46 0 .0002
47 0 .0001
48 0 .00005
49 0 .00003
50 0 .00001
51 0 0
100 0 0
*parity 2 single
birth 1 F single 2
14 0 0
15 0 0
16 0 0
17 0 0
18 0 .00573
19 0 .01604
20 0 .00636
21 0 .00004
22 0 .00877
23 0 .02134
24 0 .0142
25 0 .02313
26 0 .02411
27 0 .01532
28 0 .02016
29 0 .0276
30 0 .02353
31 0 .02171
32 0 .02046
33 0 .01989
34 0 .04098
35 0 .02206
36 0 .02418
37 0 .02794
38 0 .01568
39 0 .02826
40 0 .03099
41 0 .02568
42 0 .02598
43 0 .00003
44 0 .00002
45 0 .00354
46 0 .00277
47 0 0
48 0 0
49 0 .00095
50 0 0
51 0 0
100 0 0
*parity 2 widowed
birth 1 F widowed 2
14 0 0
15 0 0
16 0 0
17 0 0
18 0 0
19 0 .01243
20 0 .00493
21 0 .00913
22 0 .00499
23 0 .00472
24 0 .00357
25 0 .00424
26 0 .00292
27 0 .00261
28 0 .00243
29 0 .00228
30 0 .00172
31 0 .00178
32 0 .00163
33 0 .00099
34 0 .00104
35 0 .0008
36 0 .00066
37 0 .00052
38 0 .00048
39 0 .00034
40 0 .00026
41 0 .0002
42 0 .00014
43 0 .00009
44 0 .00006
45 0 .00004
46 0 .00002
47 0 .00001
48 0 0
49 0 0
50 0 0
51 0 0
100 0 0
*parity 2 divorced
birth 1 F divorced 2
14 0 0
15 0 0
16 0 0
17 0 0
18 0 0
19 0 .01243
20 0 .00493
21 0 .00913
22 0 .00499
23 0 .00472
24 0 .00357
25 0 .00424
26 0 .00292
27 0 .00261
28 0 .00243
29 0 .00228
30 0 .00172
31 0 .00178
32 0 .00163
33 0 .00099
34 0 .00104
35 0 .0008
36 0 .00066
37 0 .00052
38 0 .00048
39 0 .00034
40 0 .00026
41 0 .0002
42 0 .00014
43 0 .00009
44 0 .00006
45 0 .00004
46 0 .00002
47 0 .00001
48 0 0
49 0 0
50 0 0
51 0 0
100 0 0
