*parity 0 married
birth 1 F married 0
14 0 0
15 0 .00066
16 0 .00087
17 0 .02841
18 0 .03148
19 0 .0355
20 0 .04306
21 0 .07036
22 0 .09156
23 0 .17998
24 0 .12623
25 0 .21647
26 0 .24338
27 0 .16261
28 0 .578
29 0 .03754
30 0 .00504
31 0 0
32 0 .00219
33 0 .00811
34 0 .00985
35 0 .01553
36 0 .01608
37 0 .02213
38 0 .07287
39 0 .10217
40 0 .00076
41 0 .00075
42 0 .00074
43 0 .00073
44 0 .00072
45 0 .00071
46 0 .0007
47 0 .00069
48 0 .00069
49 0 .00069
50 0 .00069
51 0 .00069
100 0 0
*parity 0 single
birth 1 F single 0
14 0 0
15 0 .00003
16 0 .00004
17 0 .00008
18 0 .00017
19 0 .00034
20 0 .00051
21 0 .00058
22 0 .00059
23 0 .0005
24 0 .00048
25 0 .00039
26 0 .00032
27 0 .00022
28 0 .00012
29 0 .00004
30 0 .00002
31 0 0
32 0 .00006
33 0 .00025
34 0 .00045
35 0 .00116
36 0 .00154
37 0 .00184
38 0 .00364
39 0 .00567
40 0 .00483
41 0 .01545
42 0 .00003
43 0 .00003
44 0 .00003
45 0 .00003
46 0 .00003
47 0 .00003
48 0 .00003
49 0 .00003
50 0 .00003
51 0 .00003
100 0 0
*parity 0 widowed
birth 1 F widowed 0
14 0 0
15 0 .00004
16 0 .00005
17 0 .0001
18 0 .07153
19 0 .00032
20 0 .4345
21 0 .12083
22 0 .44717
23 0 .00038
24 0 .00031
25 0 .20912
26 0 .00014
27 0 .00008
28 0 .00004
29 0 .00001
30 0 .00271
31 0 0
32 0 .00188
33 0 .00001
34 0 .00582
35 0 .00214
36 0 .00496
37 0 .00713
38 0 .01173
39 0 .00439
40 0 .00004
41 0 .01992
42 0 .00004
43 0 .00004
44 0 .00004
45 0 .00004
46 0 .01607
47 0 .00004
48 0 .00004
49 0 .00004
50 0 .00004
51 0 .00004
100 0 0
*parity 0 divorced
birth 1 F divorced 0
14 0 0
15 0 .00004
16 0 .00005
17 0 .0001
18 0 .07153
19 0 .00032
20 0 .4345
21 0 .12083
22 0 .44717
23 0 .00038
24 0 .00031
25 0 .20912
26 0 .00014
27 0 .00008
28 0 .00004
29 0 .00001
30 0 .00271
31 0 0
32 0 .00188
33 0 .00001
34 0 .00582
35 0 .00214
36 0 .00496
37 0 .00713
38 0 .01173
39 0 .00439
40 0 .00004
41 0 .01992
42 0 .00004
43 0 .00004
44 0 .00004
45 0 .00004
46 0 .01607
47 0 .00004
48 0 .00004
49 0 .00004
50 0 .00004
51 0 .00004
100 0 0
*parity 1 married
birth 1 F married 1
14 0 0
15 0 .0007
16 0 .00076
17 0 .00097
18 0 .05954
19 0 .04063
20 0 .73556
21 0 .3499
22 0 .26929
23 0 .13152
24 0 .20049
25 0 1
26 0 1
27 0 1
28 0 .61044
29 0 1
30 0 .00153
31 0 .16696
32 0 .03883
33 0 .01945
34 0 .01414
35 0 .01239
36 0 .01342
37 0 .02111
38 0 .01653
39 0 .03402
40 0 .04022
41 0 .04511
42 0 .08299
43 0 .14076
44 0 .19841
45 0 .00072
46 0 .00071
47 0 .0007
48 0 .00069
49 0 .00069
50 0 .00069
51 0 .00069
100 0 0
*parity 1 single
birth 1 F single 1
14 0 0
15 0 .00003
16 0 .00003
17 0 .02288
18 0 .00007
19 0 .04172
20 0 .00018
21 0 .08252
22 0 .05604
23 0 .09671
24 0 .13351
25 0 .03843
26 0 .00809
27 0 .00256
28 0 .00192
29 0 .00095
30 0 .00065
31 0 .00042
32 0 .00052
33 0 .00053
34 0 .00057
35 0 .00088
36 0 .00109
37 0 .00176
38 0 .00183
39 0 .00496
40 0 .00218
41 0 .00241
42 0 .00247
43 0 .01172
44 0 .0033
45 0 .00003
46 0 .0126
47 0 .00003
48 0 .01148
49 0 .00003
50 0 .01222
51 0 .00003
100 0 0
*parity 1 widowed
birth 1 F widowed 1
14 0 0
15 0 .00004
16 0 .00004
17 0 .00005
18 0 .09586
19 0 .05379
20 0 .07895
21 0 .31924
22 0 .00036
23 0 .1247
24 0 .17216
25 0 .00032
26 0 .00027
27 0 .00021
28 0 .00016
29 0 .09337
30 0 .06672
31 0 .00006
32 0 .00004
33 0 .00248
34 0 .00455
35 0 .00283
36 0 .00333
37 0 .01359
38 0 .00473
39 0 .00256
40 0 .00561
41 0 .00311
42 0 .00278
43 0 .00252
44 0 .00532
45 0 .00004
46 0 .00812
47 0 .00716
48 0 .0074
49 0 .00569
50 0 .00004
51 0 .01082
100 0 0
*parity 1 divorced
birth 1 F divorced 1
14 0 0
15 0 .00004
16 0 .00004
17 0 .00005
18 0 .09586
19 0 .05379
20 0 .07895
21 0 .31924
22 0 .00036
23 0 .1247
24 0 .17216
25 0 .00032
26 0 .00027
27 0 .00021
28 0 .00016
29 0 .09337
30 0 .06672
31 0 .00006
32 0 .00004
33 0 .00248
34 0 .00455
35 0 .00283
36 0 .00333
37 0 .01359
38 0 .00473
39 0 .00256
40 0 .00561
41 0 .00311
42 0 .00278
43 0 .00252
44 0 .00532
45 0 .00004
46 0 .00812
47 0 .00716
48 0 .0074
49 0 .00569
50 0 .00004
51 0 .01082
100 0 0
*parity 2 married
birth 1 F married 2
14 0 0
15 0 .00069
16 0 .0007
17 0 .00073
18 0 .00086
19 0 .0903
20 0 .01468
21 0 .01735
22 0 .01907
23 0 .02543
24 0 .02299
25 0 .02239
26 0 .0209
27 0 .02016
28 0 .01918
29 0 .02116
30 0 .01923
31 0 .01723
32 0 .01429
33 0 .01337
34 0 .01413
35 0 .01373
36 0 .0136
37 0 .01187
38 0 .01167
39 0 .00964
40 0 .00887
41 0 .00687
42 0 .00578
43 0 .00453
44 0 .00372
45 0 .00294
46 0 .00221
47 0 .00173
48 0 .00145
49 0 .0013
50 0 .00116
51 0 .00127
100 0 0
*parity 2 single
birth 1 F single 2
14 0 0
15 0 .00003
16 0 .00003
17 0 .00003
18 0 .00004
19 0 .00005
20 0 .01772
21 0 .03718
22 0 .04333
23 0 .05905
24 0 .04474
25 0 .01382
26 0 .01443
27 0 .022
28 0 .01693
29 0 .01204
30 0 .00945
31 0 .00724
32 0 .00714
33 0 .00574
34 0 .00407
35 0 .00436
36 0 .0031
37 0 .00361
38 0 .00226
39 0 .00319
40 0 .00207
41 0 .0021
42 0 .00236
43 0 .00213
44 0 .00101
45 0 .00121
46 0 .00081
47 0 .00078
48 0 .00061
49 0 .00047
50 0 .00039
51 0 .00028
100 0 0
*parity 2 widowed
birth 1 F widowed 2
14 0 0
15 0 .00004
16 0 .00004
17 0 .00004
18 0 .00005
19 0 .0727
20 0 .05712
21 0 .01918
22 0 .0254
23 0 .01904
24 0 .01648
25 0 .0136
26 0 .01173
27 0 .01078
28 0 .01139
29 0 .00788
30 0 .00657
31 0 .00545
32 0 .00633
33 0 .00562
34 0 .005
35 0 .00354
36 0 .00328
37 0 .0026
38 0 .00258
39 0 .00222
40 0 .00199
41 0 .00164
42 0 .00093
43 0 .00066
44 0 .00059
45 0 .00034
46 0 .00027
47 0 .00022
48 0 .00017
49 0 .00015
50 0 .00015
51 0 .00012
100 0 0
*parity 2 divorced
birth 1 F divorced 2
14 0 0
15 0 .00004
16 0 .00004
17 0 .00004
18 0 .00005
19 0 .0727
20 0 .05712
21 0 .01918
22 0 .0254
23 0 .01904
24 0 .01648
25 0 .0136
26 0 .01173
27 0 .01078
28 0 .01139
29 0 .00788
30 0 .00657
31 0 .00545
32 0 .00633
33 0 .00562
34 0 .005
35 0 .00354
36 0 .00328
37 0 .0026
38 0 .00258
39 0 .00222
40 0 .00199
41 0 .00164
42 0 .00093
43 0 .00066
44 0 .00059
45 0 .00034
46 0 .00027
47 0 .00022
48 0 .00017
49 0 .00015
50 0 .00015
51 0 .00012
100 0 0
