*parity 0 married
birth 1 F married 0
14 0 0
15 0 .0002
16 0 .00096
17 0 .04759
18 0 .03268
19 0 .04844
20 0 .06852
21 0 .09815
22 0 .11382
23 0 .18018
24 0 .23386
25 0 .60166
26 0 .69447
27 0 1
28 0 .09539
29 0 .07133
30 0 .22743
31 0 .88619
32 0 .09193
33 0 .06633
34 0 .02481
35 0 .02495
36 0 .02263
37 0 .08657
38 0 .09515
39 0 .13915
40 0 .04082
41 0 .0438
42 0 .00011
43 0 .0175
44 0 .00485
45 0 .01202
46 0 .00001
47 0 .00001
48 0 .00138
49 0 .0001
50 0 0
51 0 0
100 0 0
*parity 0 single
birth 1 F single 0
14 0 0
15 0 0
16 0 0
17 0 0
18 0 .00001
19 0 .00002
20 0 .00002
21 0 .00003
22 0 .00003
23 0 .00002
24 0 .00002
25 0 .00002
26 0 .00002
27 0 .00002
28 0 .00002
29 0 .00001
30 0 .00001
31 0 .00001
32 0 .00001
33 0 .00001
34 0 .00001
35 0 .00001
36 0 .00001
37 0 .00001
38 0 .00001
39 0 .00002
40 0 .00002
41 0 .00001
42 0 .00004
43 0 .00001
44 0 .00005
45 0 .00001
46 0 0
47 0 0
48 0 0
49 0 0
50 0 0
51 0 0
100 0 0
*parity 0 widowed
birth 1 F widowed 0
14 0 0
15 0 0
16 0 .00001
17 0 .01647
18 0 .00004
19 0 .04102
20 0 .01726
21 0 .01907
22 0 .05286
23 0 .02215
24 0 .00005
25 0 .00005
26 0 .00632
27 0 .00995
28 0 .00738
29 0 .01364
30 0 .00002
31 0 .00807
32 0 .00001
33 0 .00001
34 0 .00001
35 0 .00341
36 0 .00309
37 0 .00047
38 0 .00043
39 0 .00063
40 0 .00056
41 0 .00027
42 0 0
43 0 .00032
44 0 .00003
45 0 .00005
46 0 .00002
47 0 .00001
48 0 0
49 0 0
50 0 0
51 0 0
100 0 0
*parity 0 divorced
birth 1 F divorced 0
14 0 0
15 0 0
16 0 .00001
17 0 .01647
18 0 .00004
19 0 .04102
20 0 .01726
21 0 .01907
22 0 .05286
23 0 .02215
24 0 .00005
25 0 .00005
26 0 .00632
27 0 .00995
28 0 .00738
29 0 .01364
30 0 .00002
31 0 .00807
32 0 .00001
33 0 .00001
34 0 .00001
35 0 .00341
36 0 .00309
37 0 .00047
38 0 .00043
39 0 .00063
40 0 .00056
41 0 .00027
42 0 0
43 0 .00032
44 0 .00003
45 0 .00005
46 0 .00002
47 0 .00001
48 0 0
49 0 0
50 0 0
51 0 0
100 0 0
*parity 1 married
birth 1 F married 1
14 0 0
15 0 0
16 0 .00008
17 0 .0003
18 0 .0452
19 0 .03872
20 0 .03827
21 0 .03165
22 0 .02811
23 0 .04107
24 0 .04784
25 0 .04904
26 0 .05611
27 0 .05107
28 0 .03907
29 0 .03085
30 0 .02383
31 0 .05696
32 0 .03932
33 0 .0332
34 0 .02065
35 0 .02176
36 0 .02775
37 0 .01632
38 0 .00907
39 0 .00466
40 0 .00332
41 0 .0026
42 0 .00176
43 0 .001
44 0 .00069
45 0 .00046
46 0 .00021
47 0 .00008
48 0 .00005
49 0 .00001
50 0 .00001
51 0 0
100 0 0
*parity 1 single
birth 1 F single 1
14 0 0
15 0 0
16 0 0
17 0 0
18 0 0
19 0 .00282
20 0 .00001
21 0 .00692
22 0 .00001
23 0 .00001
24 0 .00001
25 0 .00001
26 0 .00681
27 0 .00001
28 0 .00001
29 0 .00001
30 0 .00371
31 0 0
32 0 .00127
33 0 .00038
34 0 .00032
35 0 .00012
36 0 .00005
37 0 .00003
38 0 .00004
39 0 .00003
40 0 .00003
41 0 .00003
42 0 .00003
43 0 .00001
44 0 .00001
45 0 .00001
46 0 0
47 0 0
48 0 0
49 0 0
50 0 0
51 0 0
100 0 0
*parity 1 widowed
birth 1 F widowed 1
14 0 0
15 0 0
16 0 0
17 0 0
18 0 .00001
19 0 .00002
20 0 .02161
21 0 .01556
22 0 .00909
23 0 .01832
24 0 .00646
25 0 .01191
26 0 .01022
27 0 .00442
28 0 .00534
29 0 .01054
30 0 .00334
31 0 .00135
32 0 .00229
33 0 .00106
34 0 .00238
35 0 .00198
36 0 .00106
37 0 .0008
38 0 .00024
39 0 .00019
40 0 .00013
41 0 .0001
42 0 .00004
43 0 .00003
44 0 .00002
45 0 .00001
46 0 0
47 0 0
48 0 0
49 0 0
50 0 0
51 0 0
100 0 0
*parity 1 divorced
birth 1 F divorced 1
14 0 0
15 0 0
16 0 0
17 0 0
18 0 .00001
19 0 .00002
20 0 .02161
21 0 .01556
22 0 .00909
23 0 .01832
24 0 .00646
25 0 .01191
26 0 .01022
27 0 .00442
28 0 .00534
29 0 .01054
30 0 .00334
31 0 .00135
32 0 .00229
33 0 .00106
34 0 .00238
35 0 .00198
36 0 .00106
37 0 .0008
38 0 .00024
39 0 .00019
40 0 .00013
41 0 .0001
42 0 .00004
43 0 .00003
44 0 .00002
45 0 .00001
46 0 0
47 0 0
48 0 0
49 0 0
50 0 0
51 0 0
100 0 0
*parity 2 married
birth 1 F married 2
14 0 0
15 0 0
16 0 .00001
17 0 .00003
18 0 .00014
19 0 .01227
20 0 .0143
21 0 .01871
22 0 .02799
23 0 .02064
24 0 .02038
25 0 .0188
26 0 .0172
27 0 .01664
28 0 .0154
29 0 .01484
30 0 .01472
31 0 .01225
32 0 .01033
33 0 .00985
34 0 .00919
35 0 .00882
36 0 .00818
37 0 .00704
38 0 .00673
39 0 .00602
40 0 .0055
41 0 .00425
42 0 .00319
43 0 .0024
44 0 .00178
45 0 .00117
46 0 .00072
47 0 .00044
48 0 .00022
49 0 .00012
50 0 .00005
51 0 .00002
100 0 0
*parity 2 single
birth 1 F single 2
14 0 0
15 0 0
16 0 0
17 0 0
18 0 0
19 0 0
20 0 0
21 0 0
22 0 .00001
23 0 .00001
24 0 .00001
25 0 .00001
26 0 .00001
27 0 .00002
28 0 .00002
29 0 .01147
30 0 .00002
31 0 .00974
32 0 .00001
33 0 .00793
34 0 .0076
35 0 .00712
36 0 .00143
37 0 .00606
38 0 .00071
39 0 .0005
40 0 .00028
41 0 .00024
42 0 .00019
43 0 .00012
44 0 .00009
45 0 .00005
46 0 .00003
47 0 .00003
48 0 .00001
49 0 0
50 0 0
51 0 0
100 0 0
*parity 2 widowed
birth 1 F widowed 2
14 0 0
15 0 0
16 0 0
17 0 0
18 0 0
19 0 0
20 0 .00351
21 0 .00707
22 0 .02192
23 0 .00575
24 0 .00298
25 0 .00315
26 0 .00269
27 0 .00294
28 0 .00248
29 0 .00215
30 0 .00149
31 0 .001
32 0 .00125
33 0 .00089
34 0 .0009
35 0 .00054
36 0 .00054
37 0 .0005
38 0 .00039
39 0 .00036
40 0 .00024
41 0 .00017
42 0 .00013
43 0 .0001
44 0 .00007
45 0 .00004
46 0 .00002
47 0 .00002
48 0 .00001
49 0 0
50 0 0
51 0 0
100 0 0
*parity 2 divorced
birth 1 F divorced 2
14 0 0
15 0 0
16 0 0
17 0 0
18 0 0
19 0 0
20 0 .00351
21 0 .00707
22 0 .02192
23 0 .00575
24 0 .00298
25 0 .00315
26 0 .00269
27 0 .00294
28 0 .00248
29 0 .00215
30 0 .00149
31 0 .001
32 0 .00125
33 0 .00089
34 0 .0009
35 0 .00054
36 0 .00054
37 0 .0005
38 0 .00039
39 0 .00036
40 0 .00024
41 0 .00017
42 0 .00013
43 0 .0001
44 0 .00007
45 0 .00004
46 0 .00002
47 0 .00002
48 0 .00001
49 0 0
50 0 0
51 0 0
100 0 0
