*parity all married
birth 1 F married 0
14 0 0
15 0 .0001
16 0 .00076
17 0 .00239
18 0 .00551
19 0 .01006
20 0 .01497
21 0 .01889
22 0 .02117
23 0 .02219
24 0 .02241
25 0 .02164
26 0 .02017
27 0 .01824
28 0 .01672
29 0 .01531
30 0 .01428
31 0 .01267
32 0 .01156
33 0 .01051
34 0 .01004
35 0 .00942
36 0 .00884
37 0 .00814
38 0 .00752
39 0 .00674
40 0 .00593
41 0 .0046
42 0 .00354
43 0 .00258
44 0 .00191
45 0 .00128
46 0 .00076
47 0 .00047
48 0 .00024
49 0 .00012
50 0 .00005
51 0 .00002
100 0 0
*parity all single
birth 1 F single 0
14 0 0
15 0 .0001
16 0 .00076
17 0 .00239
18 0 .00551
19 0 .01006
20 0 .01497
21 0 .01889
22 0 .02117
23 0 .02219
24 0 .02241
25 0 .02164
26 0 .02017
27 0 .01824
28 0 .01672
29 0 .01531
30 0 .01428
31 0 .01267
32 0 .01156
33 0 .01051
34 0 .01004
35 0 .00942
36 0 .00884
37 0 .00814
38 0 .00752
39 0 .00674
40 0 .00593
41 0 .0046
42 0 .00354
43 0 .00258
44 0 .00191
45 0 .00128
46 0 .00076
47 0 .00047
48 0 .00024
49 0 .00012
50 0 .00005
51 0 .00002
100 0 0
*parity all widowed
birth 1 F widowed 0
14 0 0
15 0 .0001
16 0 .00076
17 0 .00239
18 0 .00551
19 0 .01006
20 0 .01497
21 0 .01889
22 0 .02117
23 0 .02219
24 0 .02241
25 0 .02164
26 0 .02017
27 0 .01824
28 0 .01672
29 0 .01531
30 0 .01428
31 0 .01267
32 0 .01156
33 0 .01051
34 0 .01004
35 0 .00942
36 0 .00884
37 0 .00814
38 0 .00752
39 0 .00674
40 0 .00593
41 0 .0046
42 0 .00354
43 0 .00258
44 0 .00191
45 0 .00128
46 0 .00076
47 0 .00047
48 0 .00024
49 0 .00012
50 0 .00005
51 0 .00002
100 0 0
*parity all divorced
birth 1 F divorced 0
14 0 0
15 0 .0001
16 0 .00076
17 0 .00239
18 0 .00551
19 0 .01006
20 0 .01497
21 0 .01889
22 0 .02117
23 0 .02219
24 0 .02241
25 0 .02164
26 0 .02017
27 0 .01824
28 0 .01672
29 0 .01531
30 0 .01428
31 0 .01267
32 0 .01156
33 0 .01051
34 0 .01004
35 0 .00942
36 0 .00884
37 0 .00814
38 0 .00752
39 0 .00674
40 0 .00593
41 0 .0046
42 0 .00354
43 0 .00258
44 0 .00191
45 0 .00128
46 0 .00076
47 0 .00047
48 0 .00024
49 0 .00012
50 0 .00005
51 0 .00002
100 0 0
