*parity all married
birth 1 F married 0
14 0 0
15 0 .00017
16 0 .00096
17 0 .00252
18 0 .00535
19 0 .00926
20 0 .01332
21 0 .01652
22 0 .01838
23 0 .01928
24 0 .01954
25 0 .01904
26 0 .018
27 0 .01659
28 0 .01543
29 0 .01429
30 0 .01336
31 0 .01194
32 0 .01087
33 0 .00982
34 0 .0092
35 0 .00848
36 0 .00781
37 0 .00706
38 0 .0064
39 0 .00564
40 0 .00488
41 0 .00377
42 0 .00288
43 0 .00208
44 0 .00153
45 0 .00101
46 0 .00061
47 0 .00037
48 0 .00019
49 0 .0001
50 0 .00004
51 0 .00002
100 0 0
*parity all single
birth 1 F single 0
14 0 0
15 0 .00017
16 0 .00096
17 0 .00252
18 0 .00535
19 0 .00926
20 0 .01332
21 0 .01652
22 0 .01838
23 0 .01928
24 0 .01954
25 0 .01904
26 0 .018
27 0 .01659
28 0 .01543
29 0 .01429
30 0 .01336
31 0 .01194
32 0 .01087
33 0 .00982
34 0 .0092
35 0 .00848
36 0 .00781
37 0 .00706
38 0 .0064
39 0 .00564
40 0 .00488
41 0 .00377
42 0 .00288
43 0 .00208
44 0 .00153
45 0 .00101
46 0 .00061
47 0 .00037
48 0 .00019
49 0 .0001
50 0 .00004
51 0 .00002
100 0 0
*parity all widowed
birth 1 F widowed 0
14 0 0
15 0 .00017
16 0 .00096
17 0 .00252
18 0 .00535
19 0 .00926
20 0 .01332
21 0 .01652
22 0 .01838
23 0 .01928
24 0 .01954
25 0 .01904
26 0 .018
27 0 .01659
28 0 .01543
29 0 .01429
30 0 .01336
31 0 .01194
32 0 .01087
33 0 .00982
34 0 .0092
35 0 .00848
36 0 .00781
37 0 .00706
38 0 .0064
39 0 .00564
40 0 .00488
41 0 .00377
42 0 .00288
43 0 .00208
44 0 .00153
45 0 .00101
46 0 .00061
47 0 .00037
48 0 .00019
49 0 .0001
50 0 .00004
51 0 .00002
100 0 0
*parity all divorced
birth 1 F divorced 0
14 0 0
15 0 .00017
16 0 .00096
17 0 .00252
18 0 .00535
19 0 .00926
20 0 .01332
21 0 .01652
22 0 .01838
23 0 .01928
24 0 .01954
25 0 .01904
26 0 .018
27 0 .01659
28 0 .01543
29 0 .01429
30 0 .01336
31 0 .01194
32 0 .01087
33 0 .00982
34 0 .0092
35 0 .00848
36 0 .00781
37 0 .00706
38 0 .0064
39 0 .00564
40 0 .00488
41 0 .00377
42 0 .00288
43 0 .00208
44 0 .00153
45 0 .00101
46 0 .00061
47 0 .00037
48 0 .00019
49 0 .0001
50 0 .00004
51 0 .00002
100 0 0
