*parity 0 married
birth 1 F married 0
14 0 0
15 0 .00022
16 0 .00098
17 0 .04103
18 0 .02901
19 0 .03234
20 0 .03473
21 0 .03623
22 0 .04325
23 0 .03609
24 0 .02984
25 0 .02593
26 0 .01999
27 0 .01614
28 0 .01199
29 0 .0099
30 0 .00974
31 0 .00745
32 0 .00652
33 0 .00506
34 0 .00437
35 0 .0036
36 0 .00312
37 0 .00227
38 0 .0017
39 0 .00147
40 0 .00111
41 0 .0007
42 0 .00043
43 0 .00031
44 0 .00021
45 0 .00011
46 0 .00006
47 0 .00004
48 0 .00002
49 0 .00001
50 0 0
51 0 0
100 0 0
*parity 0 single
birth 1 F single 0
14 0 0
15 0 .00001
16 0 .00003
17 0 .00007
18 0 .00013
19 0 .00021
20 0 .00027
21 0 .00032
22 0 .00032
23 0 .00034
24 0 .00033
25 0 .00033
26 0 .00037
27 0 .00036
28 0 .00036
29 0 .00036
30 0 .00033
31 0 .00038
32 0 .00035
33 0 .00032
34 0 .00027
35 0 .00028
36 0 .00021
37 0 .00023
38 0 .00024
39 0 .00016
40 0 .00016
41 0 .00013
42 0 .00012
43 0 .00005
44 0 .00004
45 0 .00003
46 0 .00002
47 0 .00001
48 0 0
49 0 0
50 0 0
51 0 0
100 0 0
*parity 0 widowed
birth 1 F widowed 0
14 0 0
15 0 .00002
16 0 .00007
17 0 .18472
18 0 .08266
19 0 .07545
20 0 .54478
21 0 .18432
22 0 .06186
23 0 .12567
24 0 .11914
25 0 .05603
26 0 .01842
27 0 .01321
28 0 .00838
29 0 .00891
30 0 .00703
31 0 .00457
32 0 .00359
33 0 .00259
34 0 .00193
35 0 .00211
36 0 .0012
37 0 .00084
38 0 .00043
39 0 .00039
40 0 .00025
41 0 .00019
42 0 .00012
43 0 .00007
44 0 .00004
45 0 .00002
46 0 .00001
47 0 .00001
48 0 0
49 0 0
50 0 0
51 0 0
100 0 0
*parity 0 divorced
birth 1 F divorced 0
14 0 0
15 0 .00002
16 0 .00007
17 0 .18472
18 0 .08266
19 0 .07545
20 0 .54478
21 0 .18432
22 0 .06186
23 0 .12567
24 0 .11914
25 0 .05603
26 0 .01842
27 0 .01321
28 0 .00838
29 0 .00891
30 0 .00703
31 0 .00457
32 0 .00359
33 0 .00259
34 0 .00193
35 0 .00211
36 0 .0012
37 0 .00084
38 0 .00043
39 0 .00039
40 0 .00025
41 0 .00019
42 0 .00012
43 0 .00007
44 0 .00004
45 0 .00002
46 0 .00001
47 0 .00001
48 0 0
49 0 0
50 0 0
51 0 0
100 0 0
*parity 1 married
birth 1 F married 1
14 0 0
15 0 0
16 0 .00006
17 0 .00024
18 0 .03488
19 0 .02496
20 0 .0366
21 0 .02672
22 0 .03308
23 0 .03084
24 0 .03559
25 0 .03394
26 0 .03111
27 0 .03695
28 0 .03912
29 0 .04143
30 0 .04046
31 0 .02536
32 0 .02847
33 0 .02613
34 0 .01755
35 0 .01846
36 0 .01519
37 0 .01415
38 0 .01227
39 0 .00928
40 0 .00698
41 0 .00481
42 0 .00356
43 0 .00271
44 0 .00234
45 0 .00158
46 0 .00074
47 0 .00022
48 0 .00011
49 0 .00003
50 0 .00002
51 0 .00002
100 0 0
*parity 1 single
birth 1 F single 1
14 0 0
15 0 0
16 0 0
17 0 .01008
18 0 .00973
19 0 .00004
20 0 .00007
21 0 .06408
22 0 .05467
23 0 .04443
24 0 .06417
25 0 .04371
26 0 .02804
27 0 .02478
28 0 .04702
29 0 .03201
30 0 .05731
31 0 .01592
32 0 .04034
33 0 .00006
34 0 .00005
35 0 .00004
36 0 .00003
37 0 .00002
38 0 .01067
39 0 .01584
40 0 .00382
41 0 .00789
42 0 0
43 0 .00305
44 0 0
45 0 .00092
46 0 .0005
47 0 .00024
48 0 .00009
49 0 0
50 0 0
51 0 0
100 0 0
*parity 1 widowed
birth 1 F widowed 1
14 0 0
15 0 0
16 0 0
17 0 .00002
18 0 .02126
19 0 .02107
20 0 .02607
21 0 .01647
22 0 .03257
23 0 .03883
24 0 .01618
25 0 .03473
26 0 .03677
27 0 .04061
28 0 .03425
29 0 .01865
30 0 .01138
31 0 .01044
32 0 .01602
33 0 .00897
34 0 .01331
35 0 .00789
36 0 .00659
37 0 .0033
38 0 .00359
39 0 .00204
40 0 .00147
41 0 .00075
42 0 .00039
43 0 .00026
44 0 .0002
45 0 .00017
46 0 .00006
47 0 .00004
48 0 .00002
49 0 0
50 0 0
51 0 0
100 0 0
*parity 1 divorced
birth 1 F divorced 1
14 0 0
15 0 0
16 0 0
17 0 .00002
18 0 .02126
19 0 .02107
20 0 .02607
21 0 .01647
22 0 .03257
23 0 .03883
24 0 .01618
25 0 .03473
26 0 .03677
27 0 .04061
28 0 .03425
29 0 .01865
30 0 .01138
31 0 .01044
32 0 .01602
33 0 .00897
34 0 .01331
35 0 .00789
36 0 .00659
37 0 .0033
38 0 .00359
39 0 .00204
40 0 .00147
41 0 .00075
42 0 .00039
43 0 .00026
44 0 .0002
45 0 .00017
46 0 .00006
47 0 .00004
48 0 .00002
49 0 0
50 0 0
51 0 0
100 0 0
*parity 2 married
birth 1 F married 2
14 0 0
15 0 0
16 0 0
17 0 .00002
18 0 .06463
19 0 .02347
20 0 .01852
21 0 .02235
22 0 .01699
23 0 .01589
24 0 .01773
25 0 .01674
26 0 .01563
27 0 .01517
28 0 .01523
29 0 .01438
30 0 .01305
31 0 .0123
32 0 .01077
33 0 .01005
34 0 .00963
35 0 .00829
36 0 .00776
37 0 .00722
38 0 .00655
39 0 .00565
40 0 .00451
41 0 .00396
42 0 .00298
43 0 .00221
44 0 .00162
45 0 .00106
46 0 .00064
47 0 .0004
48 0 .00022
49 0 .0001
50 0 .00005
51 0 .00002
100 0 0
*parity 2 single
birth 1 F single 2
14 0 0
15 0 0
16 0 0
17 0 0
18 0 0
19 0 .00001
20 0 .00002
21 0 .0259
22 0 .04321
23 0 .03956
24 0 .02267
25 0 .03449
26 0 .0161
27 0 .01767
28 0 .02084
29 0 .0141
30 0 .05303
31 0 .03882
32 0 .04553
33 0 .02918
34 0 .03885
35 0 .02505
36 0 .03286
37 0 .01976
38 0 .01275
39 0 .01739
40 0 .01457
41 0 .01878
42 0 .01395
43 0 .00748
44 0 .01091
45 0 .00001
46 0 .00291
47 0 .00124
48 0 .00238
49 0 .00114
50 0 0
51 0 .00019
100 0 0
*parity 2 widowed
birth 1 F widowed 2
14 0 0
15 0 0
16 0 0
17 0 0
18 0 .00001
19 0 .00002
20 0 .06123
21 0 .05659
22 0 .01111
23 0 .01235
24 0 .01387
25 0 .00856
26 0 .00844
27 0 .00624
28 0 .00633
29 0 .00571
30 0 .00454
31 0 .00437
32 0 .00321
33 0 .00296
34 0 .00263
35 0 .00219
36 0 .00191
37 0 .00151
38 0 .00141
39 0 .00106
40 0 .00109
41 0 .00065
42 0 .00055
43 0 .00037
44 0 .00022
45 0 .00017
46 0 .00009
47 0 .00005
48 0 .00002
49 0 .00001
50 0 .00001
51 0 0
100 0 0
*parity 2 divorced
birth 1 F divorced 2
14 0 0
15 0 0
16 0 0
17 0 0
18 0 .00001
19 0 .00002
20 0 .06123
21 0 .05659
22 0 .01111
23 0 .01235
24 0 .01387
25 0 .00856
26 0 .00844
27 0 .00624
28 0 .00633
29 0 .00571
30 0 .00454
31 0 .00437
32 0 .00321
33 0 .00296
34 0 .00263
35 0 .00219
36 0 .00191
37 0 .00151
38 0 .00141
39 0 .00106
40 0 .00109
41 0 .00065
42 0 .00055
43 0 .00037
44 0 .00022
45 0 .00017
46 0 .00009
47 0 .00005
48 0 .00002
49 0 .00001
50 0 .00001
51 0 0
100 0 0
