*parity 0 married
birth 1 F married 0
14 0 0
15 0 .00023
16 0 .00091
17 0 .0317
18 0 .02238
19 0 .02112
20 0 .02522
21 0 .02007
22 0 .01976
23 0 .02046
24 0 .01957
25 0 .01945
26 0 .01804
27 0 .02216
28 0 .02486
29 0 .02203
30 0 .02099
31 0 .02997
32 0 .02991
33 0 .02999
34 0 .03767
35 0 .04177
36 0 .02377
37 0 .02665
38 0 .04259
39 0 .09483
40 0 .02549
41 0 .01324
42 0 .00539
43 0 .00199
44 0 .00104
45 0 .0005
46 0 .00027
47 0 .00011
48 0 .00004
49 0 .00001
50 0 0
51 0 0
100 0 0
*parity 0 single
birth 1 F single 0
14 0 0
15 0 .00001
16 0 .00003
17 0 .00006
18 0 .0001
19 0 .00015
20 0 .00018
21 0 .00021
22 0 .00022
23 0 .00024
24 0 .00025
25 0 .00027
26 0 .00031
27 0 .00034
28 0 .00033
29 0 .00039
30 0 .00035
31 0 .00033
32 0 .00033
33 0 .0003
34 0 .00029
35 0 .00024
36 0 .00024
37 0 .00018
38 0 .00015
39 0 .00013
40 0 .00011
41 0 .00008
42 0 .00008
43 0 .00003
44 0 .00004
45 0 .00003
46 0 .00001
47 0 .00001
48 0 0
49 0 0
50 0 0
51 0 0
100 0 0
*parity 0 widowed
birth 1 F widowed 0
14 0 0
15 0 .00001
16 0 .00004
17 0 .03459
18 0 .03172
19 0 .0981
20 0 .02358
21 0 .04602
22 0 .02325
23 0 .01403
24 0 .01039
25 0 .02776
26 0 .0167
27 0 .01548
28 0 .01268
29 0 .00955
30 0 .00599
31 0 .00536
32 0 .01006
33 0 .03503
34 0 .01412
35 0 .01842
36 0 .01415
37 0 .00558
38 0 .00002
39 0 .00001
40 0 .00449
41 0 .00584
42 0 0
43 0 .00021
44 0 .00015
45 0 .00008
46 0 .00003
47 0 .00001
48 0 0
49 0 0
50 0 0
51 0 0
100 0 0
*parity 0 divorced
birth 1 F divorced 0
14 0 0
15 0 .00001
16 0 .00004
17 0 .03459
18 0 .03172
19 0 .0981
20 0 .02358
21 0 .04602
22 0 .02325
23 0 .01403
24 0 .01039
25 0 .02776
26 0 .0167
27 0 .01548
28 0 .01268
29 0 .00955
30 0 .00599
31 0 .00536
32 0 .01006
33 0 .03503
34 0 .01412
35 0 .01842
36 0 .01415
37 0 .00558
38 0 .00002
39 0 .00001
40 0 .00449
41 0 .00584
42 0 0
43 0 .00021
44 0 .00015
45 0 .00008
46 0 .00003
47 0 .00001
48 0 0
49 0 0
50 0 0
51 0 0
100 0 0
*parity 1 married
birth 1 F married 1
14 0 0
15 0 0
16 0 .00005
17 0 .00017
18 0 .02033
19 0 .01312
20 0 .01305
21 0 .01834
22 0 .01789
23 0 .01516
24 0 .01592
25 0 .01516
26 0 .01685
27 0 .01517
28 0 .01389
29 0 .01405
30 0 .01329
31 0 .01411
32 0 .01198
33 0 .01625
34 0 .01307
35 0 .01207
36 0 .01541
37 0 .01676
38 0 .01686
39 0 .01526
40 0 .01173
41 0 .00854
42 0 .00325
43 0 .00195
44 0 .00168
45 0 .00082
46 0 .00041
47 0 .0001
48 0 .00004
49 0 .00001
50 0 .00001
51 0 0
100 0 0
*parity 1 single
birth 1 F single 1
14 0 0
15 0 0
16 0 0
17 0 .00001
18 0 .02536
19 0 .02476
20 0 .01288
21 0 .02544
22 0 .06137
23 0 .12335
24 0 .0275
25 0 .03297
26 0 .0314
27 0 .00009
28 0 .06238
29 0 .0646
30 0 .05534
31 0 .00007
32 0 .07356
33 0 .00005
34 0 .00005
35 0 .03803
36 0 .00003
37 0 .00002
38 0 .01735
39 0 .00001
40 0 .00001
41 0 .00001
42 0 .00395
43 0 .00237
44 0 0
45 0 .00069
46 0 0
47 0 .00015
48 0 0
49 0 .00002
50 0 0
51 0 0
100 0 0
*parity 1 widowed
birth 1 F widowed 1
14 0 0
15 0 0
16 0 0
17 0 .00001
18 0 .00896
19 0 .00778
20 0 .00643
21 0 .0045
22 0 .00526
23 0 .00459
24 0 .00397
25 0 .00746
26 0 .00404
27 0 .00281
28 0 .00245
29 0 .00237
30 0 .00241
31 0 .00217
32 0 .00204
33 0 .00185
34 0 .00147
35 0 .00207
36 0 .00159
37 0 .00171
38 0 .00117
39 0 .00121
40 0 .00092
41 0 .00064
42 0 .00027
43 0 .00021
44 0 .00012
45 0 .00004
46 0 .00002
47 0 .00001
48 0 0
49 0 0
50 0 0
51 0 0
100 0 0
*parity 1 divorced
birth 1 F divorced 1
14 0 0
15 0 0
16 0 0
17 0 .00001
18 0 .00896
19 0 .00778
20 0 .00643
21 0 .0045
22 0 .00526
23 0 .00459
24 0 .00397
25 0 .00746
26 0 .00404
27 0 .00281
28 0 .00245
29 0 .00237
30 0 .00241
31 0 .00217
32 0 .00204
33 0 .00185
34 0 .00147
35 0 .00207
36 0 .00159
37 0 .00171
38 0 .00117
39 0 .00121
40 0 .00092
41 0 .00064
42 0 .00027
43 0 .00021
44 0 .00012
45 0 .00004
46 0 .00002
47 0 .00001
48 0 0
49 0 0
50 0 0
51 0 0
100 0 0
*parity 2 married
birth 1 F married 2
14 0 0
15 0 0
16 0 0
17 0 .00001
18 0 .00005
19 0 .06896
20 0 .01411
21 0 .00938
22 0 .00981
23 0 .00997
24 0 .01
25 0 .00813
26 0 .00713
27 0 .0067
28 0 .00718
29 0 .00641
30 0 .00625
31 0 .00522
32 0 .00473
33 0 .004
34 0 .0035
35 0 .00318
36 0 .00268
37 0 .00225
38 0 .00182
39 0 .00149
40 0 .00123
41 0 .00093
42 0 .00073
43 0 .00057
44 0 .00037
45 0 .00025
46 0 .00015
47 0 .00008
48 0 .00004
49 0 .00002
50 0 .00001
51 0 0
100 0 0
*parity 2 single
birth 1 F single 2
14 0 0
15 0 0
16 0 0
17 0 0
18 0 0
19 0 0
20 0 .01804
21 0 .00002
22 0 .0157
23 0 .02829
24 0 .01824
25 0 .03967
26 0 .01204
27 0 .01632
28 0 .02513
29 0 .02263
30 0 .01761
31 0 .01719
32 0 .01681
33 0 .01711
34 0 .04009
35 0 .02982
36 0 .00005
37 0 .01515
38 0 .00004
39 0 .00003
40 0 .00003
41 0 .00002
42 0 .01487
43 0 .00001
44 0 .00001
45 0 0
46 0 0
47 0 .00132
48 0 0
49 0 0
50 0 0
51 0 0
100 0 0
*parity 2 widowed
birth 1 F widowed 2
14 0 0
15 0 0
16 0 0
17 0 0
18 0 0
19 0 .00001
20 0 .00637
21 0 .00632
22 0 .00476
23 0 .004
24 0 .00382
25 0 .00267
26 0 .00271
27 0 .00231
28 0 .00182
29 0 .00144
30 0 .00151
31 0 .00113
32 0 .00102
33 0 .00073
34 0 .00072
35 0 .00049
36 0 .0004
37 0 .00035
38 0 .00031
39 0 .00023
40 0 .00017
41 0 .00014
42 0 .00009
43 0 .00006
44 0 .00004
45 0 .00003
46 0 .00002
47 0 .00001
48 0 0
49 0 0
50 0 0
51 0 0
100 0 0
*parity 2 divorced
birth 1 F divorced 2
14 0 0
15 0 0
16 0 0
17 0 0
18 0 0
19 0 .00001
20 0 .00637
21 0 .00632
22 0 .00476
23 0 .004
24 0 .00382
25 0 .00267
26 0 .00271
27 0 .00231
28 0 .00182
29 0 .00144
30 0 .00151
31 0 .00113
32 0 .00102
33 0 .00073
34 0 .00072
35 0 .00049
36 0 .0004
37 0 .00035
38 0 .00031
39 0 .00023
40 0 .00017
41 0 .00014
42 0 .00009
43 0 .00006
44 0 .00004
45 0 .00003
46 0 .00002
47 0 .00001
48 0 0
49 0 0
50 0 0
51 0 0
100 0 0
