*parity 0 married
birth 1 F married 0
14 0 0
15 0 .00024
16 0 .00103
17 0 .03409
18 0 .02442
19 0 .0311
20 0 .02995
21 0 .03028
22 0 .03109
23 0 .03107
24 0 .03098
25 0 .03806
26 0 .03506
27 0 .04051
28 0 .0542
29 0 .06416
30 0 .06087
31 0 .04474
32 0 .04504
33 0 .04218
34 0 .05855
35 0 .04317
36 0 .02942
37 0 .03664
38 0 .00883
39 0 .00447
40 0 .00235
41 0 .00162
42 0 .00119
43 0 .0007
44 0 .00058
45 0 .00032
46 0 .00014
47 0 .00007
48 0 .00004
49 0 .00001
50 0 0
51 0 0
100 0 0
*parity 0 single
birth 1 F single 0
14 0 0
15 0 0
16 0 .00002
17 0 .00003
18 0 .00006
19 0 .00009
20 0 .00013
21 0 .00015
22 0 .00015
23 0 .00016
24 0 .00017
25 0 .00017
26 0 .00021
27 0 .00019
28 0 .00019
29 0 .00019
30 0 .00019
31 0 .00019
32 0 .00017
33 0 .00014
34 0 .00013
35 0 .00012
36 0 .00009
37 0 .00009
38 0 .00011
39 0 .00008
40 0 .00007
41 0 .00004
42 0 .00002
43 0 .00002
44 0 .00001
45 0 .00001
46 0 0
47 0 0
48 0 0
49 0 0
50 0 0
51 0 0
100 0 0
*parity 0 widowed
birth 1 F widowed 0
14 0 0
15 0 .00001
16 0 .00004
17 0 .00007
18 0 .09817
19 0 .00017
20 0 .07571
21 0 .02415
22 0 .03201
23 0 .13165
24 0 .06273
25 0 .04465
26 0 .05526
27 0 .07441
28 0 .00011
29 0 .02451
30 0 .02804
31 0 .0716
32 0 .02703
33 0 .00767
34 0 .00958
35 0 .00746
36 0 .00785
37 0 .00187
38 0 .00353
39 0 .0016
40 0 .00041
41 0 .0005
42 0 .00029
43 0 .00012
44 0 .00009
45 0 .00004
46 0 .00003
47 0 .00001
48 0 .00001
49 0 0
50 0 0
51 0 0
100 0 0
*parity 0 divorced
birth 1 F divorced 0
14 0 0
15 0 .00001
16 0 .00004
17 0 .00007
18 0 .09817
19 0 .00017
20 0 .07571
21 0 .02415
22 0 .03201
23 0 .13165
24 0 .06273
25 0 .04465
26 0 .05526
27 0 .07441
28 0 .00011
29 0 .02451
30 0 .02804
31 0 .0716
32 0 .02703
33 0 .00767
34 0 .00958
35 0 .00746
36 0 .00785
37 0 .00187
38 0 .00353
39 0 .0016
40 0 .00041
41 0 .0005
42 0 .00029
43 0 .00012
44 0 .00009
45 0 .00004
46 0 .00003
47 0 .00001
48 0 .00001
49 0 0
50 0 0
51 0 0
100 0 0
*parity 1 married
birth 1 F married 1
14 0 0
15 0 0
16 0 .00006
17 0 .00023
18 0 .0209
19 0 .01692
20 0 .0193
21 0 .02251
22 0 .02338
23 0 .0238
24 0 .0207
25 0 .01873
26 0 .01962
27 0 .0213
28 0 .02757
29 0 .03302
30 0 .03637
31 0 .03147
32 0 .04188
33 0 .03668
34 0 .03762
35 0 .02716
36 0 .03521
37 0 .01895
38 0 .00813
39 0 .01251
40 0 .02234
41 0 .01998
42 0 .0081
43 0 .00237
44 0 .00101
45 0 .0006
46 0 .00034
47 0 .00016
48 0 .00006
49 0 .00001
50 0 0
51 0 0
100 0 0
*parity 1 single
birth 1 F single 1
14 0 0
15 0 0
16 0 0
17 0 .00541
18 0 .00001
19 0 .00002
20 0 .00003
21 0 .06285
22 0 .02723
23 0 .08064
24 0 .00006
25 0 .00006
26 0 .06735
27 0 .06392
28 0 .00005
29 0 .02366
30 0 .00004
31 0 .00004
32 0 .03063
33 0 .02738
34 0 .00002
35 0 .00002
36 0 .00002
37 0 .0116
38 0 .00874
39 0 .00001
40 0 .00001
41 0 .00358
42 0 0
43 0 0
44 0 0
45 0 0
46 0 0
47 0 0
48 0 .00004
49 0 0
50 0 0
51 0 0
100 0 0
*parity 1 widowed
birth 1 F widowed 1
14 0 0
15 0 0
16 0 0
17 0 .00001
18 0 .00002
19 0 .01268
20 0 .01387
21 0 .00851
22 0 .00995
23 0 .00982
24 0 .00887
25 0 .0092
26 0 .00566
27 0 .00677
28 0 .00667
29 0 .00549
30 0 .00615
31 0 .00361
32 0 .00415
33 0 .00445
34 0 .00319
35 0 .00252
36 0 .00171
37 0 .00166
38 0 .00093
39 0 .00053
40 0 .00102
41 0 .00087
42 0 .00048
43 0 .0002
44 0 .00006
45 0 .00002
46 0 .00001
47 0 .00001
48 0 0
49 0 0
50 0 0
51 0 0
100 0 0
*parity 1 divorced
birth 1 F divorced 1
14 0 0
15 0 0
16 0 0
17 0 .00001
18 0 .00002
19 0 .01268
20 0 .01387
21 0 .00851
22 0 .00995
23 0 .00982
24 0 .00887
25 0 .0092
26 0 .00566
27 0 .00677
28 0 .00667
29 0 .00549
30 0 .00615
31 0 .00361
32 0 .00415
33 0 .00445
34 0 .00319
35 0 .00252
36 0 .00171
37 0 .00166
38 0 .00093
39 0 .00053
40 0 .00102
41 0 .00087
42 0 .00048
43 0 .0002
44 0 .00006
45 0 .00002
46 0 .00001
47 0 .00001
48 0 0
49 0 0
50 0 0
51 0 0
100 0 0
*parity 2 married
birth 1 F married 2
14 0 0
15 0 0
16 0 0
17 0 .00002
18 0 .00008
19 0 .02306
20 0 .01915
21 0 .01554
22 0 .01468
23 0 .01309
24 0 .0128
25 0 .01238
26 0 .01009
27 0 .00953
28 0 .00827
29 0 .00758
30 0 .00734
31 0 .00667
32 0 .00603
33 0 .00583
34 0 .00526
35 0 .00494
36 0 .00447
37 0 .00381
38 0 .00381
39 0 .00339
40 0 .00267
41 0 .00209
42 0 .0016
43 0 .00129
44 0 .00094
45 0 .00062
46 0 .00039
47 0 .00022
48 0 .00011
49 0 .00006
50 0 .00003
51 0 .00001
100 0 0
*parity 2 single
birth 1 F single 2
14 0 0
15 0 0
16 0 0
17 0 0
18 0 0
19 0 0
20 0 .00001
21 0 .00002
22 0 .01322
23 0 .04885
24 0 .00004
25 0 .00005
26 0 .03337
27 0 .00006
28 0 .00006
29 0 .06449
30 0 .06466
31 0 .06324
32 0 .0555
33 0 .05484
34 0 .00005
35 0 .04746
36 0 .00005
37 0 .00004
38 0 .00004
39 0 .00003
40 0 .00003
41 0 .00002
42 0 .00002
43 0 .00001
44 0 .00001
45 0 .00001
46 0 0
47 0 0
48 0 0
49 0 0
50 0 0
51 0 0
100 0 0
*parity 2 widowed
birth 1 F widowed 2
14 0 0
15 0 0
16 0 0
17 0 0
18 0 0
19 0 .00629
20 0 .00383
21 0 .01922
22 0 .01208
23 0 .007
24 0 .00652
25 0 .00551
26 0 .00525
27 0 .00333
28 0 .00289
29 0 .00253
30 0 .00173
31 0 .00208
32 0 .00173
33 0 .00123
34 0 .00113
35 0 .0009
36 0 .00085
37 0 .00084
38 0 .00055
39 0 .00043
40 0 .00044
41 0 .00031
42 0 .00025
43 0 .00015
44 0 .00011
45 0 .00007
46 0 .00004
47 0 .00002
48 0 .00001
49 0 .00001
50 0 0
51 0 0
100 0 0
*parity 2 divorced
birth 1 F divorced 2
14 0 0
15 0 0
16 0 0
17 0 0
18 0 0
19 0 .00629
20 0 .00383
21 0 .01922
22 0 .01208
23 0 .007
24 0 .00652
25 0 .00551
26 0 .00525
27 0 .00333
28 0 .00289
29 0 .00253
30 0 .00173
31 0 .00208
32 0 .00173
33 0 .00123
34 0 .00113
35 0 .0009
36 0 .00085
37 0 .00084
38 0 .00055
39 0 .00043
40 0 .00044
41 0 .00031
42 0 .00025
43 0 .00015
44 0 .00011
45 0 .00007
46 0 .00004
47 0 .00002
48 0 .00001
49 0 .00001
50 0 0
51 0 0
100 0 0
