*parity 0 married
birth 1 F married 0
14 0 0
15 0 .00007
16 0 .0003
17 0 .04507
18 0 .06548
19 0 .05774
20 0 .05197
21 0 .05103
22 0 .04358
23 0 .04708
24 0 .03844
25 0 .03941
26 0 .05428
27 0 .04237
28 0 .05752
29 0 .04425
30 0 .04174
31 0 .03467
32 0 .04244
33 0 .04566
34 0 .0302
35 0 .02034
36 0 .00864
37 0 .00382
38 0 .00195
39 0 .00121
40 0 .00081
41 0 .0004
42 0 .0003
43 0 .00017
44 0 .00009
45 0 .00005
46 0 .00003
47 0 .00001
48 0 .00001
49 0 0
50 0 0
51 0 0
100 0 0
*parity 0 single
birth 1 F single 0
14 0 0
15 0 .00017
16 0 .00069
17 0 .00133
18 0 .0022
19 0 .00314
20 0 .00383
21 0 .00417
22 0 .00429
23 0 .00412
24 0 .00432
25 0 .00431
26 0 .00428
27 0 .00427
28 0 .00413
29 0 .00407
30 0 .00378
31 0 .00348
32 0 .00299
33 0 .00265
34 0 .00212
35 0 .0019
36 0 .00156
37 0 .00139
38 0 .00118
39 0 .00098
40 0 .00075
41 0 .0006
42 0 .0004
43 0 .00027
44 0 .00019
45 0 .00012
46 0 .00008
47 0 .00005
48 0 .00002
49 0 .00001
50 0 0
51 0 0
100 0 0
*parity 0 widowed
birth 1 F widowed 0
14 0 0
15 0 .00001
16 0 .00006
17 0 .00011
18 0 .26016
19 0 .00023
20 0 .00027
21 0 .42
22 0 .77507
23 0 .73045
24 0 .66914
25 0 .00021
26 0 .6162
27 0 .11383
28 0 .53324
29 0 .00015
30 0 .00013
31 0 .00011
32 0 .09636
33 0 .24186
34 0 .00006
35 0 .15776
36 0 .11115
37 0 .01805
38 0 .01349
39 0 .00737
40 0 .00226
41 0 .00242
42 0 .00118
43 0 .00036
44 0 .00016
45 0 .00009
46 0 .00003
47 0 .00002
48 0 .00001
49 0 0
50 0 0
51 0 0
100 0 0
*parity 0 divorced
birth 1 F divorced 0
14 0 0
15 0 .00001
16 0 .00006
17 0 .00011
18 0 .26016
19 0 .00023
20 0 .00027
21 0 .42
22 0 .77507
23 0 .73045
24 0 .66914
25 0 .00021
26 0 .6162
27 0 .11383
28 0 .53324
29 0 .00015
30 0 .00013
31 0 .00011
32 0 .09636
33 0 .24186
34 0 .00006
35 0 .15776
36 0 .11115
37 0 .01805
38 0 .01349
39 0 .00737
40 0 .00226
41 0 .00242
42 0 .00118
43 0 .00036
44 0 .00016
45 0 .00009
46 0 .00003
47 0 .00002
48 0 .00001
49 0 0
50 0 0
51 0 0
100 0 0
*parity 1 married
birth 1 F married 1
14 0 0
15 0 0
16 0 .00002
17 0 .00006
18 0 .02212
19 0 .01506
20 0 .015
21 0 .01416
22 0 .01387
23 0 .01796
24 0 .01499
25 0 .01707
26 0 .01678
27 0 .01642
28 0 .01425
29 0 .01379
30 0 .01617
31 0 .01378
32 0 .01091
33 0 .0098
34 0 .0076
35 0 .00781
36 0 .00627
37 0 .00432
38 0 .00316
39 0 .00211
40 0 .00142
41 0 .00077
42 0 .00051
43 0 .00036
44 0 .00023
45 0 .00013
46 0 .00006
47 0 .00003
48 0 .00001
49 0 0
50 0 0
51 0 0
100 0 0
*parity 1 single
birth 1 F single 1
14 0 0
15 0 0
16 0 .11279
17 0 .02359
18 0 .02762
19 0 .02822
20 0 .03281
21 0 .02617
22 0 .02631
23 0 .0291
24 0 .0259
25 0 .02402
26 0 .02402
27 0 .02588
28 0 .02479
29 0 .02698
30 0 .02214
31 0 .01956
32 0 .02228
33 0 .02078
34 0 .02009
35 0 .01547
36 0 .01444
37 0 .01284
38 0 .01321
39 0 .0109
40 0 .00751
41 0 .00458
42 0 .00447
43 0 .0035
44 0 .00254
45 0 .00115
46 0 .00081
47 0 .00068
48 0 .0003
49 0 .00009
50 0 .00002
51 0 .00001
100 0 0
*parity 1 widowed
birth 1 F widowed 1
14 0 0
15 0 0
16 0 0
17 0 .00001
18 0 .02929
19 0 .03361
20 0 .00009
21 0 .00013
22 0 .04175
23 0 .06499
24 0 .53873
25 0 .28903
26 0 .28412
27 0 .27654
28 0 .27499
29 0 .25312
30 0 .24473
31 0 .14683
32 0 .38171
33 0 .16868
34 0 .07048
35 0 .11674
36 0 .03298
37 0 .06654
38 0 .01417
39 0 .00582
40 0 .00348
41 0 .00173
42 0 .00089
43 0 .00026
44 0 .00022
45 0 .00009
46 0 .00006
47 0 .00002
48 0 .00001
49 0 0
50 0 0
51 0 0
100 0 0
*parity 1 divorced
birth 1 F divorced 1
14 0 0
15 0 0
16 0 0
17 0 .00001
18 0 .02929
19 0 .03361
20 0 .00009
21 0 .00013
22 0 .04175
23 0 .06499
24 0 .53873
25 0 .28903
26 0 .28412
27 0 .27654
28 0 .27499
29 0 .25312
30 0 .24473
31 0 .14683
32 0 .38171
33 0 .16868
34 0 .07048
35 0 .11674
36 0 .03298
37 0 .06654
38 0 .01417
39 0 .00582
40 0 .00348
41 0 .00173
42 0 .00089
43 0 .00026
44 0 .00022
45 0 .00009
46 0 .00006
47 0 .00002
48 0 .00001
49 0 0
50 0 0
51 0 0
100 0 0
*parity 2 married
birth 1 F married 2
14 0 0
15 0 0
16 0 0
17 0 0
18 0 .00002
19 0 .0068
20 0 .01035
21 0 .01407
22 0 .01562
23 0 .01341
24 0 .011
25 0 .00958
26 0 .00807
27 0 .00782
28 0 .00784
29 0 .00712
30 0 .00648
31 0 .00556
32 0 .00499
33 0 .00468
34 0 .00403
35 0 .00355
36 0 .00283
37 0 .00247
38 0 .00191
39 0 .00145
40 0 .0012
41 0 .00093
42 0 .00067
43 0 .00048
44 0 .00031
45 0 .00021
46 0 .00012
47 0 .00006
48 0 .00003
49 0 .00002
50 0 .00001
51 0 0
100 0 0
*parity 2 single
birth 1 F single 2
14 0 0
15 0 0
16 0 0
17 0 .01081
18 0 .00914
19 0 .01455
20 0 .0108
21 0 .01415
22 0 .01359
23 0 .01379
24 0 .01225
25 0 .01235
26 0 .01231
27 0 .01107
28 0 .01072
29 0 .00918
30 0 .00887
31 0 .0083
32 0 .00781
33 0 .0066
34 0 .00671
35 0 .00563
36 0 .00541
37 0 .00477
38 0 .00455
39 0 .00419
40 0 .00379
41 0 .00338
42 0 .00247
43 0 .0019
44 0 .0015
45 0 .00106
46 0 .00068
47 0 .0004
48 0 .00025
49 0 .0001
50 0 .00004
51 0 .00002
100 0 0
*parity 2 widowed
birth 1 F widowed 2
14 0 0
15 0 0
16 0 0
17 0 0
18 0 0
19 0 .03085
20 0 .01007
21 0 .0163
22 0 .01219
23 0 .01121
24 0 .01315
25 0 .00882
26 0 .00748
27 0 .00709
28 0 .00585
29 0 .00593
30 0 .00517
31 0 .00487
32 0 .00371
33 0 .00295
34 0 .00261
35 0 .00199
36 0 .00193
37 0 .00138
38 0 .00109
39 0 .00095
40 0 .00067
41 0 .0005
42 0 .00036
43 0 .00024
44 0 .00016
45 0 .00009
46 0 .00005
47 0 .00003
48 0 .00001
49 0 .00001
50 0 0
51 0 0
100 0 0
*parity 2 divorced
birth 1 F divorced 2
14 0 0
15 0 0
16 0 0
17 0 0
18 0 0
19 0 .03085
20 0 .01007
21 0 .0163
22 0 .01219
23 0 .01121
24 0 .01315
25 0 .00882
26 0 .00748
27 0 .00709
28 0 .00585
29 0 .00593
30 0 .00517
31 0 .00487
32 0 .00371
33 0 .00295
34 0 .00261
35 0 .00199
36 0 .00193
37 0 .00138
38 0 .00109
39 0 .00095
40 0 .00067
41 0 .0005
42 0 .00036
43 0 .00024
44 0 .00016
45 0 .00009
46 0 .00005
47 0 .00003
48 0 .00001
49 0 .00001
50 0 0
51 0 0
100 0 0
