*parity 0 married
birth 1 F married 0
14 0 0
15 0 .00009
16 0 .00037
17 0 .06742
18 0 .04165
19 0 .05313
20 0 .06996
21 0 .09213
22 0 .08118
23 0 .09663
24 0 .09617
25 0 .10382
26 0 .15785
27 0 .14457
28 0 .41272
29 0 .23316
30 0 1
31 0 1
32 0 .00061
33 0 .04372
34 0 .01362
35 0 .00641
36 0 .00425
37 0 .00246
38 0 .00142
39 0 .00088
40 0 .0007
41 0 .00044
42 0 .0003
43 0 .00017
44 0 .00009
45 0 .00006
46 0 .00003
47 0 .00002
48 0 .00001
49 0 0
50 0 0
51 0 0
100 0 0
*parity 0 single
birth 1 F single 0
14 0 0
15 0 .00015
16 0 .00062
17 0 .00118
18 0 .00201
19 0 .00286
20 0 .00345
21 0 .00373
22 0 .00381
23 0 .00368
24 0 .00377
25 0 .00371
26 0 .00371
27 0 .00365
28 0 .00361
29 0 .00339
30 0 .00316
31 0 .00297
32 0 .00252
33 0 .00233
34 0 .0021
35 0 .00192
36 0 .00169
37 0 .00148
38 0 .00131
39 0 .00104
40 0 .00091
41 0 .00074
42 0 .00055
43 0 .00043
44 0 .0003
45 0 .0002
46 0 .00012
47 0 .00008
48 0 .00004
49 0 .00001
50 0 0
51 0 0
100 0 0
*parity 0 widowed
birth 1 F widowed 0
14 0 0
15 0 .00002
16 0 .00006
17 0 .00012
18 0 .61769
19 0 .00027
20 0 .5005
21 0 .00032
22 0 .86411
23 0 .39625
24 0 .36919
25 0 .68842
26 0 .00023
27 0 .60542
28 0 .00019
29 0 .00017
30 0 .00015
31 0 .00013
32 0 .00011
33 0 .00009
34 0 .00007
35 0 .2002
36 0 .03892
37 0 .00877
38 0 .00641
39 0 .00372
40 0 .00169
41 0 .00083
42 0 .00049
43 0 .0002
44 0 .00013
45 0 .00007
46 0 .00003
47 0 .00001
48 0 .00001
49 0 0
50 0 0
51 0 0
100 0 0
*parity 0 divorced
birth 1 F divorced 0
14 0 0
15 0 .00002
16 0 .00006
17 0 .00012
18 0 .61769
19 0 .00027
20 0 .5005
21 0 .00032
22 0 .86411
23 0 .39625
24 0 .36919
25 0 .68842
26 0 .00023
27 0 .60542
28 0 .00019
29 0 .00017
30 0 .00015
31 0 .00013
32 0 .00011
33 0 .00009
34 0 .00007
35 0 .2002
36 0 .03892
37 0 .00877
38 0 .00641
39 0 .00372
40 0 .00169
41 0 .00083
42 0 .00049
43 0 .0002
44 0 .00013
45 0 .00007
46 0 .00003
47 0 .00001
48 0 .00001
49 0 0
50 0 0
51 0 0
100 0 0
*parity 1 married
birth 1 F married 1
14 0 0
15 0 0
16 0 .00002
17 0 .00007
18 0 .01885
19 0 .01635
20 0 .01933
21 0 .01756
22 0 .01658
23 0 .0197
24 0 .0174
25 0 .01923
26 0 .01789
27 0 .01827
28 0 .01907
29 0 .01757
30 0 .01564
31 0 .01229
32 0 .01546
33 0 .01029
34 0 .0067
35 0 .00536
36 0 .0041
37 0 .00379
38 0 .00368
39 0 .00227
40 0 .00172
41 0 .00107
42 0 .00081
43 0 .00045
44 0 .00027
45 0 .00013
46 0 .00006
47 0 .00004
48 0 .00002
49 0 0
50 0 0
51 0 0
100 0 0
*parity 1 single
birth 1 F single 1
14 0 0
15 0 0
16 0 .03337
17 0 .0626
18 0 .03585
19 0 .02758
20 0 .03097
21 0 .03156
22 0 .02873
23 0 .02761
24 0 .02618
25 0 .02619
26 0 .03023
27 0 .03271
28 0 .02915
29 0 .02408
30 0 .02345
31 0 .02581
32 0 .01991
33 0 .02531
34 0 .03368
35 0 .02465
36 0 .02325
37 0 .02342
38 0 .02684
39 0 .01643
40 0 .01528
41 0 .01061
42 0 .00787
43 0 .00828
44 0 .00586
45 0 .00314
46 0 .00164
47 0 .00232
48 0 .00024
49 0 .00147
50 0 0
51 0 .00006
100 0 0
*parity 1 widowed
birth 1 F widowed 1
14 0 0
15 0 0
16 0 0
17 0 .00001
18 0 .02631
19 0 .10553
20 0 .08683
21 0 .22824
22 0 .25752
23 0 .56728
24 0 .00021
25 0 .00022
26 0 .64008
27 0 .29655
28 0 .59884
29 0 .29279
30 0 .26055
31 0 .16867
32 0 .22121
33 0 .41656
34 0 .0706
35 0 .03302
36 0 .02315
37 0 .03633
38 0 .01017
39 0 .00664
40 0 .00377
41 0 .0012
42 0 .0007
43 0 .00033
44 0 .00023
45 0 .00009
46 0 .00003
47 0 .00001
48 0 .00001
49 0 0
50 0 0
51 0 0
100 0 0
*parity 1 divorced
birth 1 F divorced 1
14 0 0
15 0 0
16 0 0
17 0 .00001
18 0 .02631
19 0 .10553
20 0 .08683
21 0 .22824
22 0 .25752
23 0 .56728
24 0 .00021
25 0 .00022
26 0 .64008
27 0 .29655
28 0 .59884
29 0 .29279
30 0 .26055
31 0 .16867
32 0 .22121
33 0 .41656
34 0 .0706
35 0 .03302
36 0 .02315
37 0 .03633
38 0 .01017
39 0 .00664
40 0 .00377
41 0 .0012
42 0 .0007
43 0 .00033
44 0 .00023
45 0 .00009
46 0 .00003
47 0 .00001
48 0 .00001
49 0 0
50 0 0
51 0 0
100 0 0
*parity 2 married
birth 1 F married 2
14 0 0
15 0 0
16 0 0
17 0 .00001
18 0 .00003
19 0 .01725
20 0 .01366
21 0 .01393
22 0 .01467
23 0 .01385
24 0 .01198
25 0 .01125
26 0 .01025
27 0 .00926
28 0 .00794
29 0 .00747
30 0 .00709
31 0 .00653
32 0 .00538
33 0 .0046
34 0 .00404
35 0 .00354
36 0 .00295
37 0 .00241
38 0 .002
39 0 .0017
40 0 .00127
41 0 .001
42 0 .00069
43 0 .00051
44 0 .00035
45 0 .00024
46 0 .00015
47 0 .00008
48 0 .00004
49 0 .00002
50 0 .00001
51 0 0
100 0 0
*parity 2 single
birth 1 F single 2
14 0 0
15 0 0
16 0 0
17 0 .01531
18 0 .00921
19 0 .01556
20 0 .01219
21 0 .01268
22 0 .0132
23 0 .01553
24 0 .01357
25 0 .01312
26 0 .01089
27 0 .0104
28 0 .01021
29 0 .01083
30 0 .00993
31 0 .00843
32 0 .00871
33 0 .00759
34 0 .00742
35 0 .00723
36 0 .00695
37 0 .00662
38 0 .00584
39 0 .00588
40 0 .00515
41 0 .00423
42 0 .00393
43 0 .00282
44 0 .0025
45 0 .00161
46 0 .0011
47 0 .00067
48 0 .00033
49 0 .00019
50 0 .00008
51 0 .00003
100 0 0
*parity 2 widowed
birth 1 F widowed 2
14 0 0
15 0 0
16 0 0
17 0 0
18 0 0
19 0 .01957
20 0 .0294
21 0 .01414
22 0 .01713
23 0 .01198
24 0 .0129
25 0 .00855
26 0 .01063
27 0 .00874
28 0 .0068
29 0 .00651
30 0 .00544
31 0 .00413
32 0 .00365
33 0 .0033
34 0 .00271
35 0 .00214
36 0 .0018
37 0 .00133
38 0 .00105
39 0 .00088
40 0 .00063
41 0 .00045
42 0 .00029
43 0 .00021
44 0 .00014
45 0 .00009
46 0 .00005
47 0 .00003
48 0 .00001
49 0 .00001
50 0 0
51 0 0
100 0 0
*parity 2 divorced
birth 1 F divorced 2
14 0 0
15 0 0
16 0 0
17 0 0
18 0 0
19 0 .01957
20 0 .0294
21 0 .01414
22 0 .01713
23 0 .01198
24 0 .0129
25 0 .00855
26 0 .01063
27 0 .00874
28 0 .0068
29 0 .00651
30 0 .00544
31 0 .00413
32 0 .00365
33 0 .0033
34 0 .00271
35 0 .00214
36 0 .0018
37 0 .00133
38 0 .00105
39 0 .00088
40 0 .00063
41 0 .00045
42 0 .00029
43 0 .00021
44 0 .00014
45 0 .00009
46 0 .00005
47 0 .00003
48 0 .00001
49 0 .00001
50 0 0
51 0 0
100 0 0
