*parity 0 married
birth 1 F married 0
14 0 0
15 0 .00011
16 0 .00044
17 0 .03296
18 0 .02497
19 0 .02124
20 0 .025
21 0 .02533
22 0 .02463
23 0 .01774
24 0 .01767
25 0 .01468
26 0 .01246
27 0 .01151
28 0 .00913
29 0 .0075
30 0 .00542
31 0 .00443
32 0 .00329
33 0 .00236
34 0 .00193
35 0 .00148
36 0 .00122
37 0 .001
38 0 .00073
39 0 .00058
40 0 .00045
41 0 .00031
42 0 .00024
43 0 .00014
44 0 .00009
45 0 .00006
46 0 .00003
47 0 .00002
48 0 .00001
49 0 0
50 0 0
51 0 0
100 0 0
*parity 0 single
birth 1 F single 0
14 0 0
15 0 .00013
16 0 .00052
17 0 .00102
18 0 .00178
19 0 .00265
20 0 .00323
21 0 .0036
22 0 .00361
23 0 .00396
24 0 .00387
25 0 .00401
26 0 .00427
27 0 .00431
28 0 .00432
29 0 .00433
30 0 .00464
31 0 .00488
32 0 .00496
33 0 .00485
34 0 .00468
35 0 .00462
36 0 .00477
37 0 .00486
38 0 .00556
39 0 .0041
40 0 .00367
41 0 .00299
42 0 .00234
43 0 .00245
44 0 .00155
45 0 .0012
46 0 .00074
47 0 .00042
48 0 .00026
49 0 .0001
50 0 .00001
51 0 .00002
100 0 0
*parity 0 widowed
birth 1 F widowed 0
14 0 0
15 0 .00003
16 0 .00011
17 0 .49679
18 0 .11545
19 0 .21099
20 0 .00054
21 0 .39216
22 0 .3489
23 0 .24552
24 0 .10805
25 0 .09351
26 0 .07442
27 0 .03366
28 0 .02263
29 0 .02161
30 0 .0098
31 0 .00727
32 0 .00468
33 0 .00325
34 0 .00191
35 0 .00151
36 0 .00092
37 0 .0007
38 0 .00051
39 0 .00037
40 0 .00025
41 0 .00015
42 0 .00009
43 0 .00005
44 0 .00004
45 0 .00002
46 0 .00001
47 0 .00001
48 0 0
49 0 0
50 0 0
51 0 0
100 0 0
*parity 0 divorced
birth 1 F divorced 0
14 0 0
15 0 .00003
16 0 .00011
17 0 .49679
18 0 .11545
19 0 .21099
20 0 .00054
21 0 .39216
22 0 .3489
23 0 .24552
24 0 .10805
25 0 .09351
26 0 .07442
27 0 .03366
28 0 .02263
29 0 .02161
30 0 .0098
31 0 .00727
32 0 .00468
33 0 .00325
34 0 .00191
35 0 .00151
36 0 .00092
37 0 .0007
38 0 .00051
39 0 .00037
40 0 .00025
41 0 .00015
42 0 .00009
43 0 .00005
44 0 .00004
45 0 .00002
46 0 .00001
47 0 .00001
48 0 0
49 0 0
50 0 0
51 0 0
100 0 0
*parity 1 married
birth 1 F married 1
14 0 0
15 0 0
16 0 .00002
17 0 .00009
18 0 .01952
19 0 .01901
20 0 .01958
21 0 .01838
22 0 .02126
23 0 .02228
24 0 .02032
25 0 .02243
26 0 .0248
27 0 .01912
28 0 .01985
29 0 .0184
30 0 .01595
31 0 .0161
32 0 .01324
33 0 .01111
34 0 .01013
35 0 .0089
36 0 .00896
37 0 .00674
38 0 .00461
39 0 .00381
40 0 .00243
41 0 .00171
42 0 .00099
43 0 .00067
44 0 .00055
45 0 .00024
46 0 .00013
47 0 .00006
48 0 .00003
49 0 .00001
50 0 0
51 0 0
100 0 0
*parity 1 single
birth 1 F single 1
14 0 0
15 0 0
16 0 .00003
17 0 .02824
18 0 .02927
19 0 .02479
20 0 .02499
21 0 .02589
22 0 .02448
23 0 .01828
24 0 .02157
25 0 .02434
26 0 .02266
27 0 .02068
28 0 .02631
29 0 .0303
30 0 .0377
31 0 .0456
32 0 .04726
33 0 .04548
34 0 .03554
35 0 .05751
36 0 .0677
37 0 .06509
38 0 .05484
39 0 .04366
40 0 .04131
41 0 .0482
42 0 .04371
43 0 .1084
44 0 .02004
45 0 .03153
46 0 .01594
47 0 .00759
48 0 .00092
49 0 .00043
50 0 .00025
51 0 0
100 0 0
*parity 1 widowed
birth 1 F widowed 1
14 0 0
15 0 0
16 0 .00001
17 0 .00002
18 0 .00006
19 0 .02677
20 0 .0266
21 0 .01847
22 0 .01751
23 0 .01691
24 0 .01539
25 0 .01117
26 0 .0083
27 0 .01488
28 0 .04773
29 0 .02618
30 0 .01875
31 0 .01755
32 0 .01054
33 0 .00927
34 0 .00603
35 0 .00394
36 0 .00408
37 0 .00255
38 0 .00155
39 0 .00078
40 0 .0006
41 0 .00057
42 0 .00037
43 0 .00018
44 0 .00008
45 0 .00004
46 0 .00003
47 0 .00001
48 0 0
49 0 0
50 0 0
51 0 0
100 0 0
*parity 1 divorced
birth 1 F divorced 1
14 0 0
15 0 0
16 0 .00001
17 0 .00002
18 0 .00006
19 0 .02677
20 0 .0266
21 0 .01847
22 0 .01751
23 0 .01691
24 0 .01539
25 0 .01117
26 0 .0083
27 0 .01488
28 0 .04773
29 0 .02618
30 0 .01875
31 0 .01755
32 0 .01054
33 0 .00927
34 0 .00603
35 0 .00394
36 0 .00408
37 0 .00255
38 0 .00155
39 0 .00078
40 0 .0006
41 0 .00057
42 0 .00037
43 0 .00018
44 0 .00008
45 0 .00004
46 0 .00003
47 0 .00001
48 0 0
49 0 0
50 0 0
51 0 0
100 0 0
*parity 2 married
birth 1 F married 2
14 0 0
15 0 0
16 0 0
17 0 .00001
18 0 .00003
19 0 .01858
20 0 .01315
21 0 .01329
22 0 .01516
23 0 .01148
24 0 .01237
25 0 .01168
26 0 .01123
27 0 .01092
28 0 .0094
29 0 .00936
30 0 .00784
31 0 .00643
32 0 .0059
33 0 .00533
34 0 .00505
35 0 .00442
36 0 .00371
37 0 .00322
38 0 .00292
39 0 .00253
40 0 .00217
41 0 .00172
42 0 .00124
43 0 .00093
44 0 .00062
45 0 .00043
46 0 .00026
47 0 .00016
48 0 .00007
49 0 .00004
50 0 .00001
51 0 .00001
100 0 0
*parity 2 single
birth 1 F single 2
14 0 0
15 0 0
16 0 0
17 0 .021
18 0 .01754
19 0 .0152
20 0 .02954
21 0 .01984
22 0 .0196
23 0 .01909
24 0 .01723
25 0 .01396
26 0 .01223
27 0 .01328
28 0 .01369
29 0 .0128
30 0 .01498
31 0 .01343
32 0 .01508
33 0 .01799
34 0 .01706
35 0 .01728
36 0 .01627
37 0 .01662
38 0 .0158
39 0 .01694
40 0 .02048
41 0 .01544
42 0 .0109
43 0 .01279
44 0 .01155
45 0 .00593
46 0 .00511
47 0 .00269
48 0 .00172
49 0 .00084
50 0 .00033
51 0 .00014
100 0 0
*parity 2 widowed
birth 1 F widowed 2
14 0 0
15 0 0
16 0 0
17 0 0
18 0 .00001
19 0 .00002
20 0 .11044
21 0 .06457
22 0 .09363
23 0 .07772
24 0 .03298
25 0 .02356
26 0 .01784
27 0 .00818
28 0 .0053
29 0 .00439
30 0 .00412
31 0 .00341
32 0 .00314
33 0 .0028
34 0 .00246
35 0 .00203
36 0 .00166
37 0 .0013
38 0 .00112
39 0 .00089
40 0 .00063
41 0 .00045
42 0 .00035
43 0 .00024
44 0 .00017
45 0 .0001
46 0 .00006
47 0 .00003
48 0 .00002
49 0 .00001
50 0 0
51 0 0
100 0 0
*parity 2 divorced
birth 1 F divorced 2
14 0 0
15 0 0
16 0 0
17 0 0
18 0 .00001
19 0 .00002
20 0 .11044
21 0 .06457
22 0 .09363
23 0 .07772
24 0 .03298
25 0 .02356
26 0 .01784
27 0 .00818
28 0 .0053
29 0 .00439
30 0 .00412
31 0 .00341
32 0 .00314
33 0 .0028
34 0 .00246
35 0 .00203
36 0 .00166
37 0 .0013
38 0 .00112
39 0 .00089
40 0 .00063
41 0 .00045
42 0 .00035
43 0 .00024
44 0 .00017
45 0 .0001
46 0 .00006
47 0 .00003
48 0 .00002
49 0 .00001
50 0 0
51 0 0
100 0 0
