*parity 0 married
birth 1 F married 0
14 0 0
15 0 .0002
16 0 .00096
17 0 .03151
18 0 .03083
19 0 .0346
20 0 .04073
21 0 .04108
22 0 .03948
23 0 .02967
24 0 .02828
25 0 .02351
26 0 .02374
27 0 .02061
28 0 .01544
29 0 .01056
30 0 .00951
31 0 .00826
32 0 .00581
33 0 .00414
34 0 .00338
35 0 .00253
36 0 .00229
37 0 .00181
38 0 .00143
39 0 .00116
40 0 .00088
41 0 .00055
42 0 .00043
43 0 .00027
44 0 .00018
45 0 .00009
46 0 .00005
47 0 .00003
48 0 .00001
49 0 .00001
50 0 0
51 0 0
100 0 0
*parity 0 single
birth 1 F single 0
14 0 0
15 0 0
16 0 .00001
17 0 .00002
18 0 .00004
19 0 .00006
20 0 .00008
21 0 .0001
22 0 .00011
23 0 .00012
24 0 .00011
25 0 .0001
26 0 .0001
27 0 .00008
28 0 .00009
29 0 .00008
30 0 .00007
31 0 .00006
32 0 .00006
33 0 .00004
34 0 .00005
35 0 .00005
36 0 .00004
37 0 .00003
38 0 .00003
39 0 .00003
40 0 .00002
41 0 .00002
42 0 .00001
43 0 .00001
44 0 .00001
45 0 0
46 0 0
47 0 0
48 0 0
49 0 0
50 0 0
51 0 0
100 0 0
*parity 0 widowed
birth 1 F widowed 0
14 0 0
15 0 .00001
16 0 .00003
17 0 .07741
18 0 .04274
19 0 .02242
20 0 .04921
21 0 .04503
22 0 .01626
23 0 .01057
24 0 .03245
25 0 .02698
26 0 .0068
27 0 .00589
28 0 .00294
29 0 .00246
30 0 .00129
31 0 .001
32 0 .00105
33 0 .00072
34 0 .00059
35 0 .00038
36 0 .0003
37 0 .00018
38 0 .0002
39 0 .00013
40 0 .0001
41 0 .00007
42 0 .00004
43 0 .00004
44 0 .00002
45 0 .00001
46 0 0
47 0 0
48 0 0
49 0 0
50 0 0
51 0 0
100 0 0
*parity 0 divorced
birth 1 F divorced 0
14 0 0
15 0 .00001
16 0 .00003
17 0 .07741
18 0 .04274
19 0 .02242
20 0 .04921
21 0 .04503
22 0 .01626
23 0 .01057
24 0 .03245
25 0 .02698
26 0 .0068
27 0 .00589
28 0 .00294
29 0 .00246
30 0 .00129
31 0 .001
32 0 .00105
33 0 .00072
34 0 .00059
35 0 .00038
36 0 .0003
37 0 .00018
38 0 .0002
39 0 .00013
40 0 .0001
41 0 .00007
42 0 .00004
43 0 .00004
44 0 .00002
45 0 .00001
46 0 0
47 0 0
48 0 0
49 0 0
50 0 0
51 0 0
100 0 0
*parity 1 married
birth 1 F married 1
14 0 0
15 0 0
16 0 .00007
17 0 .00029
18 0 .03008
19 0 .02773
20 0 .0354
21 0 .03748
22 0 .0352
23 0 .04226
24 0 .03829
25 0 .04977
26 0 .04371
27 0 .0404
28 0 .04919
29 0 .06798
30 0 .04126
31 0 .03942
32 0 .0303
33 0 .02364
34 0 .02427
35 0 .02523
36 0 .02884
37 0 .0281
38 0 .02133
39 0 .01017
40 0 .01242
41 0 .00721
42 0 .00571
43 0 .00357
44 0 .00136
45 0 .00122
46 0 .00035
47 0 .00019
48 0 .00009
49 0 .00002
50 0 .00001
51 0 .00001
100 0 0
*parity 1 single
birth 1 F single 1
14 0 0
15 0 0
16 0 0
17 0 0
18 0 .00001
19 0 .00001
20 0 .00002
21 0 .00003
22 0 .0367
23 0 .00004
24 0 .00004
25 0 .03188
26 0 .00004
27 0 .02528
28 0 .00003
29 0 .00002
30 0 .00002
31 0 .00002
32 0 .01106
33 0 .00001
34 0 .00813
35 0 .00001
36 0 .00001
37 0 .00001
38 0 0
39 0 .0028
40 0 0
41 0 0
42 0 .00102
43 0 0
44 0 .00042
45 0 0
46 0 0
47 0 0
48 0 0
49 0 0
50 0 0
51 0 0
100 0 0
*parity 1 widowed
birth 1 F widowed 1
14 0 0
15 0 0
16 0 0
17 0 .00001
18 0 .01381
19 0 .00005
20 0 .04062
21 0 .02024
22 0 .02218
23 0 .01626
24 0 .04101
25 0 .01284
26 0 .015
27 0 .00916
28 0 .01029
29 0 .00537
30 0 .00891
31 0 .00625
32 0 .00401
33 0 .00238
34 0 .00369
35 0 .00148
36 0 .00127
37 0 .00139
38 0 .00074
39 0 .00092
40 0 .00052
41 0 .00065
42 0 .00046
43 0 .00012
44 0 .00008
45 0 .00005
46 0 .00002
47 0 .00001
48 0 0
49 0 0
50 0 0
51 0 0
100 0 0
*parity 1 divorced
birth 1 F divorced 1
14 0 0
15 0 0
16 0 0
17 0 .00001
18 0 .01381
19 0 .00005
20 0 .04062
21 0 .02024
22 0 .02218
23 0 .01626
24 0 .04101
25 0 .01284
26 0 .015
27 0 .00916
28 0 .01029
29 0 .00537
30 0 .00891
31 0 .00625
32 0 .00401
33 0 .00238
34 0 .00369
35 0 .00148
36 0 .00127
37 0 .00139
38 0 .00074
39 0 .00092
40 0 .00052
41 0 .00065
42 0 .00046
43 0 .00012
44 0 .00008
45 0 .00005
46 0 .00002
47 0 .00001
48 0 0
49 0 0
50 0 0
51 0 0
100 0 0
*parity 2 married
birth 1 F married 2
14 0 0
15 0 0
16 0 .00001
17 0 .00003
18 0 .00013
19 0 .06695
20 0 .02614
21 0 .021
22 0 .01912
23 0 .0205
24 0 .02174
25 0 .02138
26 0 .01869
27 0 .01924
28 0 .01693
29 0 .01611
30 0 .01638
31 0 .01538
32 0 .01406
33 0 .01465
34 0 .01277
35 0 .01296
36 0 .01161
37 0 .0103
38 0 .00971
39 0 .00873
40 0 .00738
41 0 .00624
42 0 .00445
43 0 .00319
44 0 .00259
45 0 .00171
46 0 .00108
47 0 .00063
48 0 .00035
49 0 .00018
50 0 .00008
51 0 .00003
100 0 0
*parity 2 single
birth 1 F single 2
14 0 0
15 0 0
16 0 0
17 0 0
18 0 0
19 0 0
20 0 .00001
21 0 .00001
22 0 .00002
23 0 .00003
24 0 .00004
25 0 .00005
26 0 .00005
27 0 .04314
28 0 .00006
29 0 .04476
30 0 .00006
31 0 .04205
32 0 .00005
33 0 .00005
34 0 .00004
35 0 .03484
36 0 .00004
37 0 .00004
38 0 .00003
39 0 .00003
40 0 .00002
41 0 .00002
42 0 .00001
43 0 .00001
44 0 .00001
45 0 .00001
46 0 0
47 0 0
48 0 0
49 0 0
50 0 0
51 0 0
100 0 0
*parity 2 widowed
birth 1 F widowed 2
14 0 0
15 0 0
16 0 0
17 0 0
18 0 0
19 0 .00001
20 0 .01306
21 0 .02721
22 0 .01129
23 0 .02505
24 0 .01203
25 0 .00696
26 0 .0046
27 0 .00434
28 0 .00351
29 0 .00579
30 0 .00391
31 0 .00238
32 0 .00257
33 0 .00286
34 0 .0019
35 0 .00175
36 0 .00144
37 0 .00149
38 0 .00109
39 0 .00099
40 0 .00082
41 0 .00057
42 0 .00046
43 0 .00031
44 0 .00023
45 0 .00017
46 0 .00009
47 0 .00005
48 0 .00002
49 0 .00001
50 0 .00001
51 0 0
100 0 0
*parity 2 divorced
birth 1 F divorced 2
14 0 0
15 0 0
16 0 0
17 0 0
18 0 0
19 0 .00001
20 0 .01306
21 0 .02721
22 0 .01129
23 0 .02505
24 0 .01203
25 0 .00696
26 0 .0046
27 0 .00434
28 0 .00351
29 0 .00579
30 0 .00391
31 0 .00238
32 0 .00257
33 0 .00286
34 0 .0019
35 0 .00175
36 0 .00144
37 0 .00149
38 0 .00109
39 0 .00099
40 0 .00082
41 0 .00057
42 0 .00046
43 0 .00031
44 0 .00023
45 0 .00017
46 0 .00009
47 0 .00005
48 0 .00002
49 0 .00001
50 0 .00001
51 0 0
100 0 0
