*parity 0 married
birth 1 F married 0
14 0 0
15 0 .0001
16 0 .00044
17 0 .02873
18 0 .0222
19 0 .02656
20 0 .02134
21 0 .01856
22 0 .01654
23 0 .0148
24 0 .01296
25 0 .01056
26 0 .0086
27 0 .00809
28 0 .00667
29 0 .00577
30 0 .00458
31 0 .00331
32 0 .00301
33 0 .00225
34 0 .00188
35 0 .00159
36 0 .00123
37 0 .00107
38 0 .00089
39 0 .00066
40 0 .00052
41 0 .00036
42 0 .00025
43 0 .00017
44 0 .00013
45 0 .00007
46 0 .00003
47 0 .00002
48 0 .00001
49 0 0
50 0 0
51 0 0
100 0 0
*parity 0 single
birth 1 F single 0
14 0 0
15 0 .00012
16 0 .00051
17 0 .00106
18 0 .00191
19 0 .00289
20 0 .00379
21 0 .00426
22 0 .00452
23 0 .00454
24 0 .00479
25 0 .00477
26 0 .00486
27 0 .00463
28 0 .00465
29 0 .00479
30 0 .00556
31 0 .00574
32 0 .00519
33 0 .00613
34 0 .0057
35 0 .00607
36 0 .00685
37 0 .00555
38 0 .00604
39 0 .0049
40 0 .00462
41 0 .00408
42 0 .00394
43 0 .00219
44 0 .00242
45 0 .00096
46 0 .00057
47 0 .00047
48 0 .00015
49 0 .00005
50 0 .00001
51 0 .00001
100 0 0
*parity 0 widowed
birth 1 F widowed 0
14 0 0
15 0 .00003
16 0 .00013
17 0 .24705
18 0 .00043
19 0 .32521
20 0 .27573
21 0 .00075
22 0 .48387
23 0 .12391
24 0 .06703
25 0 .04523
26 0 .02822
27 0 .02008
28 0 .0193
29 0 .01113
30 0 .00866
31 0 .00894
32 0 .00459
33 0 .00401
34 0 .00219
35 0 .0015
36 0 .00101
37 0 .00084
38 0 .00057
39 0 .00043
40 0 .00031
41 0 .00021
42 0 .00013
43 0 .00009
44 0 .00005
45 0 .00003
46 0 .00001
47 0 .00001
48 0 0
49 0 0
50 0 0
51 0 0
100 0 0
*parity 0 divorced
birth 1 F divorced 0
14 0 0
15 0 .00003
16 0 .00013
17 0 .24705
18 0 .00043
19 0 .32521
20 0 .27573
21 0 .00075
22 0 .48387
23 0 .12391
24 0 .06703
25 0 .04523
26 0 .02822
27 0 .02008
28 0 .0193
29 0 .01113
30 0 .00866
31 0 .00894
32 0 .00459
33 0 .00401
34 0 .00219
35 0 .0015
36 0 .00101
37 0 .00084
38 0 .00057
39 0 .00043
40 0 .00031
41 0 .00021
42 0 .00013
43 0 .00009
44 0 .00005
45 0 .00003
46 0 .00001
47 0 .00001
48 0 0
49 0 0
50 0 0
51 0 0
100 0 0
*parity 1 married
birth 1 F married 1
14 0 0
15 0 0
16 0 .00003
17 0 .0001
18 0 .02061
19 0 .01762
20 0 .01962
21 0 .01981
22 0 .02167
23 0 .02118
24 0 .02082
25 0 .0197
26 0 .02028
27 0 .01696
28 0 .01996
29 0 .01806
30 0 .01471
31 0 .01215
32 0 .01179
33 0 .00915
34 0 .00894
35 0 .00646
36 0 .00663
37 0 .00608
38 0 .00425
39 0 .00327
40 0 .00269
41 0 .00206
42 0 .00147
43 0 .00097
44 0 .00059
45 0 .00037
46 0 .00025
47 0 .0001
48 0 .00004
49 0 .00002
50 0 0
51 0 0
100 0 0
*parity 1 single
birth 1 F single 1
14 0 0
15 0 0
16 0 .00003
17 0 .01859
18 0 .03226
19 0 .02105
20 0 .0259
21 0 .03409
22 0 .03016
23 0 .03066
24 0 .03594
25 0 .03327
26 0 .03609
27 0 .03984
28 0 .04278
29 0 .05568
30 0 .04284
31 0 .04398
32 0 .04559
33 0 .08453
34 0 .07293
35 0 .11588
36 0 .10321
37 0 .06251
38 0 .04697
39 0 .13286
40 0 .05608
41 0 .07795
42 0 .04895
43 0 .0435
44 0 .02171
45 0 .00684
46 0 .00001
47 0 .0049
48 0 0
49 0 0
50 0 0
51 0 0
100 0 0
*parity 1 widowed
birth 1 F widowed 1
14 0 0
15 0 0
16 0 .00001
17 0 .00003
18 0 .02703
19 0 .02686
20 0 .02782
21 0 .02599
22 0 .01784
23 0 .01864
24 0 .02549
25 0 .03151
26 0 .027
27 0 .03083
28 0 .01913
29 0 .01964
30 0 .01259
31 0 .00921
32 0 .00597
33 0 .0047
34 0 .0051
35 0 .00557
36 0 .00273
37 0 .00164
38 0 .00144
39 0 .00131
40 0 .00073
41 0 .00048
42 0 .00029
43 0 .00026
44 0 .00015
45 0 .00009
46 0 .00006
47 0 .00003
48 0 .00001
49 0 0
50 0 0
51 0 0
100 0 0
*parity 1 divorced
birth 1 F divorced 1
14 0 0
15 0 0
16 0 .00001
17 0 .00003
18 0 .02703
19 0 .02686
20 0 .02782
21 0 .02599
22 0 .01784
23 0 .01864
24 0 .02549
25 0 .03151
26 0 .027
27 0 .03083
28 0 .01913
29 0 .01964
30 0 .01259
31 0 .00921
32 0 .00597
33 0 .0047
34 0 .0051
35 0 .00557
36 0 .00273
37 0 .00164
38 0 .00144
39 0 .00131
40 0 .00073
41 0 .00048
42 0 .00029
43 0 .00026
44 0 .00015
45 0 .00009
46 0 .00006
47 0 .00003
48 0 .00001
49 0 0
50 0 0
51 0 0
100 0 0
*parity 2 married
birth 1 F married 2
14 0 0
15 0 0
16 0 0
17 0 .00001
18 0 .00004
19 0 .03438
20 0 .02262
21 0 .02381
22 0 .01697
23 0 .01729
24 0 .01456
25 0 .01534
26 0 .01421
27 0 .0137
28 0 .01186
29 0 .01027
30 0 .0092
31 0 .00836
32 0 .00755
33 0 .00693
34 0 .00626
35 0 .00524
36 0 .00491
37 0 .00406
38 0 .00383
39 0 .0031
40 0 .0028
41 0 .00199
42 0 .00156
43 0 .00107
44 0 .00074
45 0 .00052
46 0 .00031
47 0 .00018
48 0 .0001
49 0 .00005
50 0 .00002
51 0 .00001
100 0 0
*parity 2 single
birth 1 F single 2
14 0 0
15 0 0
16 0 0
17 0 .01942
18 0 .02219
19 0 .02791
20 0 .03101
21 0 .03125
22 0 .03199
23 0 .0351
24 0 .02297
25 0 .02626
26 0 .02537
27 0 .02376
28 0 .02283
29 0 .02266
30 0 .02451
31 0 .02602
32 0 .02784
33 0 .02806
34 0 .03032
35 0 .02797
36 0 .02981
37 0 .03598
38 0 .02654
39 0 .03343
40 0 .0275
41 0 .02751
42 0 .02233
43 0 .01803
44 0 .0131
45 0 .01603
46 0 .011
47 0 .00729
48 0 .00464
49 0 .00264
50 0 .00063
51 0 .0004
100 0 0
*parity 2 widowed
birth 1 F widowed 2
14 0 0
15 0 0
16 0 0
17 0 0
18 0 .00001
19 0 .00003
20 0 .17146
21 0 .09947
22 0 .22509
23 0 .03025
24 0 .01353
25 0 .01141
26 0 .0099
27 0 .00912
28 0 .00802
29 0 .00654
30 0 .00579
31 0 .00546
32 0 .00453
33 0 .00336
34 0 .00279
35 0 .00261
36 0 .00223
37 0 .00188
38 0 .00148
39 0 .00123
40 0 .00094
41 0 .00077
42 0 .00053
43 0 .00036
44 0 .00025
45 0 .00016
46 0 .0001
47 0 .00005
48 0 .00002
49 0 .00001
50 0 .00001
51 0 0
100 0 0
*parity 2 divorced
birth 1 F divorced 2
14 0 0
15 0 0
16 0 0
17 0 0
18 0 .00001
19 0 .00003
20 0 .17146
21 0 .09947
22 0 .22509
23 0 .03025
24 0 .01353
25 0 .01141
26 0 .0099
27 0 .00912
28 0 .00802
29 0 .00654
30 0 .00579
31 0 .00546
32 0 .00453
33 0 .00336
34 0 .00279
35 0 .00261
36 0 .00223
37 0 .00188
38 0 .00148
39 0 .00123
40 0 .00094
41 0 .00077
42 0 .00053
43 0 .00036
44 0 .00025
45 0 .00016
46 0 .0001
47 0 .00005
48 0 .00002
49 0 .00001
50 0 .00001
51 0 0
100 0 0
