*parity all married
birth 1 F married 0
14 0 0
15 0 .00949
16 0 .00905
17 0 .00954
18 0 .01124
19 0 .01461
20 0 .01892
21 0 .0226
22 0 .02467
23 0 .02536
24 0 .02521
25 0 .02393
26 0 .02189
27 0 .01942
28 0 .01763
29 0 .01629
30 0 .01572
31 0 .0147
32 0 .01436
33 0 .0142
34 0 .01478
35 0 .01512
36 0 .01545
37 0 .01554
38 0 .01564
39 0 .01543
40 0 .01507
41 0 .01399
42 0 .01311
43 0 .01226
44 0 .01168
45 0 .01107
46 0 .01056
47 0 .01027
48 0 .01004
49 0 .00991
50 0 .00983
51 0 .0098
100 0 0
*parity all single
birth 1 F single 0
14 0 0
15 0 .00949
16 0 .00905
17 0 .00954
18 0 .01124
19 0 .01461
20 0 .01892
21 0 .0226
22 0 .02467
23 0 .02536
24 0 .02521
25 0 .02393
26 0 .02189
27 0 .01942
28 0 .01763
29 0 .01629
30 0 .01572
31 0 .0147
32 0 .01436
33 0 .0142
34 0 .01478
35 0 .01512
36 0 .01545
37 0 .01554
38 0 .01564
39 0 .01543
40 0 .01507
41 0 .01399
42 0 .01311
43 0 .01226
44 0 .01168
45 0 .01107
46 0 .01056
47 0 .01027
48 0 .01004
49 0 .00991
50 0 .00983
51 0 .0098
100 0 0
*parity all widowed
birth 1 F widowed 0
14 0 0
15 0 .00949
16 0 .00905
17 0 .00954
18 0 .01124
19 0 .01461
20 0 .01892
21 0 .0226
22 0 .02467
23 0 .02536
24 0 .02521
25 0 .02393
26 0 .02189
27 0 .01942
28 0 .01763
29 0 .01629
30 0 .01572
31 0 .0147
32 0 .01436
33 0 .0142
34 0 .01478
35 0 .01512
36 0 .01545
37 0 .01554
38 0 .01564
39 0 .01543
40 0 .01507
41 0 .01399
42 0 .01311
43 0 .01226
44 0 .01168
45 0 .01107
46 0 .01056
47 0 .01027
48 0 .01004
49 0 .00991
50 0 .00983
51 0 .0098
100 0 0
*parity all divorced
birth 1 F divorced 0
14 0 0
15 0 .00949
16 0 .00905
17 0 .00954
18 0 .01124
19 0 .01461
20 0 .01892
21 0 .0226
22 0 .02467
23 0 .02536
24 0 .02521
25 0 .02393
26 0 .02189
27 0 .01942
28 0 .01763
29 0 .01629
30 0 .01572
31 0 .0147
32 0 .01436
33 0 .0142
34 0 .01478
35 0 .01512
36 0 .01545
37 0 .01554
38 0 .01564
39 0 .01543
40 0 .01507
41 0 .01399
42 0 .01311
43 0 .01226
44 0 .01168
45 0 .01107
46 0 .01056
47 0 .01027
48 0 .01004
49 0 .00991
50 0 .00983
51 0 .0098
100 0 0
