*parity 0 married
birth 1 F married 0
14 0 0
15 0 .00022
16 0 .00098
17 0 .03833
18 0 .03272
19 0 .04839
20 0 .0476
21 0 .04864
22 0 .05751
23 0 .06322
24 0 .0609
25 0 .0514
26 0 .04054
27 0 .0387
28 0 .03902
29 0 .05014
30 0 .05953
31 0 .03977
32 0 .02557
33 0 .01911
34 0 .01698
35 0 .01836
36 0 .01551
37 0 .00988
38 0 .00809
39 0 .0081
40 0 .00708
41 0 .00483
42 0 .00252
43 0 .00154
44 0 .00057
45 0 .00025
46 0 .00015
47 0 .00011
48 0 .00005
49 0 .00001
50 0 0
51 0 0
100 0 0
*parity 0 single
birth 1 F single 0
14 0 0
15 0 .00001
16 0 .00003
17 0 .00007
18 0 .00014
19 0 .00023
20 0 .00031
21 0 .00036
22 0 .00038
23 0 .00038
24 0 .00038
25 0 .0004
26 0 .00037
27 0 .00031
28 0 .00033
29 0 .00033
30 0 .00032
31 0 .00035
32 0 .00032
33 0 .00032
34 0 .00028
35 0 .00023
36 0 .00022
37 0 .00017
38 0 .00015
39 0 .00012
40 0 .00011
41 0 .00015
42 0 .00009
43 0 .00005
44 0 .00003
45 0 .00002
46 0 .00001
47 0 .00001
48 0 0
49 0 0
50 0 0
51 0 0
100 0 0
*parity 0 widowed
birth 1 F widowed 0
14 0 0
15 0 .00001
16 0 .00004
17 0 .12921
18 0 .00016
19 0 .17231
20 0 .10681
21 0 .1428
22 0 .09936
23 0 .35165
24 0 .16425
25 0 .09314
26 0 .05638
27 0 .20714
28 0 .07647
29 0 .0001
30 0 .05143
31 0 .00007
32 0 .02191
33 0 .02416
34 0 .01016
35 0 .03404
36 0 .00959
37 0 .00002
38 0 .01774
39 0 .00666
40 0 .00001
41 0 .0013
42 0 .00446
43 0 .00036
44 0 .00016
45 0 .00006
46 0 .00002
47 0 .00002
48 0 .00001
49 0 0
50 0 0
51 0 0
100 0 0
*parity 0 divorced
birth 1 F divorced 0
14 0 0
15 0 .00001
16 0 .00004
17 0 .12921
18 0 .00016
19 0 .17231
20 0 .10681
21 0 .1428
22 0 .09936
23 0 .35165
24 0 .16425
25 0 .09314
26 0 .05638
27 0 .20714
28 0 .07647
29 0 .0001
30 0 .05143
31 0 .00007
32 0 .02191
33 0 .02416
34 0 .01016
35 0 .03404
36 0 .00959
37 0 .00002
38 0 .01774
39 0 .00666
40 0 .00001
41 0 .0013
42 0 .00446
43 0 .00036
44 0 .00016
45 0 .00006
46 0 .00002
47 0 .00002
48 0 .00001
49 0 0
50 0 0
51 0 0
100 0 0
*parity 1 married
birth 1 F married 1
14 0 0
15 0 0
16 0 .00007
17 0 .00026
18 0 .0291
19 0 .03167
20 0 .04836
21 0 .04414
22 0 .03709
23 0 .02929
24 0 .03287
25 0 .03071
26 0 .02606
27 0 .02765
28 0 .02641
29 0 .02821
30 0 .02429
31 0 .02493
32 0 .023
33 0 .02579
34 0 .01959
35 0 .02971
36 0 .03541
37 0 .02725
38 0 .03504
39 0 .04953
40 0 .03372
41 0 .0102
42 0 .00603
43 0 .00874
44 0 .00937
45 0 .00787
46 0 .0076
47 0 .00172
48 0 0
49 0 0
50 0 .00026
51 0 .00007
100 0 0
*parity 1 single
birth 1 F single 1
14 0 0
15 0 0
16 0 0
17 0 .0127
18 0 .01819
19 0 .00005
20 0 .13205
21 0 .02904
22 0 .04099
23 0 .00015
24 0 .00016
25 0 .22128
26 0 .0973
27 0 .09596
28 0 .00012
29 0 .06634
30 0 .11267
31 0 .09185
32 0 .03896
33 0 .00006
34 0 .00005
35 0 .04301
36 0 .03611
37 0 .03945
38 0 .00002
39 0 .00002
40 0 .00001
41 0 .00001
42 0 .00001
43 0 0
44 0 .00185
45 0 0
46 0 .00025
47 0 0
48 0 0
49 0 .00003
50 0 .00001
51 0 0
100 0 0
*parity 1 widowed
birth 1 F widowed 1
14 0 0
15 0 0
16 0 0
17 0 .00001
18 0 .0466
19 0 .01668
20 0 .00011
21 0 .04464
22 0 .03282
23 0 .03985
24 0 .14959
25 0 .03543
26 0 .01918
27 0 .01366
28 0 .00717
29 0 .02833
30 0 .00962
31 0 .01681
32 0 .00768
33 0 .00634
34 0 .00908
35 0 .00501
36 0 .00386
37 0 .00505
38 0 .00935
39 0 .00696
40 0 .00391
41 0 .00247
42 0 .0022
43 0 .00081
44 0 0
45 0 .00033
46 0 0
47 0 0
48 0 .00006
49 0 .00004
50 0 0
51 0 0
100 0 0
*parity 1 divorced
birth 1 F divorced 1
14 0 0
15 0 0
16 0 0
17 0 .00001
18 0 .0466
19 0 .01668
20 0 .00011
21 0 .04464
22 0 .03282
23 0 .03985
24 0 .14959
25 0 .03543
26 0 .01918
27 0 .01366
28 0 .00717
29 0 .02833
30 0 .00962
31 0 .01681
32 0 .00768
33 0 .00634
34 0 .00908
35 0 .00501
36 0 .00386
37 0 .00505
38 0 .00935
39 0 .00696
40 0 .00391
41 0 .00247
42 0 .0022
43 0 .00081
44 0 0
45 0 .00033
46 0 0
47 0 0
48 0 .00006
49 0 .00004
50 0 0
51 0 0
100 0 0
*parity 2 married
birth 1 F married 2
14 0 0
15 0 0
16 0 .00001
17 0 .00002
18 0 .00011
19 0 .00873
20 0 .00891
21 0 .01215
22 0 .01331
23 0 .01745
24 0 .01547
25 0 .01489
26 0 .01594
27 0 .01571
28 0 .01392
29 0 .01139
30 0 .01143
31 0 .00977
32 0 .00931
33 0 .00846
34 0 .00774
35 0 .0072
36 0 .00643
37 0 .00594
38 0 .00525
39 0 .00476
40 0 .00395
41 0 .00303
42 0 .00256
43 0 .00178
44 0 .00144
45 0 .001
46 0 .00062
47 0 .00035
48 0 .0002
49 0 .00011
50 0 .00005
51 0 .00002
100 0 0
*parity 2 single
birth 1 F single 2
14 0 0
15 0 0
16 0 0
17 0 0
18 0 0
19 0 .01695
20 0 .04046
21 0 .02465
22 0 .05714
23 0 .01728
24 0 .02086
25 0 .01842
26 0 .04142
27 0 .02023
28 0 .02327
29 0 .03186
30 0 .02046
31 0 .03701
32 0 .03015
33 0 .02995
34 0 .03124
35 0 .0185
36 0 .02638
37 0 .03923
38 0 .04188
39 0 .01527
40 0 .02306
41 0 .03261
42 0 .02519
43 0 .01818
44 0 .01303
45 0 .00002
46 0 .0034
47 0 .00185
48 0 .00309
49 0 .00152
50 0 .00056
51 0 .00011
100 0 0
*parity 2 widowed
birth 1 F widowed 2
14 0 0
15 0 0
16 0 0
17 0 0
18 0 0
19 0 .00724
20 0 .00741
21 0 .00632
22 0 .00732
23 0 .00569
24 0 .00581
25 0 .00579
26 0 .00624
27 0 .00615
28 0 .00431
29 0 .00389
30 0 .00281
31 0 .00228
32 0 .00211
33 0 .00158
34 0 .00173
35 0 .0012
36 0 .00108
37 0 .00094
38 0 .0008
39 0 .00059
40 0 .00051
41 0 .00039
42 0 .00024
43 0 .0002
44 0 .00013
45 0 .00009
46 0 .00005
47 0 .00003
48 0 .00001
49 0 .00001
50 0 0
51 0 0
100 0 0
*parity 2 divorced
birth 1 F divorced 2
14 0 0
15 0 0
16 0 0
17 0 0
18 0 0
19 0 .00724
20 0 .00741
21 0 .00632
22 0 .00732
23 0 .00569
24 0 .00581
25 0 .00579
26 0 .00624
27 0 .00615
28 0 .00431
29 0 .00389
30 0 .00281
31 0 .00228
32 0 .00211
33 0 .00158
34 0 .00173
35 0 .0012
36 0 .00108
37 0 .00094
38 0 .0008
39 0 .00059
40 0 .00051
41 0 .00039
42 0 .00024
43 0 .0002
44 0 .00013
45 0 .00009
46 0 .00005
47 0 .00003
48 0 .00001
49 0 .00001
50 0 0
51 0 0
100 0 0
