*parity 0 married
birth 1 F married 0
14 0 0
15 0 .00009
16 0 .00039
17 0 .06444
18 0 .04558
19 0 .0724
20 0 .08525
21 0 .08982
22 0 .08337
23 0 .07651
24 0 .08073
25 0 .12238
26 0 .06879
27 0 .07925
28 0 .16088
29 0 .09245
30 0 .0749
31 0 .10983
32 0 .06136
33 0 .22313
34 0 .02254
35 0 .00903
36 0 .0029
37 0 .00188
38 0 .00136
39 0 .00081
40 0 .00061
41 0 .00039
42 0 .00025
43 0 .00016
44 0 .00011
45 0 .00007
46 0 .00004
47 0 .00002
48 0 .00001
49 0 0
50 0 0
51 0 0
100 0 0
*parity 0 single
birth 1 F single 0
14 0 0
15 0 .00014
16 0 .0006
17 0 .00115
18 0 .00195
19 0 .00276
20 0 .00337
21 0 .00363
22 0 .00368
23 0 .00374
24 0 .00361
25 0 .00377
26 0 .00375
27 0 .00371
28 0 .00349
29 0 .00346
30 0 .00308
31 0 .00289
32 0 .00253
33 0 .0023
34 0 .00227
35 0 .00203
36 0 .00195
37 0 .00184
38 0 .00171
39 0 .00146
40 0 .0013
41 0 .00103
42 0 .00087
43 0 .00068
44 0 .00046
45 0 .00028
46 0 .00029
47 0 .00015
48 0 .00007
49 0 .00002
50 0 .00001
51 0 .00001
100 0 0
*parity 0 widowed
birth 1 F widowed 0
14 0 0
15 0 .00002
16 0 .00007
17 0 .00013
18 0 .00021
19 0 .00028
20 0 .95048
21 0 .4776
22 0 .92949
23 0 .00029
24 0 .00027
25 0 .71372
26 0 .36578
27 0 .00022
28 0 .66231
29 0 .00018
30 0 .53963
31 0 .45213
32 0 .00011
33 0 .00009
34 0 .00007
35 0 .08903
36 0 .00918
37 0 .01044
38 0 .00381
39 0 .0019
40 0 .00098
41 0 .00066
42 0 .00027
43 0 .00014
44 0 .00008
45 0 .00004
46 0 .00002
47 0 .00001
48 0 0
49 0 0
50 0 0
51 0 0
100 0 0
*parity 0 divorced
birth 1 F divorced 0
14 0 0
15 0 .00002
16 0 .00007
17 0 .00013
18 0 .00021
19 0 .00028
20 0 .95048
21 0 .4776
22 0 .92949
23 0 .00029
24 0 .00027
25 0 .71372
26 0 .36578
27 0 .00022
28 0 .66231
29 0 .00018
30 0 .53963
31 0 .45213
32 0 .00011
33 0 .00009
34 0 .00007
35 0 .08903
36 0 .00918
37 0 .01044
38 0 .00381
39 0 .0019
40 0 .00098
41 0 .00066
42 0 .00027
43 0 .00014
44 0 .00008
45 0 .00004
46 0 .00002
47 0 .00001
48 0 0
49 0 0
50 0 0
51 0 0
100 0 0
*parity 1 married
birth 1 F married 1
14 0 0
15 0 0
16 0 .00002
17 0 .00008
18 0 .02271
19 0 .0247
20 0 .02469
21 0 .02277
22 0 .02862
23 0 .022
24 0 .02276
25 0 .01647
26 0 .01683
27 0 .01848
28 0 .01755
29 0 .01369
30 0 .01454
31 0 .01549
32 0 .01259
33 0 .00811
34 0 .00595
35 0 .00444
36 0 .00405
37 0 .00397
38 0 .00313
39 0 .00312
40 0 .00182
41 0 .00134
42 0 .00097
43 0 .00046
44 0 .00026
45 0 .00013
46 0 .00006
47 0 .00004
48 0 .00002
49 0 .00001
50 0 0
51 0 0
100 0 0
*parity 1 single
birth 1 F single 1
14 0 0
15 0 0
16 0 .00003
17 0 .0414
18 0 .02808
19 0 .02617
20 0 .02811
21 0 .02725
22 0 .02785
23 0 .02583
24 0 .03385
25 0 .02656
26 0 .02378
27 0 .02655
28 0 .02343
29 0 .02261
30 0 .02397
31 0 .02228
32 0 .01966
33 0 .02033
34 0 .01593
35 0 .01818
36 0 .02819
37 0 .0354
38 0 .02929
39 0 .02101
40 0 .01651
41 0 .01181
42 0 .03412
43 0 .02858
44 0 .01133
45 0 .00174
46 0 .0009
47 0 .00094
48 0 .00037
49 0 .0002
50 0 0
51 0 0
100 0 0
*parity 1 widowed
birth 1 F widowed 1
14 0 0
15 0 0
16 0 0
17 0 .00001
18 0 .00004
19 0 .06638
20 0 .03303
21 0 .06361
22 0 .18489
23 0 .29624
24 0 .1067
25 0 .15679
26 0 .68113
27 0 .11784
28 0 .07661
29 0 .09796
30 0 .63578
31 0 .18866
32 0 .07918
33 0 .37545
34 0 .02868
35 0 .01653
36 0 .01206
37 0 .00407
38 0 .00347
39 0 .00248
40 0 .0017
41 0 .00074
42 0 .00028
43 0 .00016
44 0 .00009
45 0 .00005
46 0 .00002
47 0 .00001
48 0 0
49 0 0
50 0 0
51 0 0
100 0 0
*parity 1 divorced
birth 1 F divorced 1
14 0 0
15 0 0
16 0 0
17 0 .00001
18 0 .00004
19 0 .06638
20 0 .03303
21 0 .06361
22 0 .18489
23 0 .29624
24 0 .1067
25 0 .15679
26 0 .68113
27 0 .11784
28 0 .07661
29 0 .09796
30 0 .63578
31 0 .18866
32 0 .07918
33 0 .37545
34 0 .02868
35 0 .01653
36 0 .01206
37 0 .00407
38 0 .00347
39 0 .00248
40 0 .0017
41 0 .00074
42 0 .00028
43 0 .00016
44 0 .00009
45 0 .00005
46 0 .00002
47 0 .00001
48 0 0
49 0 0
50 0 0
51 0 0
100 0 0
*parity 2 married
birth 1 F married 2
14 0 0
15 0 0
16 0 0
17 0 .00001
18 0 .07302
19 0 .00514
20 0 .007
21 0 .01167
22 0 .00974
23 0 .01001
24 0 .01122
25 0 .01129
26 0 .01069
27 0 .00932
28 0 .00963
29 0 .00891
30 0 .00839
31 0 .00699
32 0 .00624
33 0 .00513
34 0 .00432
35 0 .00357
36 0 .00294
37 0 .00242
38 0 .00197
39 0 .00168
40 0 .00132
41 0 .00108
42 0 .00078
43 0 .00057
44 0 .0004
45 0 .00026
46 0 .00015
47 0 .00009
48 0 .00004
49 0 .00002
50 0 .00001
51 0 0
100 0 0
*parity 2 single
birth 1 F single 2
14 0 0
15 0 0
16 0 0
17 0 .00676
18 0 .01599
19 0 .01837
20 0 .01473
21 0 .01511
22 0 .01344
23 0 .0137
24 0 .01203
25 0 .01158
26 0 .01239
27 0 .01107
28 0 .01098
29 0 .01088
30 0 .00963
31 0 .0084
32 0 .00857
33 0 .00771
34 0 .00793
35 0 .00827
36 0 .00798
37 0 .00735
38 0 .00679
39 0 .00626
40 0 .00584
41 0 .00474
42 0 .00402
43 0 .00351
44 0 .00264
45 0 .00213
46 0 .00134
47 0 .00094
48 0 .00042
49 0 .00024
50 0 .00009
51 0 .00004
100 0 0
*parity 2 widowed
birth 1 F widowed 2
14 0 0
15 0 0
16 0 0
17 0 0
18 0 0
19 0 .00001
20 0 .01401
21 0 .00951
22 0 .01146
23 0 .01428
24 0 .01219
25 0 .0091
26 0 .00753
27 0 .00581
28 0 .00618
29 0 .00459
30 0 .00518
31 0 .00376
32 0 .00324
33 0 .00308
34 0 .00221
35 0 .00178
36 0 .00161
37 0 .00114
38 0 .00091
39 0 .00069
40 0 .00054
41 0 .00036
42 0 .00027
43 0 .00018
44 0 .00012
45 0 .00008
46 0 .00005
47 0 .00002
48 0 .00001
49 0 .00001
50 0 0
51 0 0
100 0 0
*parity 2 divorced
birth 1 F divorced 2
14 0 0
15 0 0
16 0 0
17 0 0
18 0 0
19 0 .00001
20 0 .01401
21 0 .00951
22 0 .01146
23 0 .01428
24 0 .01219
25 0 .0091
26 0 .00753
27 0 .00581
28 0 .00618
29 0 .00459
30 0 .00518
31 0 .00376
32 0 .00324
33 0 .00308
34 0 .00221
35 0 .00178
36 0 .00161
37 0 .00114
38 0 .00091
39 0 .00069
40 0 .00054
41 0 .00036
42 0 .00027
43 0 .00018
44 0 .00012
45 0 .00008
46 0 .00005
47 0 .00002
48 0 .00001
49 0 .00001
50 0 0
51 0 0
100 0 0
