*parity 0 married
birth 1 F married 0
14 0 0
15 0 .0001
16 0 .0004
17 0 .08401
18 0 .04438
19 0 .05586
20 0 .06201
21 0 .05801
22 0 .05743
23 0 .08355
24 0 .05773
25 0 .06737
26 0 .08442
27 0 .11864
28 0 .20454
29 0 .13654
30 0 .09156
31 0 .03863
32 0 .01722
33 0 .00928
34 0 .0053
35 0 .00346
36 0 .00242
37 0 .00162
38 0 .00119
39 0 .00093
40 0 .00066
41 0 .00046
42 0 .00028
43 0 .00019
44 0 .00012
45 0 .00008
46 0 .00004
47 0 .00002
48 0 .00001
49 0 0
50 0 0
51 0 0
100 0 0
*parity 0 single
birth 1 F single 0
14 0 0
15 0 .00014
16 0 .00058
17 0 .00112
18 0 .0019
19 0 .00271
20 0 .00331
21 0 .00358
22 0 .00371
23 0 .00359
24 0 .00363
25 0 .00357
26 0 .00365
27 0 .00363
28 0 .00365
29 0 .0034
30 0 .00319
31 0 .00285
32 0 .00273
33 0 .00271
34 0 .00241
35 0 .00243
36 0 .00233
37 0 .00233
38 0 .00212
39 0 .00191
40 0 .0016
41 0 .00182
42 0 .00123
43 0 .00097
44 0 .00064
45 0 .0005
46 0 .00033
47 0 .00022
48 0 .00012
49 0 .00004
50 0 .00001
51 0 .00001
100 0 0
*parity 0 widowed
birth 1 F widowed 0
14 0 0
15 0 .00002
16 0 .00007
17 0 .00013
18 0 .30052
19 0 .42075
20 0 .00034
21 0 .00034
22 0 .00033
23 0 .50208
24 0 .00028
25 0 .00026
26 0 .00024
27 0 .00023
28 0 .00021
29 0 .00018
30 0 .00016
31 0 .00013
32 0 .16323
33 0 .26535
34 0 .04359
35 0 .0244
36 0 .01265
37 0 .00573
38 0 .00288
39 0 .00137
40 0 .00103
41 0 .00057
42 0 .00024
43 0 .00013
44 0 .00007
45 0 .00005
46 0 .00003
47 0 .00001
48 0 .00001
49 0 0
50 0 0
51 0 0
100 0 0
*parity 0 divorced
birth 1 F divorced 0
14 0 0
15 0 .00002
16 0 .00007
17 0 .00013
18 0 .30052
19 0 .42075
20 0 .00034
21 0 .00034
22 0 .00033
23 0 .50208
24 0 .00028
25 0 .00026
26 0 .00024
27 0 .00023
28 0 .00021
29 0 .00018
30 0 .00016
31 0 .00013
32 0 .16323
33 0 .26535
34 0 .04359
35 0 .0244
36 0 .01265
37 0 .00573
38 0 .00288
39 0 .00137
40 0 .00103
41 0 .00057
42 0 .00024
43 0 .00013
44 0 .00007
45 0 .00005
46 0 .00003
47 0 .00001
48 0 .00001
49 0 0
50 0 0
51 0 0
100 0 0
*parity 1 married
birth 1 F married 1
14 0 0
15 0 0
16 0 .00002
17 0 .23808
18 0 .02168
19 0 .01757
20 0 .01619
21 0 .01899
22 0 .02097
23 0 .02056
24 0 .01668
25 0 .01776
26 0 .01814
27 0 .01813
28 0 .01465
29 0 .01473
30 0 .01366
31 0 .01294
32 0 .01301
33 0 .00973
34 0 .01009
35 0 .00701
36 0 .00544
37 0 .00465
38 0 .00289
39 0 .00224
40 0 .00143
41 0 .00102
42 0 .0007
43 0 .00049
44 0 .00032
45 0 .00018
46 0 .00007
47 0 .00004
48 0 .00002
49 0 .00001
50 0 0
51 0 0
100 0 0
*parity 1 single
birth 1 F single 1
14 0 0
15 0 0
16 0 .09044
17 0 .0155
18 0 .03623
19 0 .02882
20 0 .03126
21 0 .02601
22 0 .02382
23 0 .02275
24 0 .02644
25 0 .02375
26 0 .02359
27 0 .02289
28 0 .01929
29 0 .02145
30 0 .02116
31 0 .03307
32 0 .03864
33 0 .02539
34 0 .02744
35 0 .02685
36 0 .03437
37 0 .04611
38 0 .03349
39 0 .01705
40 0 .01179
41 0 .01084
42 0 .01139
43 0 .00684
44 0 .00954
45 0 .04238
46 0 .0203
47 0 .00483
48 0 .00207
49 0 .00139
50 0 .00044
51 0 .00028
100 0 0
*parity 1 widowed
birth 1 F widowed 1
14 0 0
15 0 0
16 0 0
17 0 .00001
18 0 .00004
19 0 .0528
20 0 .04697
21 0 .16498
22 0 .06389
23 0 .04238
24 0 .08817
25 0 .2676
26 0 .19657
27 0 .24345
28 0 .32492
29 0 .30797
30 0 .29255
31 0 .03175
32 0 .02892
33 0 .03383
34 0 .03531
35 0 .02116
36 0 .00609
37 0 .00224
38 0 .00145
39 0 .00109
40 0 .00084
41 0 .00036
42 0 .00024
43 0 .00016
44 0 .00009
45 0 .00006
46 0 .00002
47 0 .00001
48 0 0
49 0 0
50 0 0
51 0 0
100 0 0
*parity 1 divorced
birth 1 F divorced 1
14 0 0
15 0 0
16 0 0
17 0 .00001
18 0 .00004
19 0 .0528
20 0 .04697
21 0 .16498
22 0 .06389
23 0 .04238
24 0 .08817
25 0 .2676
26 0 .19657
27 0 .24345
28 0 .32492
29 0 .30797
30 0 .29255
31 0 .03175
32 0 .02892
33 0 .03383
34 0 .03531
35 0 .02116
36 0 .00609
37 0 .00224
38 0 .00145
39 0 .00109
40 0 .00084
41 0 .00036
42 0 .00024
43 0 .00016
44 0 .00009
45 0 .00006
46 0 .00002
47 0 .00001
48 0 0
49 0 0
50 0 0
51 0 0
100 0 0
*parity 2 married
birth 1 F married 2
14 0 0
15 0 0
16 0 0
17 0 .00001
18 0 .07819
19 0 .02581
20 0 .01599
21 0 .0179
22 0 .01442
23 0 .01444
24 0 .01403
25 0 .01472
26 0 .01074
27 0 .00946
28 0 .00972
29 0 .00853
30 0 .00752
31 0 .00701
32 0 .00567
33 0 .00459
34 0 .00405
35 0 .00331
36 0 .0031
37 0 .00245
38 0 .00211
39 0 .00175
40 0 .00143
41 0 .00103
42 0 .00083
43 0 .00056
44 0 .0004
45 0 .00025
46 0 .00015
47 0 .00009
48 0 .00005
49 0 .00002
50 0 .00001
51 0 0
100 0 0
*parity 2 single
birth 1 F single 2
14 0 0
15 0 0
16 0 0
17 0 .00001
18 0 .014
19 0 .01147
20 0 .01339
21 0 .01578
22 0 .01361
23 0 .01599
24 0 .01531
25 0 .01287
26 0 .01195
27 0 .01161
28 0 .01087
29 0 .01097
30 0 .01073
31 0 .0087
32 0 .00862
33 0 .00889
34 0 .00858
35 0 .00854
36 0 .00782
37 0 .00783
38 0 .00814
39 0 .00737
40 0 .00697
41 0 .00546
42 0 .0053
43 0 .00416
44 0 .00334
45 0 .00222
46 0 .00172
47 0 .00094
48 0 .00045
49 0 .00024
50 0 .00011
51 0 .00005
100 0 0
*parity 2 widowed
birth 1 F widowed 2
14 0 0
15 0 0
16 0 0
17 0 0
18 0 0
19 0 .00001
20 0 .0839
21 0 .02424
22 0 .00993
23 0 .01421
24 0 .00808
25 0 .00944
26 0 .00779
27 0 .00593
28 0 .00551
29 0 .00451
30 0 .00405
31 0 .00386
32 0 .00268
33 0 .00238
34 0 .00195
35 0 .00168
36 0 .00117
37 0 .00104
38 0 .00085
39 0 .00064
40 0 .00051
41 0 .00039
42 0 .00025
43 0 .00017
44 0 .00011
45 0 .00006
46 0 .00004
47 0 .00002
48 0 .00001
49 0 0
50 0 0
51 0 0
100 0 0
*parity 2 divorced
birth 1 F divorced 2
14 0 0
15 0 0
16 0 0
17 0 0
18 0 0
19 0 .00001
20 0 .0839
21 0 .02424
22 0 .00993
23 0 .01421
24 0 .00808
25 0 .00944
26 0 .00779
27 0 .00593
28 0 .00551
29 0 .00451
30 0 .00405
31 0 .00386
32 0 .00268
33 0 .00238
34 0 .00195
35 0 .00168
36 0 .00117
37 0 .00104
38 0 .00085
39 0 .00064
40 0 .00051
41 0 .00039
42 0 .00025
43 0 .00017
44 0 .00011
45 0 .00006
46 0 .00004
47 0 .00002
48 0 .00001
49 0 0
50 0 0
51 0 0
100 0 0
