*parity 0 married
birth 1 F married 0
14 0 0
15 0 .00007
16 0 .00031
17 0 .08313
18 0 .0518
19 0 .05469
20 0 .05501
21 0 .04688
22 0 .05461
23 0 .03913
24 0 .03776
25 0 .05659
26 0 .07612
27 0 .08425
28 0 .04857
29 0 .05864
30 0 .04259
31 0 .03824
32 0 .02644
33 0 .02346
34 0 .0189
35 0 .01185
36 0 .00509
37 0 .00274
38 0 .00187
39 0 .00132
40 0 .00074
41 0 .00045
42 0 .00028
43 0 .00016
44 0 .0001
45 0 .00005
46 0 .00003
47 0 .00001
48 0 .00001
49 0 0
50 0 0
51 0 0
100 0 0
*parity 0 single
birth 1 F single 0
14 0 0
15 0 .00017
16 0 .00068
17 0 .0013
18 0 .00217
19 0 .00311
20 0 .00374
21 0 .00413
22 0 .00426
23 0 .00416
24 0 .00423
25 0 .0042
26 0 .00417
27 0 .00422
28 0 .0043
29 0 .00406
30 0 .00372
31 0 .00343
32 0 .00297
33 0 .00255
34 0 .00216
35 0 .00193
36 0 .00157
37 0 .00138
38 0 .00118
39 0 .00091
40 0 .00076
41 0 .00056
42 0 .00039
43 0 .00027
44 0 .00021
45 0 .00014
46 0 .00008
47 0 .00005
48 0 .00002
49 0 .00001
50 0 0
51 0 0
100 0 0
*parity 0 widowed
birth 1 F widowed 0
14 0 0
15 0 .00001
16 0 .00006
17 0 .00011
18 0 .26138
19 0 .00024
20 0 .84302
21 0 .41616
22 0 .00027
23 0 .00025
24 0 .71273
25 0 .67692
26 0 .64018
27 0 .00019
28 0 .13845
29 0 .00015
30 0 .00013
31 0 .00011
32 0 .30639
33 0 .21924
34 0 .00006
35 0 .00005
36 0 .11796
37 0 .09466
38 0 .02418
39 0 .01084
40 0 .01339
41 0 .00222
42 0 .00072
43 0 .00049
44 0 .0002
45 0 .00008
46 0 .00005
47 0 .00002
48 0 .00001
49 0 0
50 0 0
51 0 0
100 0 0
*parity 0 divorced
birth 1 F divorced 0
14 0 0
15 0 .00001
16 0 .00006
17 0 .00011
18 0 .26138
19 0 .00024
20 0 .84302
21 0 .41616
22 0 .00027
23 0 .00025
24 0 .71273
25 0 .67692
26 0 .64018
27 0 .00019
28 0 .13845
29 0 .00015
30 0 .00013
31 0 .00011
32 0 .30639
33 0 .21924
34 0 .00006
35 0 .00005
36 0 .11796
37 0 .09466
38 0 .02418
39 0 .01084
40 0 .01339
41 0 .00222
42 0 .00072
43 0 .00049
44 0 .0002
45 0 .00008
46 0 .00005
47 0 .00002
48 0 .00001
49 0 0
50 0 0
51 0 0
100 0 0
*parity 1 married
birth 1 F married 1
14 0 0
15 0 0
16 0 .00002
17 0 .18104
18 0 .01817
19 0 .01437
20 0 .01585
21 0 .01295
22 0 .01426
23 0 .01869
24 0 .01651
25 0 .01461
26 0 .01392
27 0 .01286
28 0 .01273
29 0 .01289
30 0 .01287
31 0 .01059
32 0 .01036
33 0 .00751
34 0 .00779
35 0 .00667
36 0 .00433
37 0 .00325
38 0 .00268
39 0 .00181
40 0 .00156
41 0 .001
42 0 .00068
43 0 .00035
44 0 .00018
45 0 .0001
46 0 .00006
47 0 .00003
48 0 .00001
49 0 0
50 0 0
51 0 0
100 0 0
*parity 1 single
birth 1 F single 1
14 0 0
15 0 0
16 0 .03544
17 0 .01911
18 0 .0349
19 0 .0261
20 0 .03075
21 0 .02965
22 0 .02331
23 0 .02687
24 0 .02457
25 0 .02572
26 0 .02594
27 0 .02499
28 0 .02699
29 0 .02418
30 0 .02267
31 0 .021
32 0 .02512
33 0 .02879
34 0 .02308
35 0 .01743
36 0 .01774
37 0 .01781
38 0 .01732
39 0 .01256
40 0 .009
41 0 .0077
42 0 .00828
43 0 .00606
44 0 .00427
45 0 .00153
46 0 .00056
47 0 .00039
48 0 .00023
49 0 .00011
50 0 .00002
51 0 .00001
100 0 0
*parity 1 widowed
birth 1 F widowed 1
14 0 0
15 0 0
16 0 0
17 0 .00001
18 0 .00003
19 0 .03652
20 0 .29034
21 0 .05499
22 0 .06739
23 0 .09022
24 0 .28692
25 0 .08425
26 0 .09839
27 0 .19381
28 0 .11423
29 0 .09036
30 0 .5026
31 0 .4533
32 0 .20228
33 0 .07645
34 0 .06664
35 0 .10655
36 0 .035
37 0 .00821
38 0 .01777
39 0 .00662
40 0 .00234
41 0 .00255
42 0 .00092
43 0 .00045
44 0 .00023
45 0 .00006
46 0 .00005
47 0 .00002
48 0 .00001
49 0 0
50 0 0
51 0 0
100 0 0
*parity 1 divorced
birth 1 F divorced 1
14 0 0
15 0 0
16 0 0
17 0 .00001
18 0 .00003
19 0 .03652
20 0 .29034
21 0 .05499
22 0 .06739
23 0 .09022
24 0 .28692
25 0 .08425
26 0 .09839
27 0 .19381
28 0 .11423
29 0 .09036
30 0 .5026
31 0 .4533
32 0 .20228
33 0 .07645
34 0 .06664
35 0 .10655
36 0 .035
37 0 .00821
38 0 .01777
39 0 .00662
40 0 .00234
41 0 .00255
42 0 .00092
43 0 .00045
44 0 .00023
45 0 .00006
46 0 .00005
47 0 .00002
48 0 .00001
49 0 0
50 0 0
51 0 0
100 0 0
*parity 2 married
birth 1 F married 2
14 0 0
15 0 0
16 0 0
17 0 0
18 0 .06014
19 0 .01993
20 0 .01442
21 0 .01571
22 0 .01324
23 0 .01259
24 0 .01116
25 0 .01092
26 0 .00949
27 0 .00932
28 0 .00762
29 0 .00701
30 0 .00679
31 0 .00604
32 0 .00506
33 0 .00454
34 0 .00423
35 0 .00344
36 0 .00303
37 0 .00234
38 0 .0018
39 0 .00146
40 0 .00118
41 0 .00089
42 0 .00063
43 0 .00045
44 0 .0003
45 0 .00021
46 0 .00012
47 0 .00006
48 0 .00003
49 0 .00002
50 0 .00001
51 0 0
100 0 0
*parity 2 single
birth 1 F single 2
14 0 0
15 0 0
16 0 0
17 0 .03247
18 0 .01333
19 0 .00947
20 0 .0137
21 0 .01356
22 0 .01335
23 0 .01268
24 0 .01336
25 0 .01172
26 0 .01172
27 0 .01012
28 0 .00955
29 0 .0097
30 0 .00913
31 0 .00818
32 0 .00782
33 0 .00693
34 0 .0061
35 0 .00588
36 0 .00573
37 0 .00552
38 0 .00496
39 0 .0045
40 0 .0036
41 0 .00307
42 0 .00259
43 0 .002
44 0 .00168
45 0 .00119
46 0 .00075
47 0 .00044
48 0 .00024
49 0 .00012
50 0 .00004
51 0 .00002
100 0 0
*parity 2 widowed
birth 1 F widowed 2
14 0 0
15 0 0
16 0 0
17 0 0
18 0 0
19 0 .00001
20 0 .02426
21 0 .02584
22 0 .01179
23 0 .01647
24 0 .00876
25 0 .01255
26 0 .00897
27 0 .00956
28 0 .00792
29 0 .00549
30 0 .00512
31 0 .00511
32 0 .00375
33 0 .00386
34 0 .00295
35 0 .00201
36 0 .00187
37 0 .00154
38 0 .00119
39 0 .00106
40 0 .00084
41 0 .00053
42 0 .00038
43 0 .00028
44 0 .00016
45 0 .00009
46 0 .00006
47 0 .00003
48 0 .00001
49 0 .00001
50 0 0
51 0 0
100 0 0
*parity 2 divorced
birth 1 F divorced 2
14 0 0
15 0 0
16 0 0
17 0 0
18 0 0
19 0 .00001
20 0 .02426
21 0 .02584
22 0 .01179
23 0 .01647
24 0 .00876
25 0 .01255
26 0 .00897
27 0 .00956
28 0 .00792
29 0 .00549
30 0 .00512
31 0 .00511
32 0 .00375
33 0 .00386
34 0 .00295
35 0 .00201
36 0 .00187
37 0 .00154
38 0 .00119
39 0 .00106
40 0 .00084
41 0 .00053
42 0 .00038
43 0 .00028
44 0 .00016
45 0 .00009
46 0 .00006
47 0 .00003
48 0 .00001
49 0 .00001
50 0 0
51 0 0
100 0 0
