*parity 0 married
birth 1 F married 0
14 0 0
15 0 .00019
16 0 .00078
17 0 .05197
18 0 .03624
19 0 .07605
20 0 .07205
21 0 .0671
22 0 .0913
23 0 .18367
24 0 .22918
25 0 .32415
26 0 .18326
27 0 .28473
28 0 .25164
29 0 .1839
30 0 .15166
31 0 .04512
32 0 .02779
33 0 .02089
34 0 .01067
35 0 .00583
36 0 .00503
37 0 .00285
38 0 .00253
39 0 .00188
40 0 .00124
41 0 .00083
42 0 .00045
43 0 .00027
44 0 .0002
45 0 .00011
46 0 .00007
47 0 .00004
48 0 .00002
49 0 .00001
50 0 0
51 0 0
100 0 0
*parity 0 single
birth 1 F single 0
14 0 0
15 0 .00005
16 0 .00019
17 0 .00036
18 0 .00062
19 0 .00086
20 0 .00106
21 0 .00113
22 0 .00114
23 0 .0011
24 0 .00111
25 0 .00107
26 0 .0011
27 0 .00106
28 0 .00108
29 0 .00101
30 0 .00096
31 0 .00105
32 0 .00101
33 0 .00095
34 0 .00088
35 0 .0009
36 0 .00085
37 0 .00085
38 0 .00068
39 0 .00063
40 0 .00066
41 0 .00045
42 0 .00052
43 0 .00033
44 0 .00021
45 0 .00016
46 0 .00009
47 0 .00007
48 0 .00004
49 0 .00002
50 0 0
51 0 0
100 0 0
*parity 0 widowed
birth 1 F widowed 0
14 0 0
15 0 .00001
16 0 .00005
17 0 .00009
18 0 .00015
19 0 .14411
20 0 .00023
21 0 .34334
22 0 .00022
23 0 .00021
24 0 .28953
25 0 .00018
26 0 .00017
27 0 .25179
28 0 .00015
29 0 .00013
30 0 .00012
31 0 .15106
32 0 .00008
33 0 .05146
34 0 .0163
35 0 .02259
36 0 .01036
37 0 .00569
38 0 .00205
39 0 .00116
40 0 .00109
41 0 .0006
42 0 .00025
43 0 .00011
44 0 .00007
45 0 .00005
46 0 .00003
47 0 .00001
48 0 0
49 0 0
50 0 0
51 0 0
100 0 0
*parity 0 divorced
birth 1 F divorced 0
14 0 0
15 0 .00001
16 0 .00005
17 0 .00009
18 0 .00015
19 0 .14411
20 0 .00023
21 0 .34334
22 0 .00022
23 0 .00021
24 0 .28953
25 0 .00018
26 0 .00017
27 0 .25179
28 0 .00015
29 0 .00013
30 0 .00012
31 0 .15106
32 0 .00008
33 0 .05146
34 0 .0163
35 0 .02259
36 0 .01036
37 0 .00569
38 0 .00205
39 0 .00116
40 0 .00109
41 0 .0006
42 0 .00025
43 0 .00011
44 0 .00007
45 0 .00005
46 0 .00003
47 0 .00001
48 0 0
49 0 0
50 0 0
51 0 0
100 0 0
*parity 1 married
birth 1 F married 1
14 0 0
15 0 0
16 0 .00004
17 0 .00015
18 0 .02348
19 0 .01633
20 0 .01555
21 0 .01918
22 0 .01868
23 0 .01972
24 0 .01691
25 0 .02079
26 0 .02185
27 0 .02124
28 0 .01796
29 0 .01755
30 0 .01748
31 0 .0124
32 0 .00962
33 0 .00766
34 0 .00877
35 0 .00683
36 0 .00567
37 0 .00451
38 0 .00357
39 0 .00286
40 0 .00177
41 0 .00125
42 0 .00092
43 0 .00055
44 0 .00031
45 0 .00018
46 0 .00009
47 0 .00005
48 0 .00002
49 0 .00001
50 0 0
51 0 0
100 0 0
*parity 1 single
birth 1 F single 1
14 0 0
15 0 0
16 0 .00001
17 0 .01667
18 0 .0684
19 0 .02696
20 0 .02189
21 0 .02503
22 0 .02297
23 0 .02261
24 0 .02522
25 0 .0255
26 0 .02461
27 0 .02714
28 0 .02995
29 0 .02716
30 0 .0288
31 0 .03397
32 0 .02721
33 0 .04207
34 0 .04102
35 0 .09573
36 0 .00019
37 0 .00015
38 0 .17253
39 0 .12297
40 0 .04533
41 0 .0627
42 0 .04186
43 0 .00002
44 0 .00001
45 0 0
46 0 0
47 0 .00047
48 0 .00039
49 0 .00025
50 0 0
51 0 .00004
100 0 0
*parity 1 widowed
birth 1 F widowed 1
14 0 0
15 0 0
16 0 0
17 0 .00001
18 0 .00002
19 0 .02339
20 0 .11392
21 0 .01737
22 0 .01158
23 0 .01513
24 0 .01148
25 0 .02046
26 0 .01647
27 0 .03002
28 0 .04026
29 0 .0377
30 0 .00999
31 0 .00928
32 0 .00958
33 0 .00647
34 0 .00618
35 0 .00277
36 0 .00246
37 0 .00133
38 0 .001
39 0 .00062
40 0 .00058
41 0 .00027
42 0 .00017
43 0 .0001
44 0 .00006
45 0 .00003
46 0 .00001
47 0 .00001
48 0 0
49 0 0
50 0 0
51 0 0
100 0 0
*parity 1 divorced
birth 1 F divorced 1
14 0 0
15 0 0
16 0 0
17 0 .00001
18 0 .00002
19 0 .02339
20 0 .11392
21 0 .01737
22 0 .01158
23 0 .01513
24 0 .01148
25 0 .02046
26 0 .01647
27 0 .03002
28 0 .04026
29 0 .0377
30 0 .00999
31 0 .00928
32 0 .00958
33 0 .00647
34 0 .00618
35 0 .00277
36 0 .00246
37 0 .00133
38 0 .001
39 0 .00062
40 0 .00058
41 0 .00027
42 0 .00017
43 0 .0001
44 0 .00006
45 0 .00003
46 0 .00001
47 0 .00001
48 0 0
49 0 0
50 0 0
51 0 0
100 0 0
*parity 2 married
birth 1 F married 2
14 0 0
15 0 0
16 0 0
17 0 .00001
18 0 .00005
19 0 .02211
20 0 .0146
21 0 .01355
22 0 .0137
23 0 .01431
24 0 .01374
25 0 .01124
26 0 .00997
27 0 .01057
28 0 .00952
29 0 .00897
30 0 .00793
31 0 .00679
32 0 .00636
33 0 .00573
34 0 .00454
35 0 .0042
36 0 .00351
37 0 .00313
38 0 .00262
39 0 .00214
40 0 .00173
41 0 .00138
42 0 .00102
43 0 .0008
44 0 .00053
45 0 .00035
46 0 .0002
47 0 .00011
48 0 .00005
49 0 .00003
50 0 .00001
51 0 0
100 0 0
*parity 2 single
birth 1 F single 2
14 0 0
15 0 0
16 0 0
17 0 0
18 0 .00001
19 0 .0161
20 0 .02127
21 0 .02426
22 0 .01447
23 0 .01248
24 0 .01267
25 0 .01588
26 0 .01329
27 0 .01009
28 0 .01028
29 0 .01148
30 0 .01286
31 0 .01074
32 0 .01175
33 0 .01431
34 0 .01345
35 0 .01414
36 0 .00971
37 0 .01149
38 0 .01275
39 0 .01132
40 0 .01481
41 0 .01157
42 0 .01001
43 0 .00697
44 0 .00947
45 0 .00323
46 0 .00398
47 0 .00176
48 0 .00063
49 0 .00033
50 0 .00012
51 0 .00007
100 0 0
*parity 2 widowed
birth 1 F widowed 2
14 0 0
15 0 0
16 0 0
17 0 0
18 0 0
19 0 .00001
20 0 .00002
21 0 .02525
22 0 .01255
23 0 .00743
24 0 .00942
25 0 .00767
26 0 .00652
27 0 .00441
28 0 .00404
29 0 .00376
30 0 .00307
31 0 .00287
32 0 .00233
33 0 .0017
34 0 .00175
35 0 .00134
36 0 .00113
37 0 .00097
38 0 .0007
39 0 .00053
40 0 .00041
41 0 .00031
42 0 .00024
43 0 .00016
44 0 .0001
45 0 .00006
46 0 .00003
47 0 .00002
48 0 .00001
49 0 0
50 0 0
51 0 0
100 0 0
*parity 2 divorced
birth 1 F divorced 2
14 0 0
15 0 0
16 0 0
17 0 0
18 0 0
19 0 .00001
20 0 .00002
21 0 .02525
22 0 .01255
23 0 .00743
24 0 .00942
25 0 .00767
26 0 .00652
27 0 .00441
28 0 .00404
29 0 .00376
30 0 .00307
31 0 .00287
32 0 .00233
33 0 .0017
34 0 .00175
35 0 .00134
36 0 .00113
37 0 .00097
38 0 .0007
39 0 .00053
40 0 .00041
41 0 .00031
42 0 .00024
43 0 .00016
44 0 .0001
45 0 .00006
46 0 .00003
47 0 .00002
48 0 .00001
49 0 0
50 0 0
51 0 0
100 0 0
