*parity 0 married
birth 1 F married 0
14 0 0
15 0 .00029
16 0 .00066
17 0 .0264
18 0 .02842
19 0 .03637
20 0 .04977
21 0 .06414
22 0 .06787
23 0 .04336
24 0 .03916
25 0 .03134
26 0 .02821
27 0 .01278
28 0 .00662
29 0 .00192
30 0 .00091
31 0 .00006
32 0 0
33 0 .00019
34 0 .00098
35 0 .00129
36 0 .00176
37 0 .00267
38 0 .00268
39 0 .00282
40 0 .00368
41 0 .00389
42 0 .00536
43 0 .00488
44 0 .00633
45 0 .00597
46 0 .00674
47 0 .00524
48 0 .00834
49 0 .0082
50 0 .0098
51 0 .00814
100 0 0
*parity 0 single
birth 1 F single 0
14 0 0
15 0 .00001
16 0 .00003
17 0 .00008
18 0 .00018
19 0 .00034
20 0 .0005
21 0 .00055
22 0 .00058
23 0 .00061
24 0 .00054
25 0 .00038
26 0 .00025
27 0 .0002
28 0 .00012
29 0 .00006
30 0 .00003
31 0 0
32 0 0
33 0 .00001
34 0 .00007
35 0 .00021
36 0 .00036
37 0 .00033
38 0 .00069
39 0 .00087
40 0 .00083
41 0 .00131
42 0 .00179
43 0 .00077
44 0 .00113
45 0 .00121
46 0 .00218
47 0 .0011
48 0 .00001
49 0 .00216
50 0 .00001
51 0 .00396
100 0 0
*parity 0 widowed
birth 1 F widowed 0
14 0 0
15 0 .00001
16 0 .00003
17 0 .00009
18 0 .20663
19 0 .11234
20 0 .23824
21 0 .24628
22 0 .15522
23 0 .19536
24 0 .30076
25 0 .1075
26 0 .07078
27 0 .00009
28 0 .00766
29 0 .00405
30 0 .00075
31 0 .00007
32 0 0
33 0 .0002
34 0 .00034
35 0 .00039
36 0 .00052
37 0 .00093
38 0 .00059
39 0 .00061
40 0 .00055
41 0 .00064
42 0 .00041
43 0 .00089
44 0 .00079
45 0 .00051
46 0 .00069
47 0 .00077
48 0 .0003
49 0 .00182
50 0 .00056
51 0 .00167
100 0 0
*parity 0 divorced
birth 1 F divorced 0
14 0 0
15 0 .00001
16 0 .00003
17 0 .00009
18 0 .20663
19 0 .11234
20 0 .23824
21 0 .24628
22 0 .15522
23 0 .19536
24 0 .30076
25 0 .1075
26 0 .07078
27 0 .00009
28 0 .00766
29 0 .00405
30 0 .00075
31 0 .00007
32 0 0
33 0 .0002
34 0 .00034
35 0 .00039
36 0 .00052
37 0 .00093
38 0 .00059
39 0 .00061
40 0 .00055
41 0 .00064
42 0 .00041
43 0 .00089
44 0 .00079
45 0 .00051
46 0 .00069
47 0 .00077
48 0 .0003
49 0 .00182
50 0 .00056
51 0 .00167
100 0 0
*parity 1 married
birth 1 F married 1
14 0 0
15 0 .00027
16 0 .00034
17 0 .00058
18 0 .04404
19 0 .05071
20 0 .04466
21 0 .06975
22 0 .0766
23 0 .10053
24 0 .07901
25 0 .09859
26 0 .09152
27 0 .1286
28 0 .07556
29 0 .06997
30 0 .03316
31 0 .03367
32 0 .04851
33 0 .04631
34 0 .01267
35 0 .0114
36 0 .01553
37 0 .00972
38 0 .00981
39 0 .00613
40 0 .0061
41 0 .00632
42 0 .00575
43 0 .0047
44 0 .00465
45 0 .00363
46 0 .00615
47 0 .00605
48 0 .0056
49 0 .00304
50 0 .00653
51 0 .00889
100 0 0
*parity 1 single
birth 1 F single 1
14 0 0
15 0 .00001
16 0 .01639
17 0 .00002
18 0 .01843
19 0 .0534
20 0 .03763
21 0 .12147
22 0 .07136
23 0 .02409
24 0 .0664
25 0 .02895
26 0 .19276
27 0 .04862
28 0 .02601
29 0 .00696
30 0 .00192
31 0 .00077
32 0 .0004
33 0 .00035
34 0 .00042
35 0 .0008
36 0 .00132
37 0 .00075
38 0 .00084
39 0 .00084
40 0 .00091
41 0 .00161
42 0 .00093
43 0 .00095
44 0 .00121
45 0 .00126
46 0 .00224
47 0 .00001
48 0 .00001
49 0 .00431
50 0 .00001
51 0 .00132
100 0 0
*parity 1 widowed
birth 1 F widowed 1
14 0 0
15 0 .00001
16 0 .00002
17 0 .00003
18 0 .00006
19 0 .06751
20 0 .03964
21 0 .07678
22 0 .12027
23 0 .03322
24 0 .02798
25 0 .02252
26 0 .08123
27 0 .04609
28 0 .01196
29 0 .01612
30 0 .03395
31 0 .01437
32 0 .01615
33 0 .01067
34 0 .00714
35 0 .00759
36 0 .00334
37 0 .00236
38 0 .00171
39 0 .00121
40 0 .00136
41 0 .00079
42 0 .00059
43 0 .00077
44 0 .00064
45 0 .00053
46 0 .00038
47 0 .00065
48 0 .00037
49 0 .0003
50 0 .00039
51 0 .00042
100 0 0
*parity 1 divorced
birth 1 F divorced 1
14 0 0
15 0 .00001
16 0 .00002
17 0 .00003
18 0 .00006
19 0 .06751
20 0 .03964
21 0 .07678
22 0 .12027
23 0 .03322
24 0 .02798
25 0 .02252
26 0 .08123
27 0 .04609
28 0 .01196
29 0 .01612
30 0 .03395
31 0 .01437
32 0 .01615
33 0 .01067
34 0 .00714
35 0 .00759
36 0 .00334
37 0 .00236
38 0 .00171
39 0 .00121
40 0 .00136
41 0 .00079
42 0 .00059
43 0 .00077
44 0 .00064
45 0 .00053
46 0 .00038
47 0 .00065
48 0 .00037
49 0 .0003
50 0 .00039
51 0 .00042
100 0 0
*parity 2 married
birth 1 F married 2
14 0 0
15 0 .00027
16 0 .00027
17 0 .0003
18 0 .00044
19 0 .04063
20 0 .04569
21 0 .04078
22 0 .03194
23 0 .03155
24 0 .03197
25 0 .03729
26 0 .03569
27 0 .02716
28 0 .02738
29 0 .0287
30 0 .02444
31 0 .02234
32 0 .02216
33 0 .01904
34 0 .0173
35 0 .01527
36 0 .01468
37 0 .0142
38 0 .01296
39 0 .01309
40 0 .01116
41 0 .00813
42 0 .00666
43 0 .00511
44 0 .00396
45 0 .00282
46 0 .00183
47 0 .00131
48 0 .00095
49 0 .00075
50 0 .00062
51 0 .00057
100 0 0
*parity 2 single
birth 1 F single 2
14 0 0
15 0 .00001
16 0 .00001
17 0 .01416
18 0 .00002
19 0 .00003
20 0 .03886
21 0 .06689
22 0 .02976
23 0 .04686
24 0 .04273
25 0 .04833
26 0 .06915
27 0 .08207
28 0 .02788
29 0 .01849
30 0 .03077
31 0 .0119
32 0 .00953
33 0 .00843
34 0 .0072
35 0 .01765
36 0 .0094
37 0 .00413
38 0 .00488
39 0 .00398
40 0 .003
41 0 .00294
42 0 .00184
43 0 .00163
44 0 .00098
45 0 .00086
46 0 .00069
47 0 .00037
48 0 .0004
49 0 .00037
50 0 .00017
51 0 .00028
100 0 0
*parity 2 widowed
birth 1 F widowed 2
14 0 0
15 0 .00001
16 0 .00001
17 0 .00002
18 0 .00002
19 0 .00004
20 0 .04913
21 0 .03383
22 0 .02926
23 0 .02539
24 0 .04802
25 0 .03491
26 0 .01499
27 0 .01206
28 0 .01175
29 0 .01444
30 0 .00849
31 0 .00766
32 0 .00731
33 0 .00669
34 0 .00507
35 0 .00402
36 0 .00301
37 0 .00304
38 0 .00289
39 0 .00229
40 0 .00203
41 0 .00151
42 0 .00109
43 0 .00067
44 0 .00049
45 0 .00038
46 0 .00021
47 0 .00016
48 0 .0001
49 0 .00008
50 0 .00006
51 0 .00004
100 0 0
*parity 2 divorced
birth 1 F divorced 2
14 0 0
15 0 .00001
16 0 .00001
17 0 .00002
18 0 .00002
19 0 .00004
20 0 .04913
21 0 .03383
22 0 .02926
23 0 .02539
24 0 .04802
25 0 .03491
26 0 .01499
27 0 .01206
28 0 .01175
29 0 .01444
30 0 .00849
31 0 .00766
32 0 .00731
33 0 .00669
34 0 .00507
35 0 .00402
36 0 .00301
37 0 .00304
38 0 .00289
39 0 .00229
40 0 .00203
41 0 .00151
42 0 .00109
43 0 .00067
44 0 .00049
45 0 .00038
46 0 .00021
47 0 .00016
48 0 .0001
49 0 .00008
50 0 .00006
51 0 .00004
100 0 0
