*parity 0 married
birth 1 F married 0
14 0 0
15 0 .00015
16 0 .00062
17 0 .02983
18 0 .02325
19 0 .02362
20 0 .02078
21 0 .0201
22 0 .01839
23 0 .01508
24 0 .01629
25 0 .01431
26 0 .01173
27 0 .01004
28 0 .00834
29 0 .00758
30 0 .00685
31 0 .00624
32 0 .00468
33 0 .00344
34 0 .00334
35 0 .00265
36 0 .002
37 0 .00158
38 0 .00119
39 0 .00079
40 0 .0006
41 0 .00041
42 0 .00027
43 0 .00017
44 0 .00011
45 0 .00006
46 0 .00003
47 0 .00002
48 0 .00001
49 0 0
50 0 0
51 0 0
100 0 0
*parity 0 single
birth 1 F single 0
14 0 0
15 0 .00007
16 0 .00031
17 0 .00062
18 0 .0011
19 0 .00166
20 0 .00217
21 0 .00249
22 0 .00261
23 0 .00274
24 0 .00277
25 0 .00285
26 0 .00306
27 0 .00344
28 0 .00389
29 0 .00408
30 0 .0043
31 0 .00472
32 0 .00432
33 0 .00397
34 0 .00361
35 0 .00367
36 0 .00383
37 0 .00308
38 0 .00296
39 0 .00222
40 0 .0017
41 0 .00166
42 0 .0011
43 0 .00072
44 0 .00058
45 0 .00038
46 0 .00021
47 0 .00016
48 0 .00008
49 0 .00002
50 0 0
51 0 0
100 0 0
*parity 0 widowed
birth 1 F widowed 0
14 0 0
15 0 .00004
16 0 .00015
17 0 .78332
18 0 .25317
19 0 .35161
20 0 .00077
21 0 .28771
22 0 .19832
23 0 .2408
24 0 .0875
25 0 .11091
26 0 .09432
27 0 .06645
28 0 .08033
29 0 .03134
30 0 .01546
31 0 .00744
32 0 .00783
33 0 .00472
34 0 .00395
35 0 .00354
36 0 .00296
37 0 .00133
38 0 .00104
39 0 .00073
40 0 .00041
41 0 .00027
42 0 .00017
43 0 .00009
44 0 .00006
45 0 .00003
46 0 .00002
47 0 .00001
48 0 0
49 0 0
50 0 0
51 0 0
100 0 0
*parity 0 divorced
birth 1 F divorced 0
14 0 0
15 0 .00004
16 0 .00015
17 0 .78332
18 0 .25317
19 0 .35161
20 0 .00077
21 0 .28771
22 0 .19832
23 0 .2408
24 0 .0875
25 0 .11091
26 0 .09432
27 0 .06645
28 0 .08033
29 0 .03134
30 0 .01546
31 0 .00744
32 0 .00783
33 0 .00472
34 0 .00395
35 0 .00354
36 0 .00296
37 0 .00133
38 0 .00104
39 0 .00073
40 0 .00041
41 0 .00027
42 0 .00017
43 0 .00009
44 0 .00006
45 0 .00003
46 0 .00002
47 0 .00001
48 0 0
49 0 0
50 0 0
51 0 0
100 0 0
*parity 1 married
birth 1 F married 1
14 0 0
15 0 0
16 0 .00004
17 0 .17588
18 0 .02501
19 0 .01506
20 0 .01776
21 0 .01964
22 0 .01881
23 0 .01924
24 0 .02099
25 0 .02077
26 0 .01863
27 0 .01953
28 0 .02127
29 0 .01728
30 0 .01998
31 0 .01784
32 0 .01619
33 0 .01988
34 0 .01868
35 0 .01625
36 0 .01557
37 0 .01212
38 0 .00864
39 0 .00789
40 0 .00595
41 0 .00662
42 0 .00362
43 0 .00221
44 0 .00221
45 0 .00224
46 0 .00065
47 0 .00019
48 0 .00011
49 0 .00008
50 0 .00002
51 0 .00001
100 0 0
*parity 1 single
birth 1 F single 1
14 0 0
15 0 0
16 0 .04505
17 0 .0248
18 0 .03514
19 0 .03203
20 0 .0303
21 0 .02371
22 0 .02652
23 0 .03043
24 0 .02502
25 0 .03237
26 0 .04083
27 0 .03903
28 0 .03808
29 0 .05489
30 0 .05059
31 0 .04403
32 0 .06073
33 0 .09814
34 0 .10758
35 0 .06818
36 0 .06259
37 0 .11966
38 0 .03414
39 0 .04771
40 0 .06613
41 0 .02531
42 0 .05893
43 0 .00003
44 0 .01962
45 0 .00552
46 0 0
47 0 0
48 0 0
49 0 0
50 0 0
51 0 0
100 0 0
*parity 1 widowed
birth 1 F widowed 1
14 0 0
15 0 0
16 0 .00001
17 0 .00003
18 0 .02477
19 0 .02833
20 0 .0179
21 0 .01883
22 0 .01977
23 0 .01385
24 0 .01175
25 0 .01035
26 0 .01014
27 0 .00834
28 0 .00957
29 0 .00902
30 0 .01595
31 0 .01872
32 0 .01533
33 0 .01742
34 0 .01432
35 0 .00986
36 0 .0069
37 0 .00584
38 0 .0046
39 0 .00333
40 0 .00269
41 0 .00275
42 0 .0018
43 0 .00044
44 0 .00035
45 0 .00038
46 0 .00008
47 0 .00006
48 0 .00002
49 0 .00002
50 0 0
51 0 0
100 0 0
*parity 1 divorced
birth 1 F divorced 1
14 0 0
15 0 0
16 0 .00001
17 0 .00003
18 0 .02477
19 0 .02833
20 0 .0179
21 0 .01883
22 0 .01977
23 0 .01385
24 0 .01175
25 0 .01035
26 0 .01014
27 0 .00834
28 0 .00957
29 0 .00902
30 0 .01595
31 0 .01872
32 0 .01533
33 0 .01742
34 0 .01432
35 0 .00986
36 0 .0069
37 0 .00584
38 0 .0046
39 0 .00333
40 0 .00269
41 0 .00275
42 0 .0018
43 0 .00044
44 0 .00035
45 0 .00038
46 0 .00008
47 0 .00006
48 0 .00002
49 0 .00002
50 0 0
51 0 0
100 0 0
*parity 2 married
birth 1 F married 2
14 0 0
15 0 0
16 0 0
17 0 .00001
18 0 .00005
19 0 .03617
20 0 .01875
21 0 .01541
22 0 .01516
23 0 .0153
24 0 .01195
25 0 .01203
26 0 .0111
27 0 .00978
28 0 .00836
29 0 .00787
30 0 .00729
31 0 .00604
32 0 .00602
33 0 .00546
34 0 .00478
35 0 .00433
36 0 .00381
37 0 .00352
38 0 .00301
39 0 .0029
40 0 .00237
41 0 .00181
42 0 .00145
43 0 .00121
44 0 .00078
45 0 .00054
46 0 .00033
47 0 .00019
48 0 .0001
49 0 .00005
50 0 .00002
51 0 .00001
100 0 0
*parity 2 single
birth 1 F single 2
14 0 0
15 0 0
16 0 0
17 0 .00001
18 0 .01511
19 0 .05951
20 0 .03365
21 0 .02439
22 0 .02562
23 0 .02392
24 0 .02461
25 0 .02057
26 0 .02153
27 0 .02044
28 0 .02199
29 0 .02738
30 0 .01907
31 0 .02743
32 0 .02471
33 0 .02667
34 0 .02466
35 0 .02593
36 0 .04264
37 0 .03687
38 0 .03935
39 0 .03628
40 0 .04476
41 0 .07186
42 0 .03799
43 0 .12381
44 0 .01859
45 0 .01912
46 0 .00005
47 0 .03504
48 0 .00899
49 0 .00941
50 0 .0019
51 0 .00073
100 0 0
*parity 2 widowed
birth 1 F widowed 2
14 0 0
15 0 0
16 0 0
17 0 0
18 0 .00001
19 0 .08713
20 0 .00007
21 0 .05753
22 0 .04548
23 0 .05388
24 0 .04003
25 0 .01734
26 0 .01584
27 0 .01207
28 0 .00899
29 0 .0075
30 0 .00509
31 0 .00453
32 0 .00387
33 0 .00349
34 0 .00272
35 0 .0023
36 0 .00196
37 0 .00177
38 0 .00164
39 0 .00124
40 0 .00108
41 0 .00075
42 0 .00055
43 0 .00038
44 0 .00029
45 0 .00019
46 0 .00011
47 0 .00006
48 0 .00003
49 0 .00002
50 0 .00001
51 0 0
100 0 0
*parity 2 divorced
birth 1 F divorced 2
14 0 0
15 0 0
16 0 0
17 0 0
18 0 .00001
19 0 .08713
20 0 .00007
21 0 .05753
22 0 .04548
23 0 .05388
24 0 .04003
25 0 .01734
26 0 .01584
27 0 .01207
28 0 .00899
29 0 .0075
30 0 .00509
31 0 .00453
32 0 .00387
33 0 .00349
34 0 .00272
35 0 .0023
36 0 .00196
37 0 .00177
38 0 .00164
39 0 .00124
40 0 .00108
41 0 .00075
42 0 .00055
43 0 .00038
44 0 .00029
45 0 .00019
46 0 .00011
47 0 .00006
48 0 .00003
49 0 .00002
50 0 .00001
51 0 0
100 0 0
