*parity 0 married
birth 1 F married 0
14 0 0
15 0 .00022
16 0 .00091
17 0 .05377
18 0 .05291
19 0 .05292
20 0 .04977
21 0 .05076
22 0 .0669
23 0 .06179
24 0 .09142
25 0 .06932
26 0 .11222
27 0 .05287
28 0 .03853
29 0 .02418
30 0 .01977
31 0 .01835
32 0 .01638
33 0 .01057
34 0 .00749
35 0 .00635
36 0 .0051
37 0 .00373
38 0 .00322
39 0 .00257
40 0 .00165
41 0 .0012
42 0 .00068
43 0 .00042
44 0 .00025
45 0 .00014
46 0 .00009
47 0 .00005
48 0 .00003
49 0 .00001
50 0 0
51 0 0
100 0 0
*parity 0 single
birth 1 F single 0
14 0 0
15 0 .00003
16 0 .00011
17 0 .00022
18 0 .00038
19 0 .00056
20 0 .0007
21 0 .00077
22 0 .00075
23 0 .00078
24 0 .00077
25 0 .00078
26 0 .00079
27 0 .00082
28 0 .0009
29 0 .00102
30 0 .00099
31 0 .00108
32 0 .00114
33 0 .00098
34 0 .00121
35 0 .00109
36 0 .00083
37 0 .00091
38 0 .00076
39 0 .0008
40 0 .00077
41 0 .0006
42 0 .00043
43 0 .00038
44 0 .00025
45 0 .00025
46 0 .00017
47 0 .00006
48 0 .00003
49 0 .00001
50 0 0
51 0 0
100 0 0
*parity 0 widowed
birth 1 F widowed 0
14 0 0
15 0 .00001
16 0 .00004
17 0 .00009
18 0 .07199
19 0 .14834
20 0 .34023
21 0 .33703
22 0 .07896
23 0 .15346
24 0 .26977
25 0 .06222
26 0 .10762
27 0 .18982
28 0 .17053
29 0 .03717
30 0 .04084
31 0 .02165
32 0 .04431
33 0 .00718
34 0 .00335
35 0 .00162
36 0 .00086
37 0 .00101
38 0 .00065
39 0 .00038
40 0 .00025
41 0 .00011
42 0 .00007
43 0 .00005
44 0 .00003
45 0 .00001
46 0 .00001
47 0 0
48 0 0
49 0 0
50 0 0
51 0 0
100 0 0
*parity 0 divorced
birth 1 F divorced 0
14 0 0
15 0 .00001
16 0 .00004
17 0 .00009
18 0 .07199
19 0 .14834
20 0 .34023
21 0 .33703
22 0 .07896
23 0 .15346
24 0 .26977
25 0 .06222
26 0 .10762
27 0 .18982
28 0 .17053
29 0 .03717
30 0 .04084
31 0 .02165
32 0 .04431
33 0 .00718
34 0 .00335
35 0 .00162
36 0 .00086
37 0 .00101
38 0 .00065
39 0 .00038
40 0 .00025
41 0 .00011
42 0 .00007
43 0 .00005
44 0 .00003
45 0 .00001
46 0 .00001
47 0 0
48 0 0
49 0 0
50 0 0
51 0 0
100 0 0
*parity 1 married
birth 1 F married 1
14 0 0
15 0 0
16 0 .00005
17 0 .00018
18 0 .02106
19 0 .0201
20 0 .0279
21 0 .03127
22 0 .03139
23 0 .02241
24 0 .01933
25 0 .02013
26 0 .01814
27 0 .01717
28 0 .01697
29 0 .01491
30 0 .0143
31 0 .01157
32 0 .0102
33 0 .01071
34 0 .01018
35 0 .00779
36 0 .00783
37 0 .00738
38 0 .00631
39 0 .0041
40 0 .00302
41 0 .002
42 0 .00133
43 0 .00087
44 0 .0005
45 0 .00031
46 0 .00018
47 0 .00008
48 0 .00003
49 0 .00001
50 0 0
51 0 0
100 0 0
*parity 1 single
birth 1 F single 1
14 0 0
15 0 0
16 0 .00001
17 0 .0118
18 0 .00006
19 0 .02657
20 0 .05912
21 0 .03923
22 0 .04703
23 0 .02032
24 0 .03034
25 0 .06833
26 0 .02639
27 0 .03885
28 0 .14808
29 0 .08242
30 0 .06009
31 0 .16904
32 0 .29316
33 0 .12516
34 0 .00017
35 0 .00014
36 0 .05531
37 0 .03954
38 0 .00007
39 0 .07433
40 0 .00004
41 0 .03829
42 0 .02615
43 0 .01644
44 0 .00001
45 0 .00257
46 0 .00268
47 0 0
48 0 .00053
49 0 .00017
50 0 0
51 0 0
100 0 0
*parity 1 widowed
birth 1 F widowed 1
14 0 0
15 0 0
16 0 0
17 0 .00001
18 0 .00002
19 0 .07512
20 0 .01194
21 0 .01584
22 0 .01726
23 0 .00963
24 0 .0063
25 0 .00581
26 0 .00563
27 0 .00471
28 0 .00366
29 0 .0034
30 0 .0028
31 0 .00198
32 0 .00144
33 0 .00128
34 0 .00099
35 0 .00096
36 0 .00103
37 0 .00049
38 0 .0004
39 0 .00032
40 0 .00022
41 0 .00012
42 0 .0001
43 0 .00005
44 0 .00003
45 0 .00002
46 0 .00001
47 0 0
48 0 0
49 0 0
50 0 0
51 0 0
100 0 0
*parity 1 divorced
birth 1 F divorced 1
14 0 0
15 0 0
16 0 0
17 0 .00001
18 0 .00002
19 0 .07512
20 0 .01194
21 0 .01584
22 0 .01726
23 0 .00963
24 0 .0063
25 0 .00581
26 0 .00563
27 0 .00471
28 0 .00366
29 0 .0034
30 0 .0028
31 0 .00198
32 0 .00144
33 0 .00128
34 0 .00099
35 0 .00096
36 0 .00103
37 0 .00049
38 0 .0004
39 0 .00032
40 0 .00022
41 0 .00012
42 0 .0001
43 0 .00005
44 0 .00003
45 0 .00002
46 0 .00001
47 0 0
48 0 0
49 0 0
50 0 0
51 0 0
100 0 0
*parity 2 married
birth 1 F married 2
14 0 0
15 0 0
16 0 0
17 0 .00002
18 0 .00006
19 0 .01026
20 0 .00795
21 0 .00883
22 0 .01134
23 0 .01409
24 0 .01513
25 0 .01369
26 0 .01189
27 0 .01224
28 0 .01085
29 0 .00964
30 0 .0094
31 0 .00856
32 0 .00754
33 0 .00723
34 0 .00618
35 0 .00567
36 0 .00507
37 0 .00432
38 0 .00366
39 0 .00306
40 0 .00273
41 0 .00219
42 0 .00175
43 0 .00126
44 0 .00094
45 0 .00064
46 0 .00036
47 0 .0002
48 0 .00011
49 0 .00006
50 0 .00002
51 0 .00001
100 0 0
*parity 2 single
birth 1 F single 2
14 0 0
15 0 0
16 0 0
17 0 0
18 0 .00001
19 0 .01166
20 0 .01092
21 0 .02732
22 0 .0139
23 0 .02297
24 0 .01685
25 0 .01415
26 0 .02026
27 0 .01369
28 0 .01533
29 0 .01665
30 0 .02355
31 0 .01822
32 0 .01671
33 0 .01705
34 0 .02347
35 0 .0188
36 0 .02418
37 0 .01961
38 0 .02356
39 0 .02156
40 0 .02115
41 0 .01738
42 0 .01066
43 0 .01726
44 0 .01114
45 0 .0122
46 0 .01486
47 0 .00334
48 0 .00169
49 0 .00084
50 0 .00154
51 0 .00063
100 0 0
*parity 2 widowed
birth 1 F widowed 2
14 0 0
15 0 0
16 0 0
17 0 0
18 0 0
19 0 .00707
20 0 .00617
21 0 .00502
22 0 .00562
23 0 .00635
24 0 .0051
25 0 .00518
26 0 .00477
27 0 .00393
28 0 .00262
29 0 .00319
30 0 .00235
31 0 .00186
32 0 .00169
33 0 .00127
34 0 .00108
35 0 .00094
36 0 .00071
37 0 .00062
38 0 .00048
39 0 .00041
40 0 .0003
41 0 .00025
42 0 .00017
43 0 .00012
44 0 .00008
45 0 .00005
46 0 .00003
47 0 .00002
48 0 .00001
49 0 .00001
50 0 0
51 0 0
100 0 0
*parity 2 divorced
birth 1 F divorced 2
14 0 0
15 0 0
16 0 0
17 0 0
18 0 0
19 0 .00707
20 0 .00617
21 0 .00502
22 0 .00562
23 0 .00635
24 0 .0051
25 0 .00518
26 0 .00477
27 0 .00393
28 0 .00262
29 0 .00319
30 0 .00235
31 0 .00186
32 0 .00169
33 0 .00127
34 0 .00108
35 0 .00094
36 0 .00071
37 0 .00062
38 0 .00048
39 0 .00041
40 0 .0003
41 0 .00025
42 0 .00017
43 0 .00012
44 0 .00008
45 0 .00005
46 0 .00003
47 0 .00002
48 0 .00001
49 0 .00001
50 0 0
51 0 0
100 0 0
