*parity 0 married
birth 1 F married 0
14 0 0
15 0 .00018
16 0 .00072
17 0 .06529
18 0 .0491
19 0 .06083
20 0 .10178
21 0 .15052
22 0 .25855
23 0 .3404
24 0 .40072
25 0 .55066
26 0 .52651
27 0 .38959
28 0 .52414
29 0 .1679
30 0 .50462
31 0 1
32 0 1
33 0 .37149
34 0 .02376
35 0 .00797
36 0 .00468
37 0 .00456
38 0 .00346
39 0 .00219
40 0 .00133
41 0 .00091
42 0 .00067
43 0 .00036
44 0 .00028
45 0 .00018
46 0 .00009
47 0 .00005
48 0 .00003
49 0 .00001
50 0 0
51 0 0
100 0 0
*parity 0 single
birth 1 F single 0
14 0 0
15 0 .00006
16 0 .00025
17 0 .00048
18 0 .00081
19 0 .00115
20 0 .00135
21 0 .0015
22 0 .00144
23 0 .00146
24 0 .00141
25 0 .0014
26 0 .0014
27 0 .00144
28 0 .00136
29 0 .00129
30 0 .00125
31 0 .00107
32 0 .00094
33 0 .00091
34 0 .00088
35 0 .00091
36 0 .00095
37 0 .00079
38 0 .00079
39 0 .00074
40 0 .00058
41 0 .00045
42 0 .00045
43 0 .00032
44 0 .0002
45 0 .00017
46 0 .00014
47 0 .00007
48 0 .00003
49 0 .00001
50 0 0
51 0 0
100 0 0
*parity 0 widowed
birth 1 F widowed 0
14 0 0
15 0 .00001
16 0 .00005
17 0 .14774
18 0 .03224
19 0 .1527
20 0 .16914
21 0 .11353
22 0 .03656
23 0 .31291
24 0 .28335
25 0 .00019
26 0 .26061
27 0 .24794
28 0 .11119
29 0 .00014
30 0 .17841
31 0 .0001
32 0 .00008
33 0 .00007
34 0 .02058
35 0 .00498
36 0 .00383
37 0 .00179
38 0 .001
39 0 .00062
40 0 .00035
41 0 .0002
42 0 .00011
43 0 .00005
44 0 .00003
45 0 .00003
46 0 .00001
47 0 .00001
48 0 0
49 0 0
50 0 0
51 0 0
100 0 0
*parity 0 divorced
birth 1 F divorced 0
14 0 0
15 0 .00001
16 0 .00005
17 0 .14774
18 0 .03224
19 0 .1527
20 0 .16914
21 0 .11353
22 0 .03656
23 0 .31291
24 0 .28335
25 0 .00019
26 0 .26061
27 0 .24794
28 0 .11119
29 0 .00014
30 0 .17841
31 0 .0001
32 0 .00008
33 0 .00007
34 0 .02058
35 0 .00498
36 0 .00383
37 0 .00179
38 0 .001
39 0 .00062
40 0 .00035
41 0 .0002
42 0 .00011
43 0 .00005
44 0 .00003
45 0 .00003
46 0 .00001
47 0 .00001
48 0 0
49 0 0
50 0 0
51 0 0
100 0 0
*parity 1 married
birth 1 F married 1
14 0 0
15 0 0
16 0 .00004
17 0 .21233
18 0 .022
19 0 .01696
20 0 .02129
21 0 .01768
22 0 .02266
23 0 .02251
24 0 .02789
25 0 .02684
26 0 .03089
27 0 .02959
28 0 .02897
29 0 .03812
30 0 .04216
31 0 .0363
32 0 .02835
33 0 .02118
34 0 .01497
35 0 .01566
36 0 .01117
37 0 .00737
38 0 .00535
39 0 .00344
40 0 .00286
41 0 .00188
42 0 .00151
43 0 .00086
44 0 .00054
45 0 .00022
46 0 .00012
47 0 .00006
48 0 .00003
49 0 .00001
50 0 0
51 0 0
100 0 0
*parity 1 single
birth 1 F single 1
14 0 0
15 0 0
16 0 .00001
17 0 .07372
18 0 .02037
19 0 .01587
20 0 .02007
21 0 .0173
22 0 .0286
23 0 .02035
24 0 .03066
25 0 .02605
26 0 .02069
27 0 .01707
28 0 .0461
29 0 .07658
30 0 .03741
31 0 .02486
32 0 .03891
33 0 .04459
34 0 .03639
35 0 .0275
36 0 .09695
37 0 .07419
38 0 .05572
39 0 .17188
40 0 .05799
41 0 .04141
42 0 .02718
43 0 .03043
44 0 .00001
45 0 .00001
46 0 0
47 0 0
48 0 0
49 0 .00031
50 0 .0001
51 0 0
100 0 0
*parity 1 widowed
birth 1 F widowed 1
14 0 0
15 0 0
16 0 0
17 0 .00001
18 0 .00933
19 0 .01062
20 0 .01144
21 0 .00485
22 0 .00458
23 0 .00499
24 0 .00441
25 0 .00359
26 0 .00491
27 0 .00369
28 0 .00358
29 0 .00347
30 0 .00312
31 0 .00285
32 0 .00222
33 0 .00211
34 0 .00165
35 0 .00111
36 0 .00082
37 0 .00056
38 0 .00041
39 0 .00023
40 0 .00019
41 0 .00013
42 0 .00007
43 0 .00004
44 0 .00003
45 0 .00001
46 0 .00001
47 0 0
48 0 0
49 0 0
50 0 0
51 0 0
100 0 0
*parity 1 divorced
birth 1 F divorced 1
14 0 0
15 0 0
16 0 0
17 0 .00001
18 0 .00933
19 0 .01062
20 0 .01144
21 0 .00485
22 0 .00458
23 0 .00499
24 0 .00441
25 0 .00359
26 0 .00491
27 0 .00369
28 0 .00358
29 0 .00347
30 0 .00312
31 0 .00285
32 0 .00222
33 0 .00211
34 0 .00165
35 0 .00111
36 0 .00082
37 0 .00056
38 0 .00041
39 0 .00023
40 0 .00019
41 0 .00013
42 0 .00007
43 0 .00004
44 0 .00003
45 0 .00001
46 0 .00001
47 0 0
48 0 0
49 0 0
50 0 0
51 0 0
100 0 0
*parity 2 married
birth 1 F married 2
14 0 0
15 0 0
16 0 0
17 0 .00001
18 0 .00004
19 0 .0269
20 0 .01456
21 0 .01446
22 0 .01556
23 0 .01605
24 0 .01415
25 0 .0138
26 0 .01298
27 0 .01186
28 0 .01143
29 0 .01067
30 0 .00963
31 0 .0091
32 0 .00878
33 0 .00734
34 0 .00639
35 0 .00542
36 0 .00485
37 0 .00406
38 0 .0036
39 0 .0032
40 0 .00262
41 0 .00202
42 0 .00146
43 0 .00109
44 0 .00075
45 0 .0005
46 0 .00033
47 0 .00018
48 0 .00009
49 0 .00005
50 0 .00002
51 0 .00001
100 0 0
*parity 2 single
birth 1 F single 2
14 0 0
15 0 0
16 0 0
17 0 0
18 0 .00763
19 0 .0218
20 0 .01706
21 0 .01447
22 0 .0137
23 0 .01177
24 0 .01132
25 0 .01419
26 0 .01271
27 0 .01468
28 0 .01127
29 0 .00931
30 0 .01032
31 0 .01024
32 0 .00917
33 0 .00875
34 0 .00921
35 0 .01143
36 0 .01147
37 0 .01258
38 0 .00933
39 0 .01141
40 0 .00924
41 0 .01132
42 0 .00688
43 0 .00819
44 0 .0053
45 0 .00788
46 0 .00214
47 0 .0048
48 0 .00236
49 0 .00073
50 0 .00026
51 0 .00014
100 0 0
*parity 2 widowed
birth 1 F widowed 2
14 0 0
15 0 0
16 0 0
17 0 0
18 0 0
19 0 .00001
20 0 .00927
21 0 .00716
22 0 .00868
23 0 .00317
24 0 .00369
25 0 .0034
26 0 .00228
27 0 .00201
28 0 .00183
29 0 .00154
30 0 .00112
31 0 .00115
32 0 .001
33 0 .00074
34 0 .00069
35 0 .00057
36 0 .00045
37 0 .0004
38 0 .0003
39 0 .00025
40 0 .0002
41 0 .00015
42 0 .0001
43 0 .00008
44 0 .00005
45 0 .00003
46 0 .00002
47 0 .00001
48 0 .00001
49 0 0
50 0 0
51 0 0
100 0 0
*parity 2 divorced
birth 1 F divorced 2
14 0 0
15 0 0
16 0 0
17 0 0
18 0 0
19 0 .00001
20 0 .00927
21 0 .00716
22 0 .00868
23 0 .00317
24 0 .00369
25 0 .0034
26 0 .00228
27 0 .00201
28 0 .00183
29 0 .00154
30 0 .00112
31 0 .00115
32 0 .001
33 0 .00074
34 0 .00069
35 0 .00057
36 0 .00045
37 0 .0004
38 0 .0003
39 0 .00025
40 0 .0002
41 0 .00015
42 0 .0001
43 0 .00008
44 0 .00005
45 0 .00003
46 0 .00002
47 0 .00001
48 0 .00001
49 0 0
50 0 0
51 0 0
100 0 0
