*parity 0 married
birth 1 F married 0
14 0 0
15 0 .0003
16 0 .00062
17 0 .02458
18 0 .02463
19 0 .03019
20 0 .0432
21 0 .04684
22 0 .04371
23 0 .03296
24 0 .02864
25 0 .01984
26 0 .01213
27 0 .00737
28 0 .00345
29 0 .00136
30 0 .00049
31 0 0
32 0 0
33 0 .00013
34 0 .00046
35 0 .00079
36 0 .00093
37 0 .00114
38 0 .00129
39 0 .00151
40 0 .00147
41 0 .00132
42 0 .00137
43 0 .00145
44 0 .0014
45 0 .00145
46 0 .00143
47 0 .00146
48 0 .00161
49 0 .00158
50 0 .00169
51 0 .00163
100 0 0
*parity 0 single
birth 1 F single 0
14 0 0
15 0 .00002
16 0 .00003
17 0 .0001
18 0 .00023
19 0 .00043
20 0 .00062
21 0 .00075
22 0 .00087
23 0 .0009
24 0 .00081
25 0 .00078
26 0 .00055
27 0 .00036
28 0 .00021
29 0 .0001
30 0 .00004
31 0 0
32 0 0
33 0 .00002
34 0 .00007
35 0 .00013
36 0 .00022
37 0 .00022
38 0 .00025
39 0 .00043
40 0 .0004
41 0 .00047
42 0 .00058
43 0 .00059
44 0 .00076
45 0 .00074
46 0 .00086
47 0 .00091
48 0 .00075
49 0 .00081
50 0 .00069
51 0 .00076
100 0 0
*parity 0 widowed
birth 1 F widowed 0
14 0 0
15 0 .00004
16 0 .00009
17 0 .34403
18 0 .3775
19 0 .31584
20 0 .79884
21 0 .41579
22 0 .88241
23 0 .45483
24 0 .27429
25 0 .09427
26 0 .06593
27 0 .02966
28 0 .01995
29 0 .0036
30 0 .00085
31 0 0
32 0 0
33 0 .00015
34 0 .00046
35 0 .00064
36 0 .00065
37 0 .00073
38 0 .00098
39 0 .00071
40 0 .00074
41 0 .00063
42 0 .00057
43 0 .00048
44 0 .00055
45 0 .00052
46 0 .00041
47 0 .0004
48 0 .00051
49 0 .00042
50 0 .00037
51 0 .00034
100 0 0
*parity 0 divorced
birth 1 F divorced 0
14 0 0
15 0 .00004
16 0 .00009
17 0 .34403
18 0 .3775
19 0 .31584
20 0 .79884
21 0 .41579
22 0 .88241
23 0 .45483
24 0 .27429
25 0 .09427
26 0 .06593
27 0 .02966
28 0 .01995
29 0 .0036
30 0 .00085
31 0 0
32 0 0
33 0 .00015
34 0 .00046
35 0 .00064
36 0 .00065
37 0 .00073
38 0 .00098
39 0 .00071
40 0 .00074
41 0 .00063
42 0 .00057
43 0 .00048
44 0 .00055
45 0 .00052
46 0 .00041
47 0 .0004
48 0 .00051
49 0 .00042
50 0 .00037
51 0 .00034
100 0 0
*parity 1 married
birth 1 F married 1
14 0 0
15 0 .0003
16 0 .00036
17 0 .82581
18 0 .06941
19 0 .04613
20 0 .04564
21 0 .06168
22 0 .05395
23 0 .05181
24 0 .05125
25 0 .05704
26 0 .05231
27 0 .04377
28 0 .03658
29 0 .03789
30 0 .03742
31 0 .02355
32 0 .01896
33 0 .01822
34 0 .02397
35 0 .01471
36 0 .01655
37 0 .01653
38 0 .01465
39 0 .01161
40 0 .016
41 0 .01436
42 0 .00881
43 0 .01147
44 0 .00755
45 0 .00965
46 0 .01198
47 0 .0103
48 0 .00743
49 0 .00754
50 0 .00878
51 0 .01021
100 0 0
*parity 1 single
birth 1 F single 1
14 0 0
15 0 .00002
16 0 .00002
17 0 .04662
18 0 .05094
19 0 .09897
20 0 .0773
21 0 .06674
22 0 .06587
23 0 .04095
24 0 .07861
25 0 .03961
26 0 .07029
27 0 .03848
28 0 .06334
29 0 .14118
30 0 .05282
31 0 .00006
32 0 .00004
33 0 .00003
34 0 .03383
35 0 .0357
36 0 .03644
37 0 .0196
38 0 .00003
39 0 .00003
40 0 .00003
41 0 .03082
42 0 .00002
43 0 .00002
44 0 .00002
45 0 .00002
46 0 .00002
47 0 .00002
48 0 .00002
49 0 .00596
50 0 .00002
51 0 .00002
100 0 0
*parity 1 widowed
birth 1 F widowed 1
14 0 0
15 0 .00004
16 0 .00005
17 0 .00008
18 0 .13295
19 0 .0738
20 0 .0807
21 0 .03732
22 0 .02926
23 0 .03288
24 0 .02798
25 0 .01782
26 0 .01951
27 0 .01496
28 0 .02156
29 0 .01417
30 0 .04595
31 0 .03238
32 0 .0257
33 0 .0161
34 0 .00736
35 0 .00345
36 0 .00732
37 0 .00731
38 0 .00528
39 0 .00417
40 0 .00436
41 0 .0035
42 0 .00364
43 0 .00244
44 0 .00246
45 0 .00284
46 0 .00196
47 0 .00147
48 0 .00224
49 0 .00179
50 0 .00181
51 0 .00198
100 0 0
*parity 1 divorced
birth 1 F divorced 1
14 0 0
15 0 .00004
16 0 .00005
17 0 .00008
18 0 .13295
19 0 .0738
20 0 .0807
21 0 .03732
22 0 .02926
23 0 .03288
24 0 .02798
25 0 .01782
26 0 .01951
27 0 .01496
28 0 .02156
29 0 .01417
30 0 .04595
31 0 .03238
32 0 .0257
33 0 .0161
34 0 .00736
35 0 .00345
36 0 .00732
37 0 .00731
38 0 .00528
39 0 .00417
40 0 .00436
41 0 .0035
42 0 .00364
43 0 .00244
44 0 .00246
45 0 .00284
46 0 .00196
47 0 .00147
48 0 .00224
49 0 .00179
50 0 .00181
51 0 .00198
100 0 0
*parity 2 married
birth 1 F married 2
14 0 0
15 0 .00029
16 0 .0003
17 0 .00032
18 0 .00045
19 0 .07313
20 0 .04628
21 0 .03839
22 0 .02986
23 0 .03204
24 0 .03192
25 0 .028
26 0 .0289
27 0 .02893
28 0 .02682
29 0 .02631
30 0 .02519
31 0 .02404
32 0 .02465
33 0 .02355
34 0 .02248
35 0 .02121
36 0 .01896
37 0 .01841
38 0 .0177
39 0 .01485
40 0 .01392
41 0 .01176
42 0 .00901
43 0 .00677
44 0 .0051
45 0 .00338
46 0 .00247
47 0 .00186
48 0 .00137
49 0 .00104
50 0 .00099
51 0 .00089
100 0 0
*parity 2 single
birth 1 F single 2
14 0 0
15 0 .00002
16 0 .00002
17 0 .00002
18 0 .00003
19 0 .07019
20 0 .13064
21 0 .07441
22 0 .07755
23 0 .09622
24 0 .05553
25 0 .05546
26 0 .06927
27 0 .05881
28 0 .09009
29 0 .08072
30 0 .09227
31 0 .08925
32 0 .09064
33 0 .09929
34 0 .13895
35 0 .07034
36 0 .52359
37 0 .08573
38 0 .1486
39 0 .06944
40 0 .11737
41 0 .28553
42 0 .03747
43 0 .00014
44 0 .0422
45 0 .08933
46 0 .00005
47 0 .01446
48 0 .01631
49 0 .02458
50 0 .02026
51 0 .00891
100 0 0
*parity 2 widowed
birth 1 F widowed 2
14 0 0
15 0 .00004
16 0 .00004
17 0 .00005
18 0 .00007
19 0 .00012
20 0 .34093
21 0 .1942
22 0 .10119
23 0 .11415
24 0 .07591
25 0 .08271
26 0 .06415
27 0 .0266
28 0 .02443
29 0 .01739
30 0 .01493
31 0 .01202
32 0 .01104
33 0 .01016
34 0 .00924
35 0 .00781
36 0 .00865
37 0 .00692
38 0 .00531
39 0 .0051
40 0 .00407
41 0 .00312
42 0 .00247
43 0 .00165
44 0 .00131
45 0 .00095
46 0 .00062
47 0 .00045
48 0 .00027
49 0 .00025
50 0 .00018
51 0 .00017
100 0 0
*parity 2 divorced
birth 1 F divorced 2
14 0 0
15 0 .00004
16 0 .00004
17 0 .00005
18 0 .00007
19 0 .00012
20 0 .34093
21 0 .1942
22 0 .10119
23 0 .11415
24 0 .07591
25 0 .08271
26 0 .06415
27 0 .0266
28 0 .02443
29 0 .01739
30 0 .01493
31 0 .01202
32 0 .01104
33 0 .01016
34 0 .00924
35 0 .00781
36 0 .00865
37 0 .00692
38 0 .00531
39 0 .0051
40 0 .00407
41 0 .00312
42 0 .00247
43 0 .00165
44 0 .00131
45 0 .00095
46 0 .00062
47 0 .00045
48 0 .00027
49 0 .00025
50 0 .00018
51 0 .00017
100 0 0
