*parity 0 married
birth 1 F married 0
14 0 0
15 0 .00016
16 0 .00051
17 0 .02975
18 0 .02657
19 0 .03288
20 0 .03801
21 0 .0477
22 0 .04445
23 0 .04209
24 0 .03004
25 0 .02193
26 0 .01409
27 0 .00792
28 0 .00386
29 0 .00167
30 0 .00069
31 0 .0001
32 0 0
33 0 .00003
34 0 .00029
35 0 .00045
36 0 .00064
37 0 .00072
38 0 .00074
39 0 .00069
40 0 .00072
41 0 .00081
42 0 .00065
43 0 .00063
44 0 .00063
45 0 .00065
46 0 .00062
47 0 .00055
48 0 .0006
49 0 .00069
50 0 .00066
51 0 .00078
100 0 0
*parity 0 single
birth 1 F single 0
14 0 0
15 0 .00002
16 0 .00006
17 0 .00019
18 0 .00046
19 0 .00086
20 0 .00131
21 0 .00153
22 0 .0017
23 0 .00156
24 0 .00157
25 0 .00127
26 0 .00094
27 0 .00065
28 0 .00046
29 0 .00025
30 0 .00011
31 0 .00003
32 0 0
33 0 .00001
34 0 .0001
35 0 .00021
36 0 .00027
37 0 .00032
38 0 .0004
39 0 .00053
40 0 .00058
41 0 .00055
42 0 .0007
43 0 .00076
44 0 .00062
45 0 .00067
46 0 .00065
47 0 .00069
48 0 .00098
49 0 .00097
50 0 .00102
51 0 .00069
100 0 0
*parity 0 widowed
birth 1 F widowed 0
14 0 0
15 0 .00003
16 0 .00009
17 0 .48279
18 0 .29505
19 0 1.30535
20 0 1.75873
21 0 1.89404
22 0 .00128
23 0 .26399
24 0 .446
25 0 .49216
26 0 .15626
27 0 .03209
28 0 .01778
29 0 .01088
30 0 .00139
31 0 .00021
32 0 0
33 0 .00006
34 0 .00041
35 0 .00052
36 0 .00054
37 0 .00062
38 0 .00059
39 0 .00056
40 0 .00056
41 0 .00043
42 0 .00037
43 0 .00031
44 0 .00028
45 0 .00026
46 0 .00022
47 0 .00019
48 0 .0002
49 0 .00018
50 0 .0002
51 0 .00021
100 0 0
*parity 0 divorced
birth 1 F divorced 0
14 0 0
15 0 .00003
16 0 .00009
17 0 .48279
18 0 .29505
19 0 1.30535
20 0 1.75873
21 0 1.89404
22 0 .00128
23 0 .26399
24 0 .446
25 0 .49216
26 0 .15626
27 0 .03209
28 0 .01778
29 0 .01088
30 0 .00139
31 0 .00021
32 0 0
33 0 .00006
34 0 .00041
35 0 .00052
36 0 .00054
37 0 .00062
38 0 .00059
39 0 .00056
40 0 .00056
41 0 .00043
42 0 .00037
43 0 .00031
44 0 .00028
45 0 .00026
46 0 .00022
47 0 .00019
48 0 .0002
49 0 .00018
50 0 .0002
51 0 .00021
100 0 0
*parity 1 married
birth 1 F married 1
14 0 0
15 0 .00013
16 0 .00019
17 0 .0004
18 0 .04971
19 0 .05183
20 0 .04864
21 0 .05343
22 0 .05063
23 0 .06157
24 0 .05222
25 0 .05247
26 0 .05354
27 0 .04414
28 0 .04141
29 0 .03575
30 0 .02542
31 0 .0348
32 0 .02283
33 0 .01536
34 0 .0167
35 0 .02825
36 0 .03671
37 0 .02352
38 0 .01811
39 0 .02031
40 0 .01528
41 0 .00808
42 0 .00768
43 0 .00667
44 0 .00752
45 0 .0051
46 0 .00451
47 0 .0058
48 0 .00315
49 0 .00415
50 0 .00414
51 0 .00483
100 0 0
*parity 1 single
birth 1 F single 1
14 0 0
15 0 .00002
16 0 .00002
17 0 .00005
18 0 .03271
19 0 .03979
20 0 .10203
21 0 .07551
22 0 .12494
23 0 .06989
24 0 .0587
25 0 .06301
26 0 .08368
27 0 .11328
28 0 .00033
29 0 .10879
30 0 .00018
31 0 .00012
32 0 .00008
33 0 .00006
34 0 .06594
35 0 .00005
36 0 .00005
37 0 .00005
38 0 .00005
39 0 .05512
40 0 .00004
41 0 .04387
42 0 .01847
43 0 .03291
44 0 .00002
45 0 .01227
46 0 .02112
47 0 .00002
48 0 .01982
49 0 .00648
50 0 .00002
51 0 .00002
100 0 0
*parity 1 widowed
birth 1 F widowed 1
14 0 0
15 0 .00002
16 0 .00003
17 0 .00007
18 0 .00017
19 0 .10022
20 0 .07138
21 0 .06456
22 0 .04822
23 0 .04732
24 0 .03996
25 0 .02645
26 0 .03763
27 0 .05283
28 0 .04037
29 0 .01202
30 0 .00913
31 0 .00865
32 0 .00751
33 0 .00359
34 0 .00419
35 0 .00516
36 0 .01774
37 0 .01276
38 0 .00903
39 0 .00771
40 0 .00623
41 0 .00256
42 0 .00235
43 0 .00184
44 0 .00188
45 0 .00137
46 0 .00114
47 0 .00121
48 0 .00116
49 0 .00082
50 0 .00099
51 0 .00096
100 0 0
*parity 1 divorced
birth 1 F divorced 1
14 0 0
15 0 .00002
16 0 .00003
17 0 .00007
18 0 .00017
19 0 .10022
20 0 .07138
21 0 .06456
22 0 .04822
23 0 .04732
24 0 .03996
25 0 .02645
26 0 .03763
27 0 .05283
28 0 .04037
29 0 .01202
30 0 .00913
31 0 .00865
32 0 .00751
33 0 .00359
34 0 .00419
35 0 .00516
36 0 .01774
37 0 .01276
38 0 .00903
39 0 .00771
40 0 .00623
41 0 .00256
42 0 .00235
43 0 .00184
44 0 .00188
45 0 .00137
46 0 .00114
47 0 .00121
48 0 .00116
49 0 .00082
50 0 .00099
51 0 .00096
100 0 0
*parity 2 married
birth 1 F married 2
14 0 0
15 0 .00013
16 0 .00014
17 0 .00016
18 0 .22713
19 0 .04925
20 0 .03201
21 0 .03225
22 0 .02793
23 0 .02974
24 0 .02924
25 0 .0292
26 0 .02947
27 0 .02817
28 0 .02416
29 0 .0229
30 0 .02472
31 0 .02061
32 0 .02012
33 0 .02005
34 0 .01797
35 0 .01815
36 0 .01645
37 0 .01586
38 0 .01615
39 0 .01523
40 0 .01341
41 0 .0103
42 0 .00795
43 0 .00595
44 0 .00457
45 0 .00304
46 0 .00211
47 0 .0015
48 0 .00096
49 0 .00069
50 0 .0005
51 0 .00039
100 0 0
*parity 2 single
birth 1 F single 2
14 0 0
15 0 .00002
16 0 .00002
17 0 .00002
18 0 .00003
19 0 .03646
20 0 .06023
21 0 .07428
22 0 .06517
23 0 .05291
24 0 .05592
25 0 .09156
26 0 .06386
27 0 .08232
28 0 .11981
29 0 .07657
30 0 .16041
31 0 .09343
32 0 .17253
33 0 .12517
34 0 .27822
35 0 .26758
36 0 .17182
37 0 .24655
38 0 .28952
39 0 .26365
40 0 .16922
41 0 .18804
42 0 .00035
43 0 .17283
44 0 .12234
45 0 .03523
46 0 .05422
47 0 .038
48 0 .02458
49 0 .03439
50 0 .00823
51 0 .00002
100 0 0
*parity 2 widowed
birth 1 F widowed 2
14 0 0
15 0 .00002
16 0 .00002
17 0 .00003
18 0 .00005
19 0 .15302
20 0 .00024
21 0 .20785
22 0 .14328
23 0 .14065
24 0 .09883
25 0 .11462
26 0 .03989
27 0 .02431
28 0 .02225
29 0 .02678
30 0 .0187
31 0 .01621
32 0 .01441
33 0 .01055
34 0 .01189
35 0 .00827
36 0 .00801
37 0 .0068
38 0 .00596
39 0 .00565
40 0 .00471
41 0 .00332
42 0 .00291
43 0 .002
44 0 .00135
45 0 .00094
46 0 .00055
47 0 .00039
48 0 .00024
49 0 .00015
50 0 .00012
51 0 .0001
100 0 0
*parity 2 divorced
birth 1 F divorced 2
14 0 0
15 0 .00002
16 0 .00002
17 0 .00003
18 0 .00005
19 0 .15302
20 0 .00024
21 0 .20785
22 0 .14328
23 0 .14065
24 0 .09883
25 0 .11462
26 0 .03989
27 0 .02431
28 0 .02225
29 0 .02678
30 0 .0187
31 0 .01621
32 0 .01441
33 0 .01055
34 0 .01189
35 0 .00827
36 0 .00801
37 0 .0068
38 0 .00596
39 0 .00565
40 0 .00471
41 0 .00332
42 0 .00291
43 0 .002
44 0 .00135
45 0 .00094
46 0 .00055
47 0 .00039
48 0 .00024
49 0 .00015
50 0 .00012
51 0 .0001
100 0 0
