*parity 0 married
birth 1 F married 0
14 0 0
15 0 .00022
16 0 .0009
17 0 .03172
18 0 .02184
19 0 .0258
20 0 .02831
21 0 .02308
22 0 .01918
23 0 .02141
24 0 .01895
25 0 .01702
26 0 .01793
27 0 .01709
28 0 .01696
29 0 .01543
30 0 .01737
31 0 .01784
32 0 .01536
33 0 .0132
34 0 .01276
35 0 .01594
36 0 .01455
37 0 .01422
38 0 .00944
39 0 .01026
40 0 .00531
41 0 .00597
42 0 .00536
43 0 .00525
44 0 .00144
45 0 .00082
46 0 .00024
47 0 .00022
48 0 .00008
49 0 .00002
50 0 0
51 0 0
100 0 0
*parity 0 single
birth 1 F single 0
14 0 0
15 0 .00001
16 0 .00004
17 0 .00007
18 0 .00012
19 0 .00018
20 0 .00022
21 0 .00025
22 0 .00026
23 0 .00027
24 0 .00028
25 0 .00031
26 0 .00036
27 0 .0004
28 0 .00045
29 0 .00048
30 0 .00047
31 0 .00041
32 0 .00047
33 0 .00038
34 0 .00035
35 0 .00033
36 0 .00028
37 0 .00029
38 0 .00024
39 0 .00021
40 0 .00013
41 0 .00011
42 0 .00008
43 0 .00006
44 0 .00004
45 0 .00004
46 0 .00001
47 0 .00001
48 0 .00001
49 0 0
50 0 0
51 0 0
100 0 0
*parity 0 widowed
birth 1 F widowed 0
14 0 0
15 0 .00001
16 0 .00004
17 0 .13561
18 0 .04505
19 0 .05826
20 0 .04943
21 0 .01846
22 0 .01323
23 0 .01618
24 0 .01171
25 0 .01325
26 0 .0075
27 0 .00542
28 0 .00836
29 0 .00481
30 0 .00526
31 0 .00562
32 0 .00442
33 0 .00235
34 0 .00237
35 0 .00243
36 0 .0093
37 0 .00485
38 0 .00599
39 0 .00257
40 0 .00188
41 0 .00638
42 0 .00106
43 0 .00134
44 0 .00154
45 0 .00096
46 0 .00004
47 0 .00002
48 0 .00001
49 0 0
50 0 0
51 0 0
100 0 0
*parity 0 divorced
birth 1 F divorced 0
14 0 0
15 0 .00001
16 0 .00004
17 0 .13561
18 0 .04505
19 0 .05826
20 0 .04943
21 0 .01846
22 0 .01323
23 0 .01618
24 0 .01171
25 0 .01325
26 0 .0075
27 0 .00542
28 0 .00836
29 0 .00481
30 0 .00526
31 0 .00562
32 0 .00442
33 0 .00235
34 0 .00237
35 0 .00243
36 0 .0093
37 0 .00485
38 0 .00599
39 0 .00257
40 0 .00188
41 0 .00638
42 0 .00106
43 0 .00134
44 0 .00154
45 0 .00096
46 0 .00004
47 0 .00002
48 0 .00001
49 0 0
50 0 0
51 0 0
100 0 0
*parity 1 married
birth 1 F married 1
14 0 0
15 0 0
16 0 .00005
17 0 .00016
18 0 .02517
19 0 .01239
20 0 .01429
21 0 .01586
22 0 .01699
23 0 .01429
24 0 .01748
25 0 .01789
26 0 .01609
27 0 .01456
28 0 .01381
29 0 .01561
30 0 .01624
31 0 .01347
32 0 .01164
33 0 .01141
34 0 .01164
35 0 .00909
36 0 .0101
37 0 .00884
38 0 .00719
39 0 .00679
40 0 .00805
41 0 .00926
42 0 .00599
43 0 .00272
44 0 .00214
45 0 .00065
46 0 .00034
47 0 .00023
48 0 .00009
49 0 .00003
50 0 0
51 0 0
100 0 0
*parity 1 single
birth 1 F single 1
14 0 0
15 0 0
16 0 0
17 0 .00001
18 0 .01534
19 0 .02922
20 0 .09659
21 0 .02643
22 0 .04006
23 0 .0224
24 0 .09242
25 0 .18774
26 0 .04205
27 0 .03503
28 0 .0403
29 0 .02444
30 0 .02924
31 0 .06326
32 0 .12079
33 0 .00007
34 0 .06586
35 0 .05392
36 0 .04604
37 0 .03577
38 0 .02206
39 0 .01575
40 0 .00001
41 0 .00765
42 0 0
43 0 0
44 0 0
45 0 0
46 0 .00045
47 0 0
48 0 .00009
49 0 0
50 0 .00001
51 0 0
100 0 0
*parity 1 widowed
birth 1 F widowed 1
14 0 0
15 0 0
16 0 0
17 0 .00001
18 0 .00907
19 0 .01152
20 0 .00519
21 0 .00521
22 0 .00592
23 0 .00424
24 0 .00429
25 0 .00308
26 0 .00258
27 0 .00262
28 0 .00389
29 0 .00255
30 0 .00186
31 0 .00151
32 0 .00147
33 0 .00135
34 0 .00144
35 0 .001
36 0 .00103
37 0 .00065
38 0 .00113
39 0 .0006
40 0 .00056
41 0 .00045
42 0 .00039
43 0 .00025
44 0 .00013
45 0 .00005
46 0 .00003
47 0 .00001
48 0 0
49 0 0
50 0 0
51 0 0
100 0 0
*parity 1 divorced
birth 1 F divorced 1
14 0 0
15 0 0
16 0 0
17 0 .00001
18 0 .00907
19 0 .01152
20 0 .00519
21 0 .00521
22 0 .00592
23 0 .00424
24 0 .00429
25 0 .00308
26 0 .00258
27 0 .00262
28 0 .00389
29 0 .00255
30 0 .00186
31 0 .00151
32 0 .00147
33 0 .00135
34 0 .00144
35 0 .001
36 0 .00103
37 0 .00065
38 0 .00113
39 0 .0006
40 0 .00056
41 0 .00045
42 0 .00039
43 0 .00025
44 0 .00013
45 0 .00005
46 0 .00003
47 0 .00001
48 0 0
49 0 0
50 0 0
51 0 0
100 0 0
*parity 2 married
birth 1 F married 2
14 0 0
15 0 0
16 0 0
17 0 .00001
18 0 .00005
19 0 .12861
20 0 .0124
21 0 .01209
22 0 .01451
23 0 .01391
24 0 .0105
25 0 .01004
26 0 .00883
27 0 .00849
28 0 .00725
29 0 .007
30 0 .00594
31 0 .00599
32 0 .00537
33 0 .00482
34 0 .00417
35 0 .0035
36 0 .00297
37 0 .0024
38 0 .0021
39 0 .00167
40 0 .00132
41 0 .00095
42 0 .00071
43 0 .00052
44 0 .00035
45 0 .00024
46 0 .00015
47 0 .00008
48 0 .00004
49 0 .00002
50 0 .00001
51 0 0
100 0 0
*parity 2 single
birth 1 F single 2
14 0 0
15 0 0
16 0 0
17 0 0
18 0 0
19 0 .01011
20 0 .00001
21 0 .01346
22 0 .01525
23 0 .02036
24 0 .01617
25 0 .0186
26 0 .02786
27 0 .03186
28 0 .01832
29 0 .01268
30 0 .03445
31 0 .01623
32 0 .02272
33 0 .01691
34 0 .04569
35 0 .0167
36 0 .01597
37 0 .01742
38 0 .02431
39 0 .00004
40 0 .01606
41 0 .00002
42 0 .00002
43 0 .00001
44 0 .00001
45 0 .00576
46 0 0
47 0 0
48 0 0
49 0 0
50 0 .00013
51 0 0
100 0 0
*parity 2 widowed
birth 1 F widowed 2
14 0 0
15 0 0
16 0 0
17 0 0
18 0 0
19 0 .00299
20 0 .00663
21 0 .01592
22 0 .00721
23 0 .00438
24 0 .00425
25 0 .00269
26 0 .00258
27 0 .00269
28 0 .00187
29 0 .00156
30 0 .00147
31 0 .00119
32 0 .00097
33 0 .00095
34 0 .00062
35 0 .00061
36 0 .00041
37 0 .00038
38 0 .00025
39 0 .00021
40 0 .00017
41 0 .00012
42 0 .00009
43 0 .00006
44 0 .00004
45 0 .00003
46 0 .00001
47 0 .00001
48 0 0
49 0 0
50 0 0
51 0 0
100 0 0
*parity 2 divorced
birth 1 F divorced 2
14 0 0
15 0 0
16 0 0
17 0 0
18 0 0
19 0 .00299
20 0 .00663
21 0 .01592
22 0 .00721
23 0 .00438
24 0 .00425
25 0 .00269
26 0 .00258
27 0 .00269
28 0 .00187
29 0 .00156
30 0 .00147
31 0 .00119
32 0 .00097
33 0 .00095
34 0 .00062
35 0 .00061
36 0 .00041
37 0 .00038
38 0 .00025
39 0 .00021
40 0 .00017
41 0 .00012
42 0 .00009
43 0 .00006
44 0 .00004
45 0 .00003
46 0 .00001
47 0 .00001
48 0 0
49 0 0
50 0 0
51 0 0
100 0 0
