*parity 0 married
birth 1 F married 0
14 0 0
15 0 .00026
16 0 .00107
17 0 .04605
18 0 .03495
19 0 .03614
20 0 .03824
21 0 .0395
22 0 .04077
23 0 .0303
24 0 .0407
25 0 .03745
26 0 .03779
27 0 .03028
28 0 .03973
29 0 .05795
30 0 .06021
31 0 .03859
32 0 .0225
33 0 .02086
34 0 .02084
35 0 .03074
36 0 .01779
37 0 .00989
38 0 .00831
39 0 .0072
40 0 .00744
41 0 .00606
42 0 .00338
43 0 .00145
44 0 .00074
45 0 .00034
46 0 .00028
47 0 .00025
48 0 .0001
49 0 .00003
50 0 .00001
51 0 .00001
100 0 0
*parity 0 single
birth 1 F single 0
14 0 0
15 0 0
16 0 0
17 0 0
18 0 .00001
19 0 .00001
20 0 .00002
21 0 .00002
22 0 .00002
23 0 .00002
24 0 .00002
25 0 .00002
26 0 .00002
27 0 .00003
28 0 .00002
29 0 .00002
30 0 .00002
31 0 .00002
32 0 .00002
33 0 .00002
34 0 .00002
35 0 .00001
36 0 .00001
37 0 .00001
38 0 .00001
39 0 .00001
40 0 .00001
41 0 .00001
42 0 0
43 0 0
44 0 0
45 0 0
46 0 0
47 0 0
48 0 0
49 0 0
50 0 0
51 0 0
100 0 0
*parity 0 widowed
birth 1 F widowed 0
14 0 0
15 0 0
16 0 .00001
17 0 .00002
18 0 .02591
19 0 .01173
20 0 .02084
21 0 .00623
22 0 .00637
23 0 .00525
24 0 .00281
25 0 .00267
26 0 .00293
27 0 .00297
28 0 .00192
29 0 .00354
30 0 .00361
31 0 .00192
32 0 .00131
33 0 .00079
34 0 .00095
35 0 .00536
36 0 .0022
37 0 .00048
38 0 .00052
39 0 .00241
40 0 0
41 0 .00088
42 0 .00027
43 0 .00012
44 0 .00004
45 0 .00001
46 0 .00001
47 0 .00001
48 0 .00001
49 0 0
50 0 0
51 0 0
100 0 0
*parity 0 divorced
birth 1 F divorced 0
14 0 0
15 0 0
16 0 .00001
17 0 .00002
18 0 .02591
19 0 .01173
20 0 .02084
21 0 .00623
22 0 .00637
23 0 .00525
24 0 .00281
25 0 .00267
26 0 .00293
27 0 .00297
28 0 .00192
29 0 .00354
30 0 .00361
31 0 .00192
32 0 .00131
33 0 .00079
34 0 .00095
35 0 .00536
36 0 .0022
37 0 .00048
38 0 .00052
39 0 .00241
40 0 0
41 0 .00088
42 0 .00027
43 0 .00012
44 0 .00004
45 0 .00001
46 0 .00001
47 0 .00001
48 0 .00001
49 0 0
50 0 0
51 0 0
100 0 0
*parity 1 married
birth 1 F married 1
14 0 0
15 0 0
16 0 .00006
17 0 .00023
18 0 .02443
19 0 .01402
20 0 .0168
21 0 .01838
22 0 .02211
23 0 .01962
24 0 .02351
25 0 .01949
26 0 .01965
27 0 .0182
28 0 .01758
29 0 .01453
30 0 .01671
31 0 .01647
32 0 .0152
33 0 .01216
34 0 .01038
35 0 .00913
36 0 .00993
37 0 .01091
38 0 .0099
39 0 .01265
40 0 .00493
41 0 .00588
42 0 .00753
43 0 .01114
44 0 .00415
45 0 .00327
46 0 .00041
47 0 .00012
48 0 .00004
49 0 .00002
50 0 .00001
51 0 .00001
100 0 0
*parity 1 single
birth 1 F single 1
14 0 0
15 0 0
16 0 0
17 0 0
18 0 0
19 0 0
20 0 0
21 0 .00001
22 0 .00001
23 0 .00001
24 0 .00215
25 0 .00818
26 0 .00001
27 0 .00744
28 0 .00349
29 0 .00001
30 0 .00538
31 0 .0053
32 0 .00001
33 0 .00126
34 0 0
35 0 0
36 0 0
37 0 0
38 0 .00059
39 0 .0011
40 0 0
41 0 0
42 0 0
43 0 0
44 0 .00008
45 0 0
46 0 0
47 0 0
48 0 0
49 0 0
50 0 0
51 0 0
100 0 0
*parity 1 widowed
birth 1 F widowed 1
14 0 0
15 0 0
16 0 0
17 0 0
18 0 0
19 0 .00001
20 0 .005
21 0 .00524
22 0 .00335
23 0 .00339
24 0 .00157
25 0 .00179
26 0 .00232
27 0 .00143
28 0 .00229
29 0 .00102
30 0 .00073
31 0 .00075
32 0 .00057
33 0 .00054
34 0 .0004
35 0 .00027
36 0 .00024
37 0 .00021
38 0 .00017
39 0 .00014
40 0 .0002
41 0 .00009
42 0 .00009
43 0 .00005
44 0 .00003
45 0 .00001
46 0 0
47 0 0
48 0 0
49 0 0
50 0 0
51 0 0
100 0 0
*parity 1 divorced
birth 1 F divorced 1
14 0 0
15 0 0
16 0 0
17 0 0
18 0 0
19 0 .00001
20 0 .005
21 0 .00524
22 0 .00335
23 0 .00339
24 0 .00157
25 0 .00179
26 0 .00232
27 0 .00143
28 0 .00229
29 0 .00102
30 0 .00073
31 0 .00075
32 0 .00057
33 0 .00054
34 0 .0004
35 0 .00027
36 0 .00024
37 0 .00021
38 0 .00017
39 0 .00014
40 0 .0002
41 0 .00009
42 0 .00009
43 0 .00005
44 0 .00003
45 0 .00001
46 0 0
47 0 0
48 0 0
49 0 0
50 0 0
51 0 0
100 0 0
*parity 2 married
birth 1 F married 2
14 0 0
15 0 0
16 0 0
17 0 .00002
18 0 .00008
19 0 .02727
20 0 .01795
21 0 .01919
22 0 .01546
23 0 .01607
24 0 .01282
25 0 .01285
26 0 .01259
27 0 .01089
28 0 .0102
29 0 .01001
30 0 .00912
31 0 .00767
32 0 .00757
33 0 .00702
34 0 .00655
35 0 .00578
36 0 .00481
37 0 .00428
38 0 .00374
39 0 .00293
40 0 .00242
41 0 .00191
42 0 .00143
43 0 .00106
44 0 .00076
45 0 .00053
46 0 .00032
47 0 .00018
48 0 .0001
49 0 .00005
50 0 .00002
51 0 .00001
100 0 0
*parity 2 single
birth 1 F single 2
14 0 0
15 0 0
16 0 0
17 0 0
18 0 0
19 0 0
20 0 0
21 0 0
22 0 0
23 0 0
24 0 .00001
25 0 .00001
26 0 .00001
27 0 .00001
28 0 .00806
29 0 .00789
30 0 .00001
31 0 .00001
32 0 .00001
33 0 .00001
34 0 .00001
35 0 .00579
36 0 .00538
37 0 .00001
38 0 .00001
39 0 0
40 0 0
41 0 0
42 0 0
43 0 0
44 0 0
45 0 0
46 0 0
47 0 0
48 0 0
49 0 0
50 0 0
51 0 0
100 0 0
*parity 2 widowed
birth 1 F widowed 2
14 0 0
15 0 0
16 0 0
17 0 0
18 0 0
19 0 0
20 0 0
21 0 .00256
22 0 .0022
23 0 .00225
24 0 .0018
25 0 .00183
26 0 .00199
27 0 .00121
28 0 .00115
29 0 .00112
30 0 .00085
31 0 .00069
32 0 .0005
33 0 .00045
34 0 .00035
35 0 .00028
36 0 .00022
37 0 .00016
38 0 .00013
39 0 .0001
40 0 .00008
41 0 .00005
42 0 .00004
43 0 .00002
44 0 .00002
45 0 .00001
46 0 .00001
47 0 0
48 0 0
49 0 0
50 0 0
51 0 0
100 0 0
*parity 2 divorced
birth 1 F divorced 2
14 0 0
15 0 0
16 0 0
17 0 0
18 0 0
19 0 0
20 0 0
21 0 .00256
22 0 .0022
23 0 .00225
24 0 .0018
25 0 .00183
26 0 .00199
27 0 .00121
28 0 .00115
29 0 .00112
30 0 .00085
31 0 .00069
32 0 .0005
33 0 .00045
34 0 .00035
35 0 .00028
36 0 .00022
37 0 .00016
38 0 .00013
39 0 .0001
40 0 .00008
41 0 .00005
42 0 .00004
43 0 .00002
44 0 .00002
45 0 .00001
46 0 .00001
47 0 0
48 0 0
49 0 0
50 0 0
51 0 0
100 0 0
