*parity 0 married
birth 1 F married 0
14 0 0
15 0 .00019
16 0 .00077
17 0 .07489
18 0 .04975
19 0 .05691
20 0 .06841
21 0 .08512
22 0 .09954
23 0 .14391
24 0 .13182
25 0 .15267
26 0 .28289
27 0 1
28 0 .91298
29 0 .5126
30 0 1
31 0 .24797
32 0 .06307
33 0 .0227
34 0 .00971
35 0 .0055
36 0 .00518
37 0 .00314
38 0 .0021
39 0 .00159
40 0 .00097
41 0 .00074
42 0 .00053
43 0 .00034
44 0 .00019
45 0 .0001
46 0 .00005
47 0 .00004
48 0 .00002
49 0 .00001
50 0 0
51 0 0
100 0 0
*parity 0 single
birth 1 F single 0
14 0 0
15 0 .00005
16 0 .0002
17 0 .00038
18 0 .00064
19 0 .00091
20 0 .00109
21 0 .00116
22 0 .00113
23 0 .00116
24 0 .00116
25 0 .00114
26 0 .00114
27 0 .00112
28 0 .00106
29 0 .00102
30 0 .00092
31 0 .00095
32 0 .00088
33 0 .00088
34 0 .00102
35 0 .00097
36 0 .00085
37 0 .00082
38 0 .0008
39 0 .0007
40 0 .00071
41 0 .0005
42 0 .00038
43 0 .00032
44 0 .00021
45 0 .00022
46 0 .00011
47 0 .00007
48 0 .00003
49 0 .00001
50 0 0
51 0 0
100 0 0
*parity 0 widowed
birth 1 F widowed 0
14 0 0
15 0 .00001
16 0 .00005
17 0 .00009
18 0 .21681
19 0 .14771
20 0 .00023
21 0 .3382
22 0 .00022
23 0 .00021
24 0 .28721
25 0 .00018
26 0 .25379
27 0 .00016
28 0 .00015
29 0 .00013
30 0 .00012
31 0 .0001
32 0 .00008
33 0 .03491
34 0 .08272
35 0 .01637
36 0 .00443
37 0 .00408
38 0 .00248
39 0 .0023
40 0 .00096
41 0 .00047
42 0 .00023
43 0 .00015
44 0 .00009
45 0 .00004
46 0 .00002
47 0 .00001
48 0 .00001
49 0 0
50 0 0
51 0 0
100 0 0
*parity 0 divorced
birth 1 F divorced 0
14 0 0
15 0 .00001
16 0 .00005
17 0 .00009
18 0 .21681
19 0 .14771
20 0 .00023
21 0 .3382
22 0 .00022
23 0 .00021
24 0 .28721
25 0 .00018
26 0 .25379
27 0 .00016
28 0 .00015
29 0 .00013
30 0 .00012
31 0 .0001
32 0 .00008
33 0 .03491
34 0 .08272
35 0 .01637
36 0 .00443
37 0 .00408
38 0 .00248
39 0 .0023
40 0 .00096
41 0 .00047
42 0 .00023
43 0 .00015
44 0 .00009
45 0 .00004
46 0 .00002
47 0 .00001
48 0 .00001
49 0 0
50 0 0
51 0 0
100 0 0
*parity 1 married
birth 1 F married 1
14 0 0
15 0 0
16 0 .00004
17 0 .22071
18 0 .02665
19 0 .01935
20 0 .01836
21 0 .01741
22 0 .02219
23 0 .02071
24 0 .01709
25 0 .02293
26 0 .02072
27 0 .01913
28 0 .02216
29 0 .02559
30 0 .02036
31 0 .01244
32 0 .01123
33 0 .00897
34 0 .00741
35 0 .00608
36 0 .00441
37 0 .00476
38 0 .00345
39 0 .00272
40 0 .00185
41 0 .00133
42 0 .001
43 0 .0005
44 0 .00029
45 0 .00018
46 0 .00009
47 0 .00004
48 0 .00002
49 0 .00001
50 0 0
51 0 0
100 0 0
*parity 1 single
birth 1 F single 1
14 0 0
15 0 0
16 0 .00001
17 0 .02818
18 0 .02859
19 0 .01791
20 0 .02397
21 0 .0323
22 0 .04368
23 0 .02433
24 0 .03633
25 0 .02437
26 0 .02035
27 0 .02979
28 0 .03938
29 0 .02179
30 0 .02462
31 0 .02882
32 0 .02246
33 0 .03848
34 0 .03957
35 0 .06397
36 0 .03903
37 0 .0795
38 0 .00012
39 0 .13347
40 0 .04695
41 0 .03234
42 0 .00003
43 0 .02507
44 0 .00001
45 0 .00805
46 0 0
47 0 0
48 0 0
49 0 0
50 0 .00003
51 0 .00002
100 0 0
*parity 1 widowed
birth 1 F widowed 1
14 0 0
15 0 0
16 0 0
17 0 .00001
18 0 .01196
19 0 .02397
20 0 .02165
21 0 .03849
22 0 .03105
23 0 .10682
24 0 .05696
25 0 .01885
26 0 .00792
27 0 .01158
28 0 .01186
29 0 .02369
30 0 .01616
31 0 .02441
32 0 .01878
33 0 .00579
34 0 .00397
35 0 .00401
36 0 .00313
37 0 .00162
38 0 .00098
39 0 .0008
40 0 .00044
41 0 .00031
42 0 .00017
43 0 .00014
44 0 .00005
45 0 .00003
46 0 .00001
47 0 .00001
48 0 0
49 0 0
50 0 0
51 0 0
100 0 0
*parity 1 divorced
birth 1 F divorced 1
14 0 0
15 0 0
16 0 0
17 0 .00001
18 0 .01196
19 0 .02397
20 0 .02165
21 0 .03849
22 0 .03105
23 0 .10682
24 0 .05696
25 0 .01885
26 0 .00792
27 0 .01158
28 0 .01186
29 0 .02369
30 0 .01616
31 0 .02441
32 0 .01878
33 0 .00579
34 0 .00397
35 0 .00401
36 0 .00313
37 0 .00162
38 0 .00098
39 0 .0008
40 0 .00044
41 0 .00031
42 0 .00017
43 0 .00014
44 0 .00005
45 0 .00003
46 0 .00001
47 0 .00001
48 0 0
49 0 0
50 0 0
51 0 0
100 0 0
*parity 2 married
birth 1 F married 2
14 0 0
15 0 0
16 0 0
17 0 .00001
18 0 .00005
19 0 .0201
20 0 .0171
21 0 .01522
22 0 .01407
23 0 .01056
24 0 .01361
25 0 .01109
26 0 .01085
27 0 .00991
28 0 .00932
29 0 .00816
30 0 .00842
31 0 .00737
32 0 .00625
33 0 .00558
34 0 .0047
35 0 .00428
36 0 .00387
37 0 .00299
38 0 .00262
39 0 .00212
40 0 .00182
41 0 .00135
42 0 .00099
43 0 .00071
44 0 .00053
45 0 .00033
46 0 .00021
47 0 .00011
48 0 .00006
49 0 .00003
50 0 .00001
51 0 0
100 0 0
*parity 2 single
birth 1 F single 2
14 0 0
15 0 0
16 0 0
17 0 0
18 0 .01784
19 0 .05134
20 0 .01165
21 0 .01652
22 0 .01161
23 0 .01441
24 0 .01185
25 0 .0116
26 0 .01346
27 0 .01115
28 0 .01047
29 0 .01138
30 0 .01075
31 0 .00957
32 0 .01228
33 0 .01291
34 0 .01187
35 0 .01233
36 0 .01847
37 0 .01168
38 0 .01521
39 0 .01191
40 0 .01096
41 0 .01038
42 0 .00788
43 0 .01068
44 0 .00704
45 0 .00681
46 0 .00437
47 0 .00345
48 0 .00064
49 0 .00073
50 0 .00017
51 0 .00005
100 0 0
*parity 2 widowed
birth 1 F widowed 2
14 0 0
15 0 0
16 0 0
17 0 0
18 0 0
19 0 .01288
20 0 .00877
21 0 .01658
22 0 .00946
23 0 .01165
24 0 .00436
25 0 .0055
26 0 .00768
27 0 .00646
28 0 .00525
29 0 .00395
30 0 .00325
31 0 .00279
32 0 .00266
33 0 .00209
34 0 .00174
35 0 .00147
36 0 .00096
37 0 .00099
38 0 .00075
39 0 .00056
40 0 .00047
41 0 .00033
42 0 .00022
43 0 .00015
44 0 .0001
45 0 .00007
46 0 .00004
47 0 .00002
48 0 .00001
49 0 0
50 0 0
51 0 0
100 0 0
*parity 2 divorced
birth 1 F divorced 2
14 0 0
15 0 0
16 0 0
17 0 0
18 0 0
19 0 .01288
20 0 .00877
21 0 .01658
22 0 .00946
23 0 .01165
24 0 .00436
25 0 .0055
26 0 .00768
27 0 .00646
28 0 .00525
29 0 .00395
30 0 .00325
31 0 .00279
32 0 .00266
33 0 .00209
34 0 .00174
35 0 .00147
36 0 .00096
37 0 .00099
38 0 .00075
39 0 .00056
40 0 .00047
41 0 .00033
42 0 .00022
43 0 .00015
44 0 .0001
45 0 .00007
46 0 .00004
47 0 .00002
48 0 .00001
49 0 0
50 0 0
51 0 0
100 0 0
