*parity 0 married
birth 1 F married 0
14 0 0
15 0 .00007
16 0 .00027
17 0 .04513
18 0 .0312
19 0 .04724
20 0 .045
21 0 .05059
22 0 .04569
23 0 .04027
24 0 .03652
25 0 .03032
26 0 .02332
27 0 .02395
28 0 .0271
29 0 .02588
30 0 .03261
31 0 .02323
32 0 .02111
33 0 .0174
34 0 .01258
35 0 .00817
36 0 .00515
37 0 .00395
38 0 .00212
39 0 .0012
40 0 .00079
41 0 .00046
42 0 .00034
43 0 .00018
44 0 .00011
45 0 .00006
46 0 .00003
47 0 .00002
48 0 .00001
49 0 0
50 0 0
51 0 0
100 0 0
*parity 0 single
birth 1 F single 0
14 0 0
15 0 .00018
16 0 .00072
17 0 .00138
18 0 .00231
19 0 .00328
20 0 .00397
21 0 .00434
22 0 .00436
23 0 .00443
24 0 .00454
25 0 .00458
26 0 .00464
27 0 .0046
28 0 .00447
29 0 .00442
30 0 .00399
31 0 .00383
32 0 .00326
33 0 .00284
34 0 .00235
35 0 .00198
36 0 .00173
37 0 .00132
38 0 .00117
39 0 .00094
40 0 .00075
41 0 .00054
42 0 .00036
43 0 .00025
44 0 .00019
45 0 .00011
46 0 .00007
47 0 .00004
48 0 .00002
49 0 .00001
50 0 0
51 0 0
100 0 0
*parity 0 widowed
birth 1 F widowed 0
14 0 0
15 0 .00001
16 0 .00005
17 0 .0001
18 0 .23974
19 0 .66077
20 0 .25418
21 0 .00026
22 0 .00024
23 0 .00023
24 0 .00021
25 0 .0002
26 0 .18531
27 0 .08731
28 0 .1148
29 0 .00014
30 0 .00012
31 0 .0001
32 0 .13102
33 0 .10457
34 0 .17839
35 0 .00005
36 0 .11253
37 0 .03013
38 0 .01669
39 0 .00739
40 0 .00314
41 0 .00141
42 0 .00076
43 0 .00031
44 0 .00017
45 0 .00009
46 0 .00004
47 0 .00002
48 0 .00001
49 0 0
50 0 0
51 0 0
100 0 0
*parity 0 divorced
birth 1 F divorced 0
14 0 0
15 0 .00001
16 0 .00005
17 0 .0001
18 0 .23974
19 0 .66077
20 0 .25418
21 0 .00026
22 0 .00024
23 0 .00023
24 0 .00021
25 0 .0002
26 0 .18531
27 0 .08731
28 0 .1148
29 0 .00014
30 0 .00012
31 0 .0001
32 0 .13102
33 0 .10457
34 0 .17839
35 0 .00005
36 0 .11253
37 0 .03013
38 0 .01669
39 0 .00739
40 0 .00314
41 0 .00141
42 0 .00076
43 0 .00031
44 0 .00017
45 0 .00009
46 0 .00004
47 0 .00002
48 0 .00001
49 0 0
50 0 0
51 0 0
100 0 0
*parity 1 married
birth 1 F married 1
14 0 0
15 0 0
16 0 .00001
17 0 .00005
18 0 .02048
19 0 .01202
20 0 .01356
21 0 .01331
22 0 .01359
23 0 .01538
24 0 .01492
25 0 .01544
26 0 .0133
27 0 .01524
28 0 .0141
29 0 .01354
30 0 .01058
31 0 .00995
32 0 .00688
33 0 .00855
34 0 .00746
35 0 .00597
36 0 .00532
37 0 .00384
38 0 .00265
39 0 .00248
40 0 .00153
41 0 .00119
42 0 .00072
43 0 .00034
44 0 .00024
45 0 .00013
46 0 .00007
47 0 .00003
48 0 .00001
49 0 0
50 0 0
51 0 0
100 0 0
*parity 1 single
birth 1 F single 1
14 0 0
15 0 0
16 0 .03889
17 0 .02014
18 0 .02665
19 0 .02258
20 0 .02666
21 0 .02409
22 0 .02495
23 0 .02636
24 0 .02531
25 0 .02746
26 0 .02757
27 0 .02592
28 0 .02933
29 0 .02346
30 0 .02558
31 0 .02179
32 0 .01982
33 0 .01943
34 0 .01842
35 0 .0204
36 0 .01536
37 0 .01654
38 0 .01869
39 0 .01235
40 0 .00779
41 0 .00525
42 0 .00548
43 0 .00315
44 0 .00132
45 0 .00077
46 0 .00047
47 0 .00034
48 0 .00012
49 0 .00004
50 0 .00001
51 0 .00001
100 0 0
*parity 1 widowed
birth 1 F widowed 1
14 0 0
15 0 0
16 0 0
17 0 .00001
18 0 .00003
19 0 .02335
20 0 .00009
21 0 .05901
22 0 .21286
23 0 .07982
24 0 .04623
25 0 .03529
26 0 .51105
27 0 .5074
28 0 .23609
29 0 .11739
30 0 .04421
31 0 .01609
32 0 .0157
33 0 .04161
34 0 .04309
35 0 .02094
36 0 .02084
37 0 .00888
38 0 .00516
39 0 .00445
40 0 .00273
41 0 .0013
42 0 .00128
43 0 .00056
44 0 .00032
45 0 .00011
46 0 .00005
47 0 .00002
48 0 .00001
49 0 0
50 0 0
51 0 0
100 0 0
*parity 1 divorced
birth 1 F divorced 1
14 0 0
15 0 0
16 0 0
17 0 .00001
18 0 .00003
19 0 .02335
20 0 .00009
21 0 .05901
22 0 .21286
23 0 .07982
24 0 .04623
25 0 .03529
26 0 .51105
27 0 .5074
28 0 .23609
29 0 .11739
30 0 .04421
31 0 .01609
32 0 .0157
33 0 .04161
34 0 .04309
35 0 .02094
36 0 .02084
37 0 .00888
38 0 .00516
39 0 .00445
40 0 .00273
41 0 .0013
42 0 .00128
43 0 .00056
44 0 .00032
45 0 .00011
46 0 .00005
47 0 .00002
48 0 .00001
49 0 0
50 0 0
51 0 0
100 0 0
*parity 2 married
birth 1 F married 2
14 0 0
15 0 0
16 0 0
17 0 0
18 0 .00002
19 0 .03034
20 0 .01326
21 0 .01577
22 0 .01571
23 0 .01084
24 0 .01033
25 0 .0088
26 0 .009
27 0 .00789
28 0 .00706
29 0 .00637
30 0 .00615
31 0 .00585
32 0 .00564
33 0 .00415
34 0 .00388
35 0 .00338
36 0 .0027
37 0 .00243
38 0 .00188
39 0 .00146
40 0 .00112
41 0 .00086
42 0 .00061
43 0 .00043
44 0 .00029
45 0 .00019
46 0 .00011
47 0 .00006
48 0 .00003
49 0 .00002
50 0 .00001
51 0 0
100 0 0
*parity 2 single
birth 1 F single 2
14 0 0
15 0 0
16 0 0
17 0 .00853
18 0 .01155
19 0 .01264
20 0 .01404
21 0 .01332
22 0 .01405
23 0 .01274
24 0 .0115
25 0 .01116
26 0 .01055
27 0 .0102
28 0 .0101
29 0 .0097
30 0 .00901
31 0 .00802
32 0 .00787
33 0 .00691
34 0 .00644
35 0 .00567
36 0 .00523
37 0 .00473
38 0 .00411
39 0 .00359
40 0 .0033
41 0 .00274
42 0 .00206
43 0 .00173
44 0 .00123
45 0 .00091
46 0 .00054
47 0 .00032
48 0 .00017
49 0 .0001
50 0 .00004
51 0 .00001
100 0 0
*parity 2 widowed
birth 1 F widowed 2
14 0 0
15 0 0
16 0 0
17 0 0
18 0 0
19 0 .00001
20 0 .02177
21 0 .00984
22 0 .01796
23 0 .00819
24 0 .0096
25 0 .00875
26 0 .00973
27 0 .00809
28 0 .00485
29 0 .00474
30 0 .00535
31 0 .00369
32 0 .0039
33 0 .00337
34 0 .0024
35 0 .00212
36 0 .00177
37 0 .00136
38 0 .00117
39 0 .00096
40 0 .00073
41 0 .00048
42 0 .00034
43 0 .00023
44 0 .00015
45 0 .00009
46 0 .00005
47 0 .00003
48 0 .00001
49 0 .00001
50 0 0
51 0 0
100 0 0
*parity 2 divorced
birth 1 F divorced 2
14 0 0
15 0 0
16 0 0
17 0 0
18 0 0
19 0 .00001
20 0 .02177
21 0 .00984
22 0 .01796
23 0 .00819
24 0 .0096
25 0 .00875
26 0 .00973
27 0 .00809
28 0 .00485
29 0 .00474
30 0 .00535
31 0 .00369
32 0 .0039
33 0 .00337
34 0 .0024
35 0 .00212
36 0 .00177
37 0 .00136
38 0 .00117
39 0 .00096
40 0 .00073
41 0 .00048
42 0 .00034
43 0 .00023
44 0 .00015
45 0 .00009
46 0 .00005
47 0 .00003
48 0 .00001
49 0 .00001
50 0 0
51 0 0
100 0 0
