*parity 0 married
birth 1 F married 0
14 0 0
15 0 .00018
16 0 .0009
17 0 .03945
18 0 .03318
19 0 .03602
20 0 .04048
21 0 .03761
22 0 .03265
23 0 .03455
24 0 .03485
25 0 .02525
26 0 .01829
27 0 .01812
28 0 .01216
29 0 .00984
30 0 .00797
31 0 .00543
32 0 .00419
33 0 .0034
34 0 .00287
35 0 .00229
36 0 .00189
37 0 .00146
38 0 .00142
39 0 .001
40 0 .00091
41 0 .00059
42 0 .00043
43 0 .00032
44 0 .00018
45 0 .0001
46 0 .00006
47 0 .00003
48 0 .00001
49 0 .00001
50 0 0
51 0 0
100 0 0
*parity 0 single
birth 1 F single 0
14 0 0
15 0 0
16 0 0
17 0 .00001
18 0 .00001
19 0 .00002
20 0 .00003
21 0 .00004
22 0 .00004
23 0 .00004
24 0 .00003
25 0 .00003
26 0 .00003
27 0 .00003
28 0 .00002
29 0 .00002
30 0 .00002
31 0 .00002
32 0 .00001
33 0 .00001
34 0 .00001
35 0 .00001
36 0 .00001
37 0 .00001
38 0 .00001
39 0 .00001
40 0 .00001
41 0 .00001
42 0 0
43 0 0
44 0 0
45 0 0
46 0 0
47 0 0
48 0 0
49 0 0
50 0 0
51 0 0
100 0 0
*parity 0 widowed
birth 1 F widowed 0
14 0 0
15 0 0
16 0 .00002
17 0 .00004
18 0 .02172
19 0 .03418
20 0 .01806
21 0 .0349
22 0 .01587
23 0 .00771
24 0 .00902
25 0 .00798
26 0 .00311
27 0 .00225
28 0 .00164
29 0 .00154
30 0 .0009
31 0 .00065
32 0 .00058
33 0 .00031
34 0 .00049
35 0 .0002
36 0 .00018
37 0 .00017
38 0 .0001
39 0 .0001
40 0 .00007
41 0 .00004
42 0 .00003
43 0 .00002
44 0 .00001
45 0 .00001
46 0 0
47 0 0
48 0 0
49 0 0
50 0 0
51 0 0
100 0 0
*parity 0 divorced
birth 1 F divorced 0
14 0 0
15 0 0
16 0 .00002
17 0 .00004
18 0 .02172
19 0 .03418
20 0 .01806
21 0 .0349
22 0 .01587
23 0 .00771
24 0 .00902
25 0 .00798
26 0 .00311
27 0 .00225
28 0 .00164
29 0 .00154
30 0 .0009
31 0 .00065
32 0 .00058
33 0 .00031
34 0 .00049
35 0 .0002
36 0 .00018
37 0 .00017
38 0 .0001
39 0 .0001
40 0 .00007
41 0 .00004
42 0 .00003
43 0 .00002
44 0 .00001
45 0 .00001
46 0 0
47 0 0
48 0 0
49 0 0
50 0 0
51 0 0
100 0 0
*parity 1 married
birth 1 F married 1
14 0 0
15 0 0
16 0 .00008
17 0 .00031
18 0 .02425
19 0 .02098
20 0 .02885
21 0 .03747
22 0 .04301
23 0 .04278
24 0 .04577
25 0 .05229
26 0 .06004
27 0 .05063
28 0 .05008
29 0 .03679
30 0 .0426
31 0 .03194
32 0 .03264
33 0 .03433
34 0 .02409
35 0 .01294
36 0 .01597
37 0 .01043
38 0 .01041
39 0 .00952
40 0 .00493
41 0 .00481
42 0 .00248
43 0 .00168
44 0 .00113
45 0 .00053
46 0 .00042
47 0 .00016
48 0 .00009
49 0 .00002
50 0 .00001
51 0 .00001
100 0 0
*parity 1 single
birth 1 F single 1
14 0 0
15 0 0
16 0 0
17 0 0
18 0 0
19 0 0
20 0 .00001
21 0 .00001
22 0 .01109
23 0 .00567
24 0 .00001
25 0 .00001
26 0 .00001
27 0 .00001
28 0 .00001
29 0 .00001
30 0 .00267
31 0 .00001
32 0 .00385
33 0 .00295
34 0 .0026
35 0 0
36 0 0
37 0 .00146
38 0 0
39 0 0
40 0 0
41 0 0
42 0 0
43 0 0
44 0 0
45 0 0
46 0 0
47 0 0
48 0 0
49 0 0
50 0 0
51 0 0
100 0 0
*parity 1 widowed
birth 1 F widowed 1
14 0 0
15 0 0
16 0 0
17 0 .00001
18 0 .00002
19 0 .01627
20 0 .00007
21 0 .00009
22 0 .01774
23 0 .03024
24 0 .01618
25 0 .00812
26 0 .0055
27 0 .00387
28 0 .00508
29 0 .00395
30 0 .00284
31 0 .00209
32 0 .0028
33 0 .00295
34 0 .00099
35 0 .00127
36 0 .00104
37 0 .00078
38 0 .00061
39 0 .00033
40 0 .00031
41 0 .00018
42 0 .00018
43 0 .00006
44 0 .00004
45 0 .00002
46 0 .00002
47 0 .00001
48 0 0
49 0 0
50 0 0
51 0 0
100 0 0
*parity 1 divorced
birth 1 F divorced 1
14 0 0
15 0 0
16 0 0
17 0 .00001
18 0 .00002
19 0 .01627
20 0 .00007
21 0 .00009
22 0 .01774
23 0 .03024
24 0 .01618
25 0 .00812
26 0 .0055
27 0 .00387
28 0 .00508
29 0 .00395
30 0 .00284
31 0 .00209
32 0 .0028
33 0 .00295
34 0 .00099
35 0 .00127
36 0 .00104
37 0 .00078
38 0 .00061
39 0 .00033
40 0 .00031
41 0 .00018
42 0 .00018
43 0 .00006
44 0 .00004
45 0 .00002
46 0 .00002
47 0 .00001
48 0 0
49 0 0
50 0 0
51 0 0
100 0 0
*parity 2 married
birth 1 F married 2
14 0 0
15 0 0
16 0 .00001
17 0 .00003
18 0 .00015
19 0 .03868
20 0 .03645
21 0 .02654
22 0 .02546
23 0 .02605
24 0 .02894
25 0 .02524
26 0 .02453
27 0 .02278
28 0 .02227
29 0 .02289
30 0 .02114
31 0 .01958
32 0 .01859
33 0 .01562
34 0 .01475
35 0 .0157
36 0 .01418
37 0 .01266
38 0 .01138
39 0 .01061
40 0 .00947
41 0 .00734
42 0 .00568
43 0 .004
44 0 .00301
45 0 .00202
46 0 .00131
47 0 .00078
48 0 .00037
49 0 .00019
50 0 .00009
51 0 .00003
100 0 0
*parity 2 single
birth 1 F single 2
14 0 0
15 0 0
16 0 0
17 0 0
18 0 0
19 0 0
20 0 0
21 0 .00001
22 0 .00001
23 0 .00001
24 0 .00002
25 0 .00002
26 0 .00002
27 0 .00002
28 0 .00002
29 0 .00002
30 0 .00002
31 0 .00002
32 0 .00002
33 0 .00002
34 0 .00002
35 0 .00002
36 0 .01176
37 0 .00001
38 0 .00001
39 0 .00001
40 0 .00001
41 0 .00001
42 0 .00001
43 0 0
44 0 0
45 0 0
46 0 0
47 0 0
48 0 0
49 0 0
50 0 0
51 0 .00003
100 0 0
*parity 2 widowed
birth 1 F widowed 2
14 0 0
15 0 0
16 0 0
17 0 0
18 0 0
19 0 .00001
20 0 .00002
21 0 .01798
22 0 .00611
23 0 .00818
24 0 .00722
25 0 .00446
26 0 .00593
27 0 .00414
28 0 .00535
29 0 .00323
30 0 .00304
31 0 .00258
32 0 .00216
33 0 .00218
34 0 .00196
35 0 .00148
36 0 .00143
37 0 .0014
38 0 .00097
39 0 .00083
40 0 .00067
41 0 .00059
42 0 .00041
43 0 .00026
44 0 .00022
45 0 .00018
46 0 .00006
47 0 .00004
48 0 .00002
49 0 .00001
50 0 0
51 0 0
100 0 0
*parity 2 divorced
birth 1 F divorced 2
14 0 0
15 0 0
16 0 0
17 0 0
18 0 0
19 0 .00001
20 0 .00002
21 0 .01798
22 0 .00611
23 0 .00818
24 0 .00722
25 0 .00446
26 0 .00593
27 0 .00414
28 0 .00535
29 0 .00323
30 0 .00304
31 0 .00258
32 0 .00216
33 0 .00218
34 0 .00196
35 0 .00148
36 0 .00143
37 0 .0014
38 0 .00097
39 0 .00083
40 0 .00067
41 0 .00059
42 0 .00041
43 0 .00026
44 0 .00022
45 0 .00018
46 0 .00006
47 0 .00004
48 0 .00002
49 0 .00001
50 0 0
51 0 0
100 0 0
