*parity 0 married
birth 1 F married 0
14 0 0
15 0 .00017
16 0 .00088
17 0 .04489
18 0 .04646
19 0 .06411
20 0 .0632
21 0 .06315
22 0 .05634
23 0 .0345
24 0 .03938
25 0 .02952
26 0 .02144
27 0 .02129
28 0 .01589
29 0 .01141
30 0 .01266
31 0 .00758
32 0 .00586
33 0 .00498
34 0 .00433
35 0 .00465
36 0 .00321
37 0 .0028
38 0 .00273
39 0 .0021
40 0 .00206
41 0 .00228
42 0 .00128
43 0 .00065
44 0 .00048
45 0 .00031
46 0 .00012
47 0 .00004
48 0 .00002
49 0 .00001
50 0 0
51 0 0
100 0 0
*parity 0 single
birth 1 F single 0
14 0 0
15 0 0
16 0 0
17 0 0
18 0 .00001
19 0 .00002
20 0 .00002
21 0 .00003
22 0 .00003
23 0 .00004
24 0 .00004
25 0 .00004
26 0 .00005
27 0 .00004
28 0 .00005
29 0 .00004
30 0 .00004
31 0 .00003
32 0 .00005
33 0 .00005
34 0 .00005
35 0 .00004
36 0 .00003
37 0 .00008
38 0 .00015
39 0 .00006
40 0 .00003
41 0 .00006
42 0 .00003
43 0 .00002
44 0 .00001
45 0 .00001
46 0 0
47 0 0
48 0 0
49 0 0
50 0 0
51 0 0
100 0 0
*parity 0 widowed
birth 1 F widowed 0
14 0 0
15 0 0
16 0 .00001
17 0 .00002
18 0 .00004
19 0 .04153
20 0 .0121
21 0 .01348
22 0 .01641
23 0 .01467
24 0 .01237
25 0 .00359
26 0 .00295
27 0 .00343
28 0 .00316
29 0 .00125
30 0 .00099
31 0 .00097
32 0 .00084
33 0 .00045
34 0 .00019
35 0 .0004
36 0 .00026
37 0 .00026
38 0 .00014
39 0 .00018
40 0 .00008
41 0 .00008
42 0 .00007
43 0 .00003
44 0 .00002
45 0 .00001
46 0 0
47 0 0
48 0 0
49 0 0
50 0 0
51 0 0
100 0 0
*parity 0 divorced
birth 1 F divorced 0
14 0 0
15 0 0
16 0 .00001
17 0 .00002
18 0 .00004
19 0 .04153
20 0 .0121
21 0 .01348
22 0 .01641
23 0 .01467
24 0 .01237
25 0 .00359
26 0 .00295
27 0 .00343
28 0 .00316
29 0 .00125
30 0 .00099
31 0 .00097
32 0 .00084
33 0 .00045
34 0 .00019
35 0 .0004
36 0 .00026
37 0 .00026
38 0 .00014
39 0 .00018
40 0 .00008
41 0 .00008
42 0 .00007
43 0 .00003
44 0 .00002
45 0 .00001
46 0 0
47 0 0
48 0 0
49 0 0
50 0 0
51 0 0
100 0 0
*parity 1 married
birth 1 F married 1
14 0 0
15 0 0
16 0 .00008
17 0 .21443
18 0 .04729
19 0 .03107
20 0 .03737
21 0 .04808
22 0 .04722
23 0 .06469
24 0 .06585
25 0 .05862
26 0 .04026
27 0 .03467
28 0 .02734
29 0 .02235
30 0 .02292
31 0 .02055
32 0 .01621
33 0 .01114
34 0 .00845
35 0 .00721
36 0 .00573
37 0 .00665
38 0 .00579
39 0 .00339
40 0 .00348
41 0 .00246
42 0 .0023
43 0 .00091
44 0 .00056
45 0 .00033
46 0 .00019
47 0 .00008
48 0 .00002
49 0 .00001
50 0 0
51 0 0
100 0 0
*parity 1 single
birth 1 F single 1
14 0 0
15 0 0
16 0 0
17 0 0
18 0 .00062
19 0 .00055
20 0 .00036
21 0 .00019
22 0 .00015
23 0 .00011
24 0 .00007
25 0 .00007
26 0 .00009
27 0 .00007
28 0 .00006
29 0 .00009
30 0 .00009
31 0 .00009
32 0 .00009
33 0 .00007
34 0 .00006
35 0 .00008
36 0 .00019
37 0 .0001
38 0 .00026
39 0 .00005
40 0 .00007
41 0 .00005
42 0 .00004
43 0 .00003
44 0 .00001
45 0 0
46 0 0
47 0 0
48 0 0
49 0 0
50 0 0
51 0 0
100 0 0
*parity 1 widowed
birth 1 F widowed 1
14 0 0
15 0 0
16 0 0
17 0 0
18 0 .00001
19 0 .00002
20 0 .0209
21 0 .01007
22 0 .00695
23 0 .00749
24 0 .00006
25 0 .00656
26 0 .00672
27 0 .00504
28 0 .00295
29 0 .00444
30 0 .00261
31 0 .00125
32 0 .00207
33 0 .00178
34 0 .00093
35 0 .00092
36 0 .00047
37 0 .00026
38 0 .00028
39 0 .00015
40 0 .00015
41 0 .00008
42 0 .00009
43 0 .00003
44 0 .00003
45 0 .00001
46 0 .00002
47 0 0
48 0 0
49 0 0
50 0 0
51 0 0
100 0 0
*parity 1 divorced
birth 1 F divorced 1
14 0 0
15 0 0
16 0 0
17 0 0
18 0 .00001
19 0 .00002
20 0 .0209
21 0 .01007
22 0 .00695
23 0 .00749
24 0 .00006
25 0 .00656
26 0 .00672
27 0 .00504
28 0 .00295
29 0 .00444
30 0 .00261
31 0 .00125
32 0 .00207
33 0 .00178
34 0 .00093
35 0 .00092
36 0 .00047
37 0 .00026
38 0 .00028
39 0 .00015
40 0 .00015
41 0 .00008
42 0 .00009
43 0 .00003
44 0 .00003
45 0 .00001
46 0 .00002
47 0 0
48 0 0
49 0 0
50 0 0
51 0 0
100 0 0
*parity 2 married
birth 1 F married 2
14 0 0
15 0 0
16 0 .00001
17 0 .00003
18 0 .00015
19 0 .02696
20 0 .03783
21 0 .03935
22 0 .03498
23 0 .04014
24 0 .03759
25 0 .03181
26 0 .03111
27 0 .03227
28 0 .02578
29 0 .02407
30 0 .02067
31 0 .01832
32 0 .01577
33 0 .01595
34 0 .01506
35 0 .01278
36 0 .01254
37 0 .01064
38 0 .00942
39 0 .00848
40 0 .00716
41 0 .00521
42 0 .00394
43 0 .00334
44 0 .00248
45 0 .00164
46 0 .00104
47 0 .00067
48 0 .0004
49 0 .00021
50 0 .00009
51 0 .00005
100 0 0
*parity 2 single
birth 1 F single 2
14 0 0
15 0 0
16 0 0
17 0 0
18 0 0
19 0 0
20 0 .00145
21 0 0
22 0 .00227
23 0 .0004
24 0 .00035
25 0 .00025
26 0 .00016
27 0 .00014
28 0 .00016
29 0 .00014
30 0 .00014
31 0 .00016
32 0 .00016
33 0 .00012
34 0 .00018
35 0 .00017
36 0 .00019
37 0 .0002
38 0 .00014
39 0 .00037
40 0 .00021
41 0 .00013
42 0 .00011
43 0 .00008
44 0 .00012
45 0 .00005
46 0 .00002
47 0 .00003
48 0 .00001
49 0 .00001
50 0 0
51 0 0
100 0 0
*parity 2 widowed
birth 1 F widowed 2
14 0 0
15 0 0
16 0 0
17 0 0
18 0 0
19 0 0
20 0 .00001
21 0 .01429
22 0 .02197
23 0 .00005
24 0 .01316
25 0 .01468
26 0 .00885
27 0 .0063
28 0 .00557
29 0 .00398
30 0 .00198
31 0 .0023
32 0 .00179
33 0 .0017
34 0 .00129
35 0 .00098
36 0 .00086
37 0 .0006
38 0 .00055
39 0 .00053
40 0 .0004
41 0 .00033
42 0 .00022
43 0 .00019
44 0 .00009
45 0 .00007
46 0 .00004
47 0 .00003
48 0 .00001
49 0 .00001
50 0 0
51 0 0
100 0 0
*parity 2 divorced
birth 1 F divorced 2
14 0 0
15 0 0
16 0 0
17 0 0
18 0 0
19 0 0
20 0 .00001
21 0 .01429
22 0 .02197
23 0 .00005
24 0 .01316
25 0 .01468
26 0 .00885
27 0 .0063
28 0 .00557
29 0 .00398
30 0 .00198
31 0 .0023
32 0 .00179
33 0 .0017
34 0 .00129
35 0 .00098
36 0 .00086
37 0 .0006
38 0 .00055
39 0 .00053
40 0 .0004
41 0 .00033
42 0 .00022
43 0 .00019
44 0 .00009
45 0 .00007
46 0 .00004
47 0 .00003
48 0 .00001
49 0 .00001
50 0 0
51 0 0
100 0 0
