*parity all married
birth 1 F married 0
14 0 0
15 0 .00008
16 0 .0007
17 0 .00233
18 0 .00553
19 0 .01026
20 0 .01541
21 0 .01954
22 0 .02193
23 0 .02298
24 0 .02319
25 0 .02234
26 0 .02074
27 0 .01867
28 0 .01704
29 0 .01555
30 0 .0145
31 0 .01284
32 0 .01173
33 0 .01067
34 0 .01025
35 0 .00966
36 0 .00912
37 0 .00843
38 0 .00783
39 0 .00704
40 0 .00622
41 0 .00484
42 0 .00373
43 0 .00272
44 0 .00202
45 0 .00135
46 0 .00081
47 0 .00049
48 0 .00026
49 0 .00013
50 0 .00006
51 0 .00002
100 0 0
*parity all single
birth 1 F single 0
14 0 0
15 0 .00008
16 0 .0007
17 0 .00233
18 0 .00553
19 0 .01026
20 0 .01541
21 0 .01954
22 0 .02193
23 0 .02298
24 0 .02319
25 0 .02234
26 0 .02074
27 0 .01867
28 0 .01704
29 0 .01555
30 0 .0145
31 0 .01284
32 0 .01173
33 0 .01067
34 0 .01025
35 0 .00966
36 0 .00912
37 0 .00843
38 0 .00783
39 0 .00704
40 0 .00622
41 0 .00484
42 0 .00373
43 0 .00272
44 0 .00202
45 0 .00135
46 0 .00081
47 0 .00049
48 0 .00026
49 0 .00013
50 0 .00006
51 0 .00002
100 0 0
*parity all widowed
birth 1 F widowed 0
14 0 0
15 0 .00008
16 0 .0007
17 0 .00233
18 0 .00553
19 0 .01026
20 0 .01541
21 0 .01954
22 0 .02193
23 0 .02298
24 0 .02319
25 0 .02234
26 0 .02074
27 0 .01867
28 0 .01704
29 0 .01555
30 0 .0145
31 0 .01284
32 0 .01173
33 0 .01067
34 0 .01025
35 0 .00966
36 0 .00912
37 0 .00843
38 0 .00783
39 0 .00704
40 0 .00622
41 0 .00484
42 0 .00373
43 0 .00272
44 0 .00202
45 0 .00135
46 0 .00081
47 0 .00049
48 0 .00026
49 0 .00013
50 0 .00006
51 0 .00002
100 0 0
*parity all divorced
birth 1 F divorced 0
14 0 0
15 0 .00008
16 0 .0007
17 0 .00233
18 0 .00553
19 0 .01026
20 0 .01541
21 0 .01954
22 0 .02193
23 0 .02298
24 0 .02319
25 0 .02234
26 0 .02074
27 0 .01867
28 0 .01704
29 0 .01555
30 0 .0145
31 0 .01284
32 0 .01173
33 0 .01067
34 0 .01025
35 0 .00966
36 0 .00912
37 0 .00843
38 0 .00783
39 0 .00704
40 0 .00622
41 0 .00484
42 0 .00373
43 0 .00272
44 0 .00202
45 0 .00135
46 0 .00081
47 0 .00049
48 0 .00026
49 0 .00013
50 0 .00006
51 0 .00002
100 0 0
