*parity all married
birth 1 F married 0
14 0 0
15 0 .01008
16 0 .00959
17 0 .01003
18 0 .01167
19 0 .01502
20 0 .01931
21 0 .02301
22 0 .02508
23 0 .02575
24 0 .02558
25 0 .02428
26 0 .0222
27 0 .01969
28 0 .01789
29 0 .01653
30 0 .01598
31 0 .01498
32 0 .01469
33 0 .01456
34 0 .01519
35 0 .01558
36 0 .01594
37 0 .01607
38 0 .0162
39 0 .01602
40 0 .01568
41 0 .01461
42 0 .01373
43 0 .01287
44 0 .0123
45 0 .01169
46 0 .01117
47 0 .01088
48 0 .01065
49 0 .01052
50 0 .01044
51 0 .01041
100 0 0
*parity all single
birth 1 F single 0
14 0 0
15 0 .01008
16 0 .00959
17 0 .01003
18 0 .01167
19 0 .01502
20 0 .01931
21 0 .02301
22 0 .02508
23 0 .02575
24 0 .02558
25 0 .02428
26 0 .0222
27 0 .01969
28 0 .01789
29 0 .01653
30 0 .01598
31 0 .01498
32 0 .01469
33 0 .01456
34 0 .01519
35 0 .01558
36 0 .01594
37 0 .01607
38 0 .0162
39 0 .01602
40 0 .01568
41 0 .01461
42 0 .01373
43 0 .01287
44 0 .0123
45 0 .01169
46 0 .01117
47 0 .01088
48 0 .01065
49 0 .01052
50 0 .01044
51 0 .01041
100 0 0
*parity all widowed
birth 1 F widowed 0
14 0 0
15 0 .01008
16 0 .00959
17 0 .01003
18 0 .01167
19 0 .01502
20 0 .01931
21 0 .02301
22 0 .02508
23 0 .02575
24 0 .02558
25 0 .02428
26 0 .0222
27 0 .01969
28 0 .01789
29 0 .01653
30 0 .01598
31 0 .01498
32 0 .01469
33 0 .01456
34 0 .01519
35 0 .01558
36 0 .01594
37 0 .01607
38 0 .0162
39 0 .01602
40 0 .01568
41 0 .01461
42 0 .01373
43 0 .01287
44 0 .0123
45 0 .01169
46 0 .01117
47 0 .01088
48 0 .01065
49 0 .01052
50 0 .01044
51 0 .01041
100 0 0
*parity all divorced
birth 1 F divorced 0
14 0 0
15 0 .01008
16 0 .00959
17 0 .01003
18 0 .01167
19 0 .01502
20 0 .01931
21 0 .02301
22 0 .02508
23 0 .02575
24 0 .02558
25 0 .02428
26 0 .0222
27 0 .01969
28 0 .01789
29 0 .01653
30 0 .01598
31 0 .01498
32 0 .01469
33 0 .01456
34 0 .01519
35 0 .01558
36 0 .01594
37 0 .01607
38 0 .0162
39 0 .01602
40 0 .01568
41 0 .01461
42 0 .01373
43 0 .01287
44 0 .0123
45 0 .01169
46 0 .01117
47 0 .01088
48 0 .01065
49 0 .01052
50 0 .01044
51 0 .01041
100 0 0
