*parity 0 married
birth 1 F married 0
14 0 0
15 0 .00019
16 0 .00094
17 0 .04789
18 0 .03568
19 0 .04748
20 0 .06086
21 0 .05912
22 0 .06602
23 0 .0671
24 0 .0733
25 0 .05112
26 0 .03601
27 0 .02147
28 0 .01694
29 0 .01351
30 0 .00922
31 0 .00877
32 0 .00541
33 0 .00447
34 0 .00361
35 0 .00304
36 0 .00294
37 0 .00222
38 0 .00235
39 0 .00169
40 0 .00186
41 0 .00112
42 0 .00085
43 0 .00058
44 0 .00041
45 0 .00026
46 0 .0001
47 0 .00006
48 0 .00003
49 0 .00001
50 0 0
51 0 0
100 0 0
*parity 0 single
birth 1 F single 0
14 0 0
15 0 0
16 0 0
17 0 0
18 0 .00001
19 0 .00002
20 0 .00002
21 0 .00002
22 0 .00003
23 0 .00002
24 0 .00002
25 0 .00002
26 0 .00002
27 0 .00002
28 0 .00002
29 0 .00001
30 0 .00001
31 0 .00001
32 0 .00001
33 0 .00001
34 0 .00002
35 0 .00002
36 0 .00002
37 0 .00002
38 0 .00003
39 0 .00003
40 0 .00003
41 0 .00001
42 0 .00002
43 0 .00001
44 0 .00001
45 0 .00001
46 0 0
47 0 0
48 0 0
49 0 0
50 0 0
51 0 0
100 0 0
*parity 0 widowed
birth 1 F widowed 0
14 0 0
15 0 0
16 0 .00001
17 0 .00002
18 0 .00004
19 0 .01311
20 0 .01718
21 0 .01722
22 0 .00007
23 0 .02107
24 0 .00496
25 0 .00425
26 0 .01098
27 0 .01876
28 0 .00473
29 0 .00189
30 0 .00107
31 0 .00077
32 0 .00068
33 0 .0003
34 0 .00027
35 0 .00025
36 0 .00015
37 0 .00013
38 0 .00012
39 0 .00009
40 0 .00006
41 0 .00004
42 0 .00004
43 0 .00002
44 0 .00001
45 0 .00001
46 0 0
47 0 0
48 0 0
49 0 0
50 0 0
51 0 0
100 0 0
*parity 0 divorced
birth 1 F divorced 0
14 0 0
15 0 0
16 0 .00001
17 0 .00002
18 0 .00004
19 0 .01311
20 0 .01718
21 0 .01722
22 0 .00007
23 0 .02107
24 0 .00496
25 0 .00425
26 0 .01098
27 0 .01876
28 0 .00473
29 0 .00189
30 0 .00107
31 0 .00077
32 0 .00068
33 0 .0003
34 0 .00027
35 0 .00025
36 0 .00015
37 0 .00013
38 0 .00012
39 0 .00009
40 0 .00006
41 0 .00004
42 0 .00004
43 0 .00002
44 0 .00001
45 0 .00001
46 0 0
47 0 0
48 0 0
49 0 0
50 0 0
51 0 0
100 0 0
*parity 1 married
birth 1 F married 1
14 0 0
15 0 0
16 0 .00008
17 0 .21698
18 0 .02651
19 0 .0301
20 0 .03788
21 0 .06231
22 0 .06078
23 0 .06036
24 0 .08789
25 0 .0768
26 0 .07656
27 0 .09407
28 0 .0706
29 0 .03989
30 0 .07891
31 0 .04276
32 0 .03105
33 0 .02963
34 0 .02451
35 0 .0242
36 0 .01277
37 0 .00803
38 0 .00683
39 0 .0046
40 0 .00355
41 0 .00315
42 0 .00212
43 0 .001
44 0 .00058
45 0 .00036
46 0 .00017
47 0 .00011
48 0 .00005
49 0 .00001
50 0 0
51 0 0
100 0 0
*parity 1 single
birth 1 F single 1
14 0 0
15 0 0
16 0 0
17 0 0
18 0 0
19 0 0
20 0 .00001
21 0 .00001
22 0 .00001
23 0 .00781
24 0 .00001
25 0 .0073
26 0 .00604
27 0 .00285
28 0 .00001
29 0 .00134
30 0 .00319
31 0 .00021
32 0 .00016
33 0 .00014
34 0 .00005
35 0 .00004
36 0 .00007
37 0 .00005
38 0 .00003
39 0 .00006
40 0 .00007
41 0 .00007
42 0 .00003
43 0 .00005
44 0 .00001
45 0 .00001
46 0 0
47 0 0
48 0 0
49 0 0
50 0 0
51 0 0
100 0 0
*parity 1 widowed
birth 1 F widowed 1
14 0 0
15 0 0
16 0 0
17 0 0
18 0 .00579
19 0 .00616
20 0 .00003
21 0 .00004
22 0 .01687
23 0 .03516
24 0 .0336
25 0 .03286
26 0 .00906
27 0 .00642
28 0 .00424
29 0 .00363
30 0 .00287
31 0 .00302
32 0 .0016
33 0 .0009
34 0 .00167
35 0 .00106
36 0 .00081
37 0 .00091
38 0 .0002
39 0 .00026
40 0 .00031
41 0 .00009
42 0 .00007
43 0 .00005
44 0 .00004
45 0 .00001
46 0 .00001
47 0 0
48 0 0
49 0 0
50 0 0
51 0 0
100 0 0
*parity 1 divorced
birth 1 F divorced 1
14 0 0
15 0 0
16 0 0
17 0 0
18 0 .00579
19 0 .00616
20 0 .00003
21 0 .00004
22 0 .01687
23 0 .03516
24 0 .0336
25 0 .03286
26 0 .00906
27 0 .00642
28 0 .00424
29 0 .00363
30 0 .00287
31 0 .00302
32 0 .0016
33 0 .0009
34 0 .00167
35 0 .00106
36 0 .00081
37 0 .00091
38 0 .0002
39 0 .00026
40 0 .00031
41 0 .00009
42 0 .00007
43 0 .00005
44 0 .00004
45 0 .00001
46 0 .00001
47 0 0
48 0 0
49 0 0
50 0 0
51 0 0
100 0 0
*parity 2 married
birth 1 F married 2
14 0 0
15 0 0
16 0 .00001
17 0 .00003
18 0 .00014
19 0 .03131
20 0 .02909
21 0 .02559
22 0 .01923
23 0 .02269
24 0 .01895
25 0 .02034
26 0 .02097
27 0 .01943
28 0 .02016
29 0 .0185
30 0 .01757
31 0 .01581
32 0 .01635
33 0 .01415
34 0 .0125
35 0 .01255
36 0 .01065
37 0 .01058
38 0 .00871
39 0 .00816
40 0 .00668
41 0 .00528
42 0 .00394
43 0 .00299
44 0 .00224
45 0 .0015
46 0 .00098
47 0 .00056
48 0 .00031
49 0 .00016
50 0 .00006
51 0 .00002
100 0 0
*parity 2 single
birth 1 F single 2
14 0 0
15 0 0
16 0 0
17 0 0
18 0 0
19 0 0
20 0 0
21 0 0
22 0 .00001
23 0 .00001
24 0 .00001
25 0 .00001
26 0 .00002
27 0 .00002
28 0 .01032
29 0 .00002
30 0 .00322
31 0 .00465
32 0 .00853
33 0 .00102
34 0 .00128
35 0 .00062
36 0 .00059
37 0 .00039
38 0 .00035
39 0 .0002
40 0 .00024
41 0 .00017
42 0 .00011
43 0 .00012
44 0 .0001
45 0 .00006
46 0 .00004
47 0 .00005
48 0 .00001
49 0 .00002
50 0 0
51 0 0
100 0 0
*parity 2 widowed
birth 1 F widowed 2
14 0 0
15 0 0
16 0 0
17 0 0
18 0 0
19 0 0
20 0 .00715
21 0 .00002
22 0 .00688
23 0 .00562
24 0 .00343
25 0 .00521
26 0 .00523
27 0 .00315
28 0 .00202
29 0 .00334
30 0 .00174
31 0 .0015
32 0 .0011
33 0 .00097
34 0 .00182
35 0 .00071
36 0 .0007
37 0 .00058
38 0 .00066
39 0 .00046
40 0 .0003
41 0 .00027
42 0 .00019
43 0 .00013
44 0 .00011
45 0 .00005
46 0 .00003
47 0 .00001
48 0 .00001
49 0 0
50 0 0
51 0 0
100 0 0
*parity 2 divorced
birth 1 F divorced 2
14 0 0
15 0 0
16 0 0
17 0 0
18 0 0
19 0 0
20 0 .00715
21 0 .00002
22 0 .00688
23 0 .00562
24 0 .00343
25 0 .00521
26 0 .00523
27 0 .00315
28 0 .00202
29 0 .00334
30 0 .00174
31 0 .0015
32 0 .0011
33 0 .00097
34 0 .00182
35 0 .00071
36 0 .0007
37 0 .00058
38 0 .00066
39 0 .00046
40 0 .0003
41 0 .00027
42 0 .00019
43 0 .00013
44 0 .00011
45 0 .00005
46 0 .00003
47 0 .00001
48 0 .00001
49 0 0
50 0 0
51 0 0
100 0 0
