*parity 0 married
birth 1 F married 0
14 0 0
15 0 .00024
16 0 .00097
17 0 .03138
18 0 .02664
19 0 .02511
20 0 .02314
21 0 .02599
22 0 .02148
23 0 .02023
24 0 .01804
25 0 .01437
26 0 .0143
27 0 .01465
28 0 .01434
29 0 .01123
30 0 .01183
31 0 .01072
32 0 .00794
33 0 .00702
34 0 .00495
35 0 .00403
36 0 .00369
37 0 .00279
38 0 .00195
39 0 .00153
40 0 .0012
41 0 .00071
42 0 .00043
43 0 .00027
44 0 .00014
45 0 .0001
46 0 .00005
47 0 .00003
48 0 .00001
49 0 0
50 0 0
51 0 0
100 0 0
*parity 0 single
birth 1 F single 0
14 0 0
15 0 .00001
16 0 .00002
17 0 .00004
18 0 .00008
19 0 .00012
20 0 .00016
21 0 .00017
22 0 .0002
23 0 .0002
24 0 .00022
25 0 .00025
26 0 .00024
27 0 .00026
28 0 .00027
29 0 .00027
30 0 .0003
31 0 .00028
32 0 .00031
33 0 .00026
34 0 .0002
35 0 .00025
36 0 .00015
37 0 .00015
38 0 .00014
39 0 .00011
40 0 .00007
41 0 .00009
42 0 .00004
43 0 .00004
44 0 .00002
45 0 .00001
46 0 .00001
47 0 0
48 0 0
49 0 0
50 0 0
51 0 0
100 0 0
*parity 0 widowed
birth 1 F widowed 0
14 0 0
15 0 .00001
16 0 .00004
17 0 .00008
18 0 .05858
19 0 .03949
20 0 .02748
21 0 .02772
22 0 .02071
23 0 .01363
24 0 .00786
25 0 .0068
26 0 .00609
27 0 .00395
28 0 .0038
29 0 .00507
30 0 .00295
31 0 .00299
32 0 .00204
33 0 .00168
34 0 .00139
35 0 .00067
36 0 .00067
37 0 .00049
38 0 .0003
39 0 .00022
40 0 .00014
41 0 .00011
42 0 .00006
43 0 .00004
44 0 .00002
45 0 .00001
46 0 .00001
47 0 0
48 0 0
49 0 0
50 0 0
51 0 0
100 0 0
*parity 0 divorced
birth 1 F divorced 0
14 0 0
15 0 .00001
16 0 .00004
17 0 .00008
18 0 .05858
19 0 .03949
20 0 .02748
21 0 .02772
22 0 .02071
23 0 .01363
24 0 .00786
25 0 .0068
26 0 .00609
27 0 .00395
28 0 .0038
29 0 .00507
30 0 .00295
31 0 .00299
32 0 .00204
33 0 .00168
34 0 .00139
35 0 .00067
36 0 .00067
37 0 .00049
38 0 .0003
39 0 .00022
40 0 .00014
41 0 .00011
42 0 .00006
43 0 .00004
44 0 .00002
45 0 .00001
46 0 .00001
47 0 0
48 0 0
49 0 0
50 0 0
51 0 0
100 0 0
*parity 1 married
birth 1 F married 1
14 0 0
15 0 0
16 0 .00005
17 0 .00019
18 0 .0196
19 0 .0152
20 0 .01794
21 0 .01909
22 0 .01926
23 0 .02141
24 0 .02028
25 0 .02643
26 0 .02705
27 0 .02295
28 0 .02923
29 0 .02963
30 0 .02635
31 0 .03162
32 0 .0351
33 0 .02439
34 0 .02783
35 0 .02908
36 0 .02006
37 0 .01816
38 0 .01381
39 0 .0067
40 0 .00924
41 0 .00774
42 0 .00277
43 0 .00197
44 0 .0022
45 0 .00137
46 0 .00133
47 0 .0005
48 0 .00008
49 0 .00003
50 0 .00001
51 0 .00001
100 0 0
*parity 1 single
birth 1 F single 1
14 0 0
15 0 0
16 0 0
17 0 0
18 0 .01638
19 0 .00002
20 0 .00004
21 0 .03191
22 0 .02489
23 0 .01006
24 0 .0805
25 0 .02209
26 0 .04804
27 0 .0847
28 0 .03359
29 0 .06466
30 0 .01621
31 0 .0134
32 0 .00005
33 0 .0351
34 0 .00004
35 0 .00003
36 0 .00931
37 0 .00002
38 0 .00001
39 0 .00001
40 0 .00001
41 0 .00377
42 0 0
43 0 0
44 0 0
45 0 0
46 0 0
47 0 0
48 0 0
49 0 0
50 0 0
51 0 0
100 0 0
*parity 1 widowed
birth 1 F widowed 1
14 0 0
15 0 0
16 0 0
17 0 .00001
18 0 .00982
19 0 .01168
20 0 .02115
21 0 .01913
22 0 .01033
23 0 .01114
24 0 .00689
25 0 .00794
26 0 .00785
27 0 .00802
28 0 .00711
29 0 .00528
30 0 .00555
31 0 .00482
32 0 .00409
33 0 .00371
34 0 .00653
35 0 .01062
36 0 .01675
37 0 .00221
38 0 .0028
39 0 .00216
40 0 .00104
41 0 .00097
42 0 .00024
43 0 .00056
44 0 .00009
45 0 .00005
46 0 .00003
47 0 .00001
48 0 .00001
49 0 0
50 0 0
51 0 0
100 0 0
*parity 1 divorced
birth 1 F divorced 1
14 0 0
15 0 0
16 0 0
17 0 .00001
18 0 .00982
19 0 .01168
20 0 .02115
21 0 .01913
22 0 .01033
23 0 .01114
24 0 .00689
25 0 .00794
26 0 .00785
27 0 .00802
28 0 .00711
29 0 .00528
30 0 .00555
31 0 .00482
32 0 .00409
33 0 .00371
34 0 .00653
35 0 .01062
36 0 .01675
37 0 .00221
38 0 .0028
39 0 .00216
40 0 .00104
41 0 .00097
42 0 .00024
43 0 .00056
44 0 .00009
45 0 .00005
46 0 .00003
47 0 .00001
48 0 .00001
49 0 0
50 0 0
51 0 0
100 0 0
*parity 2 married
birth 1 F married 2
14 0 0
15 0 0
16 0 0
17 0 .00002
18 0 .00006
19 0 .02828
20 0 .01933
21 0 .01167
22 0 .0114
23 0 .01036
24 0 .01102
25 0 .00963
26 0 .00993
27 0 .00971
28 0 .00826
29 0 .00821
30 0 .00717
31 0 .00643
32 0 .00585
33 0 .00545
34 0 .00526
35 0 .00464
36 0 .00415
37 0 .00363
38 0 .00309
39 0 .00275
40 0 .00225
41 0 .00167
42 0 .00142
43 0 .00099
44 0 .00078
45 0 .00049
46 0 .00028
47 0 .00017
48 0 .00009
49 0 .00004
50 0 .00002
51 0 .00001
100 0 0
*parity 2 single
birth 1 F single 2
14 0 0
15 0 0
16 0 0
17 0 0
18 0 0
19 0 0
20 0 .00001
21 0 .00002
22 0 .00003
23 0 .04088
24 0 .02404
25 0 .03029
26 0 .07399
27 0 .01438
28 0 .03127
29 0 .06557
30 0 .07188
31 0 .03226
32 0 .05715
33 0 .02561
34 0 .0475
35 0 .00005
36 0 .00005
37 0 .03444
38 0 .01454
39 0 .00003
40 0 .02022
41 0 .00002
42 0 .00001
43 0 .00001
44 0 .00619
45 0 0
46 0 0
47 0 0
48 0 0
49 0 0
50 0 0
51 0 0
100 0 0
*parity 2 widowed
birth 1 F widowed 2
14 0 0
15 0 0
16 0 0
17 0 0
18 0 0
19 0 .01062
20 0 .01049
21 0 .0038
22 0 .00468
23 0 .00565
24 0 .0048
25 0 .00474
26 0 .00325
27 0 .00287
28 0 .0025
29 0 .00256
30 0 .00193
31 0 .00149
32 0 .00141
33 0 .00142
34 0 .00114
35 0 .0008
36 0 .00071
37 0 .0006
38 0 .00062
39 0 .00045
40 0 .00031
41 0 .00024
42 0 .00025
43 0 .00014
44 0 .0001
45 0 .00006
46 0 .00004
47 0 .00002
48 0 .00001
49 0 0
50 0 0
51 0 0
100 0 0
*parity 2 divorced
birth 1 F divorced 2
14 0 0
15 0 0
16 0 0
17 0 0
18 0 0
19 0 .01062
20 0 .01049
21 0 .0038
22 0 .00468
23 0 .00565
24 0 .0048
25 0 .00474
26 0 .00325
27 0 .00287
28 0 .0025
29 0 .00256
30 0 .00193
31 0 .00149
32 0 .00141
33 0 .00142
34 0 .00114
35 0 .0008
36 0 .00071
37 0 .0006
38 0 .00062
39 0 .00045
40 0 .00031
41 0 .00024
42 0 .00025
43 0 .00014
44 0 .0001
45 0 .00006
46 0 .00004
47 0 .00002
48 0 .00001
49 0 0
50 0 0
51 0 0
100 0 0
