*parity 0 married
birth 1 F married 0
14 0 0
15 0 .00015
16 0 .0007
17 0 .03601
18 0 .03198
19 0 .03259
20 0 .03703
21 0 .03855
22 0 .03671
23 0 .04044
24 0 .04649
25 0 .04883
26 0 .03832
27 0 .0556
28 0 .04118
29 0 .0269
30 0 .02204
31 0 .01572
32 0 .01232
33 0 .00685
34 0 .00612
35 0 .00389
36 0 .00318
37 0 .00222
38 0 .00199
39 0 .00137
40 0 .00108
41 0 .00071
42 0 .00048
43 0 .00028
44 0 .00016
45 0 .00009
46 0 .00005
47 0 .00003
48 0 .00001
49 0 .00001
50 0 0
51 0 0
100 0 0
*parity 0 single
birth 1 F single 0
14 0 0
15 0 .00004
16 0 .00018
17 0 .00041
18 0 .0008
19 0 .00134
20 0 .0018
21 0 .0021
22 0 .00227
23 0 .0023
24 0 .0022
25 0 .00213
26 0 .00218
27 0 .00211
28 0 .00202
29 0 .0021
30 0 .00188
31 0 .00175
32 0 .00173
33 0 .00143
34 0 .00179
35 0 .00188
36 0 .00141
37 0 .00126
38 0 .00145
39 0 .00107
40 0 .00098
41 0 .00071
42 0 .0006
43 0 .0005
44 0 .00025
45 0 .00023
46 0 .00014
47 0 .00006
48 0 .00004
49 0 .00001
50 0 0
51 0 0
100 0 0
*parity 0 widowed
birth 1 F widowed 0
14 0 0
15 0 .00003
16 0 .00015
17 0 .89606
18 0 .3814
19 0 .29484
20 0 .55745
21 0 .46501
22 0 .34913
23 0 .3891
24 0 1.56201
25 0 .0007
26 0 .00059
27 0 .00049
28 0 .00041
29 0 .59139
30 0 .00028
31 0 .20541
32 0 .09961
33 0 .06255
34 0 .04948
35 0 .02295
36 0 .01065
37 0 .00472
38 0 .00215
39 0 .00171
40 0 .0011
41 0 .00067
42 0 .0004
43 0 .00022
44 0 .00013
45 0 .00009
46 0 .00004
47 0 .00002
48 0 .00001
49 0 0
50 0 0
51 0 0
100 0 0
*parity 0 divorced
birth 1 F divorced 0
14 0 0
15 0 .00003
16 0 .00015
17 0 .89606
18 0 .3814
19 0 .29484
20 0 .55745
21 0 .46501
22 0 .34913
23 0 .3891
24 0 1.56201
25 0 .0007
26 0 .00059
27 0 .00049
28 0 .00041
29 0 .59139
30 0 .00028
31 0 .20541
32 0 .09961
33 0 .06255
34 0 .04948
35 0 .02295
36 0 .01065
37 0 .00472
38 0 .00215
39 0 .00171
40 0 .0011
41 0 .00067
42 0 .0004
43 0 .00022
44 0 .00013
45 0 .00009
46 0 .00004
47 0 .00002
48 0 .00001
49 0 0
50 0 0
51 0 0
100 0 0
*parity 1 married
birth 1 F married 1
14 0 0
15 0 0
16 0 .00005
17 0 .0002
18 0 .17035
19 0 .06634
20 0 .03992
21 0 .02774
22 0 .0255
23 0 .03618
24 0 .06133
25 0 .06005
26 0 .05237
27 0 .05336
28 0 .05198
29 0 .06568
30 0 .22004
31 0 .27481
32 0 1
33 0 .49098
34 0 .52602
35 0 .00084
36 0 .33731
37 0 .81505
38 0 .61782
39 0 .23583
40 0 .36406
41 0 .00018
42 0 .16824
43 0 .00007
44 0 .06073
45 0 .03329
46 0 .00001
47 0 .00085
48 0 .00014
49 0 .00002
50 0 .00001
51 0 0
100 0 0
*parity 1 single
birth 1 F single 1
14 0 0
15 0 0
16 0 .0385
17 0 .0362
18 0 .19715
19 0 .05438
20 0 .05171
21 0 .06789
22 0 .1196
23 0 .27782
24 0 1
25 0 .50961
26 0 1
27 0 .21499
28 0 .56812
29 0 .00059
30 0 .00052
31 0 .11106
32 0 .14604
33 0 .50507
34 0 .13528
35 0 .00021
36 0 .26024
37 0 .10481
38 0 .05296
39 0 .00009
40 0 .04681
41 0 .00005
42 0 .02163
43 0 .02635
44 0 .00001
45 0 .00001
46 0 0
47 0 0
48 0 0
49 0 .00026
50 0 0
51 0 0
100 0 0
*parity 1 widowed
birth 1 F widowed 1
14 0 0
15 0 0
16 0 .00001
17 0 .00004
18 0 .00012
19 0 .23388
20 0 .28148
21 0 .13438
22 0 .16396
23 0 .17425
24 0 1.45004
25 0 .41094
26 0 .00067
27 0 .52008
28 0 .15271
29 0 .20772
30 0 .34224
31 0 .00035
32 0 .11777
33 0 .20364
34 0 .32726
35 0 .00017
36 0 .00014
37 0 .05634
38 0 .00009
39 0 .09781
40 0 .0755
41 0 .05419
42 0 .00002
43 0 .02124
44 0 .01259
45 0 .0069
46 0 .00038
47 0 .00013
48 0 .00003
49 0 0
50 0 0
51 0 0
100 0 0
*parity 1 divorced
birth 1 F divorced 1
14 0 0
15 0 0
16 0 .00001
17 0 .00004
18 0 .00012
19 0 .23388
20 0 .28148
21 0 .13438
22 0 .16396
23 0 .17425
24 0 1.45004
25 0 .41094
26 0 .00067
27 0 .52008
28 0 .15271
29 0 .20772
30 0 .34224
31 0 .00035
32 0 .11777
33 0 .20364
34 0 .32726
35 0 .00017
36 0 .00014
37 0 .05634
38 0 .00009
39 0 .09781
40 0 .0755
41 0 .05419
42 0 .00002
43 0 .02124
44 0 .01259
45 0 .0069
46 0 .00038
47 0 .00013
48 0 .00003
49 0 0
50 0 0
51 0 0
100 0 0
*parity 2 married
birth 1 F married 2
14 0 0
15 0 0
16 0 0
17 0 .00002
18 0 .00384
19 0 .00524
20 0 .00979
21 0 .01776
22 0 .01849
23 0 .01316
24 0 .01132
25 0 .01122
26 0 .01024
27 0 .00912
28 0 .00898
29 0 .00873
30 0 .00827
31 0 .00758
32 0 .00705
33 0 .00699
34 0 .00648
35 0 .00604
36 0 .00592
37 0 .00558
38 0 .00512
39 0 .00458
40 0 .00417
41 0 .00327
42 0 .00256
43 0 .00199
44 0 .00159
45 0 .00104
46 0 .00063
47 0 .00038
48 0 .0002
49 0 .00011
50 0 .00005
51 0 .00002
100 0 0
*parity 2 single
birth 1 F single 2
14 0 0
15 0 0
16 0 0
17 0 0
18 0 .01978
19 0 .01606
20 0 .02434
21 0 .02664
22 0 .01982
23 0 .02003
24 0 .021
25 0 .02051
26 0 .02143
27 0 .02917
28 0 .0342
29 0 .02816
30 0 .03718
31 0 .04553
32 0 .06574
33 0 .05556
34 0 .06824
35 0 .08478
36 0 .09869
37 0 .16698
38 0 .10187
39 0 .14768
40 0 .26136
41 0 .12539
42 0 .09304
43 0 .08313
44 0 .04807
45 0 .03985
46 0 .09387
47 0 .05787
48 0 .01452
49 0 .00744
50 0 .00614
51 0 0
100 0 0
*parity 2 widowed
birth 1 F widowed 2
14 0 0
15 0 0
16 0 0
17 0 0
18 0 .04784
19 0 .05179
20 0 .02355
21 0 .02578
22 0 .02418
23 0 .0171
24 0 .01488
25 0 .01512
26 0 .01952
27 0 .0147
28 0 .01246
29 0 .00977
30 0 .00825
31 0 .00771
32 0 .00625
33 0 .00572
34 0 .00432
35 0 .00415
36 0 .00347
37 0 .0031
38 0 .00246
39 0 .00228
40 0 .00171
41 0 .00139
42 0 .00102
43 0 .00073
44 0 .00052
45 0 .00036
46 0 .0002
47 0 .00011
48 0 .00006
49 0 .00003
50 0 .00001
51 0 0
100 0 0
*parity 2 divorced
birth 1 F divorced 2
14 0 0
15 0 0
16 0 0
17 0 0
18 0 .04784
19 0 .05179
20 0 .02355
21 0 .02578
22 0 .02418
23 0 .0171
24 0 .01488
25 0 .01512
26 0 .01952
27 0 .0147
28 0 .01246
29 0 .00977
30 0 .00825
31 0 .00771
32 0 .00625
33 0 .00572
34 0 .00432
35 0 .00415
36 0 .00347
37 0 .0031
38 0 .00246
39 0 .00228
40 0 .00171
41 0 .00139
42 0 .00102
43 0 .00073
44 0 .00052
45 0 .00036
46 0 .0002
47 0 .00011
48 0 .00006
49 0 .00003
50 0 .00001
51 0 0
100 0 0
