*parity 0 married
birth 1 F married 0
14 0 0
15 0 .00021
16 0 .00098
17 0 .03528
18 0 .02252
19 0 .02953
20 0 .03899
21 0 .04597
22 0 .04821
23 0 .0505
24 0 .04552
25 0 .05916
26 0 .10193
27 0 .16837
28 0 .17457
29 0 .13658
30 0 .04953
31 0 .03113
32 0 .03038
33 0 .04531
34 0 .02492
35 0 .01666
36 0 .00779
37 0 .00654
38 0 .0046
39 0 .00353
40 0 .00277
41 0 .00186
42 0 .00139
43 0 .00086
44 0 .00045
45 0 .00024
46 0 .00015
47 0 .00008
48 0 .00003
49 0 .00002
50 0 0
51 0 0
100 0 0
*parity 0 single
birth 1 F single 0
14 0 0
15 0 0
16 0 .00001
17 0 .00002
18 0 .00004
19 0 .00007
20 0 .0001
21 0 .00012
22 0 .00013
23 0 .00013
24 0 .00013
25 0 .00012
26 0 .00011
27 0 .0001
28 0 .0001
29 0 .00009
30 0 .00008
31 0 .00008
32 0 .00006
33 0 .00007
34 0 .00006
35 0 .00006
36 0 .00006
37 0 .00005
38 0 .00004
39 0 .00003
40 0 .00003
41 0 .00002
42 0 .00002
43 0 .00001
44 0 .00001
45 0 0
46 0 0
47 0 0
48 0 0
49 0 0
50 0 0
51 0 0
100 0 0
*parity 0 widowed
birth 1 F widowed 0
14 0 0
15 0 .00001
16 0 .00003
17 0 .0916
18 0 .08869
19 0 .04032
20 0 .04087
21 0 .25997
22 0 .03286
23 0 .00018
24 0 .08405
25 0 .00014
26 0 .11762
27 0 .09715
28 0 .04029
29 0 .00957
30 0 .01322
31 0 .02245
32 0 .03681
33 0 .00719
34 0 .00339
35 0 .00234
36 0 .00084
37 0 .00126
38 0 .00106
39 0 .0007
40 0 .00057
41 0 .0003
42 0 .0001
43 0 .00007
44 0 .00007
45 0 .00004
46 0 .00002
47 0 .00001
48 0 0
49 0 0
50 0 0
51 0 0
100 0 0
*parity 0 divorced
birth 1 F divorced 0
14 0 0
15 0 .00001
16 0 .00003
17 0 .0916
18 0 .08869
19 0 .04032
20 0 .04087
21 0 .25997
22 0 .03286
23 0 .00018
24 0 .08405
25 0 .00014
26 0 .11762
27 0 .09715
28 0 .04029
29 0 .00957
30 0 .01322
31 0 .02245
32 0 .03681
33 0 .00719
34 0 .00339
35 0 .00234
36 0 .00084
37 0 .00126
38 0 .00106
39 0 .0007
40 0 .00057
41 0 .0003
42 0 .0001
43 0 .00007
44 0 .00007
45 0 .00004
46 0 .00002
47 0 .00001
48 0 0
49 0 0
50 0 0
51 0 0
100 0 0
*parity 1 married
birth 1 F married 1
14 0 0
15 0 0
16 0 .00007
17 0 .00028
18 0 .02995
19 0 .02609
20 0 .03048
21 0 .02546
22 0 .02597
23 0 .03075
24 0 .03848
25 0 .05503
26 0 .03604
27 0 .04275
28 0 .03452
29 0 .03018
30 0 .03349
31 0 .02954
32 0 .04402
33 0 .03628
34 0 .02241
35 0 .01833
36 0 .01284
37 0 .01039
38 0 .01142
39 0 .01099
40 0 .00769
41 0 .0044
42 0 .00288
43 0 .00168
44 0 .00108
45 0 .00047
46 0 .00028
47 0 .00017
48 0 .00004
49 0 .00001
50 0 .00001
51 0 .00001
100 0 0
*parity 1 single
birth 1 F single 1
14 0 0
15 0 0
16 0 0
17 0 0
18 0 .00001
19 0 .00002
20 0 .03074
21 0 .00004
22 0 .05469
23 0 .0295
24 0 .00005
25 0 .04469
26 0 .04181
27 0 .03739
28 0 .00003
29 0 .00003
30 0 .00003
31 0 .00002
32 0 .00002
33 0 .01457
34 0 .00001
35 0 .00001
36 0 .00001
37 0 .00001
38 0 .00177
39 0 .00412
40 0 0
41 0 0
42 0 0
43 0 0
44 0 .00054
45 0 0
46 0 .00015
47 0 0
48 0 0
49 0 0
50 0 0
51 0 0
100 0 0
*parity 1 widowed
birth 1 F widowed 1
14 0 0
15 0 0
16 0 0
17 0 .00001
18 0 .03715
19 0 .03612
20 0 .01656
21 0 .01726
22 0 .00769
23 0 .01192
24 0 .01423
25 0 .01111
26 0 .01352
27 0 .00604
28 0 .00598
29 0 .00791
30 0 .0046
31 0 .00288
32 0 .00389
33 0 .00262
34 0 .00164
35 0 .00092
36 0 .00095
37 0 .00059
38 0 .00046
39 0 .00049
40 0 .00034
41 0 .00021
42 0 .00011
43 0 .00007
44 0 .00004
45 0 .00003
46 0 .00001
47 0 0
48 0 0
49 0 0
50 0 0
51 0 0
100 0 0
*parity 1 divorced
birth 1 F divorced 1
14 0 0
15 0 0
16 0 0
17 0 .00001
18 0 .03715
19 0 .03612
20 0 .01656
21 0 .01726
22 0 .00769
23 0 .01192
24 0 .01423
25 0 .01111
26 0 .01352
27 0 .00604
28 0 .00598
29 0 .00791
30 0 .0046
31 0 .00288
32 0 .00389
33 0 .00262
34 0 .00164
35 0 .00092
36 0 .00095
37 0 .00059
38 0 .00046
39 0 .00049
40 0 .00034
41 0 .00021
42 0 .00011
43 0 .00007
44 0 .00004
45 0 .00003
46 0 .00001
47 0 0
48 0 0
49 0 0
50 0 0
51 0 0
100 0 0
*parity 2 married
birth 1 F married 2
14 0 0
15 0 0
16 0 .00001
17 0 .00003
18 0 .00012
19 0 .0265
20 0 .01669
21 0 .01977
22 0 .01854
23 0 .01644
24 0 .01497
25 0 .01381
26 0 .01363
27 0 .01271
28 0 .01208
29 0 .01217
30 0 .01172
31 0 .0112
32 0 .01031
33 0 .00876
34 0 .00889
35 0 .00839
36 0 .00816
37 0 .00743
38 0 .00664
39 0 .00598
40 0 .00522
41 0 .00411
42 0 .0032
43 0 .00233
44 0 .00189
45 0 .00128
46 0 .00075
47 0 .00044
48 0 .00025
49 0 .00012
50 0 .00006
51 0 .00002
100 0 0
*parity 2 single
birth 1 F single 2
14 0 0
15 0 0
16 0 0
17 0 0
18 0 0
19 0 0
20 0 .00001
21 0 .00002
22 0 .00002
23 0 .00003
24 0 .00004
25 0 .00005
26 0 .00006
27 0 .00006
28 0 .00006
29 0 .06269
30 0 .00006
31 0 .00006
32 0 .00006
33 0 .00005
34 0 .00005
35 0 .04298
36 0 .0386
37 0 .00004
38 0 .00004
39 0 .00003
40 0 .00003
41 0 .00002
42 0 .00002
43 0 .01171
44 0 .00001
45 0 .00001
46 0 0
47 0 0
48 0 .00105
49 0 0
50 0 0
51 0 0
100 0 0
*parity 2 widowed
birth 1 F widowed 2
14 0 0
15 0 0
16 0 0
17 0 0
18 0 0
19 0 .00001
20 0 .01565
21 0 .00756
22 0 .02044
23 0 .01016
24 0 .0064
25 0 .00415
26 0 .00411
27 0 .00379
28 0 .004
29 0 .00289
30 0 .00314
31 0 .0022
32 0 .00163
33 0 .00148
34 0 .00134
35 0 .00122
36 0 .00111
37 0 .00098
38 0 .00092
39 0 .00066
40 0 .00048
41 0 .00043
42 0 .00031
43 0 .00024
44 0 .00014
45 0 .0001
46 0 .00006
47 0 .00004
48 0 .00002
49 0 .00001
50 0 0
51 0 0
100 0 0
*parity 2 divorced
birth 1 F divorced 2
14 0 0
15 0 0
16 0 0
17 0 0
18 0 0
19 0 .00001
20 0 .01565
21 0 .00756
22 0 .02044
23 0 .01016
24 0 .0064
25 0 .00415
26 0 .00411
27 0 .00379
28 0 .004
29 0 .00289
30 0 .00314
31 0 .0022
32 0 .00163
33 0 .00148
34 0 .00134
35 0 .00122
36 0 .00111
37 0 .00098
38 0 .00092
39 0 .00066
40 0 .00048
41 0 .00043
42 0 .00031
43 0 .00024
44 0 .00014
45 0 .0001
46 0 .00006
47 0 .00004
48 0 .00002
49 0 .00001
50 0 0
51 0 0
100 0 0
