*parity 0 married
birth 1 F married 0
14 0 0
15 0 .00089
16 0 .00101
17 0 .03179
18 0 .02588
19 0 .03585
20 0 .05652
21 0 .08058
22 0 .12458
23 0 .18477
24 0 .23333
25 0 .32659
26 0 .73074
27 0 1
28 0 .00057
29 0 .03875
30 0 .00114
31 0 0
32 0 .00375
33 0 .00818
34 0 .01204
35 0 .01437
36 0 .03369
37 0 .06725
38 0 .0009
39 0 .00095
40 0 .00099
41 0 .37975
42 0 .00099
43 0 .00098
44 0 .00098
45 0 .00096
46 0 .00096
47 0 .00095
48 0 .00095
49 0 .00095
50 0 .00095
51 0 .00095
100 0 0
*parity 0 single
birth 1 F single 0
14 0 0
15 0 .00004
16 0 .00004
17 0 .00008
18 0 .00017
19 0 .00032
20 0 .00046
21 0 .0005
22 0 .00053
23 0 .00053
24 0 .00053
25 0 .00048
26 0 .00035
27 0 .00021
28 0 .00014
29 0 .00005
30 0 .00001
31 0 0
32 0 .00013
33 0 .00046
34 0 .00082
35 0 .00145
36 0 .00387
37 0 .00644
38 0 .00382
39 0 .01973
40 0 .00004
41 0 .00004
42 0 .00004
43 0 .00004
44 0 .00004
45 0 .00004
46 0 .00004
47 0 .00004
48 0 .00004
49 0 .00004
50 0 .01842
51 0 .00004
100 0 0
*parity 0 widowed
birth 1 F widowed 0
14 0 0
15 0 .00005
16 0 .00006
17 0 .11287
18 0 .09978
19 0 .08355
20 0 .439
21 0 .48734
22 0 .00045
23 0 .00039
24 0 .00031
25 0 .00022
26 0 .00014
27 0 .00007
28 0 .02638
29 0 .00001
30 0 0
31 0 0
32 0 .00198
33 0 .00108
34 0 .00417
35 0 .00717
36 0 .00654
37 0 .00522
38 0 .00005
39 0 .02669
40 0 .0297
41 0 .00006
42 0 .00005
43 0 .00005
44 0 .01196
45 0 .00005
46 0 .00005
47 0 .00005
48 0 .00005
49 0 .00005
50 0 .00005
51 0 .01693
100 0 0
*parity 0 divorced
birth 1 F divorced 0
14 0 0
15 0 .00005
16 0 .00006
17 0 .11287
18 0 .09978
19 0 .08355
20 0 .439
21 0 .48734
22 0 .00045
23 0 .00039
24 0 .00031
25 0 .00022
26 0 .00014
27 0 .00007
28 0 .02638
29 0 .00001
30 0 0
31 0 0
32 0 .00198
33 0 .00108
34 0 .00417
35 0 .00717
36 0 .00654
37 0 .00522
38 0 .00005
39 0 .02669
40 0 .0297
41 0 .00006
42 0 .00005
43 0 .00005
44 0 .01196
45 0 .00005
46 0 .00005
47 0 .00005
48 0 .00005
49 0 .00005
50 0 .00005
51 0 .01693
100 0 0
*parity 1 married
birth 1 F married 1
14 0 0
15 0 .00096
16 0 .00101
17 0 .00121
18 0 .92816
19 0 .38215
20 0 .14675
21 0 .12265
22 0 .15374
23 0 1
24 0 .75707
25 0 .74954
26 0 .83913
27 0 .26341
28 0 .46862
29 0 .06571
30 0 .03493
31 0 .01991
32 0 .0141
33 0 .01127
34 0 .01249
35 0 .02021
36 0 .01462
37 0 .02761
38 0 .02543
39 0 .03339
40 0 .0323
41 0 .04039
42 0 .14146
43 0 .00101
44 0 .00099
45 0 .00098
46 0 .00097
47 0 .00096
48 0 .00096
49 0 .00095
50 0 .00095
51 0 .00095
100 0 0
*parity 1 single
birth 1 F single 1
14 0 0
15 0 .00004
16 0 .00004
17 0 .05391
18 0 .07613
19 0 .03134
20 0 .06218
21 0 .12323
22 0 .09037
23 0 .02453
24 0 .0071
25 0 .00312
26 0 .00246
27 0 .00138
28 0 .00091
29 0 .00067
30 0 .00069
31 0 .00072
32 0 .00056
33 0 .00067
34 0 .00085
35 0 .0013
36 0 .00146
37 0 .00566
38 0 .00326
39 0 .00243
40 0 .00298
41 0 .00828
42 0 .00387
43 0 .00004
44 0 .01801
45 0 .00004
46 0 .01623
47 0 .00004
48 0 .01709
49 0 .00004
50 0 .01842
51 0 .00004
100 0 0
*parity 1 widowed
birth 1 F widowed 1
14 0 0
15 0 .00005
16 0 .00006
17 0 .00007
18 0 .0001
19 0 .16962
20 0 .2524
21 0 .04168
22 0 .0917
23 0 .36505
24 0 .00037
25 0 .00033
26 0 .00027
27 0 .17537
28 0 .065
29 0 .00011
30 0 .00008
31 0 .00489
32 0 .00469
33 0 .0045
34 0 .00329
35 0 .00701
36 0 .00633
37 0 .00306
38 0 .00705
39 0 .0037
40 0 .00403
41 0 .00448
42 0 .00523
43 0 .00006
44 0 .01218
45 0 .01058
46 0 .01098
47 0 .00823
48 0 .00005
49 0 .01556
50 0 .02492
51 0 .00423
100 0 0
*parity 1 divorced
birth 1 F divorced 1
14 0 0
15 0 .00005
16 0 .00006
17 0 .00007
18 0 .0001
19 0 .16962
20 0 .2524
21 0 .04168
22 0 .0917
23 0 .36505
24 0 .00037
25 0 .00033
26 0 .00027
27 0 .17537
28 0 .065
29 0 .00011
30 0 .00008
31 0 .00489
32 0 .00469
33 0 .0045
34 0 .00329
35 0 .00701
36 0 .00633
37 0 .00306
38 0 .00705
39 0 .0037
40 0 .00403
41 0 .00448
42 0 .00523
43 0 .00006
44 0 .01218
45 0 .01058
46 0 .01098
47 0 .00823
48 0 .00005
49 0 .01556
50 0 .02492
51 0 .00423
100 0 0
*parity 2 married
birth 1 F married 2
14 0 0
15 0 .00095
16 0 .00096
17 0 .00099
18 0 .04075
19 0 .02188
20 0 .01977
21 0 .0313
22 0 .02359
23 0 .02046
24 0 .02099
25 0 .02132
26 0 .02065
27 0 .02312
28 0 .02089
29 0 .01996
30 0 .01779
31 0 .01614
32 0 .01633
33 0 .01537
34 0 .01537
35 0 .01373
36 0 .01382
37 0 .01158
38 0 .01139
39 0 .00978
40 0 .00925
41 0 .00748
42 0 .00617
43 0 .00491
44 0 .00403
45 0 .00319
46 0 .00247
47 0 .00216
48 0 .0018
49 0 .00186
50 0 .00172
51 0 .00175
100 0 0
*parity 2 single
birth 1 F single 2
14 0 0
15 0 .00004
16 0 .00004
17 0 .00004
18 0 .04679
19 0 .00006
20 0 .09728
21 0 .05177
22 0 .07223
23 0 .01343
24 0 .01218
25 0 .01665
26 0 .01986
27 0 .01071
28 0 .00815
29 0 .00645
30 0 .00602
31 0 .00459
32 0 .00365
33 0 .00385
34 0 .00304
35 0 .00362
36 0 .00233
37 0 .00306
38 0 .00219
39 0 .00281
40 0 .00303
41 0 .00315
42 0 .0014
43 0 .00172
44 0 .0014
45 0 .00126
46 0 .001
47 0 .00077
48 0 .00061
49 0 .00042
50 0 .00025
51 0 .00043
100 0 0
*parity 2 widowed
birth 1 F widowed 2
14 0 0
15 0 .00005
16 0 .00005
17 0 .00005
18 0 .00006
19 0 .0431
20 0 .02632
21 0 .03502
22 0 .01832
23 0 .01816
24 0 .01538
25 0 .01439
26 0 .01628
27 0 .01012
28 0 .00885
29 0 .00859
30 0 .00893
31 0 .00832
32 0 .00679
33 0 .00463
34 0 .0046
35 0 .00374
36 0 .00383
37 0 .00323
38 0 .00289
39 0 .00275
40 0 .00182
41 0 .00128
42 0 .00124
43 0 .00071
44 0 .00062
45 0 .00046
46 0 .00037
47 0 .00029
48 0 .00026
49 0 .00019
50 0 .00023
51 0 .00016
100 0 0
*parity 2 divorced
birth 1 F divorced 2
14 0 0
15 0 .00005
16 0 .00005
17 0 .00005
18 0 .00006
19 0 .0431
20 0 .02632
21 0 .03502
22 0 .01832
23 0 .01816
24 0 .01538
25 0 .01439
26 0 .01628
27 0 .01012
28 0 .00885
29 0 .00859
30 0 .00893
31 0 .00832
32 0 .00679
33 0 .00463
34 0 .0046
35 0 .00374
36 0 .00383
37 0 .00323
38 0 .00289
39 0 .00275
40 0 .00182
41 0 .00128
42 0 .00124
43 0 .00071
44 0 .00062
45 0 .00046
46 0 .00037
47 0 .00029
48 0 .00026
49 0 .00019
50 0 .00023
51 0 .00016
100 0 0
