*parity 0 married
birth 1 F married 0
14 0 0
15 0 .00016
16 0 .00086
17 0 .05386
18 0 .03148
19 0 .03424
20 0 .03736
21 0 .04312
22 0 .03656
23 0 .03105
24 0 .04233
25 0 .03931
26 0 .02908
27 0 .03215
28 0 .02241
29 0 .02153
30 0 .02883
31 0 .01612
32 0 .01356
33 0 .01283
34 0 .01162
35 0 .04132
36 0 .01212
37 0 .01301
38 0 .00877
39 0 .01462
40 0 .01039
41 0 .00681
42 0 .00308
43 0 .00386
44 0 .00141
45 0 .00045
46 0 .00025
47 0 .00009
48 0 .00004
49 0 .00002
50 0 0
51 0 0
100 0 0
*parity 0 single
birth 1 F single 0
14 0 0
15 0 0
16 0 0
17 0 0
18 0 .00001
19 0 .00002
20 0 .00003
21 0 .00004
22 0 .00005
23 0 .00005
24 0 .00006
25 0 .00008
26 0 .00007
27 0 .00009
28 0 .00006
29 0 .00011
30 0 .0001
31 0 .00009
32 0 .00009
33 0 0
34 0 .00028
35 0 .0001
36 0 0
37 0 .00032
38 0 .00012
39 0 0
40 0 .00017
41 0 .00015
42 0 .00009
43 0 .00004
44 0 .00002
45 0 .00001
46 0 .00001
47 0 0
48 0 0
49 0 0
50 0 0
51 0 0
100 0 0
*parity 0 widowed
birth 1 F widowed 0
14 0 0
15 0 0
16 0 .00001
17 0 .00002
18 0 .00004
19 0 .01395
20 0 .05278
21 0 .01491
22 0 .01328
23 0 .02131
24 0 .00473
25 0 .00768
26 0 .02302
27 0 .0059
28 0 .00242
29 0 .00158
30 0 .00221
31 0 .00141
32 0 .00421
33 0 .00321
34 0 .0014
35 0 .00083
36 0 .00097
37 0 .00156
38 0 0
39 0 .00103
40 0 .00083
41 0 0
42 0 .00023
43 0 .00012
44 0 .00006
45 0 .00002
46 0 .00002
47 0 .00001
48 0 0
49 0 0
50 0 0
51 0 0
100 0 0
*parity 0 divorced
birth 1 F divorced 0
14 0 0
15 0 0
16 0 .00001
17 0 .00002
18 0 .00004
19 0 .01395
20 0 .05278
21 0 .01491
22 0 .01328
23 0 .02131
24 0 .00473
25 0 .00768
26 0 .02302
27 0 .0059
28 0 .00242
29 0 .00158
30 0 .00221
31 0 .00141
32 0 .00421
33 0 .00321
34 0 .0014
35 0 .00083
36 0 .00097
37 0 .00156
38 0 0
39 0 .00103
40 0 .00083
41 0 0
42 0 .00023
43 0 .00012
44 0 .00006
45 0 .00002
46 0 .00002
47 0 .00001
48 0 0
49 0 0
50 0 0
51 0 0
100 0 0
*parity 1 married
birth 1 F married 1
14 0 0
15 0 0
16 0 .00008
17 0 .11358
18 0 .15632
19 0 .12333
20 0 .12693
21 0 .07599
22 0 .04636
23 0 .04907
24 0 .03196
25 0 .03148
26 0 .03211
27 0 .02414
28 0 .02163
29 0 .02075
30 0 .0174
31 0 .01458
32 0 .01114
33 0 .01052
34 0 .0097
35 0 .00809
36 0 .00881
37 0 .00679
38 0 .00725
39 0 .00551
40 0 .00373
41 0 .00297
42 0 .00179
43 0 .00117
44 0 .00072
45 0 .0003
46 0 .00019
47 0 .00006
48 0 .00002
49 0 .00001
50 0 0
51 0 0
100 0 0
*parity 1 single
birth 1 F single 1
14 0 0
15 0 0
16 0 .00011
17 0 .00008
18 0 .00006
19 0 .00008
20 0 .00009
21 0 .00006
22 0 .00006
23 0 .00007
24 0 .00006
25 0 .00006
26 0 .00008
27 0 .00007
28 0 .00008
29 0 .00007
30 0 .00007
31 0 .00008
32 0 .00009
33 0 .00017
34 0 .00008
35 0 .00019
36 0 .00009
37 0 .00008
38 0 .00022
39 0 .00009
40 0 .00009
41 0 .00006
42 0 .00005
43 0 .00003
44 0 .00002
45 0 .00001
46 0 0
47 0 0
48 0 0
49 0 0
50 0 0
51 0 0
100 0 0
*parity 1 widowed
birth 1 F widowed 1
14 0 0
15 0 0
16 0 0
17 0 0
18 0 .00001
19 0 .00002
20 0 .01145
21 0 .01675
22 0 .01254
23 0 .0091
24 0 .01649
25 0 .01178
26 0 .00504
27 0 .00527
28 0 .00403
29 0 .00288
30 0 .00212
31 0 .00187
32 0 .00121
33 0 .00059
34 0 .00062
35 0 .0012
36 0 .00045
37 0 .00041
38 0 .00054
39 0 .00035
40 0 .00028
41 0 .00011
42 0 .00018
43 0 .00007
44 0 .00002
45 0 .00001
46 0 .00001
47 0 0
48 0 0
49 0 0
50 0 0
51 0 0
100 0 0
*parity 1 divorced
birth 1 F divorced 1
14 0 0
15 0 0
16 0 0
17 0 0
18 0 .00001
19 0 .00002
20 0 .01145
21 0 .01675
22 0 .01254
23 0 .0091
24 0 .01649
25 0 .01178
26 0 .00504
27 0 .00527
28 0 .00403
29 0 .00288
30 0 .00212
31 0 .00187
32 0 .00121
33 0 .00059
34 0 .00062
35 0 .0012
36 0 .00045
37 0 .00041
38 0 .00054
39 0 .00035
40 0 .00028
41 0 .00011
42 0 .00018
43 0 .00007
44 0 .00002
45 0 .00001
46 0 .00001
47 0 0
48 0 0
49 0 0
50 0 0
51 0 0
100 0 0
*parity 2 married
birth 1 F married 2
14 0 0
15 0 0
16 0 .00001
17 0 .00003
18 0 .00016
19 0 .0005
20 0 .00122
21 0 .12223
22 0 .11361
23 0 .09792
24 0 .06128
25 0 .04265
26 0 .03644
27 0 .03066
28 0 .02666
29 0 .02225
30 0 .0197
31 0 .01748
32 0 .01566
33 0 .01245
34 0 .01285
35 0 .01057
36 0 .01037
37 0 .00866
38 0 .00778
39 0 .00712
40 0 .00639
41 0 .00469
42 0 .00392
43 0 .00279
44 0 .00207
45 0 .00168
46 0 .00098
47 0 .00065
48 0 .00039
49 0 .00023
50 0 .00012
51 0 .00006
100 0 0
*parity 2 single
birth 1 F single 2
14 0 0
15 0 0
16 0 0
17 0 0
18 0 0
19 0 .00065
20 0 .00039
21 0 .0002
22 0 .00018
23 0 .00013
24 0 .00011
25 0 .00009
26 0 .00009
27 0 .00009
28 0 .00011
29 0 .0001
30 0 .0001
31 0 .00011
32 0 .00011
33 0 .00014
34 0 .00012
35 0 .00012
36 0 .00012
37 0 .00013
38 0 .00022
39 0 .00011
40 0 .0001
41 0 .00013
42 0 .00007
43 0 .00007
44 0 .00011
45 0 .00003
46 0 .00002
47 0 .00002
48 0 .00001
49 0 0
50 0 0
51 0 0
100 0 0
*parity 2 widowed
birth 1 F widowed 2
14 0 0
15 0 0
16 0 0
17 0 0
18 0 0
19 0 .00001
20 0 .00001
21 0 .00002
22 0 .00004
23 0 .00005
24 0 .03561
25 0 .01595
26 0 .01008
27 0 .00411
28 0 .00382
29 0 .0032
30 0 .00284
31 0 .00214
32 0 .00181
33 0 .00149
34 0 .00089
35 0 .00099
36 0 .00062
37 0 .0009
38 0 .00045
39 0 .00044
40 0 .00038
41 0 .00031
42 0 .0002
43 0 .00014
44 0 .00011
45 0 .00007
46 0 .00004
47 0 .00003
48 0 .00001
49 0 .00001
50 0 0
51 0 0
100 0 0
*parity 2 divorced
birth 1 F divorced 2
14 0 0
15 0 0
16 0 0
17 0 0
18 0 0
19 0 .00001
20 0 .00001
21 0 .00002
22 0 .00004
23 0 .00005
24 0 .03561
25 0 .01595
26 0 .01008
27 0 .00411
28 0 .00382
29 0 .0032
30 0 .00284
31 0 .00214
32 0 .00181
33 0 .00149
34 0 .00089
35 0 .00099
36 0 .00062
37 0 .0009
38 0 .00045
39 0 .00044
40 0 .00038
41 0 .00031
42 0 .0002
43 0 .00014
44 0 .00011
45 0 .00007
46 0 .00004
47 0 .00003
48 0 .00001
49 0 .00001
50 0 0
51 0 0
100 0 0
