*parity 0 married
birth 1 F married 0
14 0 0
15 0 .00025
16 0 .00107
17 0 .04975
18 0 .02941
19 0 .04198
20 0 .04222
21 0 .05203
22 0 .05065
23 0 .05656
24 0 .0434
25 0 .04864
26 0 .05006
27 0 .06184
28 0 .09239
29 0 .04743
30 0 .06518
31 0 .07797
32 0 .04365
33 0 .07231
34 0 .06129
35 0 .06648
36 0 .05986
37 0 .03472
38 0 .01352
39 0 .01097
40 0 .00701
41 0 .00884
42 0 .00302
43 0 .00127
44 0 .00085
45 0 .00049
46 0 .00021
47 0 .00008
48 0 .00004
49 0 .00003
50 0 .00001
51 0 .00001
100 0 0
*parity 0 single
birth 1 F single 0
14 0 0
15 0 0
16 0 0
17 0 .00001
18 0 .00001
19 0 .00002
20 0 .00003
21 0 .00003
22 0 .00003
23 0 .00003
24 0 .00004
25 0 .00004
26 0 .00004
27 0 .00003
28 0 .00004
29 0 .00004
30 0 .00003
31 0 .00003
32 0 .00003
33 0 .00002
34 0 .00002
35 0 .00002
36 0 .00002
37 0 .00002
38 0 .00001
39 0 .00001
40 0 .00001
41 0 .00001
42 0 .00001
43 0 0
44 0 0
45 0 0
46 0 0
47 0 0
48 0 0
49 0 0
50 0 0
51 0 0
100 0 0
*parity 0 widowed
birth 1 F widowed 0
14 0 0
15 0 0
16 0 .00001
17 0 .00002
18 0 .02925
19 0 .03996
20 0 .02404
21 0 .01548
22 0 .00904
23 0 .0214
24 0 .00342
25 0 .00695
26 0 .00326
27 0 .00286
28 0 .00003
29 0 .02016
30 0 .00277
31 0 .00729
32 0 .00612
33 0 .00277
34 0 .00182
35 0 .00565
36 0 .00204
37 0 0
38 0 0
39 0 0
40 0 .00069
41 0 .00049
42 0 0
43 0 .00019
44 0 .00004
45 0 .00001
46 0 .00001
47 0 .00001
48 0 0
49 0 0
50 0 0
51 0 0
100 0 0
*parity 0 divorced
birth 1 F divorced 0
14 0 0
15 0 0
16 0 .00001
17 0 .00002
18 0 .02925
19 0 .03996
20 0 .02404
21 0 .01548
22 0 .00904
23 0 .0214
24 0 .00342
25 0 .00695
26 0 .00326
27 0 .00286
28 0 .00003
29 0 .02016
30 0 .00277
31 0 .00729
32 0 .00612
33 0 .00277
34 0 .00182
35 0 .00565
36 0 .00204
37 0 0
38 0 0
39 0 0
40 0 .00069
41 0 .00049
42 0 0
43 0 .00019
44 0 .00004
45 0 .00001
46 0 .00001
47 0 .00001
48 0 0
49 0 0
50 0 0
51 0 0
100 0 0
*parity 1 married
birth 1 F married 1
14 0 0
15 0 0
16 0 .00006
17 0 .00024
18 0 .05713
19 0 .02664
20 0 .02416
21 0 .02619
22 0 .02569
23 0 .02578
24 0 .0193
25 0 .01958
26 0 .02157
27 0 .02257
28 0 .02015
29 0 .02239
30 0 .02538
31 0 .02301
32 0 .02215
33 0 .01872
34 0 .02046
35 0 .03169
36 0 .02356
37 0 .01182
38 0 .01618
39 0 .00935
40 0 .00452
41 0 .00481
42 0 .00308
43 0 .00223
44 0 .00188
45 0 .00119
46 0 .00073
47 0 .00028
48 0 .0001
49 0 .00005
50 0 .00001
51 0 0
100 0 0
*parity 1 single
birth 1 F single 1
14 0 0
15 0 0
16 0 0
17 0 0
18 0 0
19 0 .00431
20 0 .00001
21 0 .00001
22 0 .00001
23 0 .00001
24 0 .00001
25 0 .00001
26 0 .0059
27 0 .00001
28 0 .00001
29 0 .00963
30 0 .00001
31 0 .00388
32 0 .00343
33 0 .0065
34 0 .00001
35 0 0
36 0 .00251
37 0 0
38 0 0
39 0 0
40 0 0
41 0 0
42 0 0
43 0 .00021
44 0 0
45 0 0
46 0 0
47 0 0
48 0 0
49 0 0
50 0 0
51 0 0
100 0 0
*parity 1 widowed
birth 1 F widowed 1
14 0 0
15 0 0
16 0 0
17 0 0
18 0 .00001
19 0 .00532
20 0 .00442
21 0 .01135
22 0 .00939
23 0 .0064
24 0 .0064
25 0 .00294
26 0 .00162
27 0 .0018
28 0 .00211
29 0 .00099
30 0 .00138
31 0 .00137
32 0 .00071
33 0 .0008
34 0 .00073
35 0 .00066
36 0 .00069
37 0 .0007
38 0 .00033
39 0 .0002
40 0 .00029
41 0 .00016
42 0 .00011
43 0 .00009
44 0 .00004
45 0 .00005
46 0 .00001
47 0 0
48 0 0
49 0 0
50 0 0
51 0 0
100 0 0
*parity 1 divorced
birth 1 F divorced 1
14 0 0
15 0 0
16 0 0
17 0 0
18 0 .00001
19 0 .00532
20 0 .00442
21 0 .01135
22 0 .00939
23 0 .0064
24 0 .0064
25 0 .00294
26 0 .00162
27 0 .0018
28 0 .00211
29 0 .00099
30 0 .00138
31 0 .00137
32 0 .00071
33 0 .0008
34 0 .00073
35 0 .00066
36 0 .00069
37 0 .0007
38 0 .00033
39 0 .0002
40 0 .00029
41 0 .00016
42 0 .00011
43 0 .00009
44 0 .00004
45 0 .00005
46 0 .00001
47 0 0
48 0 0
49 0 0
50 0 0
51 0 0
100 0 0
*parity 2 married
birth 1 F married 2
14 0 0
15 0 0
16 0 0
17 0 .00002
18 0 .00343
19 0 .00756
20 0 .01516
21 0 .01217
22 0 .01139
23 0 .01201
24 0 .01523
25 0 .01466
26 0 .01275
27 0 .01163
28 0 .00991
29 0 .00977
30 0 .00871
31 0 .00794
32 0 .00722
33 0 .00679
34 0 .00594
35 0 .0052
36 0 .00454
37 0 .00411
38 0 .00377
39 0 .00326
40 0 .00293
41 0 .00211
42 0 .00161
43 0 .00119
44 0 .00083
45 0 .00055
46 0 .00035
47 0 .00022
48 0 .00012
49 0 .00005
50 0 .00002
51 0 .00001
100 0 0
*parity 2 single
birth 1 F single 2
14 0 0
15 0 0
16 0 0
17 0 0
18 0 0
19 0 0
20 0 0
21 0 0
22 0 .00001
23 0 .00001
24 0 .00001
25 0 .00001
26 0 .00001
27 0 .00001
28 0 .00002
29 0 .00002
30 0 .00002
31 0 .00002
32 0 .00001
33 0 .00001
34 0 .00001
35 0 .009
36 0 .00368
37 0 .00001
38 0 .00001
39 0 .00001
40 0 .00001
41 0 0
42 0 0
43 0 0
44 0 0
45 0 0
46 0 0
47 0 0
48 0 0
49 0 .00007
50 0 0
51 0 0
100 0 0
*parity 2 widowed
birth 1 F widowed 2
14 0 0
15 0 0
16 0 0
17 0 0
18 0 0
19 0 .00212
20 0 .0049
21 0 .00859
22 0 .00344
23 0 .00279
24 0 .00338
25 0 .00256
26 0 .00194
27 0 .00217
28 0 .00176
29 0 .00117
30 0 .00081
31 0 .00062
32 0 .0008
33 0 .00049
34 0 .00043
35 0 .00032
36 0 .00033
37 0 .00025
38 0 .00017
39 0 .00015
40 0 .00011
41 0 .00008
42 0 .00006
43 0 .00005
44 0 .00003
45 0 .00002
46 0 .00001
47 0 .00001
48 0 0
49 0 0
50 0 0
51 0 0
100 0 0
*parity 2 divorced
birth 1 F divorced 2
14 0 0
15 0 0
16 0 0
17 0 0
18 0 0
19 0 .00212
20 0 .0049
21 0 .00859
22 0 .00344
23 0 .00279
24 0 .00338
25 0 .00256
26 0 .00194
27 0 .00217
28 0 .00176
29 0 .00117
30 0 .00081
31 0 .00062
32 0 .0008
33 0 .00049
34 0 .00043
35 0 .00032
36 0 .00033
37 0 .00025
38 0 .00017
39 0 .00015
40 0 .00011
41 0 .00008
42 0 .00006
43 0 .00005
44 0 .00003
45 0 .00002
46 0 .00001
47 0 .00001
48 0 0
49 0 0
50 0 0
51 0 0
100 0 0
