*parity 0 married
birth 1 F married 0
14 0 0
15 0 .00025
16 0 .00107
17 0 .04387
18 0 .02752
19 0 .03915
20 0 .0389
21 0 .04062
22 0 .04199
23 0 .03702
24 0 .03372
25 0 .02813
26 0 .02666
27 0 .0213
28 0 .01695
29 0 .015
30 0 .01281
31 0 .00997
32 0 .00721
33 0 .00727
34 0 .00472
35 0 .00374
36 0 .00312
37 0 .00233
38 0 .00188
39 0 .00161
40 0 .0011
41 0 .0008
42 0 .00048
43 0 .00027
44 0 .00018
45 0 .00011
46 0 .00006
47 0 .00004
48 0 .00002
49 0 .00001
50 0 0
51 0 0
100 0 0
*parity 0 single
birth 1 F single 0
14 0 0
15 0 0
16 0 0
17 0 .00001
18 0 .00002
19 0 .00003
20 0 .00003
21 0 .00004
22 0 .00004
23 0 .00004
24 0 .00004
25 0 .00004
26 0 .00004
27 0 .00004
28 0 .00004
29 0 .00004
30 0 .00004
31 0 .00003
32 0 .00003
33 0 .00003
34 0 .00003
35 0 .00002
36 0 .00002
37 0 .00002
38 0 .00002
39 0 .00001
40 0 .00001
41 0 .00001
42 0 .00001
43 0 .00001
44 0 0
45 0 0
46 0 0
47 0 0
48 0 0
49 0 0
50 0 0
51 0 0
100 0 0
*parity 0 widowed
birth 1 F widowed 0
14 0 0
15 0 0
16 0 .00001
17 0 .00002
18 0 .02911
19 0 .02088
20 0 .04824
21 0 .02537
22 0 .01187
23 0 .00402
24 0 .01798
25 0 .00393
26 0 .00329
27 0 .0135
28 0 .0013
29 0 .00231
30 0 .00105
31 0 .0011
32 0 .00066
33 0 .00158
34 0 .00071
35 0 .00034
36 0 .00021
37 0 .00016
38 0 .00011
39 0 .00007
40 0 .00007
41 0 .00004
42 0 .00003
43 0 .00002
44 0 .00001
45 0 0
46 0 0
47 0 0
48 0 0
49 0 0
50 0 0
51 0 0
100 0 0
*parity 0 divorced
birth 1 F divorced 0
14 0 0
15 0 0
16 0 .00001
17 0 .00002
18 0 .02911
19 0 .02088
20 0 .04824
21 0 .02537
22 0 .01187
23 0 .00402
24 0 .01798
25 0 .00393
26 0 .00329
27 0 .0135
28 0 .0013
29 0 .00231
30 0 .00105
31 0 .0011
32 0 .00066
33 0 .00158
34 0 .00071
35 0 .00034
36 0 .00021
37 0 .00016
38 0 .00011
39 0 .00007
40 0 .00007
41 0 .00004
42 0 .00003
43 0 .00002
44 0 .00001
45 0 0
46 0 0
47 0 0
48 0 0
49 0 0
50 0 0
51 0 0
100 0 0
*parity 1 married
birth 1 F married 1
14 0 0
15 0 0
16 0 .00007
17 0 .00025
18 0 .04275
19 0 .02311
20 0 .02253
21 0 .02825
22 0 .02747
23 0 .03232
24 0 .04379
25 0 .04242
26 0 .03189
27 0 .04001
28 0 .04411
29 0 .03846
30 0 .02458
31 0 .03244
32 0 .04313
33 0 .03651
34 0 .03674
35 0 .03585
36 0 .01899
37 0 .01589
38 0 .0201
39 0 .02753
40 0 .02371
41 0 .00989
42 0 .00475
43 0 .00396
44 0 .00279
45 0 .00122
46 0 .00072
47 0 .00141
48 0 .00014
49 0 .00004
50 0 .00001
51 0 0
100 0 0
*parity 1 single
birth 1 F single 1
14 0 0
15 0 0
16 0 0
17 0 0
18 0 0
19 0 .00001
20 0 .00001
21 0 .00001
22 0 .00001
23 0 .01418
24 0 .00002
25 0 .00002
26 0 .00638
27 0 .00001
28 0 .00001
29 0 .00001
30 0 .00001
31 0 .00343
32 0 .00001
33 0 .00001
34 0 .00001
35 0 .00001
36 0 .00278
37 0 0
38 0 0
39 0 0
40 0 0
41 0 0
42 0 0
43 0 0
44 0 0
45 0 .00007
46 0 0
47 0 .00001
48 0 0
49 0 0
50 0 0
51 0 0
100 0 0
*parity 1 widowed
birth 1 F widowed 1
14 0 0
15 0 0
16 0 0
17 0 0
18 0 .00001
19 0 .00001
20 0 .00904
21 0 .02524
22 0 .01002
23 0 .03359
24 0 .00389
25 0 .00841
26 0 .00336
27 0 .00292
28 0 .00211
29 0 .00252
30 0 .00314
31 0 .00232
32 0 .00136
33 0 .00097
34 0 .00081
35 0 .00056
36 0 .00094
37 0 .00082
38 0 .00122
39 0 .00055
40 0 .00097
41 0 .00034
42 0 .00021
43 0 .00018
44 0 .0001
45 0 .00002
46 0 .00002
47 0 .00001
48 0 0
49 0 0
50 0 0
51 0 0
100 0 0
*parity 1 divorced
birth 1 F divorced 1
14 0 0
15 0 0
16 0 0
17 0 0
18 0 .00001
19 0 .00001
20 0 .00904
21 0 .02524
22 0 .01002
23 0 .03359
24 0 .00389
25 0 .00841
26 0 .00336
27 0 .00292
28 0 .00211
29 0 .00252
30 0 .00314
31 0 .00232
32 0 .00136
33 0 .00097
34 0 .00081
35 0 .00056
36 0 .00094
37 0 .00082
38 0 .00122
39 0 .00055
40 0 .00097
41 0 .00034
42 0 .00021
43 0 .00018
44 0 .0001
45 0 .00002
46 0 .00002
47 0 .00001
48 0 0
49 0 0
50 0 0
51 0 0
100 0 0
*parity 2 married
birth 1 F married 2
14 0 0
15 0 0
16 0 0
17 0 .00002
18 0 .04173
19 0 .01819
20 0 .0246
21 0 .01968
22 0 .01623
23 0 .01588
24 0 .0145
25 0 .01541
26 0 .0145
27 0 .01308
28 0 .0137
29 0 .01306
30 0 .013
31 0 .01122
32 0 .01031
33 0 .00872
34 0 .00866
35 0 .00764
36 0 .00753
37 0 .00654
38 0 .0054
39 0 .00483
40 0 .0039
41 0 .00286
42 0 .00243
43 0 .00187
44 0 .0014
45 0 .00094
46 0 .00059
47 0 .00031
48 0 .00017
49 0 .0001
50 0 .00004
51 0 .00002
100 0 0
*parity 2 single
birth 1 F single 2
14 0 0
15 0 0
16 0 0
17 0 0
18 0 0
19 0 0
20 0 0
21 0 0
22 0 .00001
23 0 .00001
24 0 .00001
25 0 .00002
26 0 .00002
27 0 .00002
28 0 .00002
29 0 .00002
30 0 .00002
31 0 .00002
32 0 .00002
33 0 .01104
34 0 .0104
35 0 .00001
36 0 .00001
37 0 .00001
38 0 .00661
39 0 .00001
40 0 .00001
41 0 .00001
42 0 .00259
43 0 0
44 0 0
45 0 0
46 0 .00052
47 0 0
48 0 0
49 0 .00003
50 0 .00002
51 0 0
100 0 0
*parity 2 widowed
birth 1 F widowed 2
14 0 0
15 0 0
16 0 0
17 0 0
18 0 0
19 0 0
20 0 .00001
21 0 .00987
22 0 .00002
23 0 .00429
24 0 .00487
25 0 .00156
26 0 .00231
27 0 .00196
28 0 .00132
29 0 .00119
30 0 .00137
31 0 .00093
32 0 .00089
33 0 .00069
34 0 .00048
35 0 .00072
36 0 .00044
37 0 .00041
38 0 .00031
39 0 .0002
40 0 .00017
41 0 .00017
42 0 .00011
43 0 .00006
44 0 .00004
45 0 .00003
46 0 .00001
47 0 .00001
48 0 0
49 0 0
50 0 0
51 0 0
100 0 0
*parity 2 divorced
birth 1 F divorced 2
14 0 0
15 0 0
16 0 0
17 0 0
18 0 0
19 0 0
20 0 .00001
21 0 .00987
22 0 .00002
23 0 .00429
24 0 .00487
25 0 .00156
26 0 .00231
27 0 .00196
28 0 .00132
29 0 .00119
30 0 .00137
31 0 .00093
32 0 .00089
33 0 .00069
34 0 .00048
35 0 .00072
36 0 .00044
37 0 .00041
38 0 .00031
39 0 .0002
40 0 .00017
41 0 .00017
42 0 .00011
43 0 .00006
44 0 .00004
45 0 .00003
46 0 .00001
47 0 .00001
48 0 0
49 0 0
50 0 0
51 0 0
100 0 0
