*parity 0 married
birth 1 F married 0
14 0 0
15 0 .00024
16 0 .00105
17 0 .05483
18 0 .03239
19 0 .04141
20 0 .05391
21 0 .05023
22 0 .05059
23 0 .04357
24 0 .04216
25 0 .0294
26 0 .02534
27 0 .02018
28 0 .01831
29 0 .01738
30 0 .01174
31 0 .00992
32 0 .00783
33 0 .00561
34 0 .00438
35 0 .00412
36 0 .00336
37 0 .00268
38 0 .00178
39 0 .00127
40 0 .00094
41 0 .00073
42 0 .00047
43 0 .00035
44 0 .0002
45 0 .00012
46 0 .00007
47 0 .00004
48 0 .00002
49 0 .00001
50 0 0
51 0 0
100 0 0
*parity 0 single
birth 1 F single 0
14 0 0
15 0 0
16 0 0
17 0 .00001
18 0 .00001
19 0 .00002
20 0 .00003
21 0 .00003
22 0 .00003
23 0 .00004
24 0 .00003
25 0 .00003
26 0 .00003
27 0 .00003
28 0 .00003
29 0 .00003
30 0 .00003
31 0 .00002
32 0 .00002
33 0 .00002
34 0 .00002
35 0 .00002
36 0 .00002
37 0 .00001
38 0 .00001
39 0 .00001
40 0 .00001
41 0 .00001
42 0 .00001
43 0 0
44 0 0
45 0 0
46 0 0
47 0 0
48 0 0
49 0 0
50 0 0
51 0 0
100 0 0
*parity 0 widowed
birth 1 F widowed 0
14 0 0
15 0 0
16 0 .00001
17 0 .00002
18 0 .0307
19 0 .04491
20 0 .02481
21 0 .00804
22 0 .02536
23 0 .02343
24 0 .00353
25 0 .00331
26 0 .00326
27 0 .00313
28 0 .00662
29 0 .00523
30 0 .00265
31 0 .00135
32 0 .00071
33 0 .0005
34 0 .00043
35 0 .00021
36 0 .0003
37 0 .00019
38 0 .00013
39 0 .00008
40 0 .00005
41 0 .00003
42 0 .00002
43 0 .00001
44 0 .00001
45 0 0
46 0 0
47 0 0
48 0 0
49 0 0
50 0 0
51 0 0
100 0 0
*parity 0 divorced
birth 1 F divorced 0
14 0 0
15 0 0
16 0 .00001
17 0 .00002
18 0 .0307
19 0 .04491
20 0 .02481
21 0 .00804
22 0 .02536
23 0 .02343
24 0 .00353
25 0 .00331
26 0 .00326
27 0 .00313
28 0 .00662
29 0 .00523
30 0 .00265
31 0 .00135
32 0 .00071
33 0 .0005
34 0 .00043
35 0 .00021
36 0 .0003
37 0 .00019
38 0 .00013
39 0 .00008
40 0 .00005
41 0 .00003
42 0 .00002
43 0 .00001
44 0 .00001
45 0 0
46 0 0
47 0 0
48 0 0
49 0 0
50 0 0
51 0 0
100 0 0
*parity 1 married
birth 1 F married 1
14 0 0
15 0 0
16 0 .00007
17 0 .00027
18 0 .02027
19 0 .0231
20 0 .02216
21 0 .03152
22 0 .03499
23 0 .03669
24 0 .04402
25 0 .04695
26 0 .04627
27 0 .04485
28 0 .04006
29 0 .04773
30 0 .051
31 0 .03182
32 0 .04552
33 0 .02719
34 0 .04252
35 0 .0401
36 0 .03645
37 0 .02648
38 0 .02119
39 0 .02135
40 0 .01517
41 0 .00782
42 0 .00664
43 0 .01152
44 0 .00237
45 0 .00134
46 0 .0004
47 0 .00013
48 0 .00005
49 0 .00001
50 0 0
51 0 0
100 0 0
*parity 1 single
birth 1 F single 1
14 0 0
15 0 0
16 0 0
17 0 0
18 0 0
19 0 0
20 0 .00001
21 0 .00001
22 0 .00001
23 0 .01226
24 0 .01164
25 0 .00001
26 0 .00001
27 0 .00422
28 0 .00001
29 0 .00001
30 0 .00604
31 0 .00001
32 0 .00228
33 0 .00001
34 0 0
35 0 0
36 0 0
37 0 0
38 0 0
39 0 0
40 0 0
41 0 .00045
42 0 0
43 0 .00009
44 0 .00003
45 0 .00002
46 0 0
47 0 0
48 0 0
49 0 0
50 0 0
51 0 0
100 0 0
*parity 1 widowed
birth 1 F widowed 1
14 0 0
15 0 0
16 0 0
17 0 0
18 0 .00001
19 0 .00001
20 0 .00969
21 0 .01451
22 0 .00553
23 0 .00525
24 0 .00499
25 0 .00455
26 0 .00942
27 0 .00362
28 0 .00245
29 0 .0017
30 0 .00139
31 0 .00154
32 0 .00196
33 0 .00218
34 0 .00297
35 0 .00104
36 0 .00141
37 0 .00076
38 0 .00164
39 0 .00068
40 0 .00097
41 0 .00023
42 0 .00028
43 0 .00009
44 0 .00004
45 0 .00002
46 0 .00002
47 0 .00001
48 0 0
49 0 0
50 0 0
51 0 0
100 0 0
*parity 1 divorced
birth 1 F divorced 1
14 0 0
15 0 0
16 0 0
17 0 0
18 0 .00001
19 0 .00001
20 0 .00969
21 0 .01451
22 0 .00553
23 0 .00525
24 0 .00499
25 0 .00455
26 0 .00942
27 0 .00362
28 0 .00245
29 0 .0017
30 0 .00139
31 0 .00154
32 0 .00196
33 0 .00218
34 0 .00297
35 0 .00104
36 0 .00141
37 0 .00076
38 0 .00164
39 0 .00068
40 0 .00097
41 0 .00023
42 0 .00028
43 0 .00009
44 0 .00004
45 0 .00002
46 0 .00002
47 0 .00001
48 0 0
49 0 0
50 0 0
51 0 0
100 0 0
*parity 2 married
birth 1 F married 2
14 0 0
15 0 0
16 0 .00001
17 0 .00003
18 0 .00011
19 0 .03012
20 0 .02068
21 0 .02009
22 0 .01855
23 0 .01836
24 0 .01853
25 0 .01828
26 0 .01767
27 0 .01672
28 0 .01644
29 0 .01366
30 0 .014
31 0 .01297
32 0 .01192
33 0 .01129
34 0 .00952
35 0 .00907
36 0 .00789
37 0 .00689
38 0 .00669
39 0 .00601
40 0 .00547
41 0 .00412
42 0 .00338
43 0 .0022
44 0 .00167
45 0 .00125
46 0 .00063
47 0 .00042
48 0 .00021
49 0 .00011
50 0 .00005
51 0 .00002
100 0 0
*parity 2 single
birth 1 F single 2
14 0 0
15 0 0
16 0 0
17 0 0
18 0 0
19 0 0
20 0 0
21 0 0
22 0 .00001
23 0 .00001
24 0 .00001
25 0 .00002
26 0 .00002
27 0 .00002
28 0 .00002
29 0 .01233
30 0 .00002
31 0 .00002
32 0 .00002
33 0 .00002
34 0 .00943
35 0 .00001
36 0 .00001
37 0 .00001
38 0 .00584
39 0 .00001
40 0 .00001
41 0 .00001
42 0 .00259
43 0 0
44 0 0
45 0 .00031
46 0 .00027
47 0 .00007
48 0 .00005
49 0 .00003
50 0 0
51 0 0
100 0 0
*parity 2 widowed
birth 1 F widowed 2
14 0 0
15 0 0
16 0 0
17 0 0
18 0 0
19 0 0
20 0 .00001
21 0 .00403
22 0 .00905
23 0 .0032
24 0 .00336
25 0 .00316
26 0 .00315
27 0 .00238
28 0 .00187
29 0 .00142
30 0 .00112
31 0 .00204
32 0 .00104
33 0 .00093
34 0 .00081
35 0 .00056
36 0 .00046
37 0 .0005
38 0 .00038
39 0 .0003
40 0 .00021
41 0 .00016
42 0 .00009
43 0 .00007
44 0 .00006
45 0 .00003
46 0 .00003
47 0 .00001
48 0 .00001
49 0 0
50 0 0
51 0 0
100 0 0
*parity 2 divorced
birth 1 F divorced 2
14 0 0
15 0 0
16 0 0
17 0 0
18 0 0
19 0 0
20 0 .00001
21 0 .00403
22 0 .00905
23 0 .0032
24 0 .00336
25 0 .00316
26 0 .00315
27 0 .00238
28 0 .00187
29 0 .00142
30 0 .00112
31 0 .00204
32 0 .00104
33 0 .00093
34 0 .00081
35 0 .00056
36 0 .00046
37 0 .0005
38 0 .00038
39 0 .0003
40 0 .00021
41 0 .00016
42 0 .00009
43 0 .00007
44 0 .00006
45 0 .00003
46 0 .00003
47 0 .00001
48 0 .00001
49 0 0
50 0 0
51 0 0
100 0 0
