*parity 0 married
birth 1 F married 0
14 0 0
15 0 .00008
16 0 .00033
17 0 .0596
18 0 .03674
19 0 .05597
20 0 .04922
21 0 .05534
22 0 .05667
23 0 .04516
24 0 .06356
25 0 .05742
26 0 .05944
27 0 .07748
28 0 .06631
29 0 .06335
30 0 .07227
31 0 .07771
32 0 .12273
33 0 .07907
34 0 .042
35 0 .02492
36 0 .00996
37 0 .00296
38 0 .00176
39 0 .00105
40 0 .00072
41 0 .00044
42 0 .0003
43 0 .00022
44 0 .00013
45 0 .00006
46 0 .00003
47 0 .00002
48 0 .00001
49 0 0
50 0 0
51 0 0
100 0 0
*parity 0 single
birth 1 F single 0
14 0 0
15 0 .00016
16 0 .00065
17 0 .00126
18 0 .00213
19 0 .00299
20 0 .00372
21 0 .00402
22 0 .00403
23 0 .00409
24 0 .00409
25 0 .00399
26 0 .00408
27 0 .00414
28 0 .00389
29 0 .00363
30 0 .00352
31 0 .00313
32 0 .0028
33 0 .00236
34 0 .002
35 0 .00169
36 0 .00164
37 0 .0014
38 0 .00116
39 0 .00101
40 0 .00078
41 0 .00059
42 0 .00042
43 0 .00032
44 0 .0002
45 0 .00014
46 0 .00009
47 0 .00005
48 0 .00003
49 0 .00001
50 0 0
51 0 0
100 0 0
*parity 0 widowed
birth 1 F widowed 0
14 0 0
15 0 .00001
16 0 .00006
17 0 .00011
18 0 .00019
19 0 .40101
20 0 .00029
21 0 .0003
22 0 .90464
23 0 .00026
24 0 .00024
25 0 .00023
26 0 .63616
27 0 .28809
28 0 .00018
29 0 .00016
30 0 .00014
31 0 .00012
32 0 .0001
33 0 .00008
34 0 .00006
35 0 .00005
36 0 .11563
37 0 .0302
38 0 .01232
39 0 .00875
40 0 .00209
41 0 .00088
42 0 .00086
43 0 .0005
44 0 .00021
45 0 .00012
46 0 .00004
47 0 .00002
48 0 .00001
49 0 0
50 0 0
51 0 0
100 0 0
*parity 0 divorced
birth 1 F divorced 0
14 0 0
15 0 .00001
16 0 .00006
17 0 .00011
18 0 .00019
19 0 .40101
20 0 .00029
21 0 .0003
22 0 .90464
23 0 .00026
24 0 .00024
25 0 .00023
26 0 .63616
27 0 .28809
28 0 .00018
29 0 .00016
30 0 .00014
31 0 .00012
32 0 .0001
33 0 .00008
34 0 .00006
35 0 .00005
36 0 .11563
37 0 .0302
38 0 .01232
39 0 .00875
40 0 .00209
41 0 .00088
42 0 .00086
43 0 .0005
44 0 .00021
45 0 .00012
46 0 .00004
47 0 .00002
48 0 .00001
49 0 0
50 0 0
51 0 0
100 0 0
*parity 1 married
birth 1 F married 1
14 0 0
15 0 0
16 0 .00002
17 0 .00007
18 0 .02382
19 0 .0172
20 0 .01526
21 0 .01847
22 0 .01936
23 0 .01784
24 0 .01834
25 0 .01362
26 0 .01495
27 0 .01408
28 0 .01354
29 0 .01403
30 0 .01325
31 0 .01205
32 0 .01136
33 0 .01131
34 0 .00867
35 0 .00542
36 0 .00361
37 0 .00299
38 0 .00271
39 0 .00181
40 0 .00153
41 0 .00113
42 0 .00063
43 0 .00031
44 0 .00017
45 0 .00011
46 0 .00006
47 0 .00003
48 0 .00001
49 0 0
50 0 0
51 0 0
100 0 0
*parity 1 single
birth 1 F single 1
14 0 0
15 0 0
16 0 .10857
17 0 .04483
18 0 .0277
19 0 .031
20 0 .02346
21 0 .02641
22 0 .02794
23 0 .02353
24 0 .02519
25 0 .02939
26 0 .02895
27 0 .02348
28 0 .02536
29 0 .031
30 0 .02827
31 0 .02434
32 0 .02084
33 0 .02165
34 0 .02555
35 0 .0224
36 0 .02051
37 0 .01398
38 0 .01359
39 0 .01469
40 0 .01574
41 0 .01697
42 0 .00653
43 0 .00401
44 0 .00321
45 0 .00201
46 0 .00172
47 0 .00065
48 0 .00023
49 0 .00017
50 0 .00002
51 0 .00002
100 0 0
*parity 1 widowed
birth 1 F widowed 1
14 0 0
15 0 0
16 0 0
17 0 .00001
18 0 .03313
19 0 .09983
20 0 .06476
21 0 .04422
22 0 .1791
23 0 .10031
24 0 .1284
25 0 .1911
26 0 .1177
27 0 .14042
28 0 .55998
29 0 .54475
30 0 .16903
31 0 .15227
32 0 .13742
33 0 .00011
34 0 .26565
35 0 .03061
36 0 .02453
37 0 .01115
38 0 .0136
39 0 .01284
40 0 .00386
41 0 .00239
42 0 .00093
43 0 .00025
44 0 .00015
45 0 .00009
46 0 .00005
47 0 .00002
48 0 .00001
49 0 0
50 0 0
51 0 0
100 0 0
*parity 1 divorced
birth 1 F divorced 1
14 0 0
15 0 0
16 0 0
17 0 .00001
18 0 .03313
19 0 .09983
20 0 .06476
21 0 .04422
22 0 .1791
23 0 .10031
24 0 .1284
25 0 .1911
26 0 .1177
27 0 .14042
28 0 .55998
29 0 .54475
30 0 .16903
31 0 .15227
32 0 .13742
33 0 .00011
34 0 .26565
35 0 .03061
36 0 .02453
37 0 .01115
38 0 .0136
39 0 .01284
40 0 .00386
41 0 .00239
42 0 .00093
43 0 .00025
44 0 .00015
45 0 .00009
46 0 .00005
47 0 .00002
48 0 .00001
49 0 0
50 0 0
51 0 0
100 0 0
*parity 2 married
birth 1 F married 2
14 0 0
15 0 0
16 0 0
17 0 .00001
18 0 .00002
19 0 .01449
20 0 .0125
21 0 .01098
22 0 .01152
23 0 .01342
24 0 .00992
25 0 .01157
26 0 .0105
27 0 .00966
28 0 .00891
29 0 .00786
30 0 .00691
31 0 .00618
32 0 .00539
33 0 .00482
34 0 .00405
35 0 .00376
36 0 .00276
37 0 .00241
38 0 .00199
39 0 .00155
40 0 .00118
41 0 .00088
42 0 .00066
43 0 .00046
44 0 .00033
45 0 .00021
46 0 .00012
47 0 .00007
48 0 .00004
49 0 .00002
50 0 .00001
51 0 0
100 0 0
*parity 2 single
birth 1 F single 2
14 0 0
15 0 0
16 0 0
17 0 .00546
18 0 .01061
19 0 .01026
20 0 .01304
21 0 .0122
22 0 .01308
23 0 .01323
24 0 .01236
25 0 .01243
26 0 .01054
27 0 .01034
28 0 .01037
29 0 .00978
30 0 .00891
31 0 .00841
32 0 .00773
33 0 .00697
34 0 .00648
35 0 .0061
36 0 .00613
37 0 .00623
38 0 .00529
39 0 .00484
40 0 .00455
41 0 .00362
42 0 .00281
43 0 .00224
44 0 .00195
45 0 .00138
46 0 .0009
47 0 .00053
48 0 .00026
49 0 .00014
50 0 .00005
51 0 .00002
100 0 0
*parity 2 widowed
birth 1 F widowed 2
14 0 0
15 0 0
16 0 0
17 0 0
18 0 0
19 0 .00001
20 0 .0816
21 0 .01493
22 0 .00958
23 0 .01365
24 0 .0107
25 0 .01357
26 0 .00905
27 0 .00718
28 0 .00862
29 0 .00626
30 0 .00501
31 0 .00486
32 0 .00435
33 0 .00328
34 0 .00324
35 0 .0026
36 0 .0019
37 0 .00146
38 0 .0012
39 0 .00095
40 0 .0007
41 0 .00052
42 0 .00038
43 0 .00024
44 0 .00015
45 0 .0001
46 0 .00006
47 0 .00003
48 0 .00001
49 0 .00001
50 0 0
51 0 0
100 0 0
*parity 2 divorced
birth 1 F divorced 2
14 0 0
15 0 0
16 0 0
17 0 0
18 0 0
19 0 .00001
20 0 .0816
21 0 .01493
22 0 .00958
23 0 .01365
24 0 .0107
25 0 .01357
26 0 .00905
27 0 .00718
28 0 .00862
29 0 .00626
30 0 .00501
31 0 .00486
32 0 .00435
33 0 .00328
34 0 .00324
35 0 .0026
36 0 .0019
37 0 .00146
38 0 .0012
39 0 .00095
40 0 .0007
41 0 .00052
42 0 .00038
43 0 .00024
44 0 .00015
45 0 .0001
46 0 .00006
47 0 .00003
48 0 .00001
49 0 .00001
50 0 0
51 0 0
100 0 0
