*parity 0 married
birth 1 F married 0
14 0 0
15 0 .0002
16 0 .00081
17 0 .07954
18 0 .04187
19 0 .04546
20 0 .04097
21 0 .05265
22 0 .04174
23 0 .03882
24 0 .03324
25 0 .04338
26 0 .03056
27 0 .02622
28 0 .02434
29 0 .01824
30 0 .0108
31 0 .00814
32 0 .00622
33 0 .00429
34 0 .0034
35 0 .00259
36 0 .00191
37 0 .00169
38 0 .00118
39 0 .00095
40 0 .00061
41 0 .00047
42 0 .0003
43 0 .00018
44 0 .00012
45 0 .00007
46 0 .00004
47 0 .00002
48 0 .00001
49 0 0
50 0 0
51 0 0
100 0 0
*parity 0 single
birth 1 F single 0
14 0 0
15 0 .00004
16 0 .00016
17 0 .0003
18 0 .00052
19 0 .00074
20 0 .00089
21 0 .00096
22 0 .00097
23 0 .00097
24 0 .00097
25 0 .00096
26 0 .001
27 0 .00097
28 0 .00097
29 0 .00093
30 0 .001
31 0 .00103
32 0 .00102
33 0 .00095
34 0 .00089
35 0 .00093
36 0 .00094
37 0 .00084
38 0 .00084
39 0 .00067
40 0 .0006
41 0 .00055
42 0 .00054
43 0 .00029
44 0 .00023
45 0 .00017
46 0 .00015
47 0 .00006
48 0 .00003
49 0 .00001
50 0 0
51 0 0
100 0 0
*parity 0 widowed
birth 1 F widowed 0
14 0 0
15 0 .00001
16 0 .00005
17 0 .00009
18 0 .15991
19 0 .19533
20 0 .24941
21 0 .24825
22 0 .05792
23 0 .10541
24 0 .05009
25 0 .06387
26 0 .17326
27 0 .0338
28 0 .01695
29 0 .01097
30 0 .02106
31 0 .01103
32 0 .00394
33 0 .00335
34 0 .00188
35 0 .00112
36 0 .00086
37 0 .00065
38 0 .00041
39 0 .00022
40 0 .00023
41 0 .00011
42 0 .00006
43 0 .00004
44 0 .00002
45 0 .00001
46 0 .00001
47 0 .00001
48 0 0
49 0 0
50 0 0
51 0 0
100 0 0
*parity 0 divorced
birth 1 F divorced 0
14 0 0
15 0 .00001
16 0 .00005
17 0 .00009
18 0 .15991
19 0 .19533
20 0 .24941
21 0 .24825
22 0 .05792
23 0 .10541
24 0 .05009
25 0 .06387
26 0 .17326
27 0 .0338
28 0 .01695
29 0 .01097
30 0 .02106
31 0 .01103
32 0 .00394
33 0 .00335
34 0 .00188
35 0 .00112
36 0 .00086
37 0 .00065
38 0 .00041
39 0 .00022
40 0 .00023
41 0 .00011
42 0 .00006
43 0 .00004
44 0 .00002
45 0 .00001
46 0 .00001
47 0 .00001
48 0 0
49 0 0
50 0 0
51 0 0
100 0 0
*parity 1 married
birth 1 F married 1
14 0 0
15 0 0
16 0 .00004
17 0 .00015
18 0 .0277
19 0 .02213
20 0 .02772
21 0 .02282
22 0 .03194
23 0 .02583
24 0 .03371
25 0 .02894
26 0 .03551
27 0 .03419
28 0 .03278
29 0 .02873
30 0 .04001
31 0 .02415
32 0 .02115
33 0 .01918
34 0 .01901
35 0 .01929
36 0 .0143
37 0 .00888
38 0 .0069
39 0 .00652
40 0 .00476
41 0 .00328
42 0 .00244
43 0 .00158
44 0 .00085
45 0 .00042
46 0 .00029
47 0 .0001
48 0 .00006
49 0 .00001
50 0 0
51 0 0
100 0 0
*parity 1 single
birth 1 F single 1
14 0 0
15 0 0
16 0 .00001
17 0 .03459
18 0 .02155
19 0 .0155
20 0 .04582
21 0 .01754
22 0 .02757
23 0 .01929
24 0 .03238
25 0 .02971
26 0 .02556
27 0 .03502
28 0 .01737
29 0 .03868
30 0 .02967
31 0 .03154
32 0 .0576
33 0 .04338
34 0 .03327
35 0 .02095
36 0 .03617
37 0 .02868
38 0 .01573
39 0 .00007
40 0 .02873
41 0 .01317
42 0 .02469
43 0 .01509
44 0 .00001
45 0 .00436
46 0 0
47 0 .00048
48 0 0
49 0 0
50 0 .00002
51 0 .00002
100 0 0
*parity 1 widowed
birth 1 F widowed 1
14 0 0
15 0 0
16 0 0
17 0 .00001
18 0 .00002
19 0 .04755
20 0 .02109
21 0 .01256
22 0 .01041
23 0 .04934
24 0 .0159
25 0 .02735
26 0 .02241
27 0 .0403
28 0 .03091
29 0 .01543
30 0 .03641
31 0 .03388
32 0 .00952
33 0 .01065
34 0 .00484
35 0 .00514
36 0 .00617
37 0 .00293
38 0 .00169
39 0 .00097
40 0 .00093
41 0 .00047
42 0 .00028
43 0 .00015
44 0 .00011
45 0 .00004
46 0 .00002
47 0 .00001
48 0 0
49 0 0
50 0 0
51 0 0
100 0 0
*parity 1 divorced
birth 1 F divorced 1
14 0 0
15 0 0
16 0 0
17 0 .00001
18 0 .00002
19 0 .04755
20 0 .02109
21 0 .01256
22 0 .01041
23 0 .04934
24 0 .0159
25 0 .02735
26 0 .02241
27 0 .0403
28 0 .03091
29 0 .01543
30 0 .03641
31 0 .03388
32 0 .00952
33 0 .01065
34 0 .00484
35 0 .00514
36 0 .00617
37 0 .00293
38 0 .00169
39 0 .00097
40 0 .00093
41 0 .00047
42 0 .00028
43 0 .00015
44 0 .00011
45 0 .00004
46 0 .00002
47 0 .00001
48 0 0
49 0 0
50 0 0
51 0 0
100 0 0
*parity 2 married
birth 1 F married 2
14 0 0
15 0 0
16 0 0
17 0 .00001
18 0 .05531
19 0 .01586
20 0 .01272
21 0 .0136
22 0 .01181
23 0 .01268
24 0 .01085
25 0 .01049
26 0 .00986
27 0 .0098
28 0 .00981
29 0 .00985
30 0 .00834
31 0 .00794
32 0 .00697
33 0 .00693
34 0 .00609
35 0 .005
36 0 .00437
37 0 .00374
38 0 .0033
39 0 .00265
40 0 .00221
41 0 .00156
42 0 .00126
43 0 .00094
44 0 .00069
45 0 .00043
46 0 .00025
47 0 .00013
48 0 .00007
49 0 .00004
50 0 .00001
51 0 .00001
100 0 0
*parity 2 single
birth 1 F single 2
14 0 0
15 0 0
16 0 0
17 0 0
18 0 .00001
19 0 .02776
20 0 .02226
21 0 .03967
22 0 .01379
23 0 .02368
24 0 .01566
25 0 .01847
26 0 .01105
27 0 .0125
28 0 .01116
29 0 .01183
30 0 .01281
31 0 .01531
32 0 .02204
33 0 .01659
34 0 .01857
35 0 .01983
36 0 .01535
37 0 .01756
38 0 .02128
39 0 .02171
40 0 .01104
41 0 .04863
42 0 .01063
43 0 .00771
44 0 .00551
45 0 .01106
46 0 .00579
47 0 .0033
48 0 .00147
49 0 .00078
50 0 .00028
51 0 .00034
100 0 0
*parity 2 widowed
birth 1 F widowed 2
14 0 0
15 0 0
16 0 0
17 0 0
18 0 0
19 0 .00001
20 0 .01025
21 0 .01826
22 0 .011
23 0 .00661
24 0 .01304
25 0 .00347
26 0 .00427
27 0 .00502
28 0 .00472
29 0 .00402
30 0 .00256
31 0 .00196
32 0 .00207
33 0 .0017
34 0 .00145
35 0 .00129
36 0 .00119
37 0 .0008
38 0 .0007
39 0 .00053
40 0 .00042
41 0 .00032
42 0 .0002
43 0 .00016
44 0 .00009
45 0 .00006
46 0 .00003
47 0 .00002
48 0 .00001
49 0 0
50 0 0
51 0 0
100 0 0
*parity 2 divorced
birth 1 F divorced 2
14 0 0
15 0 0
16 0 0
17 0 0
18 0 0
19 0 .00001
20 0 .01025
21 0 .01826
22 0 .011
23 0 .00661
24 0 .01304
25 0 .00347
26 0 .00427
27 0 .00502
28 0 .00472
29 0 .00402
30 0 .00256
31 0 .00196
32 0 .00207
33 0 .0017
34 0 .00145
35 0 .00129
36 0 .00119
37 0 .0008
38 0 .0007
39 0 .00053
40 0 .00042
41 0 .00032
42 0 .0002
43 0 .00016
44 0 .00009
45 0 .00006
46 0 .00003
47 0 .00002
48 0 .00001
49 0 0
50 0 0
51 0 0
100 0 0
