*parity 0 married
birth 1 F married 0
14 0 0
15 0 .0002
16 0 .00081
17 0 .04502
18 0 .06254
19 0 .05289
20 0 .04242
21 0 .03807
22 0 .0457
23 0 .04021
24 0 .03516
25 0 .03289
26 0 .0332
27 0 .02736
28 0 .02379
29 0 .01631
30 0 .01278
31 0 .00784
32 0 .00614
33 0 .00476
34 0 .00328
35 0 .00265
36 0 .00197
37 0 .00148
38 0 .00126
39 0 .00084
40 0 .00069
41 0 .00041
42 0 .00031
43 0 .00019
44 0 .00011
45 0 .00007
46 0 .00004
47 0 .00002
48 0 .00001
49 0 0
50 0 0
51 0 0
100 0 0
*parity 0 single
birth 1 F single 0
14 0 0
15 0 .00004
16 0 .00016
17 0 .00031
18 0 .00052
19 0 .00073
20 0 .00091
21 0 .00098
22 0 .00097
23 0 .00097
24 0 .00098
25 0 .00099
26 0 .001
27 0 .00102
28 0 .00097
29 0 .001
30 0 .00095
31 0 .00102
32 0 .001
33 0 .00098
34 0 .00093
35 0 .00082
36 0 .00094
37 0 .00088
38 0 .00077
39 0 .00084
40 0 .00058
41 0 .00046
42 0 .00048
43 0 .00044
44 0 .00021
45 0 .00016
46 0 .00013
47 0 .0001
48 0 .00003
49 0 .00001
50 0 0
51 0 0
100 0 0
*parity 0 widowed
birth 1 F widowed 0
14 0 0
15 0 .00001
16 0 .00005
17 0 .00009
18 0 .16875
19 0 .21567
20 0 .11191
21 0 .1267
22 0 .00022
23 0 .03617
24 0 .09908
25 0 .04734
26 0 .09058
27 0 .0812
28 0 .02592
29 0 .01141
30 0 .00892
31 0 .01071
32 0 .00834
33 0 .00275
34 0 .00239
35 0 .00128
36 0 .00079
37 0 .00056
38 0 .00042
39 0 .00027
40 0 .00015
41 0 .00015
42 0 .00007
43 0 .00004
44 0 .00002
45 0 .00001
46 0 .00001
47 0 0
48 0 0
49 0 0
50 0 0
51 0 0
100 0 0
*parity 0 divorced
birth 1 F divorced 0
14 0 0
15 0 .00001
16 0 .00005
17 0 .00009
18 0 .16875
19 0 .21567
20 0 .11191
21 0 .1267
22 0 .00022
23 0 .03617
24 0 .09908
25 0 .04734
26 0 .09058
27 0 .0812
28 0 .02592
29 0 .01141
30 0 .00892
31 0 .01071
32 0 .00834
33 0 .00275
34 0 .00239
35 0 .00128
36 0 .00079
37 0 .00056
38 0 .00042
39 0 .00027
40 0 .00015
41 0 .00015
42 0 .00007
43 0 .00004
44 0 .00002
45 0 .00001
46 0 .00001
47 0 0
48 0 0
49 0 0
50 0 0
51 0 0
100 0 0
*parity 1 married
birth 1 F married 1
14 0 0
15 0 0
16 0 .00004
17 0 .17388
18 0 .01552
19 0 .02245
20 0 .02476
21 0 .0296
22 0 .028
23 0 .03216
24 0 .02819
25 0 .03145
26 0 .03143
27 0 .0369
28 0 .03413
29 0 .0305
30 0 .02668
31 0 .03785
32 0 .02325
33 0 .01954
34 0 .01478
35 0 .01586
36 0 .0149
37 0 .0106
38 0 .00698
39 0 .00516
40 0 .00473
41 0 .00338
42 0 .00214
43 0 .00163
44 0 .00088
45 0 .00047
46 0 .00021
47 0 .00013
48 0 .00004
49 0 .00002
50 0 0
51 0 0
100 0 0
*parity 1 single
birth 1 F single 1
14 0 0
15 0 0
16 0 .00001
17 0 .00003
18 0 .01847
19 0 .02171
20 0 .02087
21 0 .02726
22 0 .0207
23 0 .02965
24 0 .01926
25 0 .02824
26 0 .02855
27 0 .02562
28 0 .03067
29 0 .02883
30 0 .04331
31 0 .03629
32 0 .04407
33 0 .0392
34 0 .05921
35 0 .03551
36 0 .02266
37 0 .04765
38 0 .02769
39 0 .02072
40 0 .01845
41 0 .00004
42 0 .02594
43 0 .0152
44 0 .00876
45 0 0
46 0 .00112
47 0 0
48 0 .00021
49 0 0
50 0 0
51 0 .00001
100 0 0
*parity 1 widowed
birth 1 F widowed 1
14 0 0
15 0 0
16 0 0
17 0 .00001
18 0 .00002
19 0 .02625
20 0 .01893
21 0 .02884
22 0 .01377
23 0 .02176
24 0 .0524
25 0 .03244
26 0 .0205
27 0 .03098
28 0 .03152
29 0 .07406
30 0 .0144
31 0 .02194
32 0 .01498
33 0 .00592
34 0 .00814
35 0 .00417
36 0 .00385
37 0 .00432
38 0 .00223
39 0 .00125
40 0 .00062
41 0 .00063
42 0 .00031
43 0 .00016
44 0 .00009
45 0 .00005
46 0 .00002
47 0 .00001
48 0 0
49 0 0
50 0 0
51 0 0
100 0 0
*parity 1 divorced
birth 1 F divorced 1
14 0 0
15 0 0
16 0 0
17 0 .00001
18 0 .00002
19 0 .02625
20 0 .01893
21 0 .02884
22 0 .01377
23 0 .02176
24 0 .0524
25 0 .03244
26 0 .0205
27 0 .03098
28 0 .03152
29 0 .07406
30 0 .0144
31 0 .02194
32 0 .01498
33 0 .00592
34 0 .00814
35 0 .00417
36 0 .00385
37 0 .00432
38 0 .00223
39 0 .00125
40 0 .00062
41 0 .00063
42 0 .00031
43 0 .00016
44 0 .00009
45 0 .00005
46 0 .00002
47 0 .00001
48 0 0
49 0 0
50 0 0
51 0 0
100 0 0
*parity 2 married
birth 1 F married 2
14 0 0
15 0 0
16 0 0
17 0 .00001
18 0 .00005
19 0 .0224
20 0 .01334
21 0 .01295
22 0 .01278
23 0 .01235
24 0 .01214
25 0 .01063
26 0 .0101
27 0 .0092
28 0 .00951
29 0 .00941
30 0 .009
31 0 .00747
32 0 .00712
33 0 .00632
34 0 .00629
35 0 .00545
36 0 .00437
37 0 .00378
38 0 .00319
39 0 .00272
40 0 .00217
41 0 .00169
42 0 .00116
43 0 .0009
44 0 .00067
45 0 .00045
46 0 .00025
47 0 .00014
48 0 .00007
49 0 .00004
50 0 .00001
51 0 .00001
100 0 0
*parity 2 single
birth 1 F single 2
14 0 0
15 0 0
16 0 0
17 0 0
18 0 .00001
19 0 .00003
20 0 .02028
21 0 .04111
22 0 .02057
23 0 .01767
24 0 .01991
25 0 .01408
26 0 .01734
27 0 .01184
28 0 .01283
29 0 .01005
30 0 .01286
31 0 .01346
32 0 .0172
33 0 .02574
34 0 .01481
35 0 .01725
36 0 .0181
37 0 .0137
38 0 .01739
39 0 .01971
40 0 .01809
41 0 .00914
42 0 .02233
43 0 .00971
44 0 .0055
45 0 .00407
46 0 .00991
47 0 .00323
48 0 .00166
49 0 .00076
50 0 .00029
51 0 .00012
100 0 0
*parity 2 widowed
birth 1 F widowed 2
14 0 0
15 0 0
16 0 0
17 0 0
18 0 0
19 0 .00001
20 0 .00002
21 0 .01864
22 0 .01399
23 0 .0044
24 0 .00564
25 0 .00626
26 0 .00344
27 0 .00369
28 0 .00411
29 0 .00357
30 0 .00337
31 0 .00225
32 0 .00173
33 0 .00172
34 0 .00149
35 0 .00122
36 0 .00112
37 0 .001
38 0 .00067
39 0 .00059
40 0 .00043
41 0 .00031
42 0 .00024
43 0 .00014
44 0 .00011
45 0 .00006
46 0 .00004
47 0 .00002
48 0 .00001
49 0 0
50 0 0
51 0 0
100 0 0
*parity 2 divorced
birth 1 F divorced 2
14 0 0
15 0 0
16 0 0
17 0 0
18 0 0
19 0 .00001
20 0 .00002
21 0 .01864
22 0 .01399
23 0 .0044
24 0 .00564
25 0 .00626
26 0 .00344
27 0 .00369
28 0 .00411
29 0 .00357
30 0 .00337
31 0 .00225
32 0 .00173
33 0 .00172
34 0 .00149
35 0 .00122
36 0 .00112
37 0 .001
38 0 .00067
39 0 .00059
40 0 .00043
41 0 .00031
42 0 .00024
43 0 .00014
44 0 .00011
45 0 .00006
46 0 .00004
47 0 .00002
48 0 .00001
49 0 0
50 0 0
51 0 0
100 0 0
