*parity 0 married
birth 1 F married 0
14 0 0
15 0 .00015
16 0 .00069
17 0 .03401
18 0 .02919
19 0 .03201
20 0 .03563
21 0 .03555
22 0 .03558
23 0 .03563
24 0 .03501
25 0 .03456
26 0 .02802
27 0 .0276
28 0 .02866
29 0 .02951
30 0 .03092
31 0 .01892
32 0 .01288
33 0 .01059
34 0 .00729
35 0 .00453
36 0 .00406
37 0 .00272
38 0 .00201
39 0 .00139
40 0 .00115
41 0 .00073
42 0 .0005
43 0 .00031
44 0 .0002
45 0 .0001
46 0 .00005
47 0 .00002
48 0 .00001
49 0 .00001
50 0 0
51 0 0
100 0 0
*parity 0 single
birth 1 F single 0
14 0 0
15 0 .00005
16 0 .00022
17 0 .00048
18 0 .00092
19 0 .00148
20 0 .00201
21 0 .00242
22 0 .00252
23 0 .00246
24 0 .00256
25 0 .00254
26 0 .00252
27 0 .00241
28 0 .00245
29 0 .00243
30 0 .00241
31 0 .00247
32 0 .00211
33 0 .00188
34 0 .00197
35 0 .00168
36 0 .00192
37 0 .00211
38 0 .00145
39 0 .00134
40 0 .00137
41 0 .0009
42 0 .00074
43 0 .00045
44 0 .0004
45 0 .00035
46 0 .00012
47 0 .00011
48 0 .00004
49 0 .00001
50 0 0
51 0 0
100 0 0
*parity 0 widowed
birth 1 F widowed 0
14 0 0
15 0 .00003
16 0 .00015
17 0 .00032
18 0 .32837
19 0 .38959
20 0 .00101
21 0 .00106
22 0 .001
23 0 .0009
24 0 .0008
25 0 .00069
26 0 .00059
27 0 .8484
28 0 .69972
29 0 .30877
30 0 .51228
31 0 .433
32 0 .33421
33 0 .09772
34 0 .07156
35 0 .04545
36 0 .02034
37 0 .00662
38 0 .00713
39 0 .00202
40 0 .00119
41 0 .00075
42 0 .00047
43 0 .00023
44 0 .00013
45 0 .00007
46 0 .00003
47 0 .00002
48 0 .00001
49 0 0
50 0 0
51 0 0
100 0 0
*parity 0 divorced
birth 1 F divorced 0
14 0 0
15 0 .00003
16 0 .00015
17 0 .00032
18 0 .32837
19 0 .38959
20 0 .00101
21 0 .00106
22 0 .001
23 0 .0009
24 0 .0008
25 0 .00069
26 0 .00059
27 0 .8484
28 0 .69972
29 0 .30877
30 0 .51228
31 0 .433
32 0 .33421
33 0 .09772
34 0 .07156
35 0 .04545
36 0 .02034
37 0 .00662
38 0 .00713
39 0 .00202
40 0 .00119
41 0 .00075
42 0 .00047
43 0 .00023
44 0 .00013
45 0 .00007
46 0 .00003
47 0 .00002
48 0 .00001
49 0 0
50 0 0
51 0 0
100 0 0
*parity 1 married
birth 1 F married 1
14 0 0
15 0 0
16 0 .00005
17 0 .00018
18 0 .02208
19 0 .02193
20 0 .04397
21 0 .04281
22 0 .03599
23 0 .02936
24 0 .02367
25 0 .02883
26 0 .04013
27 0 .0481
28 0 .04669
29 0 .0493
30 0 .04515
31 0 .05379
32 0 .25856
33 0 .42343
34 0 .19794
35 0 1
36 0 .52532
37 0 .10311
38 0 .00043
39 0 .16009
40 0 .34398
41 0 .11762
42 0 .15995
43 0 .10177
44 0 .05894
45 0 .00002
46 0 .00001
47 0 .00001
48 0 0
49 0 .0001
50 0 .00001
51 0 0
100 0 0
*parity 1 single
birth 1 F single 1
14 0 0
15 0 0
16 0 .04838
17 0 .08263
18 0 .09566
19 0 .08887
20 0 .05674
21 0 .058
22 0 .06839
23 0 .06522
24 0 .09808
25 0 .11004
26 0 .35781
27 0 .00086
28 0 .63761
29 0 .59585
30 0 .51737
31 0 .30393
32 0 .00045
33 0 .13292
34 0 .00032
35 0 .10592
36 0 .00021
37 0 .12947
38 0 .00013
39 0 .15077
40 0 .10798
41 0 .00005
42 0 .05021
43 0 .00002
44 0 .00925
45 0 .00497
46 0 0
47 0 .00121
48 0 0
49 0 0
50 0 0
51 0 .00008
100 0 0
*parity 1 widowed
birth 1 F widowed 1
14 0 0
15 0 0
16 0 .00001
17 0 .00004
18 0 .06643
19 0 .08486
20 0 .0532
21 0 .15305
22 0 .5858
23 0 .60392
24 0 .34059
25 0 .36299
26 0 .41415
27 0 .08389
28 0 .00054
29 0 .27587
30 0 .14372
31 0 .12664
32 0 .50733
33 0 .00026
34 0 .34523
35 0 .07356
36 0 .00015
37 0 .08992
38 0 .06767
39 0 .02618
40 0 .07499
41 0 .00004
42 0 .01162
43 0 .02219
44 0 .00001
45 0 .00001
46 0 .00341
47 0 .00168
48 0 .00008
49 0 .00002
50 0 0
51 0 0
100 0 0
*parity 1 divorced
birth 1 F divorced 1
14 0 0
15 0 0
16 0 .00001
17 0 .00004
18 0 .06643
19 0 .08486
20 0 .0532
21 0 .15305
22 0 .5858
23 0 .60392
24 0 .34059
25 0 .36299
26 0 .41415
27 0 .08389
28 0 .00054
29 0 .27587
30 0 .14372
31 0 .12664
32 0 .50733
33 0 .00026
34 0 .34523
35 0 .07356
36 0 .00015
37 0 .08992
38 0 .06767
39 0 .02618
40 0 .07499
41 0 .00004
42 0 .01162
43 0 .02219
44 0 .00001
45 0 .00001
46 0 .00341
47 0 .00168
48 0 .00008
49 0 .00002
50 0 0
51 0 0
100 0 0
*parity 2 married
birth 1 F married 2
14 0 0
15 0 0
16 0 0
17 0 .00002
18 0 .00008
19 0 .02251
20 0 .00845
21 0 .00866
22 0 .01129
23 0 .01455
24 0 .01447
25 0 .01291
26 0 .01057
27 0 .0097
28 0 .00848
29 0 .0077
30 0 .00745
31 0 .00693
32 0 .00648
33 0 .00589
34 0 .00567
35 0 .00556
36 0 .00512
37 0 .00465
38 0 .00437
39 0 .00404
40 0 .00351
41 0 .00277
42 0 .00224
43 0 .00169
44 0 .00125
45 0 .00088
46 0 .00057
47 0 .00034
48 0 .00018
49 0 .00009
50 0 .00004
51 0 .00002
100 0 0
*parity 2 single
birth 1 F single 2
14 0 0
15 0 0
16 0 0
17 0 .01546
18 0 .01411
19 0 .01766
20 0 .01304
21 0 .01798
22 0 .01987
23 0 .02587
24 0 .0219
25 0 .01967
26 0 .0243
27 0 .02181
28 0 .02632
29 0 .03574
30 0 .03577
31 0 .03146
32 0 .04118
33 0 .04186
34 0 .06081
35 0 .06069
36 0 .06018
37 0 .09897
38 0 .07978
39 0 .16476
40 0 .09061
41 0 .12468
42 0 .08171
43 0 .07345
44 0 .05212
45 0 .04249
46 0 .03333
47 0 .01484
48 0 .03029
49 0 .01585
50 0 .00322
51 0 .0013
100 0 0
*parity 2 widowed
birth 1 F widowed 2
14 0 0
15 0 0
16 0 0
17 0 0
18 0 .00002
19 0 .0368
20 0 .02173
21 0 .0191
22 0 .01719
23 0 .0147
24 0 .01521
25 0 .0113
26 0 .01125
27 0 .011
28 0 .01094
29 0 .00981
30 0 .00786
31 0 .00651
32 0 .0054
33 0 .00517
34 0 .00416
35 0 .00371
36 0 .00287
37 0 .00269
38 0 .0023
39 0 .00196
40 0 .00154
41 0 .00124
42 0 .00085
43 0 .00062
44 0 .00045
45 0 .0003
46 0 .00018
47 0 .00011
48 0 .00005
49 0 .00003
50 0 .00001
51 0 0
100 0 0
*parity 2 divorced
birth 1 F divorced 2
14 0 0
15 0 0
16 0 0
17 0 0
18 0 .00002
19 0 .0368
20 0 .02173
21 0 .0191
22 0 .01719
23 0 .0147
24 0 .01521
25 0 .0113
26 0 .01125
27 0 .011
28 0 .01094
29 0 .00981
30 0 .00786
31 0 .00651
32 0 .0054
33 0 .00517
34 0 .00416
35 0 .00371
36 0 .00287
37 0 .00269
38 0 .0023
39 0 .00196
40 0 .00154
41 0 .00124
42 0 .00085
43 0 .00062
44 0 .00045
45 0 .0003
46 0 .00018
47 0 .00011
48 0 .00005
49 0 .00003
50 0 .00001
51 0 0
100 0 0
