*parity 0 married
birth 1 F married 0
14 0 0
15 0 .00022
16 0 .00099
17 0 .0428
18 0 .0357
19 0 .04026
20 0 .05723
21 0 .05894
22 0 .05477
23 0 .05906
24 0 .06406
25 0 .05603
26 0 .05463
27 0 .04729
28 0 .04705
29 0 .02942
30 0 .02847
31 0 .03165
32 0 .02548
33 0 .02339
34 0 .01706
35 0 .01361
36 0 .00993
37 0 .00725
38 0 .00886
39 0 .00574
40 0 .00423
41 0 .0046
42 0 .00266
43 0 .00149
44 0 .0008
45 0 .00033
46 0 .00027
47 0 .00011
48 0 .00005
49 0 .00002
50 0 0
51 0 0
100 0 0
*parity 0 single
birth 1 F single 0
14 0 0
15 0 .00001
16 0 .00003
17 0 .00007
18 0 .00014
19 0 .00023
20 0 .00029
21 0 .00034
22 0 .00038
23 0 .00036
24 0 .00037
25 0 .00037
26 0 .00037
27 0 .00034
28 0 .00035
29 0 .00038
30 0 .00038
31 0 .00034
32 0 .00043
33 0 .00034
34 0 .00031
35 0 .00028
36 0 .00029
37 0 .00024
38 0 .00023
39 0 .0002
40 0 .00014
41 0 .00015
42 0 .00012
43 0 .0001
44 0 .00008
45 0 .00003
46 0 .00002
47 0 .00001
48 0 .00001
49 0 0
50 0 0
51 0 0
100 0 0
*parity 0 widowed
birth 1 F widowed 0
14 0 0
15 0 .00001
16 0 .00004
17 0 .00008
18 0 .05345
19 0 .14843
20 0 .05294
21 0 .09266
22 0 .36086
23 0 .00022
24 0 .13668
25 0 .11954
26 0 .19836
27 0 .19472
28 0 .14795
29 0 .02001
30 0 .10125
31 0 .07702
32 0 .0155
33 0 .0267
34 0 .01384
35 0 .01605
36 0 .00855
37 0 .00697
38 0 .01625
39 0 .00215
40 0 .00158
41 0 .00075
42 0 .00061
43 0 .00021
44 0 .00016
45 0 .00006
46 0 .00003
47 0 .00002
48 0 .00001
49 0 0
50 0 0
51 0 0
100 0 0
*parity 0 divorced
birth 1 F divorced 0
14 0 0
15 0 .00001
16 0 .00004
17 0 .00008
18 0 .05345
19 0 .14843
20 0 .05294
21 0 .09266
22 0 .36086
23 0 .00022
24 0 .13668
25 0 .11954
26 0 .19836
27 0 .19472
28 0 .14795
29 0 .02001
30 0 .10125
31 0 .07702
32 0 .0155
33 0 .0267
34 0 .01384
35 0 .01605
36 0 .00855
37 0 .00697
38 0 .01625
39 0 .00215
40 0 .00158
41 0 .00075
42 0 .00061
43 0 .00021
44 0 .00016
45 0 .00006
46 0 .00003
47 0 .00002
48 0 .00001
49 0 0
50 0 0
51 0 0
100 0 0
*parity 1 married
birth 1 F married 1
14 0 0
15 0 0
16 0 .00007
17 0 .00026
18 0 .02087
19 0 .01925
20 0 .02394
21 0 .02244
22 0 .02386
23 0 .02637
24 0 .02587
25 0 .02577
26 0 .02443
27 0 .0266
28 0 .02722
29 0 .03489
30 0 .02784
31 0 .02594
32 0 .01862
33 0 .01907
34 0 .01583
35 0 .01211
36 0 .01131
37 0 .01251
38 0 .00877
39 0 .00779
40 0 .00969
41 0 .02438
42 0 .01301
43 0 .00537
44 0 .00437
45 0 .0064
46 0 .00309
47 0 .00368
48 0 .00283
49 0 .00083
50 0 .00009
51 0 .00021
100 0 0
*parity 1 single
birth 1 F single 1
14 0 0
15 0 0
16 0 .00329
17 0 .00001
18 0 .01842
19 0 .00005
20 0 .02504
21 0 .02355
22 0 .03393
23 0 .20218
24 0 .02656
25 0 .05167
26 0 .00014
27 0 .04908
28 0 .03974
29 0 .04553
30 0 .0603
31 0 .09571
32 0 .08004
33 0 .0358
34 0 .00005
35 0 .00004
36 0 .0176
37 0 .0285
38 0 .02195
39 0 .01725
40 0 .00001
41 0 .00001
42 0 .00542
43 0 0
44 0 .00182
45 0 0
46 0 0
47 0 .00024
48 0 0
49 0 0
50 0 0
51 0 0
100 0 0
*parity 1 widowed
birth 1 F widowed 1
14 0 0
15 0 0
16 0 0
17 0 .00001
18 0 .00003
19 0 .08575
20 0 .01124
21 0 .02137
22 0 .0132
23 0 .00944
24 0 .01078
25 0 .01148
26 0 .00946
27 0 .00848
28 0 .01236
29 0 .00996
30 0 .00938
31 0 .00744
32 0 .00584
33 0 .00298
34 0 .00246
35 0 .00246
36 0 .00196
37 0 .00128
38 0 .00099
39 0 .00091
40 0 .0009
41 0 .00456
42 0 .00063
43 0 .00036
44 0 .00043
45 0 .0004
46 0 .00019
47 0 0
48 0 0
49 0 .00003
50 0 0
51 0 0
100 0 0
*parity 1 divorced
birth 1 F divorced 1
14 0 0
15 0 0
16 0 0
17 0 .00001
18 0 .00003
19 0 .08575
20 0 .01124
21 0 .02137
22 0 .0132
23 0 .00944
24 0 .01078
25 0 .01148
26 0 .00946
27 0 .00848
28 0 .01236
29 0 .00996
30 0 .00938
31 0 .00744
32 0 .00584
33 0 .00298
34 0 .00246
35 0 .00246
36 0 .00196
37 0 .00128
38 0 .00099
39 0 .00091
40 0 .0009
41 0 .00456
42 0 .00063
43 0 .00036
44 0 .00043
45 0 .0004
46 0 .00019
47 0 0
48 0 0
49 0 .00003
50 0 0
51 0 0
100 0 0
*parity 2 married
birth 1 F married 2
14 0 0
15 0 0
16 0 .00001
17 0 .00002
18 0 .00011
19 0 .02471
20 0 .02161
21 0 .02579
22 0 .02078
23 0 .02155
24 0 .01858
25 0 .01675
26 0 .01521
27 0 .01437
28 0 .01296
29 0 .01118
30 0 .01104
31 0 .00986
32 0 .00913
33 0 .00854
34 0 .00811
35 0 .00751
36 0 .00711
37 0 .00621
38 0 .00554
39 0 .00521
40 0 .00426
41 0 .00308
42 0 .00247
43 0 .00187
44 0 .00136
45 0 .00094
46 0 .0006
47 0 .00037
48 0 .0002
49 0 .0001
50 0 .00005
51 0 .00002
100 0 0
*parity 2 single
birth 1 F single 2
14 0 0
15 0 0
16 0 0
17 0 0
18 0 0
19 0 .00001
20 0 .03814
21 0 .03476
22 0 .03755
23 0 .01301
24 0 .01444
25 0 .02454
26 0 .01957
27 0 .01899
28 0 .02201
29 0 .0321
30 0 .01834
31 0 .0188
32 0 .02639
33 0 .04215
34 0 .02108
35 0 .03337
36 0 .01877
37 0 .06901
38 0 .04089
39 0 .02207
40 0 .01796
41 0 .01614
42 0 .00005
43 0 .01163
44 0 .01258
45 0 .0086
46 0 .00001
47 0 .00566
48 0 0
49 0 .00067
50 0 0
51 0 .00022
100 0 0
*parity 2 widowed
birth 1 F widowed 2
14 0 0
15 0 0
16 0 0
17 0 0
18 0 0
19 0 .00925
20 0 .01112
21 0 .01622
22 0 .00773
23 0 .00759
24 0 .0073
25 0 .00526
26 0 .00548
27 0 .00421
28 0 .00302
29 0 .00312
30 0 .00246
31 0 .00212
32 0 .00177
33 0 .00144
34 0 .00137
35 0 .00123
36 0 .00094
37 0 .00084
38 0 .00068
39 0 .00048
40 0 .00042
41 0 .00029
42 0 .00021
43 0 .00015
44 0 .00011
45 0 .00007
46 0 .00004
47 0 .00002
48 0 .00001
49 0 .00001
50 0 0
51 0 0
100 0 0
*parity 2 divorced
birth 1 F divorced 2
14 0 0
15 0 0
16 0 0
17 0 0
18 0 0
19 0 .00925
20 0 .01112
21 0 .01622
22 0 .00773
23 0 .00759
24 0 .0073
25 0 .00526
26 0 .00548
27 0 .00421
28 0 .00302
29 0 .00312
30 0 .00246
31 0 .00212
32 0 .00177
33 0 .00144
34 0 .00137
35 0 .00123
36 0 .00094
37 0 .00084
38 0 .00068
39 0 .00048
40 0 .00042
41 0 .00029
42 0 .00021
43 0 .00015
44 0 .00011
45 0 .00007
46 0 .00004
47 0 .00002
48 0 .00001
49 0 .00001
50 0 0
51 0 0
100 0 0
