*parity 0 married
birth 1 F married 0
14 0 0
15 0 .0001
16 0 .00042
17 0 .03835
18 0 .0373
19 0 .03647
20 0 .03354
21 0 .03023
22 0 .02921
23 0 .02716
24 0 .02589
25 0 .02255
26 0 .02194
27 0 .01987
28 0 .02028
29 0 .01837
30 0 .01464
31 0 .00965
32 0 .0062
33 0 .00542
34 0 .00388
35 0 .00289
36 0 .00247
37 0 .00175
38 0 .00124
39 0 .0008
40 0 .00063
41 0 .00041
42 0 .00026
43 0 .00018
44 0 .00011
45 0 .00007
46 0 .00004
47 0 .00002
48 0 .00001
49 0 0
50 0 0
51 0 0
100 0 0
*parity 0 single
birth 1 F single 0
14 0 0
15 0 .00013
16 0 .00053
17 0 .00103
18 0 .00173
19 0 .00249
20 0 .0031
21 0 .00338
22 0 .00348
23 0 .00358
24 0 .00361
25 0 .00371
26 0 .00379
27 0 .00397
28 0 .00393
29 0 .00413
30 0 .00394
31 0 .00413
32 0 .00414
33 0 .00466
34 0 .00447
35 0 .00408
36 0 .00432
37 0 .00455
38 0 .0039
39 0 .00387
40 0 .00359
41 0 .00287
42 0 .00194
43 0 .00181
44 0 .00117
45 0 .00076
46 0 .00071
47 0 .00049
48 0 .00021
49 0 .00005
50 0 .00002
51 0 .00002
100 0 0
*parity 0 widowed
birth 1 F widowed 0
14 0 0
15 0 .00002
16 0 .0001
17 0 .00018
18 0 .4711
19 0 .00041
20 0 .00047
21 0 .47433
22 0 .13752
23 0 .15671
24 0 .59164
25 0 1.04097
26 0 .96245
27 0 .1437
28 0 .25774
29 0 .12824
30 0 .00023
31 0 .12405
32 0 .07046
33 0 .02372
34 0 .03019
35 0 .00959
36 0 .0064
37 0 .00633
38 0 .00148
39 0 .00088
40 0 .00055
41 0 .00036
42 0 .00018
43 0 .00012
44 0 .00007
45 0 .00004
46 0 .00002
47 0 .00001
48 0 .00001
49 0 0
50 0 0
51 0 0
100 0 0
*parity 0 divorced
birth 1 F divorced 0
14 0 0
15 0 .00002
16 0 .0001
17 0 .00018
18 0 .4711
19 0 .00041
20 0 .00047
21 0 .47433
22 0 .13752
23 0 .15671
24 0 .59164
25 0 1.04097
26 0 .96245
27 0 .1437
28 0 .25774
29 0 .12824
30 0 .00023
31 0 .12405
32 0 .07046
33 0 .02372
34 0 .03019
35 0 .00959
36 0 .0064
37 0 .00633
38 0 .00148
39 0 .00088
40 0 .00055
41 0 .00036
42 0 .00018
43 0 .00012
44 0 .00007
45 0 .00004
46 0 .00002
47 0 .00001
48 0 .00001
49 0 0
50 0 0
51 0 0
100 0 0
*parity 1 married
birth 1 F married 1
14 0 0
15 0 0
16 0 .00002
17 0 .25626
18 0 .01938
19 0 .01414
20 0 .02124
21 0 .03001
22 0 .01792
23 0 .01705
24 0 .01744
25 0 .01444
26 0 .0143
27 0 .01446
28 0 .01354
29 0 .01372
30 0 .01129
31 0 .01134
32 0 .01184
33 0 .00915
34 0 .00638
35 0 .00524
36 0 .0055
37 0 .00421
38 0 .00325
39 0 .00321
40 0 .00238
41 0 .00143
42 0 .00101
43 0 .0007
44 0 .00037
45 0 .00019
46 0 .00011
47 0 .00007
48 0 .00002
49 0 .00001
50 0 0
51 0 0
100 0 0
*parity 1 single
birth 1 F single 1
14 0 0
15 0 0
16 0 .02884
17 0 .02647
18 0 .02883
19 0 .03004
20 0 .03104
21 0 .03001
22 0 .03298
23 0 .02987
24 0 .0304
25 0 .02948
26 0 .02887
27 0 .02776
28 0 .0269
29 0 .02251
30 0 .02799
31 0 .03248
32 0 .04032
33 0 .05071
34 0 .03744
35 0 .05352
36 0 .06844
37 0 .05536
38 0 .00032
39 0 .00024
40 0 .08899
41 0 .00012
42 0 .11838
43 0 .07267
44 0 .08175
45 0 .02162
46 0 .02146
47 0 .01043
48 0 .00195
49 0 0
50 0 .00037
51 0 .00021
100 0 0
*parity 1 widowed
birth 1 F widowed 1
14 0 0
15 0 0
16 0 .00001
17 0 .00002
18 0 .03205
19 0 .06233
20 0 .05366
21 0 .06014
22 0 .10234
23 0 .05602
24 0 .02901
25 0 .03966
26 0 .04253
27 0 .02635
28 0 .04012
29 0 .02444
30 0 .02011
31 0 .01069
32 0 .01334
33 0 .00816
34 0 .00682
35 0 .00481
36 0 .00299
37 0 .00179
38 0 .00155
39 0 .0012
40 0 .00089
41 0 .00051
42 0 .00029
43 0 .00014
44 0 .00007
45 0 .00004
46 0 .00002
47 0 .00001
48 0 0
49 0 0
50 0 0
51 0 0
100 0 0
*parity 1 divorced
birth 1 F divorced 1
14 0 0
15 0 0
16 0 .00001
17 0 .00002
18 0 .03205
19 0 .06233
20 0 .05366
21 0 .06014
22 0 .10234
23 0 .05602
24 0 .02901
25 0 .03966
26 0 .04253
27 0 .02635
28 0 .04012
29 0 .02444
30 0 .02011
31 0 .01069
32 0 .01334
33 0 .00816
34 0 .00682
35 0 .00481
36 0 .00299
37 0 .00179
38 0 .00155
39 0 .0012
40 0 .00089
41 0 .00051
42 0 .00029
43 0 .00014
44 0 .00007
45 0 .00004
46 0 .00002
47 0 .00001
48 0 0
49 0 0
50 0 0
51 0 0
100 0 0
*parity 2 married
birth 1 F married 2
14 0 0
15 0 0
16 0 0
17 0 .00001
18 0 .00003
19 0 .04186
20 0 .00585
21 0 .00704
22 0 .0113
23 0 .0116
24 0 .01153
25 0 .01052
26 0 .01042
27 0 .00889
28 0 .00831
29 0 .00736
30 0 .007
31 0 .00551
32 0 .00461
33 0 .00397
34 0 .00372
35 0 .00336
36 0 .00265
37 0 .00236
38 0 .00207
39 0 .0018
40 0 .00142
41 0 .00113
42 0 .0009
43 0 .00066
44 0 .00047
45 0 .00031
46 0 .00018
47 0 .0001
48 0 .00005
49 0 .00003
50 0 .00001
51 0 0
100 0 0
*parity 2 single
birth 1 F single 2
14 0 0
15 0 0
16 0 0
17 0 .00431
18 0 .03695
19 0 .01415
20 0 .0161
21 0 .01555
22 0 .0136
23 0 .01218
24 0 .01223
25 0 .0128
26 0 .01157
27 0 .01105
28 0 .01088
29 0 .00964
30 0 .00973
31 0 .00944
32 0 .01008
33 0 .00912
34 0 .00945
35 0 .00958
36 0 .00906
37 0 .009
38 0 .00911
39 0 .00896
40 0 .00837
41 0 .0079
42 0 .00741
43 0 .00662
44 0 .00534
45 0 .00393
46 0 .00298
47 0 .00191
48 0 .00098
49 0 .00053
50 0 .00021
51 0 .00008
100 0 0
*parity 2 widowed
birth 1 F widowed 2
14 0 0
15 0 0
16 0 0
17 0 0
18 0 .00001
19 0 .00002
20 0 .02446
21 0 .01249
22 0 .01069
23 0 .01123
24 0 .00795
25 0 .0085
26 0 .00628
27 0 .00575
28 0 .00477
29 0 .00469
30 0 .00374
31 0 .00342
32 0 .00254
33 0 .00204
34 0 .00184
35 0 .00151
36 0 .00125
37 0 .001
38 0 .00084
39 0 .00063
40 0 .0005
41 0 .00037
42 0 .00027
43 0 .00018
44 0 .00013
45 0 .00008
46 0 .00005
47 0 .00002
48 0 .00001
49 0 .00001
50 0 0
51 0 0
100 0 0
*parity 2 divorced
birth 1 F divorced 2
14 0 0
15 0 0
16 0 0
17 0 0
18 0 .00001
19 0 .00002
20 0 .02446
21 0 .01249
22 0 .01069
23 0 .01123
24 0 .00795
25 0 .0085
26 0 .00628
27 0 .00575
28 0 .00477
29 0 .00469
30 0 .00374
31 0 .00342
32 0 .00254
33 0 .00204
34 0 .00184
35 0 .00151
36 0 .00125
37 0 .001
38 0 .00084
39 0 .00063
40 0 .0005
41 0 .00037
42 0 .00027
43 0 .00018
44 0 .00013
45 0 .00008
46 0 .00005
47 0 .00002
48 0 .00001
49 0 .00001
50 0 0
51 0 0
100 0 0
