*parity 0 married
birth 1 F married 0
14 0 0
15 0 .0002
16 0 .00082
17 0 .06845
18 0 .05682
19 0 .06655
20 0 .08449
21 0 .07683
22 0 .10472
23 0 .11245
24 0 .13004
25 0 .10306
26 0 .07033
27 0 .07429
28 0 .18782
29 0 .06148
30 0 .03464
31 0 .0342
32 0 .02641
33 0 .01611
34 0 .00931
35 0 .00628
36 0 .00474
37 0 .00433
38 0 .00316
39 0 .00187
40 0 .0012
41 0 .00089
42 0 .00079
43 0 .00055
44 0 .00023
45 0 .00017
46 0 .00008
47 0 .00005
48 0 .00003
49 0 .00001
50 0 0
51 0 0
100 0 0
*parity 0 single
birth 1 F single 0
14 0 0
15 0 .00004
16 0 .00015
17 0 .00029
18 0 .00048
19 0 .00069
20 0 .00083
21 0 .00089
22 0 .00089
23 0 .0009
24 0 .00091
25 0 .00092
26 0 .00091
27 0 .00094
28 0 .0009
29 0 .00094
30 0 .00096
31 0 .00096
32 0 .00096
33 0 .001
34 0 .001
35 0 .00103
36 0 .00105
37 0 .00079
38 0 .00098
39 0 .00092
40 0 .00077
41 0 .00055
42 0 .00042
43 0 .00038
44 0 .00027
45 0 .00015
46 0 .00009
47 0 .00007
48 0 .00004
49 0 .00002
50 0 0
51 0 0
100 0 0
*parity 0 widowed
birth 1 F widowed 0
14 0 0
15 0 .00001
16 0 .00005
17 0 .00009
18 0 .00015
19 0 .29766
20 0 .11769
21 0 .00023
22 0 .16025
23 0 .15221
24 0 .00019
25 0 .00018
26 0 .12831
27 0 .24923
28 0 .00015
29 0 .00013
30 0 .18758
31 0 .0001
32 0 .00008
33 0 .10332
34 0 .01622
35 0 .00723
36 0 .00568
37 0 .00774
38 0 .00363
39 0 .00175
40 0 .00047
41 0 .00046
42 0 .00022
43 0 .00016
44 0 .00008
45 0 .00003
46 0 .00002
47 0 .00001
48 0 .00001
49 0 0
50 0 0
51 0 0
100 0 0
*parity 0 divorced
birth 1 F divorced 0
14 0 0
15 0 .00001
16 0 .00005
17 0 .00009
18 0 .00015
19 0 .29766
20 0 .11769
21 0 .00023
22 0 .16025
23 0 .15221
24 0 .00019
25 0 .00018
26 0 .12831
27 0 .24923
28 0 .00015
29 0 .00013
30 0 .18758
31 0 .0001
32 0 .00008
33 0 .10332
34 0 .01622
35 0 .00723
36 0 .00568
37 0 .00774
38 0 .00363
39 0 .00175
40 0 .00047
41 0 .00046
42 0 .00022
43 0 .00016
44 0 .00008
45 0 .00003
46 0 .00002
47 0 .00001
48 0 .00001
49 0 0
50 0 0
51 0 0
100 0 0
*parity 1 married
birth 1 F married 1
14 0 0
15 0 0
16 0 .00004
17 0 .00016
18 0 .01968
19 0 .01501
20 0 .02029
21 0 .02292
22 0 .0186
23 0 .02006
24 0 .0176
25 0 .02066
26 0 .02205
27 0 .02219
28 0 .01952
29 0 .01834
30 0 .0147
31 0 .01311
32 0 .01137
33 0 .00937
34 0 .00867
35 0 .00726
36 0 .00715
37 0 .00634
38 0 .00389
39 0 .00317
40 0 .003
41 0 .0017
42 0 .00094
43 0 .00047
44 0 .00035
45 0 .0002
46 0 .0001
47 0 .00005
48 0 .00002
49 0 .00001
50 0 0
51 0 0
100 0 0
*parity 1 single
birth 1 F single 1
14 0 0
15 0 0
16 0 .00001
17 0 .02165
18 0 .11528
19 0 .01878
20 0 .02857
21 0 .03041
22 0 .02329
23 0 .02659
24 0 .03578
25 0 .03386
26 0 .03141
27 0 .0176
28 0 .03318
29 0 .0266
30 0 .03737
31 0 .03529
32 0 .03278
33 0 .07406
34 0 .12108
35 0 .09922
36 0 .05859
37 0 .08823
38 0 .04393
39 0 .05142
40 0 .00005
41 0 .00003
42 0 .02833
43 0 .00822
44 0 .0093
45 0 0
46 0 .00233
47 0 .00115
48 0 0
49 0 0
50 0 0
51 0 .00003
100 0 0
*parity 1 widowed
birth 1 F widowed 1
14 0 0
15 0 0
16 0 0
17 0 .00001
18 0 .00002
19 0 .00005
20 0 .02389
21 0 .03129
22 0 .04681
23 0 .01644
24 0 .02732
25 0 .01633
26 0 .01162
27 0 .00951
28 0 .0083
29 0 .00888
30 0 .01138
31 0 .00536
32 0 .00843
33 0 .00446
34 0 .00354
35 0 .00252
36 0 .00171
37 0 .00113
38 0 .00071
39 0 .0007
40 0 .00037
41 0 .00019
42 0 .00013
43 0 .00005
44 0 .00003
45 0 .00002
46 0 .00001
47 0 0
48 0 0
49 0 0
50 0 0
51 0 0
100 0 0
*parity 1 divorced
birth 1 F divorced 1
14 0 0
15 0 0
16 0 0
17 0 .00001
18 0 .00002
19 0 .00005
20 0 .02389
21 0 .03129
22 0 .04681
23 0 .01644
24 0 .02732
25 0 .01633
26 0 .01162
27 0 .00951
28 0 .0083
29 0 .00888
30 0 .01138
31 0 .00536
32 0 .00843
33 0 .00446
34 0 .00354
35 0 .00252
36 0 .00171
37 0 .00113
38 0 .00071
39 0 .0007
40 0 .00037
41 0 .00019
42 0 .00013
43 0 .00005
44 0 .00003
45 0 .00002
46 0 .00001
47 0 0
48 0 0
49 0 0
50 0 0
51 0 0
100 0 0
*parity 2 married
birth 1 F married 2
14 0 0
15 0 0
16 0 0
17 0 .00001
18 0 .00005
19 0 .02757
20 0 .00865
21 0 .00924
22 0 .01486
23 0 .01213
24 0 .01165
25 0 .0104
26 0 .01051
27 0 .0091
28 0 .00904
29 0 .00819
30 0 .00756
31 0 .00656
32 0 .0057
33 0 .00511
34 0 .00454
35 0 .00403
36 0 .00335
37 0 .00293
38 0 .00254
39 0 .00207
40 0 .00182
41 0 .00138
42 0 .00101
43 0 .00078
44 0 .00056
45 0 .00035
46 0 .00022
47 0 .00012
48 0 .00006
49 0 .00003
50 0 .00001
51 0 0
100 0 0
*parity 2 single
birth 1 F single 2
14 0 0
15 0 0
16 0 0
17 0 0
18 0 .00001
19 0 .01346
20 0 .01504
21 0 .03145
22 0 .01972
23 0 .0136
24 0 .01027
25 0 .01111
26 0 .01562
27 0 .013
28 0 .00965
29 0 .01004
30 0 .01264
31 0 .01226
32 0 .01015
33 0 .01141
34 0 .01062
35 0 .01476
36 0 .01237
37 0 .01296
38 0 .01839
39 0 .01276
40 0 .01629
41 0 .01243
42 0 .00938
43 0 .00934
44 0 .00417
45 0 .00743
46 0 .00293
47 0 .0024
48 0 .00083
49 0 .00148
50 0 .00021
51 0 .00011
100 0 0
*parity 2 widowed
birth 1 F widowed 2
14 0 0
15 0 0
16 0 0
17 0 0
18 0 0
19 0 .00001
20 0 .00002
21 0 .01264
22 0 .00634
23 0 .00656
24 0 .00697
25 0 .00455
26 0 .00427
27 0 .00506
28 0 .00375
29 0 .00318
30 0 .00262
31 0 .00204
32 0 .0018
33 0 .00144
34 0 .00131
35 0 .00104
36 0 .00089
37 0 .00061
38 0 .0005
39 0 .00046
40 0 .00031
41 0 .00026
42 0 .00019
43 0 .00013
44 0 .00009
45 0 .00005
46 0 .00003
47 0 .00002
48 0 .00001
49 0 0
50 0 0
51 0 0
100 0 0
*parity 2 divorced
birth 1 F divorced 2
14 0 0
15 0 0
16 0 0
17 0 0
18 0 0
19 0 .00001
20 0 .00002
21 0 .01264
22 0 .00634
23 0 .00656
24 0 .00697
25 0 .00455
26 0 .00427
27 0 .00506
28 0 .00375
29 0 .00318
30 0 .00262
31 0 .00204
32 0 .0018
33 0 .00144
34 0 .00131
35 0 .00104
36 0 .00089
37 0 .00061
38 0 .0005
39 0 .00046
40 0 .00031
41 0 .00026
42 0 .00019
43 0 .00013
44 0 .00009
45 0 .00005
46 0 .00003
47 0 .00002
48 0 .00001
49 0 0
50 0 0
51 0 0
100 0 0
