*parity 0 married
birth 1 F married 0
14 0 0
15 0 .00019
16 0 .00076
17 0 .06067
18 0 .05526
19 0 .04904
20 0 .06883
21 0 .08739
22 0 .0641
23 0 .08752
24 0 .12703
25 0 .18271
26 0 .34851
27 0 .22866
28 0 .41486
29 0 .30312
30 0 .33832
31 0 .08785
32 0 .08819
33 0 .03152
34 0 .01865
35 0 .00898
36 0 .00677
37 0 .00558
38 0 .00304
39 0 .0016
40 0 .00109
41 0 .00084
42 0 .0005
43 0 .00032
44 0 .00022
45 0 .00015
46 0 .00012
47 0 .00006
48 0 .00002
49 0 .00001
50 0 0
51 0 0
100 0 0
*parity 0 single
birth 1 F single 0
14 0 0
15 0 .00005
16 0 .0002
17 0 .00039
18 0 .00066
19 0 .00094
20 0 .00113
21 0 .00121
22 0 .00124
23 0 .0012
24 0 .0012
25 0 .00123
26 0 .00121
27 0 .00123
28 0 .00115
29 0 .00106
30 0 .00101
31 0 .00098
32 0 .00099
33 0 .00097
34 0 .00095
35 0 .00087
36 0 .00089
37 0 .0009
38 0 .00088
39 0 .00064
40 0 .00056
41 0 .00055
42 0 .00041
43 0 .00027
44 0 .00026
45 0 .00016
46 0 .00012
47 0 .00007
48 0 .00003
49 0 .00001
50 0 0
51 0 0
100 0 0
*parity 0 widowed
birth 1 F widowed 0
14 0 0
15 0 .00001
16 0 .00005
17 0 .00009
18 0 .21918
19 0 .10202
20 0 .1723
21 0 .05776
22 0 .06835
23 0 .1508
24 0 .29733
25 0 .2851
26 0 .00017
27 0 .23786
28 0 .00015
29 0 .06569
30 0 .00012
31 0 .0001
32 0 .12041
33 0 .00007
34 0 .08728
35 0 .00653
36 0 .00597
37 0 .0028
38 0 .00116
39 0 .00048
40 0 .00031
41 0 .00019
42 0 .00013
43 0 .00008
44 0 .00004
45 0 .00004
46 0 .00002
47 0 .00001
48 0 0
49 0 0
50 0 0
51 0 0
100 0 0
*parity 0 divorced
birth 1 F divorced 0
14 0 0
15 0 .00001
16 0 .00005
17 0 .00009
18 0 .21918
19 0 .10202
20 0 .1723
21 0 .05776
22 0 .06835
23 0 .1508
24 0 .29733
25 0 .2851
26 0 .00017
27 0 .23786
28 0 .00015
29 0 .06569
30 0 .00012
31 0 .0001
32 0 .12041
33 0 .00007
34 0 .08728
35 0 .00653
36 0 .00597
37 0 .0028
38 0 .00116
39 0 .00048
40 0 .00031
41 0 .00019
42 0 .00013
43 0 .00008
44 0 .00004
45 0 .00004
46 0 .00002
47 0 .00001
48 0 0
49 0 0
50 0 0
51 0 0
100 0 0
*parity 1 married
birth 1 F married 1
14 0 0
15 0 0
16 0 .00004
17 0 .00014
18 0 .07967
19 0 .03274
20 0 .01867
21 0 .0211
22 0 .02456
23 0 .02449
24 0 .02097
25 0 .0203
26 0 .02053
27 0 .0244
28 0 .0269
29 0 .02542
30 0 .02644
31 0 .01586
32 0 .01295
33 0 .01059
34 0 .00856
35 0 .00752
36 0 .00516
37 0 .00403
38 0 .00333
39 0 .00312
40 0 .00285
41 0 .00176
42 0 .00111
43 0 .00072
44 0 .00039
45 0 .0002
46 0 .00009
47 0 .00004
48 0 .00002
49 0 .00001
50 0 0
51 0 0
100 0 0
*parity 1 single
birth 1 F single 1
14 0 0
15 0 0
16 0 .00001
17 0 .01448
18 0 .03741
19 0 .05125
20 0 .04009
21 0 .02035
22 0 .0515
23 0 .03361
24 0 .04057
25 0 .03251
26 0 .03211
27 0 .02754
28 0 .02314
29 0 .044
30 0 .03987
31 0 .0443
32 0 .07218
33 0 .20276
34 0 .07413
35 0 .02905
36 0 .04668
37 0 .04737
38 0 .03138
39 0 .03617
40 0 .04889
41 0 .06582
42 0 .02317
43 0 .00002
44 0 .00213
45 0 .00001
46 0 0
47 0 .00191
48 0 0
49 0 .00028
50 0 0
51 0 .00005
100 0 0
*parity 1 widowed
birth 1 F widowed 1
14 0 0
15 0 0
16 0 0
17 0 .00001
18 0 .03626
19 0 .01862
20 0 .01166
21 0 .00789
22 0 .00951
23 0 .00962
24 0 .00638
25 0 .00678
26 0 .00594
27 0 .00687
28 0 .00547
29 0 .0052
30 0 .00398
31 0 .00285
32 0 .00254
33 0 .00217
34 0 .00188
35 0 .00139
36 0 .00103
37 0 .00055
38 0 .0005
39 0 .00038
40 0 .00027
41 0 .00016
42 0 .00011
43 0 .00006
44 0 .00003
45 0 .00002
46 0 .00001
47 0 0
48 0 0
49 0 0
50 0 0
51 0 0
100 0 0
*parity 1 divorced
birth 1 F divorced 1
14 0 0
15 0 0
16 0 0
17 0 .00001
18 0 .03626
19 0 .01862
20 0 .01166
21 0 .00789
22 0 .00951
23 0 .00962
24 0 .00638
25 0 .00678
26 0 .00594
27 0 .00687
28 0 .00547
29 0 .0052
30 0 .00398
31 0 .00285
32 0 .00254
33 0 .00217
34 0 .00188
35 0 .00139
36 0 .00103
37 0 .00055
38 0 .0005
39 0 .00038
40 0 .00027
41 0 .00016
42 0 .00011
43 0 .00006
44 0 .00003
45 0 .00002
46 0 .00001
47 0 0
48 0 0
49 0 0
50 0 0
51 0 0
100 0 0
*parity 2 married
birth 1 F married 2
14 0 0
15 0 0
16 0 0
17 0 .00001
18 0 .00387
19 0 .00733
20 0 .01675
21 0 .01782
22 0 .01076
23 0 .01415
24 0 .01437
25 0 .01214
26 0 .01095
27 0 .01026
28 0 .00937
29 0 .01007
30 0 .00836
31 0 .00834
32 0 .00687
33 0 .00579
34 0 .00535
35 0 .00493
36 0 .00416
37 0 .00356
38 0 .00308
39 0 .0028
40 0 .00215
41 0 .00157
42 0 .00128
43 0 .0009
44 0 .00063
45 0 .00039
46 0 .00023
47 0 .00014
48 0 .00007
49 0 .00003
50 0 .00001
51 0 .00001
100 0 0
*parity 2 single
birth 1 F single 2
14 0 0
15 0 0
16 0 0
17 0 0
18 0 .00467
19 0 .01102
20 0 .00974
21 0 .01238
22 0 .01595
23 0 .01073
24 0 .01075
25 0 .01084
26 0 .01222
27 0 .0101
28 0 .01269
29 0 .00998
30 0 .01259
31 0 .01105
32 0 .01119
33 0 .01124
34 0 .01045
35 0 .01112
36 0 .01772
37 0 .01305
38 0 .01391
39 0 .01652
40 0 .01331
41 0 .02025
42 0 .00831
43 0 .0098
44 0 .00492
45 0 .00536
46 0 .00431
47 0 .00165
48 0 .00147
49 0 .00033
50 0 .00019
51 0 .00005
100 0 0
*parity 2 widowed
birth 1 F widowed 2
14 0 0
15 0 0
16 0 0
17 0 0
18 0 .00452
19 0 .00667
20 0 .01416
21 0 .00637
22 0 .00624
23 0 .00472
24 0 .00437
25 0 .00327
26 0 .00338
27 0 .00221
28 0 .00258
29 0 .00208
30 0 .00183
31 0 .00174
32 0 .00128
33 0 .00117
34 0 .00089
35 0 .00079
36 0 .00063
37 0 .00055
38 0 .00043
39 0 .00035
40 0 .00028
41 0 .0002
42 0 .00014
43 0 .0001
44 0 .00007
45 0 .00004
46 0 .00002
47 0 .00001
48 0 .00001
49 0 0
50 0 0
51 0 0
100 0 0
*parity 2 divorced
birth 1 F divorced 2
14 0 0
15 0 0
16 0 0
17 0 0
18 0 .00452
19 0 .00667
20 0 .01416
21 0 .00637
22 0 .00624
23 0 .00472
24 0 .00437
25 0 .00327
26 0 .00338
27 0 .00221
28 0 .00258
29 0 .00208
30 0 .00183
31 0 .00174
32 0 .00128
33 0 .00117
34 0 .00089
35 0 .00079
36 0 .00063
37 0 .00055
38 0 .00043
39 0 .00035
40 0 .00028
41 0 .0002
42 0 .00014
43 0 .0001
44 0 .00007
45 0 .00004
46 0 .00002
47 0 .00001
48 0 .00001
49 0 0
50 0 0
51 0 0
100 0 0
