*parity 0 married
birth 1 F married 0
14 0 0
15 0 .00018
16 0 .0009
17 0 .05878
18 0 .04763
19 0 .05492
20 0 .09346
21 0 .1675
22 0 .21056
23 0 .95989
24 0 1
25 0 .28204
26 0 .2473
27 0 .23579
28 0 .14277
29 0 .11392
30 0 .06892
31 0 .03136
32 0 .07839
33 0 .03516
34 0 .0365
35 0 .02341
36 0 .01572
37 0 .0923
38 0 .08414
39 0 .01616
40 0 .01004
41 0 .01002
42 0 .00011
43 0 .00007
44 0 .00946
45 0 .00128
46 0 .00178
47 0 .00037
48 0 .00034
49 0 .00006
50 0 .00002
51 0 .00001
100 0 0
*parity 0 single
birth 1 F single 0
14 0 0
15 0 0
16 0 0
17 0 0
18 0 .00001
19 0 .00002
20 0 .00002
21 0 .00002
22 0 .00002
23 0 .00003
24 0 .00002
25 0 .00002
26 0 .00002
27 0 .00002
28 0 .00002
29 0 .00002
30 0 .00002
31 0 .00003
32 0 .00003
33 0 .00003
34 0 .00008
35 0 .00006
36 0 .00013
37 0 .00006
38 0 .00011
39 0 .00026
40 0 0
41 0 .00014
42 0 .00002
43 0 0
44 0 0
45 0 .00002
46 0 0
47 0 0
48 0 0
49 0 0
50 0 0
51 0 0
100 0 0
*parity 0 widowed
birth 1 F widowed 0
14 0 0
15 0 0
16 0 .00001
17 0 .00002
18 0 .00004
19 0 .02069
20 0 .0487
21 0 .01974
22 0 .0529
23 0 .00007
24 0 .00006
25 0 .01443
26 0 .02301
27 0 .00003
28 0 .00731
29 0 .0106
30 0 .00385
31 0 .00092
32 0 .00128
33 0 .00131
34 0 .00001
35 0 .00131
36 0 .00033
37 0 .00086
38 0 .00078
39 0 .00024
40 0 .00093
41 0 0
42 0 .00024
43 0 .00014
44 0 0
45 0 .0001
46 0 .00005
47 0 .00002
48 0 0
49 0 0
50 0 0
51 0 0
100 0 0
*parity 0 divorced
birth 1 F divorced 0
14 0 0
15 0 0
16 0 .00001
17 0 .00002
18 0 .00004
19 0 .02069
20 0 .0487
21 0 .01974
22 0 .0529
23 0 .00007
24 0 .00006
25 0 .01443
26 0 .02301
27 0 .00003
28 0 .00731
29 0 .0106
30 0 .00385
31 0 .00092
32 0 .00128
33 0 .00131
34 0 .00001
35 0 .00131
36 0 .00033
37 0 .00086
38 0 .00078
39 0 .00024
40 0 .00093
41 0 0
42 0 .00024
43 0 .00014
44 0 0
45 0 .0001
46 0 .00005
47 0 .00002
48 0 0
49 0 0
50 0 0
51 0 0
100 0 0
*parity 1 married
birth 1 F married 1
14 0 0
15 0 0
16 0 .00008
17 0 .00032
18 0 .03491
19 0 .02184
20 0 .02698
21 0 .03501
22 0 .04478
23 0 .03934
24 0 .04484
25 0 .04481
26 0 .06307
27 0 .06116
28 0 .04119
29 0 .04041
30 0 .02733
31 0 .02003
32 0 .01562
33 0 .01073
34 0 .01057
35 0 .00865
36 0 .00823
37 0 .00818
38 0 .00469
39 0 .0037
40 0 .00497
41 0 .00281
42 0 .00246
43 0 .00132
44 0 .00068
45 0 .00058
46 0 .00024
47 0 .00014
48 0 .00005
49 0 .00001
50 0 .00001
51 0 0
100 0 0
*parity 1 single
birth 1 F single 1
14 0 0
15 0 0
16 0 0
17 0 0
18 0 0
19 0 0
20 0 .00001
21 0 .00715
22 0 .00001
23 0 .0041
24 0 .00417
25 0 .00059
26 0 .00035
27 0 .00019
28 0 .0001
29 0 .00006
30 0 .00006
31 0 .00005
32 0 .00005
33 0 .00007
34 0 .00004
35 0 .00005
36 0 .00005
37 0 .00004
38 0 .00004
39 0 .00006
40 0 .00008
41 0 .00003
42 0 .00016
43 0 .00003
44 0 .00001
45 0 0
46 0 .00001
47 0 .00001
48 0 0
49 0 0
50 0 0
51 0 0
100 0 0
*parity 1 widowed
birth 1 F widowed 1
14 0 0
15 0 0
16 0 0
17 0 0
18 0 .00001
19 0 .00002
20 0 .02083
21 0 .00823
22 0 .01854
23 0 .00943
24 0 .00426
25 0 .01084
26 0 .00326
27 0 .00835
28 0 .00766
29 0 .00301
30 0 .00196
31 0 .00205
32 0 .0016
33 0 .00107
34 0 .00064
35 0 .00054
36 0 .00047
37 0 .00038
38 0 .00027
39 0 .00018
40 0 .00011
41 0 .00009
42 0 .00011
43 0 .00003
44 0 .00004
45 0 .00003
46 0 .00001
47 0 .00001
48 0 0
49 0 0
50 0 0
51 0 0
100 0 0
*parity 1 divorced
birth 1 F divorced 1
14 0 0
15 0 0
16 0 0
17 0 0
18 0 .00001
19 0 .00002
20 0 .02083
21 0 .00823
22 0 .01854
23 0 .00943
24 0 .00426
25 0 .01084
26 0 .00326
27 0 .00835
28 0 .00766
29 0 .00301
30 0 .00196
31 0 .00205
32 0 .0016
33 0 .00107
34 0 .00064
35 0 .00054
36 0 .00047
37 0 .00038
38 0 .00027
39 0 .00018
40 0 .00011
41 0 .00009
42 0 .00011
43 0 .00003
44 0 .00004
45 0 .00003
46 0 .00001
47 0 .00001
48 0 0
49 0 0
50 0 0
51 0 0
100 0 0
*parity 2 married
birth 1 F married 2
14 0 0
15 0 0
16 0 .00001
17 0 .00003
18 0 .00015
19 0 .06656
20 0 .02771
21 0 .02853
22 0 .02303
23 0 .02138
24 0 .02147
25 0 .01872
26 0 .01767
27 0 .01728
28 0 .01716
29 0 .01514
30 0 .01576
31 0 .01458
32 0 .0132
33 0 .01217
34 0 .01096
35 0 .01064
36 0 .00941
37 0 .00849
38 0 .00768
39 0 .00703
40 0 .00569
41 0 .00474
42 0 .00326
43 0 .00258
44 0 .00185
45 0 .00128
46 0 .00077
47 0 .0005
48 0 .00025
49 0 .00014
50 0 .00006
51 0 .00002
100 0 0
*parity 2 single
birth 1 F single 2
14 0 0
15 0 0
16 0 0
17 0 0
18 0 0
19 0 0
20 0 0
21 0 0
22 0 .00001
23 0 .00001
24 0 .00001
25 0 .00928
26 0 .01022
27 0 .00526
28 0 .00166
29 0 .00181
30 0 .00047
31 0 .00027
32 0 .00023
33 0 .00021
34 0 .0002
35 0 .00017
36 0 .0002
37 0 .00014
38 0 .00017
39 0 .00015
40 0 .00021
41 0 .00011
42 0 .00012
43 0 .0001
44 0 .00008
45 0 .0001
46 0 .00004
47 0 .00001
48 0 .00002
49 0 0
50 0 0
51 0 0
100 0 0
*parity 2 widowed
birth 1 F widowed 2
14 0 0
15 0 0
16 0 0
17 0 0
18 0 0
19 0 0
20 0 .00696
21 0 .01539
22 0 .00771
23 0 .00308
24 0 .00404
25 0 .00427
26 0 .00523
27 0 .00303
28 0 .00267
29 0 .00238
30 0 .00215
31 0 .00195
32 0 .00129
33 0 .00103
34 0 .00095
35 0 .00076
36 0 .00072
37 0 .00054
38 0 .00057
39 0 .00044
40 0 .0003
41 0 .00021
42 0 .00018
43 0 .0001
44 0 .0001
45 0 .00004
46 0 .00003
47 0 .00002
48 0 .00001
49 0 0
50 0 0
51 0 0
100 0 0
*parity 2 divorced
birth 1 F divorced 2
14 0 0
15 0 0
16 0 0
17 0 0
18 0 0
19 0 0
20 0 .00696
21 0 .01539
22 0 .00771
23 0 .00308
24 0 .00404
25 0 .00427
26 0 .00523
27 0 .00303
28 0 .00267
29 0 .00238
30 0 .00215
31 0 .00195
32 0 .00129
33 0 .00103
34 0 .00095
35 0 .00076
36 0 .00072
37 0 .00054
38 0 .00057
39 0 .00044
40 0 .0003
41 0 .00021
42 0 .00018
43 0 .0001
44 0 .0001
45 0 .00004
46 0 .00003
47 0 .00002
48 0 .00001
49 0 0
50 0 0
51 0 0
100 0 0
