*parity 0 married
birth 1 F married 0
14 0 0
15 0 .00022
16 0 .00102
17 0 .03132
18 0 .02627
19 0 .03286
20 0 .03581
21 0 .04
22 0 .05019
23 0 .06151
24 0 .07686
25 0 .07126
26 0 .06489
27 0 .05965
28 0 .04364
29 0 .05087
30 0 .03668
31 0 .03799
32 0 .02077
33 0 .02016
34 0 .01975
35 0 .01663
36 0 .01073
37 0 .00688
38 0 .00387
39 0 .00386
40 0 .00297
41 0 .00249
42 0 .00133
43 0 .00106
44 0 .0008
45 0 .00037
46 0 .00019
47 0 .00014
48 0 .00006
49 0 .00002
50 0 .00001
51 0 0
100 0 0
*parity 0 single
birth 1 F single 0
14 0 0
15 0 0
16 0 0
17 0 0
18 0 .00001
19 0 .00002
20 0 .00002
21 0 .00003
22 0 .00003
23 0 .00003
24 0 .00003
25 0 .00002
26 0 .00002
27 0 .00002
28 0 .00002
29 0 .00002
30 0 .00002
31 0 .00002
32 0 .00001
33 0 .00001
34 0 .00001
35 0 .00001
36 0 .00001
37 0 .00001
38 0 .00001
39 0 .00001
40 0 .00001
41 0 0
42 0 0
43 0 0
44 0 0
45 0 0
46 0 0
47 0 0
48 0 0
49 0 0
50 0 0
51 0 0
100 0 0
*parity 0 widowed
birth 1 F widowed 0
14 0 0
15 0 0
16 0 .00002
17 0 .03916
18 0 .06907
19 0 .05165
20 0 .03078
21 0 .01128
22 0 .01061
23 0 .01998
24 0 .01393
25 0 .01254
26 0 .0074
27 0 .00754
28 0 .00702
29 0 .00351
30 0 .00412
31 0 .00334
32 0 .00601
33 0 .005
34 0 .00174
35 0 .00128
36 0 .00147
37 0 .00057
38 0 .00045
39 0 .00063
40 0 .00066
41 0 .00013
42 0 .00008
43 0 .00007
44 0 .00003
45 0 .00003
46 0 .00001
47 0 .00001
48 0 0
49 0 0
50 0 0
51 0 0
100 0 0
*parity 0 divorced
birth 1 F divorced 0
14 0 0
15 0 0
16 0 .00002
17 0 .03916
18 0 .06907
19 0 .05165
20 0 .03078
21 0 .01128
22 0 .01061
23 0 .01998
24 0 .01393
25 0 .01254
26 0 .0074
27 0 .00754
28 0 .00702
29 0 .00351
30 0 .00412
31 0 .00334
32 0 .00601
33 0 .005
34 0 .00174
35 0 .00128
36 0 .00147
37 0 .00057
38 0 .00045
39 0 .00063
40 0 .00066
41 0 .00013
42 0 .00008
43 0 .00007
44 0 .00003
45 0 .00003
46 0 .00001
47 0 .00001
48 0 0
49 0 0
50 0 0
51 0 0
100 0 0
*parity 1 married
birth 1 F married 1
14 0 0
15 0 0
16 0 .00007
17 0 .00028
18 0 .02662
19 0 .02754
20 0 .03671
21 0 .04837
22 0 .04012
23 0 .03836
24 0 .03012
25 0 .02583
26 0 .02693
27 0 .02582
28 0 .02847
29 0 .02294
30 0 .02194
31 0 .01835
32 0 .01569
33 0 .01362
34 0 .01164
35 0 .01111
36 0 .00965
37 0 .00767
38 0 .00706
39 0 .00492
40 0 .00426
41 0 .00287
42 0 .00176
43 0 .00122
44 0 .00059
45 0 .00044
46 0 .00028
47 0 .00023
48 0 .00007
49 0 .00002
50 0 .00001
51 0 .00001
100 0 0
*parity 1 single
birth 1 F single 1
14 0 0
15 0 0
16 0 0
17 0 0
18 0 0
19 0 0
20 0 .00001
21 0 .00001
22 0 .00001
23 0 .00001
24 0 .00001
25 0 .01003
26 0 .00924
27 0 .00001
28 0 .00001
29 0 .00001
30 0 .00592
31 0 .00001
32 0 0
33 0 0
34 0 .00283
35 0 .00234
36 0 0
37 0 0
38 0 0
39 0 0
40 0 0
41 0 0
42 0 0
43 0 0
44 0 0
45 0 0
46 0 .00003
47 0 0
48 0 0
49 0 0
50 0 0
51 0 0
100 0 0
*parity 1 widowed
birth 1 F widowed 1
14 0 0
15 0 0
16 0 0
17 0 .00001
18 0 .00001
19 0 .00003
20 0 .01232
21 0 .00711
22 0 .04241
23 0 .0137
24 0 .00528
25 0 .01003
26 0 .00268
27 0 .00228
28 0 .0028
29 0 .00361
30 0 .00355
31 0 .00095
32 0 .00133
33 0 .00067
34 0 .00069
35 0 .0007
36 0 .00054
37 0 .00039
38 0 .00043
39 0 .00031
40 0 .0002
41 0 .00012
42 0 .00009
43 0 .00006
44 0 .00003
45 0 .00002
46 0 .00001
47 0 .00001
48 0 0
49 0 0
50 0 0
51 0 0
100 0 0
*parity 1 divorced
birth 1 F divorced 1
14 0 0
15 0 0
16 0 0
17 0 .00001
18 0 .00001
19 0 .00003
20 0 .01232
21 0 .00711
22 0 .04241
23 0 .0137
24 0 .00528
25 0 .01003
26 0 .00268
27 0 .00228
28 0 .0028
29 0 .00361
30 0 .00355
31 0 .00095
32 0 .00133
33 0 .00067
34 0 .00069
35 0 .0007
36 0 .00054
37 0 .00039
38 0 .00043
39 0 .00031
40 0 .0002
41 0 .00012
42 0 .00009
43 0 .00006
44 0 .00003
45 0 .00002
46 0 .00001
47 0 .00001
48 0 0
49 0 0
50 0 0
51 0 0
100 0 0
*parity 2 married
birth 1 F married 2
14 0 0
15 0 0
16 0 .00001
17 0 .00003
18 0 .00012
19 0 .01726
20 0 .01109
21 0 .01461
22 0 .01437
23 0 .01521
24 0 .0171
25 0 .01987
26 0 .01877
27 0 .01628
28 0 .01544
29 0 .0142
30 0 .0131
31 0 .01352
32 0 .01193
33 0 .01046
34 0 .01
35 0 .00872
36 0 .0083
37 0 .00747
38 0 .00699
39 0 .00592
40 0 .00493
41 0 .00401
42 0 .00311
43 0 .00223
44 0 .00178
45 0 .00106
46 0 .00063
47 0 .00037
48 0 .0002
49 0 .00011
50 0 .00005
51 0 .00002
100 0 0
*parity 2 single
birth 1 F single 2
14 0 0
15 0 0
16 0 0
17 0 0
18 0 0
19 0 0
20 0 0
21 0 0
22 0 .00001
23 0 .00001
24 0 .00001
25 0 .00001
26 0 .00001
27 0 .00001
28 0 .00001
29 0 .00001
30 0 .00001
31 0 .01276
32 0 .00001
33 0 .00001
34 0 .00001
35 0 .00001
36 0 .00001
37 0 .00001
38 0 .00001
39 0 .00001
40 0 .00001
41 0 0
42 0 0
43 0 0
44 0 0
45 0 0
46 0 0
47 0 0
48 0 0
49 0 0
50 0 0
51 0 0
100 0 0
*parity 2 widowed
birth 1 F widowed 2
14 0 0
15 0 0
16 0 0
17 0 0
18 0 0
19 0 .00666
20 0 .00765
21 0 .00613
22 0 .00687
23 0 .00582
24 0 .00456
25 0 .00372
26 0 .00244
27 0 .00311
28 0 .00257
29 0 .00216
30 0 .00245
31 0 .00162
32 0 .00155
33 0 .0015
34 0 .00119
35 0 .00099
36 0 .00081
37 0 .00087
38 0 .0006
39 0 .0005
40 0 .00043
41 0 .00029
42 0 .00025
43 0 .00015
44 0 .0001
45 0 .00007
46 0 .00004
47 0 .00002
48 0 .00001
49 0 0
50 0 0
51 0 0
100 0 0
*parity 2 divorced
birth 1 F divorced 2
14 0 0
15 0 0
16 0 0
17 0 0
18 0 0
19 0 .00666
20 0 .00765
21 0 .00613
22 0 .00687
23 0 .00582
24 0 .00456
25 0 .00372
26 0 .00244
27 0 .00311
28 0 .00257
29 0 .00216
30 0 .00245
31 0 .00162
32 0 .00155
33 0 .0015
34 0 .00119
35 0 .00099
36 0 .00081
37 0 .00087
38 0 .0006
39 0 .0005
40 0 .00043
41 0 .00029
42 0 .00025
43 0 .00015
44 0 .0001
45 0 .00007
46 0 .00004
47 0 .00002
48 0 .00001
49 0 0
50 0 0
51 0 0
100 0 0
