*parity all married
birth 1 F married 0
14 0 0
15 0 .0001
16 0 .00078
17 0 .0024
18 0 .0055
19 0 .00999
20 0 .01482
21 0 .01868
22 0 .02092
23 0 .02193
24 0 .02216
25 0 .02141
26 0 .01998
27 0 .0181
28 0 .01661
29 0 .01522
30 0 .0142
31 0 .01261
32 0 .01151
33 0 .01045
34 0 .00997
35 0 .00933
36 0 .00875
37 0 .00804
38 0 .00742
39 0 .00664
40 0 .00583
41 0 .00453
42 0 .00348
43 0 .00253
44 0 .00188
45 0 .00125
46 0 .00075
47 0 .00046
48 0 .00024
49 0 .00012
50 0 .00005
51 0 .00002
100 0 0
*parity all single
birth 1 F single 0
14 0 0
15 0 .0001
16 0 .00078
17 0 .0024
18 0 .0055
19 0 .00999
20 0 .01482
21 0 .01868
22 0 .02092
23 0 .02193
24 0 .02216
25 0 .02141
26 0 .01998
27 0 .0181
28 0 .01661
29 0 .01522
30 0 .0142
31 0 .01261
32 0 .01151
33 0 .01045
34 0 .00997
35 0 .00933
36 0 .00875
37 0 .00804
38 0 .00742
39 0 .00664
40 0 .00583
41 0 .00453
42 0 .00348
43 0 .00253
44 0 .00188
45 0 .00125
46 0 .00075
47 0 .00046
48 0 .00024
49 0 .00012
50 0 .00005
51 0 .00002
100 0 0
*parity all widowed
birth 1 F widowed 0
14 0 0
15 0 .0001
16 0 .00078
17 0 .0024
18 0 .0055
19 0 .00999
20 0 .01482
21 0 .01868
22 0 .02092
23 0 .02193
24 0 .02216
25 0 .02141
26 0 .01998
27 0 .0181
28 0 .01661
29 0 .01522
30 0 .0142
31 0 .01261
32 0 .01151
33 0 .01045
34 0 .00997
35 0 .00933
36 0 .00875
37 0 .00804
38 0 .00742
39 0 .00664
40 0 .00583
41 0 .00453
42 0 .00348
43 0 .00253
44 0 .00188
45 0 .00125
46 0 .00075
47 0 .00046
48 0 .00024
49 0 .00012
50 0 .00005
51 0 .00002
100 0 0
*parity all divorced
birth 1 F divorced 0
14 0 0
15 0 .0001
16 0 .00078
17 0 .0024
18 0 .0055
19 0 .00999
20 0 .01482
21 0 .01868
22 0 .02092
23 0 .02193
24 0 .02216
25 0 .02141
26 0 .01998
27 0 .0181
28 0 .01661
29 0 .01522
30 0 .0142
31 0 .01261
32 0 .01151
33 0 .01045
34 0 .00997
35 0 .00933
36 0 .00875
37 0 .00804
38 0 .00742
39 0 .00664
40 0 .00583
41 0 .00453
42 0 .00348
43 0 .00253
44 0 .00188
45 0 .00125
46 0 .00075
47 0 .00046
48 0 .00024
49 0 .00012
50 0 .00005
51 0 .00002
100 0 0
