*parity 0 married
birth 1 F married 0
14 0 0
15 0 .00022
16 0 .00099
17 0 .03752
18 0 .0305
19 0 .0386
20 0 .04546
21 0 .05819
22 0 .06018
23 0 .09691
24 0 .065
25 0 .05108
26 0 .06207
27 0 .05361
28 0 .05338
29 0 .04299
30 0 .03637
31 0 .02445
32 0 .02123
33 0 .01966
34 0 .01537
35 0 .02142
36 0 .01194
37 0 .00996
38 0 .0074
39 0 .0072
40 0 .00535
41 0 .00288
42 0 .00205
43 0 .00156
44 0 .00097
45 0 .00071
46 0 .00033
47 0 .00013
48 0 .00004
49 0 .00001
50 0 0
51 0 0
100 0 0
*parity 0 single
birth 1 F single 0
14 0 0
15 0 .00001
16 0 .00003
17 0 .00007
18 0 .00014
19 0 .00022
20 0 .00029
21 0 .00033
22 0 .00035
23 0 .00033
24 0 .00036
25 0 .00038
26 0 .00036
27 0 .00034
28 0 .00037
29 0 .00035
30 0 .00034
31 0 .00026
32 0 .00026
33 0 .00027
34 0 .0003
35 0 .00028
36 0 .00028
37 0 .00024
38 0 .0002
39 0 .00015
40 0 .00012
41 0 .00009
42 0 .00006
43 0 .00004
44 0 .00004
45 0 .00004
46 0 .00002
47 0 .00001
48 0 0
49 0 0
50 0 0
51 0 0
100 0 0
*parity 0 widowed
birth 1 F widowed 0
14 0 0
15 0 .00001
16 0 .00004
17 0 .14845
18 0 .12622
19 0 .11878
20 0 .07063
21 0 .11048
22 0 .4187
23 0 .07756
24 0 .1744
25 0 .0002
26 0 .12419
27 0 .10361
28 0 .18689
29 0 .05213
30 0 .04189
31 0 .05615
32 0 .02671
33 0 .02115
34 0 .01677
35 0 .03896
36 0 .00641
37 0 .00577
38 0 .00581
39 0 .00294
40 0 .00191
41 0 .00366
42 0 .00088
43 0 .00041
44 0 .00207
45 0 .00014
46 0 .00008
47 0 .00003
48 0 .00001
49 0 0
50 0 0
51 0 0
100 0 0
*parity 0 divorced
birth 1 F divorced 0
14 0 0
15 0 .00001
16 0 .00004
17 0 .14845
18 0 .12622
19 0 .11878
20 0 .07063
21 0 .11048
22 0 .4187
23 0 .07756
24 0 .1744
25 0 .0002
26 0 .12419
27 0 .10361
28 0 .18689
29 0 .05213
30 0 .04189
31 0 .05615
32 0 .02671
33 0 .02115
34 0 .01677
35 0 .03896
36 0 .00641
37 0 .00577
38 0 .00581
39 0 .00294
40 0 .00191
41 0 .00366
42 0 .00088
43 0 .00041
44 0 .00207
45 0 .00014
46 0 .00008
47 0 .00003
48 0 .00001
49 0 0
50 0 0
51 0 0
100 0 0
*parity 1 married
birth 1 F married 1
14 0 0
15 0 0
16 0 .00007
17 0 .40284
18 0 .02693
19 0 .0264
20 0 .03143
21 0 .02532
22 0 .02274
23 0 .02692
24 0 .02977
25 0 .03488
26 0 .02933
27 0 .02393
28 0 .02362
29 0 .0238
30 0 .0207
31 0 .02472
32 0 .01959
33 0 .02251
34 0 .01737
35 0 .02045
36 0 .01579
37 0 .01708
38 0 .01213
39 0 .02013
40 0 .02406
41 0 .01175
42 0 .01073
43 0 .01262
44 0 .00544
45 0 .00159
46 0 .00081
47 0 .00068
48 0 .00029
49 0 .00024
50 0 .0001
51 0 .00005
100 0 0
*parity 1 single
birth 1 F single 1
14 0 0
15 0 0
16 0 0
17 0 .01294
18 0 .03546
19 0 .01802
20 0 .01673
21 0 .16098
22 0 .03871
23 0 .10761
24 0 .04436
25 0 .05124
26 0 .06343
27 0 .16985
28 0 .16306
29 0 .0001
30 0 .06081
31 0 .00008
32 0 .08429
33 0 .00006
34 0 .02817
35 0 .044
36 0 .018
37 0 .00003
38 0 .01285
39 0 .00001
40 0 .00001
41 0 .00001
42 0 .00001
43 0 0
44 0 0
45 0 0
46 0 .00049
47 0 0
48 0 .00009
49 0 0
50 0 0
51 0 0
100 0 0
*parity 1 widowed
birth 1 F widowed 1
14 0 0
15 0 0
16 0 0
17 0 .00001
18 0 .00003
19 0 .02041
20 0 .02369
21 0 .03799
22 0 .05481
23 0 .02177
24 0 .0349
25 0 .02638
26 0 .02073
27 0 .01145
28 0 .01776
29 0 .01136
30 0 .00638
31 0 .00595
32 0 .00497
33 0 .00819
34 0 .00614
35 0 .00479
36 0 .00255
37 0 .00192
38 0 .00202
39 0 .00163
40 0 .00103
41 0 .00151
42 0 .0013
43 0 .00459
44 0 .00091
45 0 .00027
46 0 .00017
47 0 .00006
48 0 0
49 0 .00001
50 0 0
51 0 0
100 0 0
*parity 1 divorced
birth 1 F divorced 1
14 0 0
15 0 0
16 0 0
17 0 .00001
18 0 .00003
19 0 .02041
20 0 .02369
21 0 .03799
22 0 .05481
23 0 .02177
24 0 .0349
25 0 .02638
26 0 .02073
27 0 .01145
28 0 .01776
29 0 .01136
30 0 .00638
31 0 .00595
32 0 .00497
33 0 .00819
34 0 .00614
35 0 .00479
36 0 .00255
37 0 .00192
38 0 .00202
39 0 .00163
40 0 .00103
41 0 .00151
42 0 .0013
43 0 .00459
44 0 .00091
45 0 .00027
46 0 .00017
47 0 .00006
48 0 0
49 0 .00001
50 0 0
51 0 0
100 0 0
*parity 2 married
birth 1 F married 2
14 0 0
15 0 0
16 0 .00001
17 0 .00002
18 0 .00011
19 0 .02089
20 0 .01595
21 0 .01835
22 0 .0201
23 0 .01732
24 0 .01489
25 0 .01322
26 0 .01358
27 0 .01375
28 0 .0123
29 0 .01169
30 0 .01136
31 0 .01101
32 0 .00986
33 0 .00827
34 0 .00786
35 0 .00669
36 0 .0064
37 0 .00583
38 0 .00507
39 0 .00447
40 0 .00379
41 0 .00308
42 0 .00235
43 0 .00175
44 0 .00123
45 0 .00083
46 0 .00056
47 0 .00031
48 0 .00018
49 0 .0001
50 0 .00004
51 0 .00002
100 0 0
*parity 2 single
birth 1 F single 2
14 0 0
15 0 0
16 0 0
17 0 0
18 0 0
19 0 .01543
20 0 .03535
21 0 .0112
22 0 .02117
23 0 .03004
24 0 .02409
25 0 .03069
26 0 .02129
27 0 .03431
28 0 .02392
29 0 .03755
30 0 .02777
31 0 .01356
32 0 .01942
33 0 .02801
34 0 .02575
35 0 .02649
36 0 .02456
37 0 .02398
38 0 .03453
39 0 .03318
40 0 .02929
41 0 .01862
42 0 .01694
43 0 .01175
44 0 .00856
45 0 .00002
46 0 .00949
47 0 .00278
48 0 .00283
49 0 0
50 0 .0002
51 0 .00007
100 0 0
*parity 2 widowed
birth 1 F widowed 2
14 0 0
15 0 0
16 0 0
17 0 0
18 0 0
19 0 .00001
20 0 .05006
21 0 .01586
22 0 .01249
23 0 .00788
24 0 .0088
25 0 .00621
26 0 .00481
27 0 .00486
28 0 .00333
29 0 .00313
30 0 .00319
31 0 .00261
32 0 .00248
33 0 .00184
34 0 .0015
35 0 .0013
36 0 .00113
37 0 .00088
38 0 .00089
39 0 .00063
40 0 .00054
41 0 .00038
42 0 .00028
43 0 .00018
44 0 .00014
45 0 .00009
46 0 .00004
47 0 .00003
48 0 .00001
49 0 .00001
50 0 0
51 0 0
100 0 0
*parity 2 divorced
birth 1 F divorced 2
14 0 0
15 0 0
16 0 0
17 0 0
18 0 0
19 0 .00001
20 0 .05006
21 0 .01586
22 0 .01249
23 0 .00788
24 0 .0088
25 0 .00621
26 0 .00481
27 0 .00486
28 0 .00333
29 0 .00313
30 0 .00319
31 0 .00261
32 0 .00248
33 0 .00184
34 0 .0015
35 0 .0013
36 0 .00113
37 0 .00088
38 0 .00089
39 0 .00063
40 0 .00054
41 0 .00038
42 0 .00028
43 0 .00018
44 0 .00014
45 0 .00009
46 0 .00004
47 0 .00003
48 0 .00001
49 0 .00001
50 0 0
51 0 0
100 0 0
