*parity 0 married
birth 1 F married 0
14 0 0
15 0 .00009
16 0 .00037
17 0 .07794
18 0 .04782
19 0 .05379
20 0 .06246
21 0 .08632
22 0 .07817
23 0 .07652
24 0 .10407
25 0 .14698
26 0 .11816
27 0 .0988
28 0 .10712
29 0 .1957
30 0 .4613
31 0 .2312
32 0 .08131
33 0 .01955
34 0 .01014
35 0 .00606
36 0 .00352
37 0 .00212
38 0 .00142
39 0 .00105
40 0 .00067
41 0 .00047
42 0 .00027
43 0 .00017
44 0 .0001
45 0 .00005
46 0 .00003
47 0 .00002
48 0 .00001
49 0 0
50 0 0
51 0 0
100 0 0
*parity 0 single
birth 1 F single 0
14 0 0
15 0 .00015
16 0 .00061
17 0 .00118
18 0 .002
19 0 .00284
20 0 .00341
21 0 .00369
22 0 .00374
23 0 .00376
24 0 .00372
25 0 .00373
26 0 .00376
27 0 .00372
28 0 .0036
29 0 .0035
30 0 .00315
31 0 .00291
32 0 .00255
33 0 .00225
34 0 .0021
35 0 .00189
36 0 .00166
37 0 .00156
38 0 .00124
39 0 .00111
40 0 .00096
41 0 .00077
42 0 .00063
43 0 .00044
44 0 .00029
45 0 .0002
46 0 .00013
47 0 .00009
48 0 .00004
49 0 .00002
50 0 0
51 0 0
100 0 0
*parity 0 widowed
birth 1 F widowed 0
14 0 0
15 0 .00002
16 0 .00006
17 0 .00012
18 0 .0002
19 0 .43519
20 0 .00032
21 0 .22902
22 0 .42838
23 0 .00028
24 0 .00027
25 0 .00025
26 0 .00023
27 0 .00021
28 0 .00019
29 0 .00017
30 0 .00015
31 0 .00013
32 0 .3678
33 0 .3027
34 0 .12526
35 0 .09803
36 0 .00004
37 0 .02946
38 0 .00658
39 0 .00358
40 0 .00165
41 0 .00144
42 0 .00033
43 0 .00017
44 0 .00011
45 0 .00005
46 0 .00003
47 0 .00001
48 0 .00001
49 0 0
50 0 0
51 0 0
100 0 0
*parity 0 divorced
birth 1 F divorced 0
14 0 0
15 0 .00002
16 0 .00006
17 0 .00012
18 0 .0002
19 0 .43519
20 0 .00032
21 0 .22902
22 0 .42838
23 0 .00028
24 0 .00027
25 0 .00025
26 0 .00023
27 0 .00021
28 0 .00019
29 0 .00017
30 0 .00015
31 0 .00013
32 0 .3678
33 0 .3027
34 0 .12526
35 0 .09803
36 0 .00004
37 0 .02946
38 0 .00658
39 0 .00358
40 0 .00165
41 0 .00144
42 0 .00033
43 0 .00017
44 0 .00011
45 0 .00005
46 0 .00003
47 0 .00001
48 0 .00001
49 0 0
50 0 0
51 0 0
100 0 0
*parity 1 married
birth 1 F married 1
14 0 0
15 0 0
16 0 .00002
17 0 .00007
18 0 .01852
19 0 .02052
20 0 .02538
21 0 .0193
22 0 .01997
23 0 .0166
24 0 .01615
25 0 .01824
26 0 .01642
27 0 .02058
28 0 .02284
29 0 .01747
30 0 .01416
31 0 .01314
32 0 .01168
33 0 .01055
34 0 .00822
35 0 .0061
36 0 .00571
37 0 .00493
38 0 .00357
39 0 .00238
40 0 .00142
41 0 .00101
42 0 .0007
43 0 .00046
44 0 .00024
45 0 .00012
46 0 .00008
47 0 .00003
48 0 .00001
49 0 0
50 0 0
51 0 0
100 0 0
*parity 1 single
birth 1 F single 1
14 0 0
15 0 0
16 0 .05102
17 0 .03123
18 0 .02866
19 0 .02568
20 0 .03135
21 0 .02959
22 0 .02938
23 0 .02606
24 0 .02627
25 0 .02559
26 0 .02929
27 0 .02567
28 0 .02635
29 0 .02372
30 0 .02799
31 0 .02511
32 0 .02586
33 0 .02273
34 0 .02073
35 0 .02112
36 0 .02573
37 0 .02222
38 0 .02331
39 0 .02413
40 0 .02121
41 0 .01582
42 0 .01227
43 0 .00814
44 0 .00491
45 0 .00267
46 0 .00205
47 0 .00094
48 0 .0015
49 0 .00024
50 0 .0001
51 0 .00024
100 0 0
*parity 1 widowed
birth 1 F widowed 1
14 0 0
15 0 0
16 0 0
17 0 .00001
18 0 .02126
19 0 .21773
20 0 .11185
21 0 .21322
22 0 .25533
23 0 .11435
24 0 .20045
25 0 .08134
26 0 .61151
27 0 .10384
28 0 .10331
29 0 .09424
30 0 .00018
31 0 .00016
32 0 .16262
33 0 .42386
34 0 .04559
35 0 .04157
36 0 .04689
37 0 .04356
38 0 .0252
39 0 .00447
40 0 .00259
41 0 .00112
42 0 .00114
43 0 .00047
44 0 .00022
45 0 .00007
46 0 .00003
47 0 .00001
48 0 0
49 0 0
50 0 0
51 0 0
100 0 0
*parity 1 divorced
birth 1 F divorced 1
14 0 0
15 0 0
16 0 0
17 0 .00001
18 0 .02126
19 0 .21773
20 0 .11185
21 0 .21322
22 0 .25533
23 0 .11435
24 0 .20045
25 0 .08134
26 0 .61151
27 0 .10384
28 0 .10331
29 0 .09424
30 0 .00018
31 0 .00016
32 0 .16262
33 0 .42386
34 0 .04559
35 0 .04157
36 0 .04689
37 0 .04356
38 0 .0252
39 0 .00447
40 0 .00259
41 0 .00112
42 0 .00114
43 0 .00047
44 0 .00022
45 0 .00007
46 0 .00003
47 0 .00001
48 0 0
49 0 0
50 0 0
51 0 0
100 0 0
*parity 2 married
birth 1 F married 2
14 0 0
15 0 0
16 0 0
17 0 .00001
18 0 .00003
19 0 .02321
20 0 .01224
21 0 .0174
22 0 .01322
23 0 .01295
24 0 .01351
25 0 .01168
26 0 .01021
27 0 .0083
28 0 .0085
29 0 .00765
30 0 .00783
31 0 .00676
32 0 .00583
33 0 .00558
34 0 .00427
35 0 .00358
36 0 .00285
37 0 .00244
38 0 .00197
39 0 .00156
40 0 .00133
41 0 .00096
42 0 .00072
43 0 .0005
44 0 .00039
45 0 .00026
46 0 .00015
47 0 .00008
48 0 .00004
49 0 .00002
50 0 .00001
51 0 0
100 0 0
*parity 2 single
birth 1 F single 2
14 0 0
15 0 0
16 0 0
17 0 .00509
18 0 .01431
19 0 .01191
20 0 .01237
21 0 .01224
22 0 .01389
23 0 .0161
24 0 .0136
25 0 .01224
26 0 .01148
27 0 .01156
28 0 .00991
29 0 .01016
30 0 .00942
31 0 .00847
32 0 .00829
33 0 .00739
34 0 .0078
35 0 .00748
36 0 .00701
37 0 .00625
38 0 .00622
39 0 .00597
40 0 .0052
41 0 .00456
42 0 .00389
43 0 .00334
44 0 .00217
45 0 .00176
46 0 .0012
47 0 .00063
48 0 .00038
49 0 .00019
50 0 .00008
51 0 .00004
100 0 0
*parity 2 widowed
birth 1 F widowed 2
14 0 0
15 0 0
16 0 0
17 0 0
18 0 0
19 0 .02019
20 0 .0142
21 0 .02422
22 0 .01699
23 0 .01678
24 0 .01635
25 0 .00999
26 0 .00754
27 0 .00789
28 0 .00738
29 0 .00554
30 0 .00443
31 0 .00405
32 0 .00356
33 0 .00297
34 0 .00235
35 0 .00191
36 0 .00171
37 0 .00123
38 0 .00115
39 0 .00082
40 0 .00063
41 0 .00042
42 0 .00029
43 0 .00021
44 0 .00013
45 0 .00008
46 0 .00005
47 0 .00003
48 0 .00001
49 0 .00001
50 0 0
51 0 0
100 0 0
*parity 2 divorced
birth 1 F divorced 2
14 0 0
15 0 0
16 0 0
17 0 0
18 0 0
19 0 .02019
20 0 .0142
21 0 .02422
22 0 .01699
23 0 .01678
24 0 .01635
25 0 .00999
26 0 .00754
27 0 .00789
28 0 .00738
29 0 .00554
30 0 .00443
31 0 .00405
32 0 .00356
33 0 .00297
34 0 .00235
35 0 .00191
36 0 .00171
37 0 .00123
38 0 .00115
39 0 .00082
40 0 .00063
41 0 .00042
42 0 .00029
43 0 .00021
44 0 .00013
45 0 .00008
46 0 .00005
47 0 .00003
48 0 .00001
49 0 .00001
50 0 0
51 0 0
100 0 0
