*parity 0 married
birth 1 F married 0
14 0 0
15 0 .00025
16 0 .00107
17 0 .04114
18 0 .03171
19 0 .04247
20 0 .04856
21 0 .04969
22 0 .05575
23 0 .05683
24 0 .06837
25 0 .04603
26 0 .0593
27 0 .0502
28 0 .05034
29 0 .03815
30 0 .03588
31 0 .03053
32 0 .02178
33 0 .02042
34 0 .02682
35 0 .01888
36 0 .01119
37 0 .01176
38 0 .00684
39 0 .00525
40 0 .00375
41 0 .00362
42 0 .00181
43 0 .00095
44 0 .00076
45 0 .00037
46 0 .00023
47 0 .00013
48 0 .00006
49 0 .00002
50 0 0
51 0 .00001
100 0 0
*parity 0 single
birth 1 F single 0
14 0 0
15 0 0
16 0 0
17 0 0
18 0 .00001
19 0 .00001
20 0 .00002
21 0 .00002
22 0 .00002
23 0 .00002
24 0 .00002
25 0 .00002
26 0 .00002
27 0 .00002
28 0 .00002
29 0 .00002
30 0 .00002
31 0 .00002
32 0 .00002
33 0 .00002
34 0 .00001
35 0 .00001
36 0 .00001
37 0 .00001
38 0 .00001
39 0 .00001
40 0 .00001
41 0 0
42 0 0
43 0 0
44 0 0
45 0 0
46 0 0
47 0 0
48 0 0
49 0 0
50 0 0
51 0 0
100 0 0
*parity 0 widowed
birth 1 F widowed 0
14 0 0
15 0 0
16 0 .00001
17 0 .00002
18 0 .02016
19 0 .0599
20 0 .0101
21 0 .03561
22 0 .01495
23 0 .00772
24 0 .01462
25 0 .00516
26 0 .02262
27 0 .01373
28 0 .0049
29 0 .006
30 0 .00415
31 0 .00353
32 0 .00205
33 0 .00685
34 0 .00287
35 0 .0006
36 0 .00057
37 0 .00054
38 0 .00034
39 0 .00044
40 0 .00033
41 0 .00022
42 0 .00022
43 0 .00014
44 0 .00004
45 0 .00003
46 0 .00002
47 0 .00001
48 0 .00001
49 0 0
50 0 0
51 0 0
100 0 0
*parity 0 divorced
birth 1 F divorced 0
14 0 0
15 0 0
16 0 .00001
17 0 .00002
18 0 .02016
19 0 .0599
20 0 .0101
21 0 .03561
22 0 .01495
23 0 .00772
24 0 .01462
25 0 .00516
26 0 .02262
27 0 .01373
28 0 .0049
29 0 .006
30 0 .00415
31 0 .00353
32 0 .00205
33 0 .00685
34 0 .00287
35 0 .0006
36 0 .00057
37 0 .00054
38 0 .00034
39 0 .00044
40 0 .00033
41 0 .00022
42 0 .00022
43 0 .00014
44 0 .00004
45 0 .00003
46 0 .00002
47 0 .00001
48 0 .00001
49 0 0
50 0 0
51 0 0
100 0 0
*parity 1 married
birth 1 F married 1
14 0 0
15 0 0
16 0 .00007
17 0 .00025
18 0 .02412
19 0 .02164
20 0 .02893
21 0 .02445
22 0 .02569
23 0 .02395
24 0 .0244
25 0 .02104
26 0 .02515
27 0 .01967
28 0 .0172
29 0 .01762
30 0 .01622
31 0 .01604
32 0 .01972
33 0 .01396
34 0 .01268
35 0 .01038
36 0 .00854
37 0 .00783
38 0 .00511
39 0 .00533
40 0 .00523
41 0 .00481
42 0 .00308
43 0 .00169
44 0 .00097
45 0 .00063
46 0 .00037
47 0 .00027
48 0 .00008
49 0 .00004
50 0 .00001
51 0 0
100 0 0
*parity 1 single
birth 1 F single 1
14 0 0
15 0 0
16 0 0
17 0 0
18 0 0
19 0 0
20 0 0
21 0 .00001
22 0 .00001
23 0 .00001
24 0 .00886
25 0 .00858
26 0 .00806
27 0 .00001
28 0 .00687
29 0 .00001
30 0 .00001
31 0 .00498
32 0 0
33 0 0
34 0 0
35 0 0
36 0 0
37 0 0
38 0 0
39 0 0
40 0 .00061
41 0 0
42 0 0
43 0 .00017
44 0 0
45 0 0
46 0 0
47 0 0
48 0 0
49 0 0
50 0 0
51 0 0
100 0 0
*parity 1 widowed
birth 1 F widowed 1
14 0 0
15 0 0
16 0 0
17 0 0
18 0 .00753
19 0 .00002
20 0 .00881
21 0 .00589
22 0 .00674
23 0 .0036
24 0 .00721
25 0 .00306
26 0 .002
27 0 .00211
28 0 .00206
29 0 .00173
30 0 .00144
31 0 .00109
32 0 .00144
33 0 .00112
34 0 .00083
35 0 .00055
36 0 .00047
37 0 .00032
38 0 .00025
39 0 .00025
40 0 .00017
41 0 .00015
42 0 .00006
43 0 .00006
44 0 .00003
45 0 .00002
46 0 .00002
47 0 .00001
48 0 0
49 0 0
50 0 0
51 0 0
100 0 0
*parity 1 divorced
birth 1 F divorced 1
14 0 0
15 0 0
16 0 0
17 0 0
18 0 .00753
19 0 .00002
20 0 .00881
21 0 .00589
22 0 .00674
23 0 .0036
24 0 .00721
25 0 .00306
26 0 .002
27 0 .00211
28 0 .00206
29 0 .00173
30 0 .00144
31 0 .00109
32 0 .00144
33 0 .00112
34 0 .00083
35 0 .00055
36 0 .00047
37 0 .00032
38 0 .00025
39 0 .00025
40 0 .00017
41 0 .00015
42 0 .00006
43 0 .00006
44 0 .00003
45 0 .00002
46 0 .00002
47 0 .00001
48 0 0
49 0 0
50 0 0
51 0 0
100 0 0
*parity 2 married
birth 1 F married 2
14 0 0
15 0 0
16 0 0
17 0 .00002
18 0 .00009
19 0 .02383
20 0 .01065
21 0 .01279
22 0 .01526
23 0 .01433
24 0 .01354
25 0 .01668
26 0 .01399
27 0 .01295
28 0 .01268
29 0 .01122
30 0 .01131
31 0 .00983
32 0 .00877
33 0 .00795
34 0 .00693
35 0 .00664
36 0 .00626
37 0 .00522
38 0 .00497
39 0 .00375
40 0 .00318
41 0 .00243
42 0 .00188
43 0 .00143
44 0 .00104
45 0 .00068
46 0 .00039
47 0 .00022
48 0 .00012
49 0 .00007
50 0 .00003
51 0 .00001
100 0 0
*parity 2 single
birth 1 F single 2
14 0 0
15 0 0
16 0 0
17 0 0
18 0 0
19 0 0
20 0 0
21 0 0
22 0 0
23 0 .00001
24 0 .00001
25 0 .00001
26 0 .00001
27 0 .00001
28 0 .00001
29 0 .00001
30 0 .00001
31 0 .00001
32 0 .00001
33 0 .00001
34 0 .00001
35 0 .00001
36 0 .00001
37 0 .00531
38 0 .00001
39 0 0
40 0 0
41 0 0
42 0 .00202
43 0 0
44 0 0
45 0 0
46 0 0
47 0 .00019
48 0 0
49 0 0
50 0 0
51 0 0
100 0 0
*parity 2 widowed
birth 1 F widowed 2
14 0 0
15 0 0
16 0 0
17 0 0
18 0 0
19 0 0
20 0 .00751
21 0 .00344
22 0 .0034
23 0 .00297
24 0 .00301
25 0 .00214
26 0 .00375
27 0 .00189
28 0 .00228
29 0 .00179
30 0 .00119
31 0 .0016
32 0 .00092
33 0 .00077
34 0 .00072
35 0 .0005
36 0 .0005
37 0 .00039
38 0 .00029
39 0 .0003
40 0 .00022
41 0 .00014
42 0 .0001
43 0 .00006
44 0 .00005
45 0 .00003
46 0 .00002
47 0 .00001
48 0 0
49 0 0
50 0 0
51 0 0
100 0 0
*parity 2 divorced
birth 1 F divorced 2
14 0 0
15 0 0
16 0 0
17 0 0
18 0 0
19 0 0
20 0 .00751
21 0 .00344
22 0 .0034
23 0 .00297
24 0 .00301
25 0 .00214
26 0 .00375
27 0 .00189
28 0 .00228
29 0 .00179
30 0 .00119
31 0 .0016
32 0 .00092
33 0 .00077
34 0 .00072
35 0 .0005
36 0 .0005
37 0 .00039
38 0 .00029
39 0 .0003
40 0 .00022
41 0 .00014
42 0 .0001
43 0 .00006
44 0 .00005
45 0 .00003
46 0 .00002
47 0 .00001
48 0 0
49 0 0
50 0 0
51 0 0
100 0 0
