*parity 0 married
birth 1 F married 0
14 0 0
15 0 .00016
16 0 .00084
17 0 .03389
18 0 .02527
19 0 .03502
20 0 .05368
21 0 .06568
22 0 .08076
23 0 .06957
24 0 .12745
25 0 .17323
26 0 .11536
27 0 .10755
28 0 .06343
29 0 .05784
30 0 .02978
31 0 .02858
32 0 .02757
33 0 .02036
34 0 .01276
35 0 .00707
36 0 .00428
37 0 .00349
38 0 .00218
39 0 .00198
40 0 .00173
41 0 .00177
42 0 .00158
43 0 .00087
44 0 .00079
45 0 .0006
46 0 .00032
47 0 .00121
48 0 .00015
49 0 .00038
50 0 .00005
51 0 0
100 0 0
*parity 0 single
birth 1 F single 0
14 0 0
15 0 .00001
16 0 .00003
17 0 .00008
18 0 .00017
19 0 .0003
20 0 .0004
21 0 .00048
22 0 .00054
23 0 .00049
24 0 .00045
25 0 .00044
26 0 .00038
27 0 .00035
28 0 .00034
29 0 .00025
30 0 .00021
31 0 .00017
32 0 .00016
33 0 .00019
34 0 .00016
35 0 .00012
36 0 .00011
37 0 .00012
38 0 .00011
39 0 .00009
40 0 .00009
41 0 .00005
42 0 .00003
43 0 .00005
44 0 .00007
45 0 .00012
46 0 .00013
47 0 .00013
48 0 .00001
49 0 .00001
50 0 0
51 0 0
100 0 0
*parity 0 widowed
birth 1 F widowed 0
14 0 0
15 0 .00001
16 0 .00004
17 0 .0001
18 0 .23456
19 0 .1089
20 0 .00036
21 0 .00039
22 0 .11494
23 0 .54921
24 0 .32925
25 0 .00022
26 0 .00018
27 0 .14921
28 0 .02883
29 0 .09132
30 0 .07123
31 0 .05743
32 0 .00004
33 0 .03214
34 0 .01465
35 0 .00411
36 0 .00455
37 0 .00088
38 0 .00067
39 0 .00054
40 0 .00071
41 0 .00063
42 0 .00062
43 0 .00039
44 0 .00014
45 0 .00015
46 0 .00006
47 0 .00006
48 0 .00001
49 0 .00001
50 0 0
51 0 .00001
100 0 0
*parity 0 divorced
birth 1 F divorced 0
14 0 0
15 0 .00001
16 0 .00004
17 0 .0001
18 0 .23456
19 0 .1089
20 0 .00036
21 0 .00039
22 0 .11494
23 0 .54921
24 0 .32925
25 0 .00022
26 0 .00018
27 0 .14921
28 0 .02883
29 0 .09132
30 0 .07123
31 0 .05743
32 0 .00004
33 0 .03214
34 0 .01465
35 0 .00411
36 0 .00455
37 0 .00088
38 0 .00067
39 0 .00054
40 0 .00071
41 0 .00063
42 0 .00062
43 0 .00039
44 0 .00014
45 0 .00015
46 0 .00006
47 0 .00006
48 0 .00001
49 0 .00001
50 0 0
51 0 .00001
100 0 0
*parity 1 married
birth 1 F married 1
14 0 0
15 0 0
16 0 .00007
17 0 .00029
18 0 .12418
19 0 .04838
20 0 .04775
21 0 .05741
22 0 .03847
23 0 .05018
24 0 .04506
25 0 .04077
26 0 .03695
27 0 .04072
28 0 .11816
29 0 .80947
30 0 .00249
31 0 .55261
32 0 .29245
33 0 1
34 0 .00114
35 0 .95081
36 0 .68377
37 0 .55532
38 0 .14421
39 0 .00042
40 0 .00033
41 0 .17027
42 0 .0402
43 0 .00658
44 0 .006
45 0 .00432
46 0 .00153
47 0 .00062
48 0 .0001
49 0 .00004
50 0 .00002
51 0 .00002
100 0 0
*parity 1 single
birth 1 F single 1
14 0 0
15 0 0
16 0 0
17 0 .00001
18 0 .00003
19 0 .04027
20 0 .05829
21 0 .04991
22 0 .12452
23 0 .11943
24 0 .05
25 0 .23075
26 0 .00018
27 0 .08209
28 0 .13988
29 0 .00011
30 0 .04896
31 0 .00007
32 0 .00006
33 0 .00005
34 0 .04253
35 0 .00004
36 0 .02529
37 0 .00002
38 0 .016
39 0 .01188
40 0 .00246
41 0 .00035
42 0 .00015
43 0 .00013
44 0 .00016
45 0 .00013
46 0 .00006
47 0 .00002
48 0 .00002
49 0 0
50 0 0
51 0 0
100 0 0
*parity 1 widowed
birth 1 F widowed 1
14 0 0
15 0 0
16 0 0
17 0 .00001
18 0 .05347
19 0 .00009
20 0 .02056
21 0 .01844
22 0 .10736
23 0 .11584
24 0 .32334
25 0 .09947
26 0 .06673
27 0 .05308
28 0 .09045
29 0 .00014
30 0 .12664
31 0 .0001
32 0 .00008
33 0 .00006
34 0 .00005
35 0 .00005
36 0 .00654
37 0 .00003
38 0 .00003
39 0 .00768
40 0 .00425
41 0 .00815
42 0 .00001
43 0 0
44 0 0
45 0 0
46 0 .00009
47 0 .00003
48 0 .00001
49 0 0
50 0 .00001
51 0 0
100 0 0
*parity 1 divorced
birth 1 F divorced 1
14 0 0
15 0 0
16 0 0
17 0 .00001
18 0 .05347
19 0 .00009
20 0 .02056
21 0 .01844
22 0 .10736
23 0 .11584
24 0 .32334
25 0 .09947
26 0 .06673
27 0 .05308
28 0 .09045
29 0 .00014
30 0 .12664
31 0 .0001
32 0 .00008
33 0 .00006
34 0 .00005
35 0 .00005
36 0 .00654
37 0 .00003
38 0 .00003
39 0 .00768
40 0 .00425
41 0 .00815
42 0 .00001
43 0 0
44 0 0
45 0 0
46 0 .00009
47 0 .00003
48 0 .00001
49 0 0
50 0 .00001
51 0 0
100 0 0
*parity 2 married
birth 1 F married 2
14 0 0
15 0 0
16 0 .00001
17 0 .00003
18 0 .00573
19 0 .01085
20 0 .01409
21 0 .01307
22 0 .01543
23 0 .01831
24 0 .01843
25 0 .01772
26 0 .01799
27 0 .0157
28 0 .01378
29 0 .01289
30 0 .01386
31 0 .01218
32 0 .01118
33 0 .00971
34 0 .00987
35 0 .00992
36 0 .00961
37 0 .00875
38 0 .00886
39 0 .00758
40 0 .00656
41 0 .00527
42 0 .00437
43 0 .00276
44 0 .00194
45 0 .00135
46 0 .00085
47 0 .00047
48 0 .00026
49 0 .00014
50 0 .00006
51 0 .00002
100 0 0
*parity 2 single
birth 1 F single 2
14 0 0
15 0 0
16 0 0
17 0 0
18 0 .00001
19 0 .00002
20 0 .00004
21 0 .02333
22 0 .0194
23 0 .02439
24 0 .04374
25 0 .01778
26 0 .01834
27 0 .02877
28 0 .03242
29 0 .02542
30 0 .01233
31 0 .02385
32 0 .02598
33 0 .02981
34 0 .03484
35 0 .02059
36 0 .03628
37 0 .02048
38 0 .02059
39 0 .00919
40 0 .00741
41 0 .00434
42 0 .00225
43 0 .00292
44 0 .00254
45 0 .0025
46 0 .00107
47 0 .00102
48 0 .00021
49 0 .00007
50 0 .00002
51 0 .00001
100 0 0
*parity 2 widowed
birth 1 F widowed 2
14 0 0
15 0 0
16 0 0
17 0 0
18 0 .00001
19 0 .0244
20 0 .01258
21 0 .02011
22 0 .00873
23 0 .01402
24 0 .01306
25 0 .0085
26 0 .00949
27 0 .00731
28 0 .00466
29 0 .00638
30 0 .00441
31 0 .00477
32 0 .00355
33 0 .00283
34 0 .00219
35 0 .00215
36 0 .00201
37 0 .00166
38 0 .00129
39 0 .00121
40 0 .00093
41 0 .00069
42 0 .00052
43 0 .00038
44 0 .00024
45 0 .00013
46 0 .00007
47 0 .00005
48 0 .00003
49 0 .00001
50 0 .00001
51 0 0
100 0 0
*parity 2 divorced
birth 1 F divorced 2
14 0 0
15 0 0
16 0 0
17 0 0
18 0 .00001
19 0 .0244
20 0 .01258
21 0 .02011
22 0 .00873
23 0 .01402
24 0 .01306
25 0 .0085
26 0 .00949
27 0 .00731
28 0 .00466
29 0 .00638
30 0 .00441
31 0 .00477
32 0 .00355
33 0 .00283
34 0 .00219
35 0 .00215
36 0 .00201
37 0 .00166
38 0 .00129
39 0 .00121
40 0 .00093
41 0 .00069
42 0 .00052
43 0 .00038
44 0 .00024
45 0 .00013
46 0 .00007
47 0 .00005
48 0 .00003
49 0 .00001
50 0 .00001
51 0 0
100 0 0
