*parity all married
birth 1 F married 0
14 0 0
15 0 .00673
16 0 .00654
17 0 .00728
18 0 .0093
19 0 .01294
20 0 .01738
21 0 .02112
22 0 .02323
23 0 .02399
24 0 .02393
25 0 .02276
26 0 .02085
27 0 .01851
28 0 .01679
29 0 .01542
30 0 .01475
31 0 .0136
32 0 .01309
33 0 .01273
34 0 .01306
35 0 .01319
36 0 .01331
37 0 .01322
38 0 .01316
39 0 .01282
40 0 .01236
41 0 .01123
42 0 .0103
43 0 .00943
44 0 .00883
45 0 .00821
46 0 .0077
47 0 .00741
48 0 .00718
49 0 .00706
50 0 .00698
51 0 .00695
100 0 0
*parity all single
birth 1 F single 0
14 0 0
15 0 .00673
16 0 .00654
17 0 .00728
18 0 .0093
19 0 .01294
20 0 .01738
21 0 .02112
22 0 .02323
23 0 .02399
24 0 .02393
25 0 .02276
26 0 .02085
27 0 .01851
28 0 .01679
29 0 .01542
30 0 .01475
31 0 .0136
32 0 .01309
33 0 .01273
34 0 .01306
35 0 .01319
36 0 .01331
37 0 .01322
38 0 .01316
39 0 .01282
40 0 .01236
41 0 .01123
42 0 .0103
43 0 .00943
44 0 .00883
45 0 .00821
46 0 .0077
47 0 .00741
48 0 .00718
49 0 .00706
50 0 .00698
51 0 .00695
100 0 0
*parity all widowed
birth 1 F widowed 0
14 0 0
15 0 .00673
16 0 .00654
17 0 .00728
18 0 .0093
19 0 .01294
20 0 .01738
21 0 .02112
22 0 .02323
23 0 .02399
24 0 .02393
25 0 .02276
26 0 .02085
27 0 .01851
28 0 .01679
29 0 .01542
30 0 .01475
31 0 .0136
32 0 .01309
33 0 .01273
34 0 .01306
35 0 .01319
36 0 .01331
37 0 .01322
38 0 .01316
39 0 .01282
40 0 .01236
41 0 .01123
42 0 .0103
43 0 .00943
44 0 .00883
45 0 .00821
46 0 .0077
47 0 .00741
48 0 .00718
49 0 .00706
50 0 .00698
51 0 .00695
100 0 0
*parity all divorced
birth 1 F divorced 0
14 0 0
15 0 .00673
16 0 .00654
17 0 .00728
18 0 .0093
19 0 .01294
20 0 .01738
21 0 .02112
22 0 .02323
23 0 .02399
24 0 .02393
25 0 .02276
26 0 .02085
27 0 .01851
28 0 .01679
29 0 .01542
30 0 .01475
31 0 .0136
32 0 .01309
33 0 .01273
34 0 .01306
35 0 .01319
36 0 .01331
37 0 .01322
38 0 .01316
39 0 .01282
40 0 .01236
41 0 .01123
42 0 .0103
43 0 .00943
44 0 .00883
45 0 .00821
46 0 .0077
47 0 .00741
48 0 .00718
49 0 .00706
50 0 .00698
51 0 .00695
100 0 0
