*parity 0 married
birth 1 F married 0
14 0 0
15 0 .00017
16 0 .00089
17 0 .05517
18 0 .04059
19 0 .05522
20 0 .06778
21 0 .07577
22 0 .06961
23 0 .0707
24 0 .05928
25 0 .04396
26 0 .02609
27 0 .02492
28 0 .01305
29 0 .01135
30 0 .00906
31 0 .00886
32 0 .00584
33 0 .00657
34 0 .00423
35 0 .00405
36 0 .00346
37 0 .00291
38 0 .0029
39 0 .00185
40 0 .0017
41 0 .00141
42 0 .00089
43 0 .00071
44 0 .0007
45 0 .00035
46 0 .00013
47 0 .00008
48 0 .00004
49 0 .00001
50 0 0
51 0 0
100 0 0
*parity 0 single
birth 1 F single 0
14 0 0
15 0 0
16 0 0
17 0 0
18 0 .00001
19 0 .00002
20 0 .00002
21 0 .00003
22 0 .00003
23 0 .00003
24 0 .00003
25 0 .00002
26 0 .00003
27 0 .00002
28 0 .00003
29 0 .00003
30 0 .00002
31 0 .00004
32 0 .00003
33 0 .00003
34 0 .00003
35 0 .00004
36 0 .00004
37 0 .00005
38 0 .00004
39 0 .00002
40 0 .00005
41 0 0
42 0 .00009
43 0 .00002
44 0 .00004
45 0 .00001
46 0 .00001
47 0 0
48 0 0
49 0 0
50 0 0
51 0 0
100 0 0
*parity 0 widowed
birth 1 F widowed 0
14 0 0
15 0 0
16 0 .00001
17 0 .01312
18 0 .02624
19 0 .03728
20 0 .01719
21 0 .02629
22 0 .0503
23 0 .01367
24 0 .00515
25 0 .01421
26 0 .00456
27 0 .00288
28 0 .00127
29 0 .00113
30 0 .00113
31 0 .00075
32 0 .00054
33 0 .00031
34 0 .00035
35 0 .00035
36 0 .0002
37 0 .0001
38 0 .00029
39 0 .00013
40 0 .00013
41 0 .00005
42 0 .00005
43 0 .00002
44 0 .00002
45 0 .00001
46 0 0
47 0 0
48 0 0
49 0 0
50 0 0
51 0 0
100 0 0
*parity 0 divorced
birth 1 F divorced 0
14 0 0
15 0 0
16 0 .00001
17 0 .01312
18 0 .02624
19 0 .03728
20 0 .01719
21 0 .02629
22 0 .0503
23 0 .01367
24 0 .00515
25 0 .01421
26 0 .00456
27 0 .00288
28 0 .00127
29 0 .00113
30 0 .00113
31 0 .00075
32 0 .00054
33 0 .00031
34 0 .00035
35 0 .00035
36 0 .0002
37 0 .0001
38 0 .00029
39 0 .00013
40 0 .00013
41 0 .00005
42 0 .00005
43 0 .00002
44 0 .00002
45 0 .00001
46 0 0
47 0 0
48 0 0
49 0 0
50 0 0
51 0 0
100 0 0
*parity 1 married
birth 1 F married 1
14 0 0
15 0 0
16 0 .00008
17 0 .00032
18 0 .04879
19 0 .02925
20 0 .04159
21 0 .05225
22 0 .07439
23 0 .07306
24 0 .08321
25 0 .0941
26 0 .05935
27 0 .04773
28 0 .05905
29 0 .04719
30 0 .03226
31 0 .01977
32 0 .01386
33 0 .01558
34 0 .01418
35 0 .0095
36 0 .00701
37 0 .00504
38 0 .00446
39 0 .00353
40 0 .00369
41 0 .00278
42 0 .0014
43 0 .00106
44 0 .00075
45 0 .00053
46 0 .00018
47 0 .00008
48 0 .00003
49 0 .00001
50 0 0
51 0 0
100 0 0
*parity 1 single
birth 1 F single 1
14 0 0
15 0 0
16 0 0
17 0 0
18 0 0
19 0 0
20 0 .00001
21 0 .00312
22 0 .00151
23 0 .00123
24 0 .00038
25 0 .00017
26 0 .00012
27 0 .00007
28 0 .00007
29 0 .00008
30 0 .00007
31 0 .00005
32 0 .00009
33 0 .00007
34 0 .00007
35 0 .00008
36 0 .00008
37 0 .00006
38 0 .00005
39 0 .00021
40 0 .00007
41 0 .00022
42 0 .00003
43 0 .00004
44 0 .00002
45 0 .00001
46 0 .00001
47 0 0
48 0 0
49 0 0
50 0 0
51 0 0
100 0 0
*parity 1 widowed
birth 1 F widowed 1
14 0 0
15 0 0
16 0 0
17 0 0
18 0 .00001
19 0 .00002
20 0 .00003
21 0 .02931
22 0 .01768
23 0 .00868
24 0 .0089
25 0 .00805
26 0 .00587
27 0 .01248
28 0 .00505
29 0 .00224
30 0 .00288
31 0 .00141
32 0 .00187
33 0 .00167
34 0 .00067
35 0 .00115
36 0 .00068
37 0 .00062
38 0 .00036
39 0 .00028
40 0 .00012
41 0 .0001
42 0 .00006
43 0 .00003
44 0 .00002
45 0 .00002
46 0 0
47 0 0
48 0 0
49 0 0
50 0 0
51 0 0
100 0 0
*parity 1 divorced
birth 1 F divorced 1
14 0 0
15 0 0
16 0 0
17 0 0
18 0 .00001
19 0 .00002
20 0 .00003
21 0 .02931
22 0 .01768
23 0 .00868
24 0 .0089
25 0 .00805
26 0 .00587
27 0 .01248
28 0 .00505
29 0 .00224
30 0 .00288
31 0 .00141
32 0 .00187
33 0 .00167
34 0 .00067
35 0 .00115
36 0 .00068
37 0 .00062
38 0 .00036
39 0 .00028
40 0 .00012
41 0 .0001
42 0 .00006
43 0 .00003
44 0 .00002
45 0 .00002
46 0 0
47 0 0
48 0 0
49 0 0
50 0 0
51 0 0
100 0 0
*parity 2 married
birth 1 F married 2
14 0 0
15 0 0
16 0 .00001
17 0 .00003
18 0 .10126
19 0 .14794
20 0 .02367
21 0 .02337
22 0 .02243
23 0 .02088
24 0 .02229
25 0 .02521
26 0 .02749
27 0 .02415
28 0 .02224
29 0 .01961
30 0 .02181
31 0 .01746
32 0 .01674
33 0 .01442
34 0 .01358
35 0 .01169
36 0 .01185
37 0 .01122
38 0 .00946
39 0 .00868
40 0 .00741
41 0 .00548
42 0 .00423
43 0 .00312
44 0 .00214
45 0 .00143
46 0 .00099
47 0 .00062
48 0 .00033
49 0 .00018
50 0 .00008
51 0 .00004
100 0 0
*parity 2 single
birth 1 F single 2
14 0 0
15 0 0
16 0 0
17 0 0
18 0 0
19 0 0
20 0 0
21 0 0
22 0 .00001
23 0 .00203
24 0 .00803
25 0 .00908
26 0 .00067
27 0 .00055
28 0 .00038
29 0 .00028
30 0 .00019
31 0 .00022
32 0 .00017
33 0 .00018
34 0 .00017
35 0 .0002
36 0 .00015
37 0 .00018
38 0 .00017
39 0 .00025
40 0 .00019
41 0 .00013
42 0 .00068
43 0 .00011
44 0 .00008
45 0 .00005
46 0 .00005
47 0 .00005
48 0 .00001
49 0 0
50 0 0
51 0 0
100 0 0
*parity 2 widowed
birth 1 F widowed 2
14 0 0
15 0 0
16 0 0
17 0 0
18 0 0
19 0 0
20 0 .00001
21 0 .01378
22 0 .00003
23 0 .00572
24 0 .00472
25 0 .00388
26 0 .00476
27 0 .00815
28 0 .00398
29 0 .00444
30 0 .0027
31 0 .00315
32 0 .00225
33 0 .00095
34 0 .00139
35 0 .00114
36 0 .00092
37 0 .00073
38 0 .00059
39 0 .00048
40 0 .00031
41 0 .00026
42 0 .00021
43 0 .00014
44 0 .0001
45 0 .00006
46 0 .00004
47 0 .00002
48 0 .00001
49 0 .00001
50 0 0
51 0 0
100 0 0
*parity 2 divorced
birth 1 F divorced 2
14 0 0
15 0 0
16 0 0
17 0 0
18 0 0
19 0 0
20 0 .00001
21 0 .01378
22 0 .00003
23 0 .00572
24 0 .00472
25 0 .00388
26 0 .00476
27 0 .00815
28 0 .00398
29 0 .00444
30 0 .0027
31 0 .00315
32 0 .00225
33 0 .00095
34 0 .00139
35 0 .00114
36 0 .00092
37 0 .00073
38 0 .00059
39 0 .00048
40 0 .00031
41 0 .00026
42 0 .00021
43 0 .00014
44 0 .0001
45 0 .00006
46 0 .00004
47 0 .00002
48 0 .00001
49 0 .00001
50 0 0
51 0 0
100 0 0
