*parity 0 married
birth 1 F married 0
14 0 0
15 0 .00016
16 0 .00066
17 0 .03078
18 0 .02543
19 0 .02587
20 0 .02499
21 0 .02682
22 0 .02621
23 0 .0253
24 0 .02499
25 0 .02433
26 0 .02203
27 0 .01989
28 0 .01857
29 0 .01562
30 0 .01771
31 0 .01497
32 0 .01997
33 0 .01736
34 0 .01377
35 0 .00686
36 0 .00591
37 0 .0042
38 0 .00224
39 0 .00201
40 0 .00134
41 0 .00083
42 0 .00048
43 0 .00033
44 0 .00019
45 0 .00011
46 0 .00006
47 0 .00003
48 0 .00001
49 0 0
50 0 0
51 0 0
100 0 0
*parity 0 single
birth 1 F single 0
14 0 0
15 0 .00007
16 0 .00027
17 0 .00056
18 0 .00101
19 0 .00156
20 0 .00202
21 0 .00223
22 0 .00243
23 0 .00255
24 0 .00263
25 0 .00257
26 0 .00274
27 0 .00317
28 0 .00332
29 0 .00342
30 0 .00312
31 0 .00352
32 0 .00321
33 0 .0031
34 0 .00312
35 0 .00261
36 0 .0025
37 0 .00253
38 0 .00212
39 0 .00198
40 0 .00198
41 0 .00107
42 0 .00093
43 0 .0008
44 0 .00048
45 0 .00036
46 0 .00016
47 0 .00012
48 0 .00008
49 0 .00001
50 0 0
51 0 0
100 0 0
*parity 0 widowed
birth 1 F widowed 0
14 0 0
15 0 .00004
16 0 .00015
17 0 .93886
18 0 .38633
19 0 .31767
20 0 .77563
21 0 .00084
22 0 .27776
23 0 .13822
24 0 .92379
25 0 .80662
26 0 1.39988
27 0 .0005
28 0 .00045
29 0 .37348
30 0 .19234
31 0 .47038
32 0 .00024
33 0 .32482
34 0 .09016
35 0 .20457
36 0 .04475
37 0 .01251
38 0 .00588
39 0 .00476
40 0 .00161
41 0 .00123
42 0 .00046
43 0 .00026
44 0 .00013
45 0 .00007
46 0 .00003
47 0 .00002
48 0 .00001
49 0 0
50 0 0
51 0 0
100 0 0
*parity 0 divorced
birth 1 F divorced 0
14 0 0
15 0 .00004
16 0 .00015
17 0 .93886
18 0 .38633
19 0 .31767
20 0 .77563
21 0 .00084
22 0 .27776
23 0 .13822
24 0 .92379
25 0 .80662
26 0 1.39988
27 0 .0005
28 0 .00045
29 0 .37348
30 0 .19234
31 0 .47038
32 0 .00024
33 0 .32482
34 0 .09016
35 0 .20457
36 0 .04475
37 0 .01251
38 0 .00588
39 0 .00476
40 0 .00161
41 0 .00123
42 0 .00046
43 0 .00026
44 0 .00013
45 0 .00007
46 0 .00003
47 0 .00002
48 0 .00001
49 0 0
50 0 0
51 0 0
100 0 0
*parity 1 married
birth 1 F married 1
14 0 0
15 0 0
16 0 .00004
17 0 .44893
18 0 .12022
19 0 .02747
20 0 .01645
21 0 .01898
22 0 .01554
23 0 .02139
24 0 .02627
25 0 .02738
26 0 .02211
27 0 .01685
28 0 .01926
29 0 .03029
30 0 .03447
31 0 .04556
32 0 .04627
33 0 .03488
34 0 .0286
35 0 .16766
36 0 .39145
37 0 .00052
38 0 .12986
39 0 .15387
40 0 .33006
41 0 .05455
42 0 .0717
43 0 .08356
44 0 .01596
45 0 .00882
46 0 .0046
47 0 .00635
48 0 0
49 0 0
50 0 .00025
51 0 0
100 0 0
*parity 1 single
birth 1 F single 1
14 0 0
15 0 0
16 0 .02546
17 0 .0267
18 0 .04549
19 0 .03628
20 0 .0543
21 0 .05722
22 0 .05882
23 0 .04694
24 0 .08235
25 0 .15687
26 0 .09486
27 0 .0808
28 0 .12185
29 0 .78181
30 0 .00076
31 0 .18333
32 0 .11129
33 0 .21051
34 0 .36307
35 0 .55834
36 0 .09777
37 0 .05661
38 0 .2703
39 0 .19216
40 0 .1374
41 0 .00006
42 0 .00004
43 0 .01739
44 0 .00001
45 0 .00551
46 0 .00574
47 0 .00264
48 0 .00106
49 0 0
50 0 .00005
51 0 0
100 0 0
*parity 1 widowed
birth 1 F widowed 1
14 0 0
15 0 0
16 0 .00001
17 0 .00003
18 0 .03472
19 0 .04492
20 0 .02722
21 0 .02448
22 0 .04897
23 0 .05971
24 0 .14128
25 0 .07049
26 0 1.36892
27 0 .4036
28 0 .33815
29 0 .00046
30 0 .17721
31 0 .30526
32 0 .27796
33 0 .00028
34 0 .00023
35 0 .1033
36 0 .03876
37 0 .09426
38 0 .05001
39 0 .02666
40 0 .02542
41 0 .05041
42 0 .00414
43 0 .00965
44 0 .01106
45 0 .00153
46 0 .0008
47 0 0
48 0 0
49 0 .00019
50 0 .00006
51 0 0
100 0 0
*parity 1 divorced
birth 1 F divorced 1
14 0 0
15 0 0
16 0 .00001
17 0 .00003
18 0 .03472
19 0 .04492
20 0 .02722
21 0 .02448
22 0 .04897
23 0 .05971
24 0 .14128
25 0 .07049
26 0 1.36892
27 0 .4036
28 0 .33815
29 0 .00046
30 0 .17721
31 0 .30526
32 0 .27796
33 0 .00028
34 0 .00023
35 0 .1033
36 0 .03876
37 0 .09426
38 0 .05001
39 0 .02666
40 0 .02542
41 0 .05041
42 0 .00414
43 0 .00965
44 0 .01106
45 0 .00153
46 0 .0008
47 0 0
48 0 0
49 0 .00019
50 0 .00006
51 0 0
100 0 0
*parity 2 married
birth 1 F married 2
14 0 0
15 0 0
16 0 0
17 0 .00001
18 0 .0027
19 0 .00468
20 0 .01658
21 0 .01712
22 0 .01372
23 0 .00929
24 0 .00791
25 0 .00797
26 0 .00833
27 0 .0075
28 0 .00718
29 0 .00595
30 0 .00558
31 0 .00475
32 0 .00427
33 0 .00395
34 0 .00373
35 0 .00338
36 0 .00306
37 0 .00274
38 0 .00264
39 0 .00227
40 0 .00193
41 0 .00154
42 0 .00125
43 0 .00092
44 0 .00068
45 0 .00046
46 0 .0003
47 0 .00017
48 0 .00009
49 0 .00005
50 0 .00002
51 0 .00001
100 0 0
*parity 2 single
birth 1 F single 2
14 0 0
15 0 0
16 0 0
17 0 .01594
18 0 .01348
19 0 .01147
20 0 .01479
21 0 .01328
22 0 .01489
23 0 .01484
24 0 .01494
25 0 .01644
26 0 .01617
27 0 .01928
28 0 .01669
29 0 .02021
30 0 .01937
31 0 .02156
32 0 .02372
33 0 .02636
34 0 .02519
35 0 .03382
36 0 .03122
37 0 .0379
38 0 .04643
39 0 .03621
40 0 .04399
41 0 .04475
42 0 .06292
43 0 .0373
44 0 .03703
45 0 .03123
46 0 .02551
47 0 .00851
48 0 .00423
49 0 .00356
50 0 .00106
51 0 .00166
100 0 0
*parity 2 widowed
birth 1 F widowed 2
14 0 0
15 0 0
16 0 0
17 0 0
18 0 .03742
19 0 .01432
20 0 .02553
21 0 .01673
22 0 .01632
23 0 .01229
24 0 .00861
25 0 .00893
26 0 .00652
27 0 .00638
28 0 .00506
29 0 .00484
30 0 .00448
31 0 .00397
32 0 .00343
33 0 .0029
34 0 .00248
35 0 .00225
36 0 .00195
37 0 .00163
38 0 .00135
39 0 .00105
40 0 .00088
41 0 .00068
42 0 .0005
43 0 .00034
44 0 .00025
45 0 .00016
46 0 .00009
47 0 .00005
48 0 .00003
49 0 .00001
50 0 .00001
51 0 0
100 0 0
*parity 2 divorced
birth 1 F divorced 2
14 0 0
15 0 0
16 0 0
17 0 0
18 0 .03742
19 0 .01432
20 0 .02553
21 0 .01673
22 0 .01632
23 0 .01229
24 0 .00861
25 0 .00893
26 0 .00652
27 0 .00638
28 0 .00506
29 0 .00484
30 0 .00448
31 0 .00397
32 0 .00343
33 0 .0029
34 0 .00248
35 0 .00225
36 0 .00195
37 0 .00163
38 0 .00135
39 0 .00105
40 0 .00088
41 0 .00068
42 0 .0005
43 0 .00034
44 0 .00025
45 0 .00016
46 0 .00009
47 0 .00005
48 0 .00003
49 0 .00001
50 0 .00001
51 0 0
100 0 0
