*parity all married
birth 1 F married 0
14 0 0
15 0 .01103
16 0 .01046
17 0 .01082
18 0 .01239
19 0 .01569
20 0 .01999
21 0 .02371
22 0 .02579
23 0 .02644
24 0 .02625
25 0 .0249
26 0 .02275
27 0 .02018
28 0 .01834
29 0 .01698
30 0 .01645
31 0 .01548
32 0 .01523
33 0 .01517
34 0 .01587
35 0 .01634
36 0 .01677
37 0 .01695
38 0 .01714
39 0 .01699
40 0 .01668
41 0 .01561
42 0 .01473
43 0 .01388
44 0 .0133
45 0 .01269
46 0 .01217
47 0 .01187
48 0 .01164
49 0 .0115
50 0 .01143
51 0 .01139
100 0 0
*parity all single
birth 1 F single 0
14 0 0
15 0 .01103
16 0 .01046
17 0 .01082
18 0 .01239
19 0 .01569
20 0 .01999
21 0 .02371
22 0 .02579
23 0 .02644
24 0 .02625
25 0 .0249
26 0 .02275
27 0 .02018
28 0 .01834
29 0 .01698
30 0 .01645
31 0 .01548
32 0 .01523
33 0 .01517
34 0 .01587
35 0 .01634
36 0 .01677
37 0 .01695
38 0 .01714
39 0 .01699
40 0 .01668
41 0 .01561
42 0 .01473
43 0 .01388
44 0 .0133
45 0 .01269
46 0 .01217
47 0 .01187
48 0 .01164
49 0 .0115
50 0 .01143
51 0 .01139
100 0 0
*parity all widowed
birth 1 F widowed 0
14 0 0
15 0 .01103
16 0 .01046
17 0 .01082
18 0 .01239
19 0 .01569
20 0 .01999
21 0 .02371
22 0 .02579
23 0 .02644
24 0 .02625
25 0 .0249
26 0 .02275
27 0 .02018
28 0 .01834
29 0 .01698
30 0 .01645
31 0 .01548
32 0 .01523
33 0 .01517
34 0 .01587
35 0 .01634
36 0 .01677
37 0 .01695
38 0 .01714
39 0 .01699
40 0 .01668
41 0 .01561
42 0 .01473
43 0 .01388
44 0 .0133
45 0 .01269
46 0 .01217
47 0 .01187
48 0 .01164
49 0 .0115
50 0 .01143
51 0 .01139
100 0 0
*parity all divorced
birth 1 F divorced 0
14 0 0
15 0 .01103
16 0 .01046
17 0 .01082
18 0 .01239
19 0 .01569
20 0 .01999
21 0 .02371
22 0 .02579
23 0 .02644
24 0 .02625
25 0 .0249
26 0 .02275
27 0 .02018
28 0 .01834
29 0 .01698
30 0 .01645
31 0 .01548
32 0 .01523
33 0 .01517
34 0 .01587
35 0 .01634
36 0 .01677
37 0 .01695
38 0 .01714
39 0 .01699
40 0 .01668
41 0 .01561
42 0 .01473
43 0 .01388
44 0 .0133
45 0 .01269
46 0 .01217
47 0 .01187
48 0 .01164
49 0 .0115
50 0 .01143
51 0 .01139
100 0 0
