*parity 0 married
birth 1 F married 0
14 0 0
15 0 .00017
16 0 .00087
17 0 .02957
18 0 .02657
19 0 .03292
20 0 .04115
21 0 .05049
22 0 .05599
23 0 .07555
24 0 .0808
25 0 .07883
26 0 .07484
27 0 .06506
28 0 .03963
29 0 .05054
30 0 .05445
31 0 .02512
32 0 .01754
33 0 .00827
34 0 .00917
35 0 .00782
36 0 .00612
37 0 .00591
38 0 .00365
39 0 .00375
40 0 .00262
41 0 .00154
42 0 .00103
43 0 .00073
44 0 .00048
45 0 .00026
46 0 .00014
47 0 .00006
48 0 .00003
49 0 .00002
50 0 0
51 0 0
100 0 0
*parity 0 single
birth 1 F single 0
14 0 0
15 0 0
16 0 0
17 0 .00001
18 0 .00002
19 0 .00004
20 0 .00006
21 0 .00007
22 0 .00007
23 0 .00007
24 0 .00007
25 0 .00007
26 0 .00006
27 0 .00005
28 0 .00004
29 0 .00003
30 0 .00004
31 0 .00003
32 0 .00003
33 0 .00003
34 0 .00002
35 0 .00002
36 0 .00002
37 0 .00002
38 0 .00002
39 0 .00002
40 0 .00001
41 0 .00001
42 0 .00001
43 0 .00001
44 0 .00001
45 0 0
46 0 0
47 0 0
48 0 0
49 0 0
50 0 0
51 0 0
100 0 0
*parity 0 widowed
birth 1 F widowed 0
14 0 0
15 0 0
16 0 .00002
17 0 .05865
18 0 .0001
19 0 .04743
20 0 .04017
21 0 .05242
22 0 .04768
23 0 .00017
24 0 .07258
25 0 .01471
26 0 .01028
27 0 .0334
28 0 .01788
29 0 .02064
30 0 .00635
31 0 .00352
32 0 .00314
33 0 .00105
34 0 .00163
35 0 .00117
36 0 .00145
37 0 .00075
38 0 .0007
39 0 .00024
40 0 .00021
41 0 .00043
42 0 .00024
43 0 .0001
44 0 .00003
45 0 .00003
46 0 .00001
47 0 0
48 0 0
49 0 0
50 0 0
51 0 0
100 0 0
*parity 0 divorced
birth 1 F divorced 0
14 0 0
15 0 0
16 0 .00002
17 0 .05865
18 0 .0001
19 0 .04743
20 0 .04017
21 0 .05242
22 0 .04768
23 0 .00017
24 0 .07258
25 0 .01471
26 0 .01028
27 0 .0334
28 0 .01788
29 0 .02064
30 0 .00635
31 0 .00352
32 0 .00314
33 0 .00105
34 0 .00163
35 0 .00117
36 0 .00145
37 0 .00075
38 0 .0007
39 0 .00024
40 0 .00021
41 0 .00043
42 0 .00024
43 0 .0001
44 0 .00003
45 0 .00003
46 0 .00001
47 0 0
48 0 0
49 0 0
50 0 0
51 0 0
100 0 0
*parity 1 married
birth 1 F married 1
14 0 0
15 0 0
16 0 .00008
17 0 .00031
18 0 .03403
19 0 .02128
20 0 .04158
21 0 .04565
22 0 .05143
23 0 .0432
24 0 .04133
25 0 .03172
26 0 .03355
27 0 .03088
28 0 .03408
29 0 .04571
30 0 .0359
31 0 .02692
32 0 .01887
33 0 .01716
34 0 .01333
35 0 .01472
36 0 .01589
37 0 .0118
38 0 .00845
39 0 .00622
40 0 .00524
41 0 .00363
42 0 .00209
43 0 .00164
44 0 .00111
45 0 .00046
46 0 .00023
47 0 .00013
48 0 .00006
49 0 .00002
50 0 .00001
51 0 0
100 0 0
*parity 1 single
birth 1 F single 1
14 0 0
15 0 0
16 0 0
17 0 0
18 0 .00508
19 0 .00001
20 0 .00002
21 0 .00002
22 0 .00003
23 0 .00003
24 0 .00928
25 0 .00003
26 0 .00002
27 0 .00002
28 0 .00002
29 0 .00001
30 0 .01136
31 0 .00001
32 0 .00001
33 0 .00001
34 0 .00001
35 0 .00213
36 0 .00359
37 0 0
38 0 0
39 0 0
40 0 0
41 0 0
42 0 .00074
43 0 .00047
44 0 0
45 0 0
46 0 0
47 0 0
48 0 0
49 0 0
50 0 0
51 0 0
100 0 0
*parity 1 widowed
birth 1 F widowed 1
14 0 0
15 0 0
16 0 0
17 0 .00001
18 0 .00002
19 0 .01221
20 0 .02595
21 0 .03905
22 0 .0224
23 0 .02074
24 0 .00718
25 0 .0134
26 0 .01711
27 0 .00512
28 0 .00361
29 0 .00558
30 0 .00293
31 0 .00162
32 0 .00114
33 0 .0009
34 0 .00076
35 0 .00063
36 0 .00058
37 0 .00051
38 0 .00038
39 0 .00023
40 0 .00019
41 0 .00012
42 0 .00012
43 0 .00005
44 0 .00003
45 0 .00002
46 0 .00001
47 0 0
48 0 0
49 0 0
50 0 0
51 0 0
100 0 0
*parity 1 divorced
birth 1 F divorced 1
14 0 0
15 0 0
16 0 0
17 0 .00001
18 0 .00002
19 0 .01221
20 0 .02595
21 0 .03905
22 0 .0224
23 0 .02074
24 0 .00718
25 0 .0134
26 0 .01711
27 0 .00512
28 0 .00361
29 0 .00558
30 0 .00293
31 0 .00162
32 0 .00114
33 0 .0009
34 0 .00076
35 0 .00063
36 0 .00058
37 0 .00051
38 0 .00038
39 0 .00023
40 0 .00019
41 0 .00012
42 0 .00012
43 0 .00005
44 0 .00003
45 0 .00002
46 0 .00001
47 0 0
48 0 0
49 0 0
50 0 0
51 0 0
100 0 0
*parity 2 married
birth 1 F married 2
14 0 0
15 0 0
16 0 .00001
17 0 .00003
18 0 .00015
19 0 .03633
20 0 .01663
21 0 .01656
22 0 .01679
23 0 .01824
24 0 .01908
25 0 .01958
26 0 .01915
27 0 .01818
28 0 .01757
29 0 .01615
30 0 .01434
31 0 .01435
32 0 .01333
33 0 .01298
34 0 .01217
35 0 .01139
36 0 .01039
37 0 .00961
38 0 .00894
39 0 .00808
40 0 .00702
41 0 .00597
42 0 .00463
43 0 .00332
44 0 .00237
45 0 .00167
46 0 .00102
47 0 .00063
48 0 .00034
49 0 .00017
50 0 .00008
51 0 .00003
100 0 0
*parity 2 single
birth 1 F single 2
14 0 0
15 0 0
16 0 0
17 0 0
18 0 0
19 0 0
20 0 .00001
21 0 .00001
22 0 .00002
23 0 .00002
24 0 .00003
25 0 .00003
26 0 .03793
27 0 .03733
28 0 .00004
29 0 .00004
30 0 .00004
31 0 .00004
32 0 .03304
33 0 .03001
34 0 .00003
35 0 .00003
36 0 .00003
37 0 .00003
38 0 .00002
39 0 .00002
40 0 .01813
41 0 .00001
42 0 .00001
43 0 .00001
44 0 .00001
45 0 .00384
46 0 0
47 0 0
48 0 0
49 0 0
50 0 0
51 0 0
100 0 0
*parity 2 widowed
birth 1 F widowed 2
14 0 0
15 0 0
16 0 0
17 0 0
18 0 0
19 0 .00001
20 0 .00699
21 0 .01105
22 0 .0047
23 0 .00667
24 0 .00806
25 0 .00812
26 0 .00466
27 0 .00566
28 0 .00352
29 0 .00245
30 0 .00257
31 0 .00232
32 0 .00216
33 0 .00182
34 0 .00162
35 0 .00142
36 0 .0012
37 0 .00083
38 0 .00088
39 0 .00073
40 0 .00065
41 0 .00042
42 0 .00032
43 0 .00024
44 0 .00019
45 0 .00012
46 0 .00007
47 0 .00004
48 0 .00002
49 0 .00001
50 0 0
51 0 0
100 0 0
*parity 2 divorced
birth 1 F divorced 2
14 0 0
15 0 0
16 0 0
17 0 0
18 0 0
19 0 .00001
20 0 .00699
21 0 .01105
22 0 .0047
23 0 .00667
24 0 .00806
25 0 .00812
26 0 .00466
27 0 .00566
28 0 .00352
29 0 .00245
30 0 .00257
31 0 .00232
32 0 .00216
33 0 .00182
34 0 .00162
35 0 .00142
36 0 .0012
37 0 .00083
38 0 .00088
39 0 .00073
40 0 .00065
41 0 .00042
42 0 .00032
43 0 .00024
44 0 .00019
45 0 .00012
46 0 .00007
47 0 .00004
48 0 .00002
49 0 .00001
50 0 0
51 0 0
100 0 0
