*parity 0 married
birth 1 F married 0
14 0 0
15 0 .00013
16 0 .00052
17 0 .02665
18 0 .02035
19 0 .02082
20 0 .0208
21 0 .01884
22 0 .01812
23 0 .01709
24 0 .01588
25 0 .01566
26 0 .01471
27 0 .01297
28 0 .01043
29 0 .00942
30 0 .00874
31 0 .00695
32 0 .00548
33 0 .00471
34 0 .00476
35 0 .00368
36 0 .00361
37 0 .00315
38 0 .00239
39 0 .002
40 0 .00208
41 0 .00141
42 0 .00096
43 0 .0005
44 0 .00028
45 0 .00019
46 0 .00007
47 0 .00004
48 0 .00002
49 0 .00001
50 0 0
51 0 0
100 0 0
*parity 0 single
birth 1 F single 0
14 0 0
15 0 .0001
16 0 .0004
17 0 .0008
18 0 .00142
19 0 .00213
20 0 .00273
21 0 .00305
22 0 .0032
23 0 .0033
24 0 .00342
25 0 .00346
26 0 .00354
27 0 .00406
28 0 .0045
29 0 .00448
30 0 .00505
31 0 .00564
32 0 .00575
33 0 .00505
34 0 .00507
35 0 .00529
36 0 .00505
37 0 .00404
38 0 .00328
39 0 .00423
40 0 .00248
41 0 .00264
42 0 .00155
43 0 .00116
44 0 .00091
45 0 .00053
46 0 .00041
47 0 .00022
48 0 .00014
49 0 .00002
50 0 .00001
51 0 .00001
100 0 0
*parity 0 widowed
birth 1 F widowed 0
14 0 0
15 0 .00003
16 0 .00014
17 0 .00027
18 0 .26293
19 0 .00061
20 0 2.25557
21 0 .23634
22 0 2.2094
23 0 .34488
24 0 .00059
25 0 1.71522
26 0 .00051
27 0 .08707
28 0 .00042
29 0 .26876
30 0 .22585
31 0 .14359
32 0 .03884
33 0 .06904
34 0 .01242
35 0 .01109
36 0 .01504
37 0 .00704
38 0 .00599
39 0 .00776
40 0 .00591
41 0 .00301
42 0 .00189
43 0 .0007
44 0 .0005
45 0 .00015
46 0 .00005
47 0 .00003
48 0 .00001
49 0 0
50 0 0
51 0 0
100 0 0
*parity 0 divorced
birth 1 F divorced 0
14 0 0
15 0 .00003
16 0 .00014
17 0 .00027
18 0 .26293
19 0 .00061
20 0 2.25557
21 0 .23634
22 0 2.2094
23 0 .34488
24 0 .00059
25 0 1.71522
26 0 .00051
27 0 .08707
28 0 .00042
29 0 .26876
30 0 .22585
31 0 .14359
32 0 .03884
33 0 .06904
34 0 .01242
35 0 .01109
36 0 .01504
37 0 .00704
38 0 .00599
39 0 .00776
40 0 .00591
41 0 .00301
42 0 .00189
43 0 .0007
44 0 .0005
45 0 .00015
46 0 .00005
47 0 .00003
48 0 .00001
49 0 0
50 0 0
51 0 0
100 0 0
*parity 1 married
birth 1 F married 1
14 0 0
15 0 0
16 0 .00003
17 0 .30108
18 0 .06057
19 0 .03605
20 0 .02205
21 0 .02052
22 0 .01835
23 0 .01741
24 0 .01727
25 0 .01627
26 0 .01963
27 0 .01683
28 0 .01403
29 0 .01252
30 0 .00987
31 0 .01137
32 0 .01345
33 0 .01394
34 0 .01253
35 0 .01012
36 0 .0085
37 0 .00949
38 0 .00942
39 0 .01036
40 0 .01113
41 0 .00776
42 0 .00536
43 0 .00387
44 0 .00003
45 0 .00735
46 0 .00382
47 0 .00518
48 0 .00071
49 0 .00017
50 0 .00007
51 0 0
100 0 0
*parity 1 single
birth 1 F single 1
14 0 0
15 0 0
16 0 .06034
17 0 .02094
18 0 .02595
19 0 .03431
20 0 .03229
21 0 .03171
22 0 .03542
23 0 .03674
24 0 .03427
25 0 .03746
26 0 .07009
27 0 .06995
28 0 .06421
29 0 .08385
30 0 .17028
31 0 .14352
32 0 .33818
33 0 .9704
34 0 .7767
35 0 .00051
36 0 .208
37 0 .11906
38 0 .13457
39 0 .14669
40 0 .00013
41 0 .07421
42 0 .00006
43 0 .02816
44 0 .0118
45 0 .00843
46 0 .00439
47 0 .00397
48 0 .00162
49 0 0
50 0 .00008
51 0 0
100 0 0
*parity 1 widowed
birth 1 F widowed 1
14 0 0
15 0 0
16 0 .00001
17 0 .00003
18 0 .22821
19 0 .03299
20 0 .04418
21 0 .0429
22 0 .02963
23 0 .02776
24 0 .02205
25 0 .02123
26 0 .02026
27 0 .01968
28 0 .01291
29 0 .00975
30 0 .00776
31 0 .00849
32 0 .01173
33 0 .01365
34 0 .01333
35 0 .03765
36 0 .01722
37 0 .10471
38 0 .0142
39 0 .00607
40 0 .00708
41 0 .00746
42 0 .00577
43 0 .0022
44 0 .00156
45 0 .00059
46 0 .00051
47 0 .00047
48 0 .00011
49 0 .00018
50 0 .00003
51 0 .00003
100 0 0
*parity 1 divorced
birth 1 F divorced 1
14 0 0
15 0 0
16 0 .00001
17 0 .00003
18 0 .22821
19 0 .03299
20 0 .04418
21 0 .0429
22 0 .02963
23 0 .02776
24 0 .02205
25 0 .02123
26 0 .02026
27 0 .01968
28 0 .01291
29 0 .00975
30 0 .00776
31 0 .00849
32 0 .01173
33 0 .01365
34 0 .01333
35 0 .03765
36 0 .01722
37 0 .10471
38 0 .0142
39 0 .00607
40 0 .00708
41 0 .00746
42 0 .00577
43 0 .0022
44 0 .00156
45 0 .00059
46 0 .00051
47 0 .00047
48 0 .00011
49 0 .00018
50 0 .00003
51 0 .00003
100 0 0
*parity 2 married
birth 1 F married 2
14 0 0
15 0 0
16 0 0
17 0 .00001
18 0 .00326
19 0 .00328
20 0 .00579
21 0 .01071
22 0 .01019
23 0 .011
24 0 .01027
25 0 .01042
26 0 .00793
27 0 .00778
28 0 .00727
29 0 .00722
30 0 .0064
31 0 .00555
32 0 .00467
33 0 .00408
34 0 .00365
35 0 .00331
36 0 .00292
37 0 .00245
38 0 .00209
39 0 .00176
40 0 .00137
41 0 .00111
42 0 .0008
43 0 .0006
44 0 .00045
45 0 .0003
46 0 .00019
47 0 .00011
48 0 .00006
49 0 .00003
50 0 .00001
51 0 .00001
100 0 0
*parity 2 single
birth 1 F single 2
14 0 0
15 0 0
16 0 0
17 0 .01908
18 0 .01059
19 0 .01401
20 0 .01202
21 0 .01639
22 0 .02023
23 0 .01702
24 0 .01837
25 0 .01571
26 0 .01622
27 0 .01322
28 0 .01637
29 0 .01764
30 0 .02045
31 0 .01805
32 0 .02014
33 0 .01977
34 0 .01893
35 0 .02053
36 0 .02256
37 0 .02041
38 0 .02419
39 0 .01746
40 0 .01631
41 0 .0182
42 0 .01575
43 0 .02142
44 0 .01489
45 0 .01174
46 0 .0125
47 0 .00679
48 0 .00337
49 0 .00222
50 0 .00173
51 0 .00033
100 0 0
*parity 2 widowed
birth 1 F widowed 2
14 0 0
15 0 0
16 0 0
17 0 0
18 0 .00001
19 0 .01171
20 0 .01219
21 0 .01005
22 0 .00879
23 0 .0087
24 0 .00812
25 0 .00762
26 0 .00633
27 0 .0053
28 0 .0053
29 0 .0047
30 0 .00407
31 0 .00302
32 0 .00253
33 0 .00221
34 0 .00183
35 0 .00149
36 0 .0012
37 0 .00104
38 0 .00089
39 0 .0007
40 0 .00058
41 0 .0004
42 0 .00032
43 0 .00022
44 0 .00015
45 0 .00009
46 0 .00006
47 0 .00003
48 0 .00002
49 0 .00001
50 0 0
51 0 0
100 0 0
*parity 2 divorced
birth 1 F divorced 2
14 0 0
15 0 0
16 0 0
17 0 0
18 0 .00001
19 0 .01171
20 0 .01219
21 0 .01005
22 0 .00879
23 0 .0087
24 0 .00812
25 0 .00762
26 0 .00633
27 0 .0053
28 0 .0053
29 0 .0047
30 0 .00407
31 0 .00302
32 0 .00253
33 0 .00221
34 0 .00183
35 0 .00149
36 0 .0012
37 0 .00104
38 0 .00089
39 0 .0007
40 0 .00058
41 0 .0004
42 0 .00032
43 0 .00022
44 0 .00015
45 0 .00009
46 0 .00006
47 0 .00003
48 0 .00002
49 0 .00001
50 0 0
51 0 0
100 0 0
