*parity 0 married
birth 1 F married 0
14 0 0
15 0 .0002
16 0 .00094
17 0 .03082
18 0 .03156
19 0 .03849
20 0 .04923
21 0 .05289
22 0 .06129
23 0 .05274
24 0 .04983
25 0 .05115
26 0 .04783
27 0 .07297
28 0 .07313
29 0 .07147
30 0 .06275
31 0 .17004
32 0 .0691
33 0 .06009
34 0 .04464
35 0 .01836
36 0 .00819
37 0 .00522
38 0 .00516
39 0 .00622
40 0 .00403
41 0 .0015
42 0 .00089
43 0 .00054
44 0 .00027
45 0 .00018
46 0 .00012
47 0 .00007
48 0 .00004
49 0 .00002
50 0 0
51 0 .00001
100 0 0
*parity 0 single
birth 1 F single 0
14 0 0
15 0 .00001
16 0 .00003
17 0 .00008
18 0 .00015
19 0 .00025
20 0 .00033
21 0 .00041
22 0 .00042
23 0 .00043
24 0 .00046
25 0 .00046
26 0 .00041
27 0 .0004
28 0 .00039
29 0 .00029
30 0 .00028
31 0 .00025
32 0 .00027
33 0 .00027
34 0 .00023
35 0 .00021
36 0 .00017
37 0 .00015
38 0 .00012
39 0 .00014
40 0 .00011
41 0 .00007
42 0 .00005
43 0 .00005
44 0 .00003
45 0 .00002
46 0 .00001
47 0 0
48 0 0
49 0 0
50 0 0
51 0 0
100 0 0
*parity 0 widowed
birth 1 F widowed 0
14 0 0
15 0 .00001
16 0 .00005
17 0 .00011
18 0 .14176
19 0 .00029
20 0 .1638
21 0 .2556
22 0 .00036
23 0 .19809
24 0 .00028
25 0 .266
26 0 .14196
27 0 .19551
28 0 .00014
29 0 .00012
30 0 .0001
31 0 .08933
32 0 .07261
33 0 .02683
34 0 .04456
35 0 .03762
36 0 .01004
37 0 .00411
38 0 .00237
39 0 .00447
40 0 .0055
41 0 .00059
42 0 .00035
43 0 .00011
44 0 .00006
45 0 .00003
46 0 .00002
47 0 .00001
48 0 .00001
49 0 0
50 0 0
51 0 0
100 0 0
*parity 0 divorced
birth 1 F divorced 0
14 0 0
15 0 .00001
16 0 .00005
17 0 .00011
18 0 .14176
19 0 .00029
20 0 .1638
21 0 .2556
22 0 .00036
23 0 .19809
24 0 .00028
25 0 .266
26 0 .14196
27 0 .19551
28 0 .00014
29 0 .00012
30 0 .0001
31 0 .08933
32 0 .07261
33 0 .02683
34 0 .04456
35 0 .03762
36 0 .01004
37 0 .00411
38 0 .00237
39 0 .00447
40 0 .0055
41 0 .00059
42 0 .00035
43 0 .00011
44 0 .00006
45 0 .00003
46 0 .00002
47 0 .00001
48 0 .00001
49 0 0
50 0 0
51 0 0
100 0 0
*parity 1 married
birth 1 F married 1
14 0 0
15 0 0
16 0 .00007
17 0 .00027
18 0 .02395
19 0 .03484
20 0 .03818
21 0 .03711
22 0 .04697
23 0 .06269
24 0 .03406
25 0 .03065
26 0 .0303
27 0 .04074
28 0 .04025
29 0 .0462
30 0 .04021
31 0 .04259
32 0 .02692
33 0 .02344
34 0 .07018
35 0 .07917
36 0 .23564
37 0 .15308
38 0 .2909
39 0 .08123
40 0 .04087
41 0 .0751
42 0 .04345
43 0 .08095
44 0 .04681
45 0 .01194
46 0 .00423
47 0 .00143
48 0 .00116
49 0 .00012
50 0 .00004
51 0 .00003
100 0 0
*parity 1 single
birth 1 F single 1
14 0 0
15 0 0
16 0 0
17 0 .00001
18 0 .01318
19 0 .04528
20 0 .02656
21 0 .0604
22 0 .04191
23 0 .04273
24 0 .05325
25 0 .04631
26 0 .02413
27 0 .03235
28 0 .00012
29 0 .00011
30 0 .05509
31 0 .00008
32 0 .07662
33 0 .00006
34 0 .04931
35 0 .00004
36 0 .01656
37 0 .00003
38 0 .00002
39 0 .00002
40 0 .01149
41 0 .00791
42 0 .00458
43 0 0
44 0 .00164
45 0 .00042
46 0 .00022
47 0 .00002
48 0 0
49 0 0
50 0 0
51 0 0
100 0 0
*parity 1 widowed
birth 1 F widowed 1
14 0 0
15 0 0
16 0 0
17 0 .00001
18 0 .02957
19 0 .03386
20 0 .04965
21 0 .02258
22 0 .03917
23 0 .02458
24 0 .0245
25 0 .03957
26 0 .03608
27 0 .02419
28 0 .01724
29 0 .02993
30 0 .00014
31 0 .13647
32 0 .02291
33 0 .02915
34 0 .03687
35 0 .0156
36 0 .02476
37 0 .04021
38 0 .03056
39 0 .02134
40 0 .01718
41 0 .00001
42 0 .00098
43 0 .00142
44 0 .00246
45 0 .00063
46 0 0
47 0 .0003
48 0 0
49 0 .00004
50 0 .00001
51 0 .00001
100 0 0
*parity 1 divorced
birth 1 F divorced 1
14 0 0
15 0 0
16 0 0
17 0 .00001
18 0 .02957
19 0 .03386
20 0 .04965
21 0 .02258
22 0 .03917
23 0 .02458
24 0 .0245
25 0 .03957
26 0 .03608
27 0 .02419
28 0 .01724
29 0 .02993
30 0 .00014
31 0 .13647
32 0 .02291
33 0 .02915
34 0 .03687
35 0 .0156
36 0 .02476
37 0 .04021
38 0 .03056
39 0 .02134
40 0 .01718
41 0 .00001
42 0 .00098
43 0 .00142
44 0 .00246
45 0 .00063
46 0 0
47 0 .0003
48 0 0
49 0 .00004
50 0 .00001
51 0 .00001
100 0 0
*parity 2 married
birth 1 F married 2
14 0 0
15 0 0
16 0 .00001
17 0 .00003
18 0 .00012
19 0 .01465
20 0 .0138
21 0 .01389
22 0 .01321
23 0 .01327
24 0 .01611
25 0 .0154
26 0 .01541
27 0 .01233
28 0 .0118
29 0 .012
30 0 .01129
31 0 .01023
32 0 .00949
33 0 .00844
34 0 .00793
35 0 .00706
36 0 .0074
37 0 .00652
38 0 .00598
39 0 .00506
40 0 .00457
41 0 .0038
42 0 .00307
43 0 .00231
44 0 .00197
45 0 .00124
46 0 .00072
47 0 .00047
48 0 .00025
49 0 .00012
50 0 .00005
51 0 .00002
100 0 0
*parity 2 single
birth 1 F single 2
14 0 0
15 0 0
16 0 0
17 0 0
18 0 0
19 0 .02007
20 0 .04169
21 0 .03952
22 0 .03016
23 0 .05285
24 0 .01992
25 0 .0235
26 0 .02459
27 0 .02332
28 0 .02507
29 0 .03454
30 0 .02419
31 0 .02242
32 0 .02335
33 0 .03334
34 0 .03189
35 0 .03654
36 0 .0126
37 0 .0376
38 0 .0146
39 0 .0209
40 0 .04822
41 0 .01481
42 0 .01645
43 0 .00899
44 0 .00507
45 0 .00224
46 0 .00142
47 0 .00045
48 0 .00014
49 0 .00012
50 0 .00007
51 0 .00004
100 0 0
*parity 2 widowed
birth 1 F widowed 2
14 0 0
15 0 0
16 0 0
17 0 0
18 0 .00001
19 0 .00002
20 0 .03117
21 0 .00985
22 0 .01288
23 0 .00988
24 0 .00693
25 0 .00736
26 0 .00748
27 0 .00581
28 0 .00458
29 0 .00418
30 0 .00433
31 0 .00284
32 0 .00275
33 0 .00243
34 0 .00173
35 0 .00204
36 0 .00138
37 0 .00141
38 0 .00116
39 0 .00084
40 0 .00066
41 0 .00057
42 0 .00044
43 0 .00028
44 0 .00018
45 0 .00013
46 0 .00007
47 0 .00004
48 0 .00002
49 0 .00001
50 0 0
51 0 0
100 0 0
*parity 2 divorced
birth 1 F divorced 2
14 0 0
15 0 0
16 0 0
17 0 0
18 0 .00001
19 0 .00002
20 0 .03117
21 0 .00985
22 0 .01288
23 0 .00988
24 0 .00693
25 0 .00736
26 0 .00748
27 0 .00581
28 0 .00458
29 0 .00418
30 0 .00433
31 0 .00284
32 0 .00275
33 0 .00243
34 0 .00173
35 0 .00204
36 0 .00138
37 0 .00141
38 0 .00116
39 0 .00084
40 0 .00066
41 0 .00057
42 0 .00044
43 0 .00028
44 0 .00018
45 0 .00013
46 0 .00007
47 0 .00004
48 0 .00002
49 0 .00001
50 0 0
51 0 0
100 0 0
