*parity 0 married
birth 1 F married 0
14 0 0
15 0 .00009
16 0 .00036
17 0 .08471
18 0 .04311
19 0 .04397
20 0 .05648
21 0 .05722
22 0 .04285
23 0 .03028
24 0 .02393
25 0 .01901
26 0 .01773
27 0 .01802
28 0 .01327
29 0 .0122
30 0 .01166
31 0 .00811
32 0 .00515
33 0 .00334
34 0 .00211
35 0 .0015
36 0 .00114
37 0 .00089
38 0 .00069
39 0 .00048
40 0 .00035
41 0 .00025
42 0 .00016
43 0 .0001
44 0 .00006
45 0 .00004
46 0 .00002
47 0 .00001
48 0 .00001
49 0 0
50 0 0
51 0 0
100 0 0
*parity 0 single
birth 1 F single 0
14 0 0
15 0 .00014
16 0 .00059
17 0 .00112
18 0 .0019
19 0 .00267
20 0 .00319
21 0 .00348
22 0 .00354
23 0 .00352
24 0 .00363
25 0 .00361
26 0 .0036
27 0 .0037
28 0 .00352
29 0 .00364
30 0 .00334
31 0 .00301
32 0 .00285
33 0 .00277
34 0 .00286
35 0 .0028
36 0 .00256
37 0 .0022
38 0 .0024
39 0 .00227
40 0 .00182
41 0 .00141
42 0 .00115
43 0 .00075
44 0 .00065
45 0 .00044
46 0 .00037
47 0 .0002
48 0 .00012
49 0 .00003
50 0 .00001
51 0 .00001
100 0 0
*parity 0 widowed
birth 1 F widowed 0
14 0 0
15 0 .00002
16 0 .00009
17 0 .00017
18 0 .00027
19 0 .4793
20 0 .56033
21 0 .00043
22 0 1.13367
23 0 .51187
24 0 .23594
25 0 .16765
26 0 .15292
27 0 .04768
28 0 .07044
29 0 .06074
30 0 .0251
31 0 .01789
32 0 .01515
33 0 .00776
34 0 .00382
35 0 .0025
36 0 .00199
37 0 .00123
38 0 .00081
39 0 .0006
40 0 .00032
41 0 .00021
42 0 .00014
43 0 .00006
44 0 .00004
45 0 .00002
46 0 .00001
47 0 .00001
48 0 0
49 0 0
50 0 0
51 0 0
100 0 0
*parity 0 divorced
birth 1 F divorced 0
14 0 0
15 0 .00002
16 0 .00009
17 0 .00017
18 0 .00027
19 0 .4793
20 0 .56033
21 0 .00043
22 0 1.13367
23 0 .51187
24 0 .23594
25 0 .16765
26 0 .15292
27 0 .04768
28 0 .07044
29 0 .06074
30 0 .0251
31 0 .01789
32 0 .01515
33 0 .00776
34 0 .00382
35 0 .0025
36 0 .00199
37 0 .00123
38 0 .00081
39 0 .0006
40 0 .00032
41 0 .00021
42 0 .00014
43 0 .00006
44 0 .00004
45 0 .00002
46 0 .00001
47 0 .00001
48 0 0
49 0 0
50 0 0
51 0 0
100 0 0
*parity 1 married
birth 1 F married 1
14 0 0
15 0 0
16 0 .00002
17 0 .00007
18 0 .0189
19 0 .01933
20 0 .0296
21 0 .02222
22 0 .02169
23 0 .0277
24 0 .0281
25 0 .02375
26 0 .02428
27 0 .02413
28 0 .02416
29 0 .02305
30 0 .02292
31 0 .01747
32 0 .01931
33 0 .0111
34 0 .00959
35 0 .00697
36 0 .00651
37 0 .00441
38 0 .00337
39 0 .00277
40 0 .00232
41 0 .00157
42 0 .00096
43 0 .0006
44 0 .00042
45 0 .00014
46 0 .00009
47 0 .00005
48 0 .00002
49 0 .00001
50 0 0
51 0 0
100 0 0
*parity 1 single
birth 1 F single 1
14 0 0
15 0 0
16 0 .02342
17 0 .02579
18 0 .02036
19 0 .02438
20 0 .02256
21 0 .02253
22 0 .02196
23 0 .02455
24 0 .02273
25 0 .02483
26 0 .02763
27 0 .02489
28 0 .02673
29 0 .02201
30 0 .02311
31 0 .02592
32 0 .02982
33 0 .02892
34 0 .02844
35 0 .03171
36 0 .02327
37 0 .02664
38 0 .02474
39 0 .02401
40 0 .02116
41 0 .02461
42 0 .01248
43 0 .00757
44 0 .00734
45 0 .00533
46 0 .00588
47 0 .00179
48 0 .00126
49 0 .00021
50 0 .0001
51 0 .00011
100 0 0
*parity 1 widowed
birth 1 F widowed 1
14 0 0
15 0 0
16 0 0
17 0 .00002
18 0 .00005
19 0 .00009
20 0 .12807
21 0 .05048
22 0 .05149
23 0 .03822
24 0 .05407
25 0 .02693
26 0 .02924
27 0 .04323
28 0 .07232
29 0 .05441
30 0 .11114
31 0 .01876
32 0 .01912
33 0 .0108
34 0 .00912
35 0 .01046
36 0 .00579
37 0 .00357
38 0 .00185
39 0 .00175
40 0 .00167
41 0 .00062
42 0 .00033
43 0 .00026
44 0 .00014
45 0 .00008
46 0 .00004
47 0 .00001
48 0 .00001
49 0 0
50 0 0
51 0 0
100 0 0
*parity 1 divorced
birth 1 F divorced 1
14 0 0
15 0 0
16 0 0
17 0 .00002
18 0 .00005
19 0 .00009
20 0 .12807
21 0 .05048
22 0 .05149
23 0 .03822
24 0 .05407
25 0 .02693
26 0 .02924
27 0 .04323
28 0 .07232
29 0 .05441
30 0 .11114
31 0 .01876
32 0 .01912
33 0 .0108
34 0 .00912
35 0 .01046
36 0 .00579
37 0 .00357
38 0 .00185
39 0 .00175
40 0 .00167
41 0 .00062
42 0 .00033
43 0 .00026
44 0 .00014
45 0 .00008
46 0 .00004
47 0 .00001
48 0 .00001
49 0 0
50 0 0
51 0 0
100 0 0
*parity 2 married
birth 1 F married 2
14 0 0
15 0 0
16 0 0
17 0 .00001
18 0 .00002
19 0 .01763
20 0 .00952
21 0 .01019
22 0 .01063
23 0 .0099
24 0 .00999
25 0 .01015
26 0 .01015
27 0 .00808
28 0 .00821
29 0 .00718
30 0 .00668
31 0 .00632
32 0 .00549
33 0 .00475
34 0 .00397
35 0 .00332
36 0 .0028
37 0 .00247
38 0 .002
39 0 .0016
40 0 .0013
41 0 .00096
42 0 .00077
43 0 .00057
44 0 .00038
45 0 .00027
46 0 .00015
47 0 .00009
48 0 .00005
49 0 .00003
50 0 .00001
51 0 0
100 0 0
*parity 2 single
birth 1 F single 2
14 0 0
15 0 0
16 0 0
17 0 .00001
18 0 .0301
19 0 .02065
20 0 .03047
21 0 .01962
22 0 .01941
23 0 .01812
24 0 .01465
25 0 .01475
26 0 .01253
27 0 .0127
28 0 .01244
29 0 .01096
30 0 .01087
31 0 .00997
32 0 .00936
33 0 .00998
34 0 .01105
35 0 .01102
36 0 .0114
37 0 .00956
38 0 .00872
39 0 .00886
40 0 .00782
41 0 .00706
42 0 .00499
43 0 .00481
44 0 .00417
45 0 .00368
46 0 .00224
47 0 .00158
48 0 .00079
49 0 .00035
50 0 .00015
51 0 .00006
100 0 0
*parity 2 widowed
birth 1 F widowed 2
14 0 0
15 0 0
16 0 0
17 0 0
18 0 .00001
19 0 .0432
20 0 .09559
21 0 .03078
22 0 .0001
23 0 .0309
24 0 .01686
25 0 .03348
26 0 .01556
27 0 .00822
28 0 .00912
29 0 .00673
30 0 .0045
31 0 .00539
32 0 .00376
33 0 .00345
34 0 .00256
35 0 .00219
36 0 .00175
37 0 .00159
38 0 .00118
39 0 .00084
40 0 .00064
41 0 .00049
42 0 .00035
43 0 .00023
44 0 .00014
45 0 .00009
46 0 .00005
47 0 .00003
48 0 .00001
49 0 .00001
50 0 0
51 0 0
100 0 0
*parity 2 divorced
birth 1 F divorced 2
14 0 0
15 0 0
16 0 0
17 0 0
18 0 .00001
19 0 .0432
20 0 .09559
21 0 .03078
22 0 .0001
23 0 .0309
24 0 .01686
25 0 .03348
26 0 .01556
27 0 .00822
28 0 .00912
29 0 .00673
30 0 .0045
31 0 .00539
32 0 .00376
33 0 .00345
34 0 .00256
35 0 .00219
36 0 .00175
37 0 .00159
38 0 .00118
39 0 .00084
40 0 .00064
41 0 .00049
42 0 .00035
43 0 .00023
44 0 .00014
45 0 .00009
46 0 .00005
47 0 .00003
48 0 .00001
49 0 .00001
50 0 0
51 0 0
100 0 0
