*parity 0 married
birth 1 F married 0
14 0 0
15 0 .00011
16 0 .00045
17 0 .04393
18 0 .03863
19 0 .03048
20 0 .03424
21 0 .03121
22 0 .03967
23 0 .05352
24 0 .03129
25 0 .02605
26 0 .02584
27 0 .02311
28 0 .01931
29 0 .01958
30 0 .01351
31 0 .00957
32 0 .00585
33 0 .00468
34 0 .00315
35 0 .00247
36 0 .00189
37 0 .00141
38 0 .00112
39 0 .00089
40 0 .00061
41 0 .00047
42 0 .0003
43 0 .00021
44 0 .00014
45 0 .00008
46 0 .00005
47 0 .00003
48 0 .00001
49 0 0
50 0 0
51 0 0
100 0 0
*parity 0 single
birth 1 F single 0
14 0 0
15 0 .00013
16 0 .00052
17 0 .00103
18 0 .00177
19 0 .00262
20 0 .00323
21 0 .00354
22 0 .00366
23 0 .0037
24 0 .00374
25 0 .00388
26 0 .00381
27 0 .00397
28 0 .00399
29 0 .00402
30 0 .00418
31 0 .00434
32 0 .00435
33 0 .00429
34 0 .00459
35 0 .00493
36 0 .00519
37 0 .00491
38 0 .00517
39 0 .00454
40 0 .00383
41 0 .00328
42 0 .00221
43 0 .00211
44 0 .00189
45 0 .00134
46 0 .00075
47 0 .0006
48 0 .00038
49 0 .0001
50 0 .00002
51 0 .00002
100 0 0
*parity 0 widowed
birth 1 F widowed 0
14 0 0
15 0 .00002
16 0 .0001
17 0 .57112
18 0 .00031
19 0 .00042
20 0 .7604
21 0 .00051
22 0 .00048
23 0 1.28715
24 0 1.12534
25 0 1.02711
26 0 .13038
27 0 .8113
28 0 .73626
29 0 .22913
30 0 .07317
31 0 .05874
32 0 .06143
33 0 .04548
34 0 .02304
35 0 .00759
36 0 .00535
37 0 .00209
38 0 .00172
39 0 .00102
40 0 .0005
41 0 .00036
42 0 .0002
43 0 .00012
44 0 .00007
45 0 .00004
46 0 .00002
47 0 .00001
48 0 .00001
49 0 0
50 0 0
51 0 0
100 0 0
*parity 0 divorced
birth 1 F divorced 0
14 0 0
15 0 .00002
16 0 .0001
17 0 .57112
18 0 .00031
19 0 .00042
20 0 .7604
21 0 .00051
22 0 .00048
23 0 1.28715
24 0 1.12534
25 0 1.02711
26 0 .13038
27 0 .8113
28 0 .73626
29 0 .22913
30 0 .07317
31 0 .05874
32 0 .06143
33 0 .04548
34 0 .02304
35 0 .00759
36 0 .00535
37 0 .00209
38 0 .00172
39 0 .00102
40 0 .0005
41 0 .00036
42 0 .0002
43 0 .00012
44 0 .00007
45 0 .00004
46 0 .00002
47 0 .00001
48 0 .00001
49 0 0
50 0 0
51 0 0
100 0 0
*parity 1 married
birth 1 F married 1
14 0 0
15 0 0
16 0 .00003
17 0 .28212
18 0 .01882
19 0 .01615
20 0 .01799
21 0 .01757
22 0 .01527
23 0 .01328
24 0 .01495
25 0 .01759
26 0 .01702
27 0 .01518
28 0 .01485
29 0 .01405
30 0 .01225
31 0 .0113
32 0 .01228
33 0 .01155
34 0 .01053
35 0 .00894
36 0 .00696
37 0 .00679
38 0 .00537
39 0 .00321
40 0 .00214
41 0 .00149
42 0 .00111
43 0 .0006
44 0 .00036
45 0 .00021
46 0 .00013
47 0 .00007
48 0 .00003
49 0 .00001
50 0 0
51 0 0
100 0 0
*parity 1 single
birth 1 F single 1
14 0 0
15 0 0
16 0 .03126
17 0 .01729
18 0 .02589
19 0 .02928
20 0 .02753
21 0 .044
22 0 .03542
23 0 .03749
24 0 .03233
25 0 .03226
26 0 .02772
27 0 .03234
28 0 .0271
29 0 .03934
30 0 .04035
31 0 .03642
32 0 .03929
33 0 .05503
34 0 .12843
35 0 .25272
36 0 .1077
37 0 .14484
38 0 .48752
39 0 .00024
40 0 .00017
41 0 .37894
42 0 .24301
43 0 .07505
44 0 .04039
45 0 .00001
46 0 .02098
47 0 .00998
48 0 0
49 0 0
50 0 .00038
51 0 0
100 0 0
*parity 1 widowed
birth 1 F widowed 1
14 0 0
15 0 0
16 0 .00001
17 0 .00002
18 0 .01767
19 0 .03022
20 0 .04138
21 0 .04401
22 0 .10792
23 0 .10389
24 0 .0579
25 0 .30616
26 0 .1238
27 0 .02801
28 0 .02171
29 0 .03374
30 0 .01834
31 0 .00972
32 0 .00947
33 0 .00805
34 0 .00472
35 0 .00499
36 0 .00374
37 0 .00273
38 0 .00155
39 0 .00087
40 0 .00059
41 0 .00033
42 0 .00023
43 0 .00012
44 0 .00006
45 0 .00004
46 0 .00002
47 0 .00001
48 0 0
49 0 0
50 0 0
51 0 0
100 0 0
*parity 1 divorced
birth 1 F divorced 1
14 0 0
15 0 0
16 0 .00001
17 0 .00002
18 0 .01767
19 0 .03022
20 0 .04138
21 0 .04401
22 0 .10792
23 0 .10389
24 0 .0579
25 0 .30616
26 0 .1238
27 0 .02801
28 0 .02171
29 0 .03374
30 0 .01834
31 0 .00972
32 0 .00947
33 0 .00805
34 0 .00472
35 0 .00499
36 0 .00374
37 0 .00273
38 0 .00155
39 0 .00087
40 0 .00059
41 0 .00033
42 0 .00023
43 0 .00012
44 0 .00006
45 0 .00004
46 0 .00002
47 0 .00001
48 0 0
49 0 0
50 0 0
51 0 0
100 0 0
*parity 2 married
birth 1 F married 2
14 0 0
15 0 0
16 0 0
17 0 .00001
18 0 .00003
19 0 .02243
20 0 .01626
21 0 .01533
22 0 .01428
23 0 .01176
24 0 .01214
25 0 .01006
26 0 .01104
27 0 .0104
28 0 .00954
29 0 .00799
30 0 .00771
31 0 .00643
32 0 .00563
33 0 .00482
34 0 .00414
35 0 .00352
36 0 .00318
37 0 .00265
38 0 .0024
39 0 .00205
40 0 .00184
41 0 .00144
42 0 .0011
43 0 .0008
44 0 .00057
45 0 .00038
46 0 .00023
47 0 .00013
48 0 .00007
49 0 .00004
50 0 .00001
51 0 .00001
100 0 0
*parity 2 single
birth 1 F single 2
14 0 0
15 0 0
16 0 0
17 0 .01365
18 0 .014
19 0 .01415
20 0 .01893
21 0 .01593
22 0 .01326
23 0 .0151
24 0 .01489
25 0 .01355
26 0 .01322
27 0 .0119
28 0 .01196
29 0 .01071
30 0 .01031
31 0 .01043
32 0 .01056
33 0 .0102
34 0 .01107
35 0 .0109
36 0 .01076
37 0 .01209
38 0 .01062
39 0 .01174
40 0 .01163
41 0 .00941
42 0 .00997
43 0 .0076
44 0 .00638
45 0 .00579
46 0 .00325
47 0 .00211
48 0 .00127
49 0 .00071
50 0 .00023
51 0 .00013
100 0 0
*parity 2 widowed
birth 1 F widowed 2
14 0 0
15 0 0
16 0 0
17 0 0
18 0 .00001
19 0 .0158
20 0 .01566
21 0 .01245
22 0 .01147
23 0 .00788
24 0 .01183
25 0 .00702
26 0 .00648
27 0 .00522
28 0 .00547
29 0 .00408
30 0 .00357
31 0 .00322
32 0 .00264
33 0 .00207
34 0 .00181
35 0 .00151
36 0 .00127
37 0 .00109
38 0 .00084
39 0 .0007
40 0 .00057
41 0 .0004
42 0 .00029
43 0 .00021
44 0 .00014
45 0 .00008
46 0 .00005
47 0 .00002
48 0 .00001
49 0 .00001
50 0 0
51 0 0
100 0 0
*parity 2 divorced
birth 1 F divorced 2
14 0 0
15 0 0
16 0 0
17 0 0
18 0 .00001
19 0 .0158
20 0 .01566
21 0 .01245
22 0 .01147
23 0 .00788
24 0 .01183
25 0 .00702
26 0 .00648
27 0 .00522
28 0 .00547
29 0 .00408
30 0 .00357
31 0 .00322
32 0 .00264
33 0 .00207
34 0 .00181
35 0 .00151
36 0 .00127
37 0 .00109
38 0 .00084
39 0 .0007
40 0 .00057
41 0 .0004
42 0 .00029
43 0 .00021
44 0 .00014
45 0 .00008
46 0 .00005
47 0 .00002
48 0 .00001
49 0 .00001
50 0 0
51 0 0
100 0 0
