*parity 0 married
birth 1 F married 0
14 0 0
15 0 .00019
16 0 .00078
17 0 .06304
18 0 .04079
19 0 .04482
20 0 .0693
21 0 .10256
22 0 .07438
23 0 .13315
24 0 .16648
25 0 .12515
26 0 .23336
27 0 .25049
28 0 .33517
29 0 .77056
30 0 .05331
31 0 .03249
32 0 .02021
33 0 .01717
34 0 .01107
35 0 .00797
36 0 .00653
37 0 .00705
38 0 .00491
39 0 .00242
40 0 .00123
41 0 .00081
42 0 .00053
43 0 .00039
44 0 .00019
45 0 .00013
46 0 .00009
47 0 .00005
48 0 .00002
49 0 .00001
50 0 0
51 0 0
100 0 0
*parity 0 single
birth 1 F single 0
14 0 0
15 0 .00005
16 0 .00018
17 0 .00035
18 0 .00061
19 0 .00086
20 0 .00103
21 0 .00108
22 0 .00111
23 0 .00107
24 0 .00106
25 0 .00108
26 0 .00107
27 0 .00108
28 0 .00106
29 0 .001
30 0 .00099
31 0 .00093
32 0 .00099
33 0 .00101
34 0 .00095
35 0 .00083
36 0 .0008
37 0 .00073
38 0 .00086
39 0 .00071
40 0 .00067
41 0 .00059
42 0 .00041
43 0 .00029
44 0 .00027
45 0 .00013
46 0 .00016
47 0 .00006
48 0 .00004
49 0 .00001
50 0 0
51 0 0
100 0 0
*parity 0 widowed
birth 1 F widowed 0
14 0 0
15 0 .00001
16 0 .00005
17 0 .14199
18 0 .0706
19 0 .07291
20 0 .10983
21 0 .34009
22 0 .00022
23 0 .30823
24 0 .00019
25 0 .00018
26 0 .2774
27 0 .00016
28 0 .00015
29 0 .00013
30 0 .08838
31 0 .15449
32 0 .12141
33 0 .04889
34 0 .02148
35 0 .01096
36 0 .00365
37 0 .00243
38 0 .00195
39 0 .00143
40 0 .00049
41 0 .00021
42 0 .00013
43 0 .00009
44 0 .00004
45 0 .00003
46 0 .00002
47 0 .00001
48 0 0
49 0 0
50 0 0
51 0 0
100 0 0
*parity 0 divorced
birth 1 F divorced 0
14 0 0
15 0 .00001
16 0 .00005
17 0 .14199
18 0 .0706
19 0 .07291
20 0 .10983
21 0 .34009
22 0 .00022
23 0 .30823
24 0 .00019
25 0 .00018
26 0 .2774
27 0 .00016
28 0 .00015
29 0 .00013
30 0 .08838
31 0 .15449
32 0 .12141
33 0 .04889
34 0 .02148
35 0 .01096
36 0 .00365
37 0 .00243
38 0 .00195
39 0 .00143
40 0 .00049
41 0 .00021
42 0 .00013
43 0 .00009
44 0 .00004
45 0 .00003
46 0 .00002
47 0 .00001
48 0 0
49 0 0
50 0 0
51 0 0
100 0 0
*parity 1 married
birth 1 F married 1
14 0 0
15 0 0
16 0 .00004
17 0 .00015
18 0 .04
19 0 .02639
20 0 .01591
21 0 .0219
22 0 .0194
23 0 .0186
24 0 .01981
25 0 .0251
26 0 .0228
27 0 .02062
28 0 .01936
29 0 .02253
30 0 .02011
31 0 .01754
32 0 .01308
33 0 .00956
34 0 .00794
35 0 .00781
36 0 .00563
37 0 .00423
38 0 .00304
39 0 .0023
40 0 .00203
41 0 .00191
42 0 .00128
43 0 .00065
44 0 .00041
45 0 .00021
46 0 .00009
47 0 .00006
48 0 .00002
49 0 .00001
50 0 0
51 0 0
100 0 0
*parity 1 single
birth 1 F single 1
14 0 0
15 0 0
16 0 .00001
17 0 .01081
18 0 .04376
19 0 .02216
20 0 .03212
21 0 .02637
22 0 .03287
23 0 .09009
24 0 .08359
25 0 .03206
26 0 .02352
27 0 .034
28 0 .02737
29 0 .02695
30 0 .0509
31 0 .06466
32 0 .05406
33 0 .05629
34 0 .05796
35 0 .1208
36 0 .00019
37 0 .0711
38 0 .18162
39 0 .00008
40 0 .09333
41 0 .06492
42 0 .04143
43 0 .00002
44 0 .00001
45 0 .00779
46 0 0
47 0 0
48 0 .00072
49 0 .00024
50 0 0
51 0 0
100 0 0
*parity 1 widowed
birth 1 F widowed 1
14 0 0
15 0 0
16 0 0
17 0 .00001
18 0 .01752
19 0 .02366
20 0 .02229
21 0 .01191
22 0 .00804
23 0 .00902
24 0 .00858
25 0 .01306
26 0 .01004
27 0 .00847
28 0 .00531
29 0 .00474
30 0 .00485
31 0 .00431
32 0 .00361
33 0 .00294
34 0 .00225
35 0 .0014
36 0 .00114
37 0 .00095
38 0 .00057
39 0 .00043
40 0 .00028
41 0 .00023
42 0 .00011
43 0 .00007
44 0 .00005
45 0 .00002
46 0 .00001
47 0 0
48 0 0
49 0 0
50 0 0
51 0 0
100 0 0
*parity 1 divorced
birth 1 F divorced 1
14 0 0
15 0 0
16 0 0
17 0 .00001
18 0 .01752
19 0 .02366
20 0 .02229
21 0 .01191
22 0 .00804
23 0 .00902
24 0 .00858
25 0 .01306
26 0 .01004
27 0 .00847
28 0 .00531
29 0 .00474
30 0 .00485
31 0 .00431
32 0 .00361
33 0 .00294
34 0 .00225
35 0 .0014
36 0 .00114
37 0 .00095
38 0 .00057
39 0 .00043
40 0 .00028
41 0 .00023
42 0 .00011
43 0 .00007
44 0 .00005
45 0 .00002
46 0 .00001
47 0 0
48 0 0
49 0 0
50 0 0
51 0 0
100 0 0
*parity 2 married
birth 1 F married 2
14 0 0
15 0 0
16 0 0
17 0 .00001
18 0 .00411
19 0 .00726
20 0 .01803
21 0 .01249
22 0 .01567
23 0 .01358
24 0 .01321
25 0 .01037
26 0 .01058
27 0 .00999
28 0 .01022
29 0 .00963
30 0 .00843
31 0 .00763
32 0 .00669
33 0 .00551
34 0 .00532
35 0 .00452
36 0 .00403
37 0 .00327
38 0 .00271
39 0 .00238
40 0 .00205
41 0 .00147
42 0 .00112
43 0 .00084
44 0 .00058
45 0 .00038
46 0 .00021
47 0 .00013
48 0 .00006
49 0 .00003
50 0 .00001
51 0 0
100 0 0
*parity 2 single
birth 1 F single 2
14 0 0
15 0 0
16 0 0
17 0 .0043
18 0 .00328
19 0 .04764
20 0 .02536
21 0 .01041
22 0 .01469
23 0 .01244
24 0 .01143
25 0 .0122
26 0 .01441
27 0 .011
28 0 .01338
29 0 .01032
30 0 .01132
31 0 .01179
32 0 .01187
33 0 .01211
34 0 .01307
35 0 .01338
36 0 .01198
37 0 .01425
38 0 .0169
39 0 .01484
40 0 .01129
41 0 .00726
42 0 .00743
43 0 .00494
44 0 .00585
45 0 .00847
46 0 .0028
47 0 .00209
48 0 .00097
49 0 .00041
50 0 .00023
51 0 .00009
100 0 0
*parity 2 widowed
birth 1 F widowed 2
14 0 0
15 0 0
16 0 0
17 0 0
18 0 0
19 0 .00001
20 0 .00903
21 0 .00834
22 0 .00784
23 0 .0118
24 0 .00458
25 0 .00418
26 0 .00385
27 0 .00367
28 0 .00256
29 0 .0021
30 0 .00219
31 0 .00181
32 0 .00145
33 0 .00144
34 0 .00101
35 0 .00091
36 0 .00072
37 0 .00056
38 0 .00045
39 0 .00038
40 0 .0003
41 0 .00023
42 0 .00017
43 0 .00011
44 0 .00008
45 0 .00005
46 0 .00003
47 0 .00001
48 0 .00001
49 0 0
50 0 0
51 0 0
100 0 0
*parity 2 divorced
birth 1 F divorced 2
14 0 0
15 0 0
16 0 0
17 0 0
18 0 0
19 0 .00001
20 0 .00903
21 0 .00834
22 0 .00784
23 0 .0118
24 0 .00458
25 0 .00418
26 0 .00385
27 0 .00367
28 0 .00256
29 0 .0021
30 0 .00219
31 0 .00181
32 0 .00145
33 0 .00144
34 0 .00101
35 0 .00091
36 0 .00072
37 0 .00056
38 0 .00045
39 0 .00038
40 0 .0003
41 0 .00023
42 0 .00017
43 0 .00011
44 0 .00008
45 0 .00005
46 0 .00003
47 0 .00001
48 0 .00001
49 0 0
50 0 0
51 0 0
100 0 0
