*parity 0 married
birth 1 F married 0
14 0 0
15 0 .00011
16 0 .00044
17 0 .04911
18 0 .03433
19 0 .03347
20 0 .03361
21 0 .03182
22 0 .02893
23 0 .0276
24 0 .02528
25 0 .0245
26 0 .02191
27 0 .02059
28 0 .01962
29 0 .0194
30 0 .01223
31 0 .00834
32 0 .00687
33 0 .00533
34 0 .00386
35 0 .00324
36 0 .00229
37 0 .00167
38 0 .0011
39 0 .00089
40 0 .00062
41 0 .0004
42 0 .00029
43 0 .00019
44 0 .00012
45 0 .00007
46 0 .00005
47 0 .00003
48 0 .00001
49 0 0
50 0 0
51 0 0
100 0 0
*parity 0 single
birth 1 F single 0
14 0 0
15 0 .00013
16 0 .00053
17 0 .00104
18 0 .00177
19 0 .00259
20 0 .00318
21 0 .00353
22 0 .00365
23 0 .00371
24 0 .00373
25 0 .00383
26 0 .00398
27 0 .004
28 0 .00426
29 0 .00409
30 0 .00426
31 0 .00426
32 0 .00494
33 0 .00459
34 0 .00438
35 0 .00466
36 0 .00494
37 0 .00439
38 0 .00469
39 0 .00405
40 0 .00368
41 0 .00251
42 0 .00251
43 0 .00169
44 0 .0012
45 0 .00103
46 0 .00086
47 0 .00046
48 0 .00017
49 0 .00011
50 0 .00002
51 0 .00002
100 0 0
*parity 0 widowed
birth 1 F widowed 0
14 0 0
15 0 .00002
16 0 .00008
17 0 .24251
18 0 .77237
19 0 .51112
20 0 .0004
21 0 .00041
22 0 .00039
23 0 .27009
24 0 .94327
25 0 .2898
26 0 .19536
27 0 .08851
28 0 .11986
29 0 .13482
30 0 .09755
31 0 .07038
32 0 .02594
33 0 .03985
34 0 .01899
35 0 .00846
36 0 .00857
37 0 .00182
38 0 .00118
39 0 .00072
40 0 .00048
41 0 .00025
42 0 .00016
43 0 .0001
44 0 .00007
45 0 .00003
46 0 .00002
47 0 .00001
48 0 0
49 0 0
50 0 0
51 0 0
100 0 0
*parity 0 divorced
birth 1 F divorced 0
14 0 0
15 0 .00002
16 0 .00008
17 0 .24251
18 0 .77237
19 0 .51112
20 0 .0004
21 0 .00041
22 0 .00039
23 0 .27009
24 0 .94327
25 0 .2898
26 0 .19536
27 0 .08851
28 0 .11986
29 0 .13482
30 0 .09755
31 0 .07038
32 0 .02594
33 0 .03985
34 0 .01899
35 0 .00846
36 0 .00857
37 0 .00182
38 0 .00118
39 0 .00072
40 0 .00048
41 0 .00025
42 0 .00016
43 0 .0001
44 0 .00007
45 0 .00003
46 0 .00002
47 0 .00001
48 0 0
49 0 0
50 0 0
51 0 0
100 0 0
*parity 1 married
birth 1 F married 1
14 0 0
15 0 0
16 0 .00002
17 0 .00009
18 0 .02268
19 0 .02819
20 0 .03488
21 0 .01663
22 0 .0198
23 0 .01743
24 0 .01491
25 0 .01522
26 0 .01534
27 0 .01517
28 0 .01461
29 0 .0131
30 0 .01404
31 0 .0143
32 0 .01126
33 0 .00747
34 0 .00655
35 0 .00676
36 0 .00543
37 0 .00427
38 0 .0045
39 0 .00338
40 0 .00219
41 0 .00161
42 0 .00114
43 0 .00066
44 0 .00036
45 0 .00023
46 0 .00015
47 0 .00006
48 0 .00003
49 0 .00001
50 0 0
51 0 0
100 0 0
*parity 1 single
birth 1 F single 1
14 0 0
15 0 0
16 0 .02958
17 0 .02229
18 0 .0299
19 0 .03118
20 0 .03711
21 0 .03631
22 0 .02958
23 0 .0292
24 0 .0344
25 0 .03024
26 0 .02657
27 0 .02687
28 0 .02292
29 0 .02367
30 0 .02881
31 0 .03651
32 0 .04516
33 0 .03942
34 0 .04728
35 0 .04891
36 0 .07162
37 0 .41193
38 0 .25295
39 0 .00024
40 0 .27686
41 0 .00012
42 0 .08109
43 0 .04834
44 0 .04125
45 0 .04331
46 0 .02272
47 0 .00317
48 0 0
49 0 .00127
50 0 .00036
51 0 0
100 0 0
*parity 1 widowed
birth 1 F widowed 1
14 0 0
15 0 0
16 0 0
17 0 .00002
18 0 .00004
19 0 .05156
20 0 .0319
21 0 .05255
22 0 .03277
23 0 .03703
24 0 .05126
25 0 .03493
26 0 .03184
27 0 .03041
28 0 .0299
29 0 .02148
30 0 .01229
31 0 .01264
32 0 .00949
33 0 .00784
34 0 .00497
35 0 .0033
36 0 .00204
37 0 .00182
38 0 .00137
39 0 .00107
40 0 .00067
41 0 .00038
42 0 .00021
43 0 .0001
44 0 .00006
45 0 .00003
46 0 .00002
47 0 .00001
48 0 0
49 0 0
50 0 0
51 0 0
100 0 0
*parity 1 divorced
birth 1 F divorced 1
14 0 0
15 0 0
16 0 0
17 0 .00002
18 0 .00004
19 0 .05156
20 0 .0319
21 0 .05255
22 0 .03277
23 0 .03703
24 0 .05126
25 0 .03493
26 0 .03184
27 0 .03041
28 0 .0299
29 0 .02148
30 0 .01229
31 0 .01264
32 0 .00949
33 0 .00784
34 0 .00497
35 0 .0033
36 0 .00204
37 0 .00182
38 0 .00137
39 0 .00107
40 0 .00067
41 0 .00038
42 0 .00021
43 0 .0001
44 0 .00006
45 0 .00003
46 0 .00002
47 0 .00001
48 0 0
49 0 0
50 0 0
51 0 0
100 0 0
*parity 2 married
birth 1 F married 2
14 0 0
15 0 0
16 0 0
17 0 .00001
18 0 .00003
19 0 .00406
20 0 .00595
21 0 .01497
22 0 .01244
23 0 .01414
24 0 .01264
25 0 .0123
26 0 .0105
27 0 .00947
28 0 .00864
29 0 .00849
30 0 .00707
31 0 .00562
32 0 .00495
33 0 .00456
34 0 .00426
35 0 .00332
36 0 .00297
37 0 .00263
38 0 .00235
39 0 .00189
40 0 .00163
41 0 .00132
42 0 .00099
43 0 .00073
44 0 .00051
45 0 .00034
46 0 .0002
47 0 .00012
48 0 .00006
49 0 .00003
50 0 .00001
51 0 .00001
100 0 0
*parity 2 single
birth 1 F single 2
14 0 0
15 0 0
16 0 0
17 0 .00001
18 0 .01122
19 0 .02102
20 0 .01339
21 0 .01306
22 0 .01364
23 0 .01376
24 0 .01398
25 0 .01269
26 0 .01275
27 0 .01255
28 0 .0108
29 0 .01082
30 0 .01008
31 0 .01081
32 0 .0095
33 0 .01024
34 0 .01008
35 0 .01002
36 0 .01028
37 0 .01029
38 0 .01006
39 0 .00985
40 0 .00995
41 0 .00951
42 0 .00903
43 0 .00734
44 0 .00599
45 0 .00485
46 0 .00347
47 0 .00217
48 0 .00115
49 0 .00058
50 0 .00022
51 0 .00009
100 0 0
*parity 2 widowed
birth 1 F widowed 2
14 0 0
15 0 0
16 0 0
17 0 0
18 0 .00001
19 0 .00002
20 0 .00969
21 0 .00952
22 0 .01009
23 0 .00698
24 0 .00807
25 0 .00647
26 0 .00557
27 0 .00483
28 0 .00457
29 0 .00354
30 0 .00339
31 0 .00259
32 0 .00206
33 0 .00183
34 0 .00151
35 0 .00129
36 0 .00105
37 0 .00089
38 0 .00067
39 0 .00055
40 0 .00044
41 0 .00033
42 0 .00023
43 0 .00017
44 0 .00011
45 0 .00007
46 0 .00004
47 0 .00002
48 0 .00001
49 0 .00001
50 0 0
51 0 0
100 0 0
*parity 2 divorced
birth 1 F divorced 2
14 0 0
15 0 0
16 0 0
17 0 0
18 0 .00001
19 0 .00002
20 0 .00969
21 0 .00952
22 0 .01009
23 0 .00698
24 0 .00807
25 0 .00647
26 0 .00557
27 0 .00483
28 0 .00457
29 0 .00354
30 0 .00339
31 0 .00259
32 0 .00206
33 0 .00183
34 0 .00151
35 0 .00129
36 0 .00105
37 0 .00089
38 0 .00067
39 0 .00055
40 0 .00044
41 0 .00033
42 0 .00023
43 0 .00017
44 0 .00011
45 0 .00007
46 0 .00004
47 0 .00002
48 0 .00001
49 0 .00001
50 0 0
51 0 0
100 0 0
