*parity 0 married
birth 1 F married 0
14 0 0
15 0 .00007
16 0 .00055
17 0 .02826
18 0 .02807
19 0 .04197
20 0 .04757
21 0 .07221
22 0 .10438
23 0 .19888
24 0 .34664
25 0 .35741
26 0 .34322
27 0 .06364
28 0 .03353
29 0 .01705
30 0 .00438
31 0 .00137
32 0 .00033
33 0 0
34 0 .00179
35 0 .0016
36 0 .0027
37 0 .00418
38 0 .0034
39 0 .01068
40 0 .00813
41 0 .03666
42 0 .02563
43 0 .00006
44 0 .00005
45 0 .00003
46 0 .00002
47 0 .00001
48 0 .00276
49 0 .00001
50 0 .00001
51 0 .00001
100 0 0
*parity 0 single
birth 1 F single 0
14 0 0
15 0 0
16 0 .00002
17 0 .00007
18 0 .00018
19 0 .00034
20 0 .00053
21 0 .00059
22 0 .00058
23 0 .00054
24 0 .00051
25 0 .00043
26 0 .00034
27 0 .00022
28 0 .00012
29 0 .00008
30 0 .00004
31 0 .00002
32 0 0
33 0 0
34 0 .00001
35 0 .00004
36 0 .00012
37 0 .00023
38 0 .00036
39 0 .00096
40 0 .00051
41 0 .00042
42 0 .00051
43 0 .00029
44 0 .0005
45 0 .00032
46 0 0
47 0 0
48 0 0
49 0 0
50 0 0
51 0 0
100 0 0
*parity 0 widowed
birth 1 F widowed 0
14 0 0
15 0 0
16 0 .00003
17 0 .00009
18 0 .23648
19 0 .36616
20 0 .24401
21 0 .27022
22 0 .50181
23 0 .00038
24 0 .34362
25 0 .23029
26 0 .00016
27 0 .10409
28 0 .00005
29 0 .01268
30 0 .00001
31 0 .00113
32 0 .00042
33 0 0
34 0 .0008
35 0 .00097
36 0 .00099
37 0 .00197
38 0 .00152
39 0 .00119
40 0 .00074
41 0 .00091
42 0 .00051
43 0 .00092
44 0 0
45 0 0
46 0 0
47 0 0
48 0 0
49 0 0
50 0 0
51 0 0
100 0 0
*parity 0 divorced
birth 1 F divorced 0
14 0 0
15 0 0
16 0 .00003
17 0 .00009
18 0 .23648
19 0 .36616
20 0 .24401
21 0 .27022
22 0 .50181
23 0 .00038
24 0 .34362
25 0 .23029
26 0 .00016
27 0 .10409
28 0 .00005
29 0 .01268
30 0 .00001
31 0 .00113
32 0 .00042
33 0 0
34 0 .0008
35 0 .00097
36 0 .00099
37 0 .00197
38 0 .00152
39 0 .00119
40 0 .00074
41 0 .00091
42 0 .00051
43 0 .00092
44 0 0
45 0 0
46 0 0
47 0 0
48 0 0
49 0 0
50 0 0
51 0 0
100 0 0
*parity 1 married
birth 1 F married 1
14 0 0
15 0 .00001
16 0 .00009
17 0 .00034
18 0 .03614
19 0 .14828
20 0 .22055
21 0 1
22 0 .36293
23 0 .29164
24 0 .31423
25 0 .19102
26 0 .12446
27 0 .10366
28 0 1
29 0 .44462
30 0 .78679
31 0 .00124
32 0 .00087
33 0 .24509
34 0 .43577
35 0 .18457
36 0 .16214
37 0 .21785
38 0 .01253
39 0 .01986
40 0 .00874
41 0 .00593
42 0 .00671
43 0 .00369
44 0 .00613
45 0 .00792
46 0 .00557
47 0 .00392
48 0 .00001
49 0 .00001
50 0 .00001
51 0 .00001
100 0 0
*parity 1 single
birth 1 F single 1
14 0 0
15 0 0
16 0 0
17 0 .00001
18 0 .00004
19 0 .03537
20 0 .06138
21 0 .04333
22 0 .02525
23 0 .03247
24 0 .03748
25 0 .12152
26 0 .22268
27 0 .17723
28 0 .12031
29 0 .08839
30 0 .00007
31 0 .01005
32 0 .00213
33 0 .00056
34 0 .00034
35 0 .00032
36 0 .00036
37 0 .00048
38 0 .00071
39 0 .00053
40 0 .00041
41 0 .00074
42 0 .0005
43 0 .00023
44 0 .00021
45 0 .00016
46 0 .00022
47 0 .00031
48 0 .00007
49 0 .00005
50 0 .0001
51 0 0
100 0 0
*parity 1 widowed
birth 1 F widowed 1
14 0 0
15 0 0
16 0 0
17 0 .00002
18 0 .00005
19 0 .13229
20 0 .07652
21 0 .00028
22 0 .09444
23 0 .00035
24 0 .00034
25 0 .0003
26 0 .0694
27 0 .22093
28 0 .00016
29 0 .00012
30 0 .00009
31 0 .00006
32 0 .03716
33 0 .00003
34 0 .0216
35 0 .00002
36 0 .00002
37 0 .00002
38 0 .00264
39 0 .00123
40 0 .00165
41 0 .00092
42 0 .00432
43 0 .00042
44 0 .0002
45 0 .00029
46 0 .00008
47 0 .00039
48 0 0
49 0 0
50 0 .00006
51 0 .00004
100 0 0
*parity 1 divorced
birth 1 F divorced 1
14 0 0
15 0 0
16 0 0
17 0 .00002
18 0 .00005
19 0 .13229
20 0 .07652
21 0 .00028
22 0 .09444
23 0 .00035
24 0 .00034
25 0 .0003
26 0 .0694
27 0 .22093
28 0 .00016
29 0 .00012
30 0 .00009
31 0 .00006
32 0 .03716
33 0 .00003
34 0 .0216
35 0 .00002
36 0 .00002
37 0 .00002
38 0 .00264
39 0 .00123
40 0 .00165
41 0 .00092
42 0 .00432
43 0 .00042
44 0 .0002
45 0 .00029
46 0 .00008
47 0 .00039
48 0 0
49 0 0
50 0 .00006
51 0 .00004
100 0 0
*parity 2 married
birth 1 F married 2
14 0 0
15 0 .00001
16 0 .00001
17 0 .00004
18 0 .00019
19 0 .01023
20 0 .01101
21 0 .01413
22 0 .01876
23 0 .01897
24 0 .01931
25 0 .02056
26 0 .02113
27 0 .02138
28 0 .02136
29 0 .01884
30 0 .02009
31 0 .01751
32 0 .01618
33 0 .01585
34 0 .01609
35 0 .01348
36 0 .01164
37 0 .01045
38 0 .01044
39 0 .00861
40 0 .00827
41 0 .00646
42 0 .00498
43 0 .0036
44 0 .00274
45 0 .0018
46 0 .00109
47 0 .00069
48 0 .00038
49 0 .00021
50 0 .0001
51 0 .00005
100 0 0
*parity 2 single
birth 1 F single 2
14 0 0
15 0 0
16 0 0
17 0 0
18 0 .00001
19 0 .00002
20 0 .0337
21 0 .03358
22 0 .03026
23 0 .04353
24 0 .07461
25 0 .03012
26 0 .03541
27 0 .03163
28 0 .04238
29 0 .02959
30 0 .01779
31 0 .01416
32 0 .01171
33 0 .01115
34 0 .00707
35 0 .0105
36 0 .00774
37 0 .00712
38 0 .0058
39 0 .00646
40 0 .00376
41 0 .0022
42 0 .00165
43 0 .00109
44 0 .00105
45 0 .00064
46 0 .00053
47 0 .0003
48 0 .00029
49 0 .00007
50 0 .00003
51 0 .00002
100 0 0
*parity 2 widowed
birth 1 F widowed 2
14 0 0
15 0 0
16 0 0
17 0 0
18 0 .00001
19 0 .03398
20 0 .02801
21 0 .02392
22 0 .0264
23 0 .02532
24 0 .01789
25 0 .01525
26 0 .01043
27 0 .01232
28 0 .00839
29 0 .00807
30 0 .0061
31 0 .00623
32 0 .00492
33 0 .0042
34 0 .00388
35 0 .00364
36 0 .00296
37 0 .00219
38 0 .00184
39 0 .00171
40 0 .00142
41 0 .00105
42 0 .00075
43 0 .00065
44 0 .00037
45 0 .00026
46 0 .00014
47 0 .00008
48 0 .00004
49 0 .00002
50 0 .00001
51 0 0
100 0 0
*parity 2 divorced
birth 1 F divorced 2
14 0 0
15 0 0
16 0 0
17 0 0
18 0 .00001
19 0 .03398
20 0 .02801
21 0 .02392
22 0 .0264
23 0 .02532
24 0 .01789
25 0 .01525
26 0 .01043
27 0 .01232
28 0 .00839
29 0 .00807
30 0 .0061
31 0 .00623
32 0 .00492
33 0 .0042
34 0 .00388
35 0 .00364
36 0 .00296
37 0 .00219
38 0 .00184
39 0 .00171
40 0 .00142
41 0 .00105
42 0 .00075
43 0 .00065
44 0 .00037
45 0 .00026
46 0 .00014
47 0 .00008
48 0 .00004
49 0 .00002
50 0 .00001
51 0 0
100 0 0
