*parity 0 married
birth 1 F married 0
14 0 0
15 0 .00018
16 0 .00071
17 0 .07017
18 0 .05188
19 0 .07305
20 0 .05603
21 0 .04874
22 0 .05923
23 0 .03517
24 0 .04256
25 0 .03529
26 0 .03873
27 0 .02868
28 0 .02919
29 0 .02307
30 0 .01847
31 0 .01933
32 0 .01331
33 0 .00763
34 0 .00409
35 0 .00262
36 0 .0022
37 0 .00137
38 0 .00102
39 0 .00071
40 0 .00049
41 0 .0003
42 0 .00021
43 0 .00014
44 0 .00008
45 0 .00005
46 0 .00003
47 0 .00002
48 0 .00001
49 0 0
50 0 0
51 0 0
100 0 0
*parity 0 single
birth 1 F single 0
14 0 0
15 0 .00006
16 0 .00025
17 0 .00049
18 0 .00082
19 0 .00115
20 0 .0014
21 0 .00149
22 0 .00147
23 0 .00152
24 0 .00145
25 0 .00143
26 0 .0014
27 0 .00151
28 0 .00137
29 0 .00135
30 0 .00128
31 0 .00108
32 0 .00103
33 0 .00087
34 0 .0009
35 0 .00083
36 0 .00085
37 0 .00085
38 0 .00091
39 0 .00078
40 0 .00082
41 0 .0005
42 0 .0004
43 0 .00026
44 0 .00029
45 0 .00015
46 0 .00013
47 0 .00008
48 0 .00004
49 0 .00001
50 0 0
51 0 0
100 0 0
*parity 0 widowed
birth 1 F widowed 0
14 0 0
15 0 .00001
16 0 .00005
17 0 .08019
18 0 .00015
19 0 .03444
20 0 .00024
21 0 .21237
22 0 .09097
23 0 .04585
24 0 .04408
25 0 .00019
26 0 .03209
27 0 .04917
28 0 .01936
29 0 .0186
30 0 .01032
31 0 .01191
32 0 .0195
33 0 .00926
34 0 .00368
35 0 .00288
36 0 .00217
37 0 .00079
38 0 .00059
39 0 .00038
40 0 .00016
41 0 .00017
42 0 .00011
43 0 .00005
44 0 .00003
45 0 .00002
46 0 .00001
47 0 0
48 0 0
49 0 0
50 0 0
51 0 0
100 0 0
*parity 0 divorced
birth 1 F divorced 0
14 0 0
15 0 .00001
16 0 .00005
17 0 .08019
18 0 .00015
19 0 .03444
20 0 .00024
21 0 .21237
22 0 .09097
23 0 .04585
24 0 .04408
25 0 .00019
26 0 .03209
27 0 .04917
28 0 .01936
29 0 .0186
30 0 .01032
31 0 .01191
32 0 .0195
33 0 .00926
34 0 .00368
35 0 .00288
36 0 .00217
37 0 .00079
38 0 .00059
39 0 .00038
40 0 .00016
41 0 .00017
42 0 .00011
43 0 .00005
44 0 .00003
45 0 .00002
46 0 .00001
47 0 0
48 0 0
49 0 0
50 0 0
51 0 0
100 0 0
*parity 1 married
birth 1 F married 1
14 0 0
15 0 0
16 0 .00004
17 0 .00014
18 0 .02311
19 0 .02257
20 0 .02248
21 0 .0282
22 0 .03543
23 0 .04292
24 0 .05154
25 0 .0475
26 0 .08473
27 0 .06353
28 0 .04929
29 0 .03651
30 0 .04696
31 0 .03487
32 0 .03398
33 0 .02988
34 0 .0266
35 0 .02368
36 0 .01377
37 0 .00906
38 0 .00822
39 0 .00647
40 0 .00318
41 0 .00381
42 0 .00311
43 0 .00157
44 0 .00085
45 0 .00044
46 0 .00017
47 0 .0001
48 0 .00004
49 0 .00002
50 0 0
51 0 0
100 0 0
*parity 1 single
birth 1 F single 1
14 0 0
15 0 0
16 0 .00001
17 0 .04075
18 0 .01788
19 0 .01612
20 0 .02877
21 0 .03021
22 0 .0253
23 0 .01893
24 0 .02798
25 0 .01979
26 0 .02421
27 0 .02814
28 0 .03433
29 0 .04401
30 0 .02516
31 0 .01888
32 0 .01644
33 0 .01724
34 0 .02059
35 0 .04228
36 0 .02841
37 0 .02819
38 0 .0136
39 0 .05082
40 0 .01304
41 0 .02582
42 0 .01723
43 0 .02137
44 0 .01215
45 0 .00638
46 0 0
47 0 .00155
48 0 0
49 0 0
50 0 0
51 0 .00003
100 0 0
*parity 1 widowed
birth 1 F widowed 1
14 0 0
15 0 0
16 0 0
17 0 .00001
18 0 .00003
19 0 .04191
20 0 .03452
21 0 .09669
22 0 .03543
23 0 .12875
24 0 .02332
25 0 .03563
26 0 .02905
27 0 .04689
28 0 .01373
29 0 .02816
30 0 .01454
31 0 .03902
32 0 .05097
33 0 .02241
34 0 .0247
35 0 .00846
36 0 .01023
37 0 .00282
38 0 .00428
39 0 .00169
40 0 .00174
41 0 .00258
42 0 .00049
43 0 .00047
44 0 .00019
45 0 .0001
46 0 .00004
47 0 .00001
48 0 .00001
49 0 0
50 0 0
51 0 0
100 0 0
*parity 1 divorced
birth 1 F divorced 1
14 0 0
15 0 0
16 0 0
17 0 .00001
18 0 .00003
19 0 .04191
20 0 .03452
21 0 .09669
22 0 .03543
23 0 .12875
24 0 .02332
25 0 .03563
26 0 .02905
27 0 .04689
28 0 .01373
29 0 .02816
30 0 .01454
31 0 .03902
32 0 .05097
33 0 .02241
34 0 .0247
35 0 .00846
36 0 .01023
37 0 .00282
38 0 .00428
39 0 .00169
40 0 .00174
41 0 .00258
42 0 .00049
43 0 .00047
44 0 .00019
45 0 .0001
46 0 .00004
47 0 .00001
48 0 .00001
49 0 0
50 0 0
51 0 0
100 0 0
*parity 2 married
birth 1 F married 2
14 0 0
15 0 0
16 0 0
17 0 .00001
18 0 .00004
19 0 .01502
20 0 .01067
21 0 .0125
22 0 .01099
23 0 .01134
24 0 .01171
25 0 .01309
26 0 .00885
27 0 .00839
28 0 .01071
29 0 .00918
30 0 .00853
31 0 .00829
32 0 .00729
33 0 .00725
34 0 .00587
35 0 .00508
36 0 .00402
37 0 .00387
38 0 .00299
39 0 .00256
40 0 .00234
41 0 .00164
42 0 .0012
43 0 .00086
44 0 .00062
45 0 .0004
46 0 .00024
47 0 .00014
48 0 .00007
49 0 .00003
50 0 .00001
51 0 0
100 0 0
*parity 2 single
birth 1 F single 2
14 0 0
15 0 0
16 0 0
17 0 0
18 0 .00002
19 0 .00005
20 0 .01677
21 0 .01953
22 0 .01963
23 0 .01663
24 0 .01488
25 0 .01417
26 0 .01977
27 0 .01161
28 0 .01217
29 0 .01281
30 0 .01076
31 0 .00869
32 0 .00957
33 0 .00914
34 0 .01105
35 0 .01167
36 0 .00979
37 0 .01318
38 0 .00854
39 0 .01262
40 0 .01065
41 0 .01589
42 0 .0106
43 0 .00643
44 0 .00694
45 0 .00442
46 0 .00312
47 0 .00107
48 0 .00082
49 0 .00045
50 0 .00016
51 0 .00007
100 0 0
*parity 2 widowed
birth 1 F widowed 2
14 0 0
15 0 0
16 0 0
17 0 0
18 0 0
19 0 .00001
20 0 .01677
21 0 .01562
22 0 .0144
23 0 .00903
24 0 .00365
25 0 .00492
26 0 .01186
27 0 .00517
28 0 .00338
29 0 .00331
30 0 .00353
31 0 .00406
32 0 .00191
33 0 .00211
34 0 .00182
35 0 .00183
36 0 .00141
37 0 .00121
38 0 .001
39 0 .00065
40 0 .00053
41 0 .0004
42 0 .00025
43 0 .00021
44 0 .00012
45 0 .00007
46 0 .00005
47 0 .00003
48 0 .00001
49 0 .00001
50 0 0
51 0 0
100 0 0
*parity 2 divorced
birth 1 F divorced 2
14 0 0
15 0 0
16 0 0
17 0 0
18 0 0
19 0 .00001
20 0 .01677
21 0 .01562
22 0 .0144
23 0 .00903
24 0 .00365
25 0 .00492
26 0 .01186
27 0 .00517
28 0 .00338
29 0 .00331
30 0 .00353
31 0 .00406
32 0 .00191
33 0 .00211
34 0 .00182
35 0 .00183
36 0 .00141
37 0 .00121
38 0 .001
39 0 .00065
40 0 .00053
41 0 .0004
42 0 .00025
43 0 .00021
44 0 .00012
45 0 .00007
46 0 .00005
47 0 .00003
48 0 .00001
49 0 .00001
50 0 0
51 0 0
100 0 0
