*parity 0 married
birth 1 F married 0
14 0 0
15 0 .00018
16 0 .00073
17 0 .06951
18 0 .05782
19 0 .06517
20 0 .09657
21 0 .0691
22 0 .08757
23 0 .13389
24 0 .21225
25 0 .50287
26 0 .35631
27 0 .58195
28 0 1
29 0 .4769
30 0 .84093
31 0 .56725
32 0 1
33 0 .12411
34 0 .03616
35 0 .01421
36 0 .0076
37 0 .00426
38 0 .00222
39 0 .00107
40 0 .00083
41 0 .00064
42 0 .00047
43 0 .00026
44 0 .00017
45 0 .00012
46 0 .00006
47 0 .00004
48 0 .00002
49 0 0
50 0 0
51 0 0
100 0 0
*parity 0 single
birth 1 F single 0
14 0 0
15 0 .00006
16 0 .00024
17 0 .00046
18 0 .00077
19 0 .00107
20 0 .0013
21 0 .00144
22 0 .00143
23 0 .00138
24 0 .00138
25 0 .00137
26 0 .00139
27 0 .00143
28 0 .00131
29 0 .0012
30 0 .00116
31 0 .001
32 0 .00099
33 0 .00088
34 0 .00086
35 0 .00088
36 0 .00076
37 0 .00076
38 0 .00064
39 0 .0006
40 0 .00069
41 0 .0006
42 0 .00046
43 0 .00031
44 0 .00019
45 0 .00013
46 0 .0001
47 0 .00006
48 0 .00002
49 0 .00001
50 0 0
51 0 0
100 0 0
*parity 0 widowed
birth 1 F widowed 0
14 0 0
15 0 .00001
16 0 .00005
17 0 .1397
18 0 .00015
19 0 .28455
20 0 .15394
21 0 .33523
22 0 .1578
23 0 .00021
24 0 .27949
25 0 .00019
26 0 .00018
27 0 .00017
28 0 .00015
29 0 .00014
30 0 .00012
31 0 .0001
32 0 .00008
33 0 .00007
34 0 .08019
35 0 .06501
36 0 .01224
37 0 .01328
38 0 .00503
39 0 .00163
40 0 .00184
41 0 .00062
42 0 .00031
43 0 .00019
44 0 .00011
45 0 .00008
46 0 .00003
47 0 .00001
48 0 .00001
49 0 0
50 0 0
51 0 0
100 0 0
*parity 0 divorced
birth 1 F divorced 0
14 0 0
15 0 .00001
16 0 .00005
17 0 .1397
18 0 .00015
19 0 .28455
20 0 .15394
21 0 .33523
22 0 .1578
23 0 .00021
24 0 .27949
25 0 .00019
26 0 .00018
27 0 .00017
28 0 .00015
29 0 .00014
30 0 .00012
31 0 .0001
32 0 .00008
33 0 .00007
34 0 .08019
35 0 .06501
36 0 .01224
37 0 .01328
38 0 .00503
39 0 .00163
40 0 .00184
41 0 .00062
42 0 .00031
43 0 .00019
44 0 .00011
45 0 .00008
46 0 .00003
47 0 .00001
48 0 .00001
49 0 0
50 0 0
51 0 0
100 0 0
*parity 1 married
birth 1 F married 1
14 0 0
15 0 0
16 0 .00004
17 0 .00014
18 0 .02923
19 0 .03331
20 0 .0221
21 0 .01898
22 0 .01942
23 0 .02075
24 0 .01882
25 0 .02051
26 0 .01949
27 0 .0182
28 0 .01954
29 0 .01972
30 0 .01853
31 0 .01977
32 0 .01321
33 0 .0104
34 0 .00794
35 0 .00577
36 0 .00521
37 0 .00428
38 0 .00348
39 0 .00358
40 0 .00229
41 0 .00139
42 0 .00068
43 0 .00049
44 0 .00027
45 0 .00014
46 0 .00007
47 0 .00003
48 0 .00001
49 0 0
50 0 0
51 0 0
100 0 0
*parity 1 single
birth 1 F single 1
14 0 0
15 0 0
16 0 .00001
17 0 .02238
18 0 .03449
19 0 .0234
20 0 .02052
21 0 .02005
22 0 .02422
23 0 .02138
24 0 .02439
25 0 .01947
26 0 .01762
27 0 .02322
28 0 .02446
29 0 .03623
30 0 .04145
31 0 .02856
32 0 .02353
33 0 .0225
34 0 .02875
35 0 .02825
36 0 .08534
37 0 .13805
38 0 .04173
39 0 .05246
40 0 .00008
41 0 .02504
42 0 .04928
43 0 .01523
44 0 .00915
45 0 .00001
46 0 .00246
47 0 .00236
48 0 .00098
49 0 .00016
50 0 0
51 0 0
100 0 0
*parity 1 widowed
birth 1 F widowed 1
14 0 0
15 0 0
16 0 0
17 0 .00001
18 0 .00003
19 0 .00005
20 0 .03471
21 0 .05087
22 0 .06146
23 0 .02461
24 0 .02772
25 0 .01837
26 0 .06147
27 0 .01923
28 0 .11377
29 0 .07151
30 0 .0224
31 0 .01486
32 0 .01327
33 0 .01427
34 0 .0231
35 0 .00869
36 0 .00516
37 0 .00188
38 0 .0021
39 0 .00158
40 0 .001
41 0 .00045
42 0 .00024
43 0 .00012
44 0 .00007
45 0 .00004
46 0 .00002
47 0 .00001
48 0 0
49 0 0
50 0 0
51 0 0
100 0 0
*parity 1 divorced
birth 1 F divorced 1
14 0 0
15 0 0
16 0 0
17 0 .00001
18 0 .00003
19 0 .00005
20 0 .03471
21 0 .05087
22 0 .06146
23 0 .02461
24 0 .02772
25 0 .01837
26 0 .06147
27 0 .01923
28 0 .11377
29 0 .07151
30 0 .0224
31 0 .01486
32 0 .01327
33 0 .01427
34 0 .0231
35 0 .00869
36 0 .00516
37 0 .00188
38 0 .0021
39 0 .00158
40 0 .001
41 0 .00045
42 0 .00024
43 0 .00012
44 0 .00007
45 0 .00004
46 0 .00002
47 0 .00001
48 0 0
49 0 0
50 0 0
51 0 0
100 0 0
*parity 2 married
birth 1 F married 2
14 0 0
15 0 0
16 0 0
17 0 .00001
18 0 .00597
19 0 .00895
20 0 .00849
21 0 .01112
22 0 .01257
23 0 .0133
24 0 .01267
25 0 .01125
26 0 .01015
27 0 .00932
28 0 .00939
29 0 .00858
30 0 .0076
31 0 .00683
32 0 .00624
33 0 .00534
34 0 .00448
35 0 .00397
36 0 .0034
37 0 .00274
38 0 .00258
39 0 .0022
40 0 .00167
41 0 .00123
42 0 .00097
43 0 .00074
44 0 .0005
45 0 .0003
46 0 .00018
47 0 .00011
48 0 .00006
49 0 .00003
50 0 .00001
51 0 0
100 0 0
*parity 2 single
birth 1 F single 2
14 0 0
15 0 0
16 0 0
17 0 .00267
18 0 .02152
19 0 .02934
20 0 .01496
21 0 .01227
22 0 .01074
23 0 .01558
24 0 .01204
25 0 .01215
26 0 .01295
27 0 .0097
28 0 .01096
29 0 .01208
30 0 .00947
31 0 .01045
32 0 .00877
33 0 .01128
34 0 .01008
35 0 .00945
36 0 .00926
37 0 .01049
38 0 .01008
39 0 .0107
40 0 .00974
41 0 .00645
42 0 .01061
43 0 .00556
44 0 .00523
45 0 .00332
46 0 .00362
47 0 .00223
48 0 .00079
49 0 .0006
50 0 .00021
51 0 .00005
100 0 0
*parity 2 widowed
birth 1 F widowed 2
14 0 0
15 0 0
16 0 0
17 0 0
18 0 0
19 0 .01241
20 0 .0253
21 0 .00004
22 0 .01249
23 0 .00777
24 0 .00979
25 0 .01045
26 0 .00723
27 0 .00602
28 0 .00412
29 0 .0045
30 0 .00433
31 0 .00402
32 0 .0026
33 0 .00233
34 0 .00208
35 0 .00163
36 0 .0014
37 0 .00135
38 0 .00085
39 0 .00068
40 0 .00046
41 0 .0004
42 0 .00026
43 0 .00017
44 0 .00012
45 0 .00008
46 0 .00005
47 0 .00002
48 0 .00001
49 0 .00001
50 0 0
51 0 0
100 0 0
*parity 2 divorced
birth 1 F divorced 2
14 0 0
15 0 0
16 0 0
17 0 0
18 0 0
19 0 .01241
20 0 .0253
21 0 .00004
22 0 .01249
23 0 .00777
24 0 .00979
25 0 .01045
26 0 .00723
27 0 .00602
28 0 .00412
29 0 .0045
30 0 .00433
31 0 .00402
32 0 .0026
33 0 .00233
34 0 .00208
35 0 .00163
36 0 .0014
37 0 .00135
38 0 .00085
39 0 .00068
40 0 .00046
41 0 .0004
42 0 .00026
43 0 .00017
44 0 .00012
45 0 .00008
46 0 .00005
47 0 .00002
48 0 .00001
49 0 .00001
50 0 0
51 0 0
100 0 0
