*parity 0 married
birth 1 F married 0
14 0 0
15 0 .00022
16 0 .00091
17 0 .04723
18 0 .05473
19 0 .04427
20 0 .04628
21 0 .05576
22 0 .05667
23 0 .0534
24 0 .05059
25 0 .03833
26 0 .05768
27 0 .04258
28 0 .03189
29 0 .02615
30 0 .02059
31 0 .01459
32 0 .01185
33 0 .00885
34 0 .00777
35 0 .00594
36 0 .00455
37 0 .00361
38 0 .00245
39 0 .00186
40 0 .00166
41 0 .00097
42 0 .00064
43 0 .00037
44 0 .00025
45 0 .00014
46 0 .00008
47 0 .00005
48 0 .00003
49 0 .00001
50 0 0
51 0 0
100 0 0
*parity 0 single
birth 1 F single 0
14 0 0
15 0 .00002
16 0 .0001
17 0 .0002
18 0 .00034
19 0 .00052
20 0 .00065
21 0 .00069
22 0 .00073
23 0 .00073
24 0 .00073
25 0 .00074
26 0 .00073
27 0 .00078
28 0 .00088
29 0 .00094
30 0 .00098
31 0 .00096
32 0 .00103
33 0 .00112
34 0 .0011
35 0 .00099
36 0 .00099
37 0 .00077
38 0 .0008
39 0 .00072
40 0 .00066
41 0 .00048
42 0 .00037
43 0 .00031
44 0 .00028
45 0 .00016
46 0 .00009
47 0 .00007
48 0 .00003
49 0 .00001
50 0 0
51 0 0
100 0 0
*parity 0 widowed
birth 1 F widowed 0
14 0 0
15 0 .00001
16 0 .00005
17 0 .00009
18 0 .00015
19 0 .06495
20 0 .05062
21 0 .0418
22 0 .00023
23 0 .30024
24 0 .08669
25 0 .23602
26 0 .21311
27 0 .06917
28 0 .03757
29 0 .02083
30 0 .00821
31 0 .00999
32 0 .00519
33 0 .00314
34 0 .00168
35 0 .00091
36 0 .00086
37 0 .00051
38 0 .00032
39 0 .00026
40 0 .0002
41 0 .00012
42 0 .00008
43 0 .00004
44 0 .00002
45 0 .00002
46 0 .00001
47 0 0
48 0 0
49 0 0
50 0 0
51 0 0
100 0 0
*parity 0 divorced
birth 1 F divorced 0
14 0 0
15 0 .00001
16 0 .00005
17 0 .00009
18 0 .00015
19 0 .06495
20 0 .05062
21 0 .0418
22 0 .00023
23 0 .30024
24 0 .08669
25 0 .23602
26 0 .21311
27 0 .06917
28 0 .03757
29 0 .02083
30 0 .00821
31 0 .00999
32 0 .00519
33 0 .00314
34 0 .00168
35 0 .00091
36 0 .00086
37 0 .00051
38 0 .00032
39 0 .00026
40 0 .0002
41 0 .00012
42 0 .00008
43 0 .00004
44 0 .00002
45 0 .00002
46 0 .00001
47 0 0
48 0 0
49 0 0
50 0 0
51 0 0
100 0 0
*parity 1 married
birth 1 F married 1
14 0 0
15 0 0
16 0 .00005
17 0 .27915
18 0 .10483
19 0 .03187
20 0 .01851
21 0 .0202
22 0 .0181
23 0 .0186
24 0 .0185
25 0 .02083
26 0 .02181
27 0 .01924
28 0 .01726
29 0 .0144
30 0 .01361
31 0 .01422
32 0 .0122
33 0 .01096
34 0 .0103
35 0 .01234
36 0 .00887
37 0 .007
38 0 .00712
39 0 .00571
40 0 .00325
41 0 .00217
42 0 .00142
43 0 .00098
44 0 .00059
45 0 .00026
46 0 .00014
47 0 .00008
48 0 .00003
49 0 .00001
50 0 0
51 0 0
100 0 0
*parity 1 single
birth 1 F single 1
14 0 0
15 0 0
16 0 .00001
17 0 .01029
18 0 .04058
19 0 .01692
20 0 .02326
21 0 .02427
22 0 .0204
23 0 .01941
24 0 .04865
25 0 .06156
26 0 .05156
27 0 .07057
28 0 .10163
29 0 .09598
30 0 .10045
31 0 .09083
32 0 .10481
33 0 .27396
34 0 .00016
35 0 .00013
36 0 .03901
37 0 .13077
38 0 .00006
39 0 .07953
40 0 .05958
41 0 .00002
42 0 .00001
43 0 .00001
44 0 .00311
45 0 0
46 0 0
47 0 .00112
48 0 0
49 0 0
50 0 0
51 0 .00002
100 0 0
*parity 1 widowed
birth 1 F widowed 1
14 0 0
15 0 0
16 0 0
17 0 .00001
18 0 .01965
19 0 .0091
20 0 .02478
21 0 .01175
22 0 .00691
23 0 .00721
24 0 .00642
25 0 .00719
26 0 .00832
27 0 .0041
28 0 .00386
29 0 .00321
30 0 .00259
31 0 .00241
32 0 .00175
33 0 .00121
34 0 .00117
35 0 .00115
36 0 .00087
37 0 .0006
38 0 .00052
39 0 .00039
40 0 .00023
41 0 .00014
42 0 .00008
43 0 .00005
44 0 .00003
45 0 .00002
46 0 .00001
47 0 0
48 0 0
49 0 0
50 0 0
51 0 0
100 0 0
*parity 1 divorced
birth 1 F divorced 1
14 0 0
15 0 0
16 0 0
17 0 .00001
18 0 .01965
19 0 .0091
20 0 .02478
21 0 .01175
22 0 .00691
23 0 .00721
24 0 .00642
25 0 .00719
26 0 .00832
27 0 .0041
28 0 .00386
29 0 .00321
30 0 .00259
31 0 .00241
32 0 .00175
33 0 .00121
34 0 .00117
35 0 .00115
36 0 .00087
37 0 .0006
38 0 .00052
39 0 .00039
40 0 .00023
41 0 .00014
42 0 .00008
43 0 .00005
44 0 .00003
45 0 .00002
46 0 .00001
47 0 0
48 0 0
49 0 0
50 0 0
51 0 0
100 0 0
*parity 2 married
birth 1 F married 2
14 0 0
15 0 0
16 0 0
17 0 .00002
18 0 .00365
19 0 .00573
20 0 .01451
21 0 .01998
22 0 .01508
23 0 .01589
24 0 .01647
25 0 .01356
26 0 .01092
27 0 .01105
28 0 .01081
29 0 .01004
30 0 .00971
31 0 .00838
32 0 .00796
33 0 .00716
34 0 .00627
35 0 .00544
36 0 .00478
37 0 .00455
38 0 .00403
39 0 .00323
40 0 .00266
41 0 .00225
42 0 .00176
43 0 .00136
44 0 .00091
45 0 .00064
46 0 .00038
47 0 .00022
48 0 .00011
49 0 .00006
50 0 .00002
51 0 .00001
100 0 0
*parity 2 single
birth 1 F single 2
14 0 0
15 0 0
16 0 0
17 0 0
18 0 .00001
19 0 .01584
20 0 .01097
21 0 .01574
22 0 .02693
23 0 .02407
24 0 .0165
25 0 .01229
26 0 .0157
27 0 .01635
28 0 .01152
29 0 .0138
30 0 .01963
31 0 .01721
32 0 .02548
33 0 .0232
34 0 .02008
35 0 .01723
36 0 .02751
37 0 .02428
38 0 .02334
39 0 .03882
40 0 .02348
41 0 .01757
42 0 .02314
43 0 .01117
44 0 .01781
45 0 .0153
46 0 .01314
47 0 .00488
48 0 .00329
49 0 .00173
50 0 .00025
51 0 .00048
100 0 0
*parity 2 widowed
birth 1 F widowed 2
14 0 0
15 0 0
16 0 0
17 0 0
18 0 .00509
19 0 .00001
20 0 .01593
21 0 .02033
22 0 .01014
23 0 .00728
24 0 .00438
25 0 .00595
26 0 .00398
27 0 .00373
28 0 .00248
29 0 .0028
30 0 .00212
31 0 .00194
32 0 .00146
33 0 .00141
34 0 .00112
35 0 .0009
36 0 .00085
37 0 .00067
38 0 .0005
39 0 .00043
40 0 .00035
41 0 .00026
42 0 .00019
43 0 .00013
44 0 .0001
45 0 .00006
46 0 .00003
47 0 .00002
48 0 .00001
49 0 0
50 0 0
51 0 0
100 0 0
*parity 2 divorced
birth 1 F divorced 2
14 0 0
15 0 0
16 0 0
17 0 0
18 0 .00509
19 0 .00001
20 0 .01593
21 0 .02033
22 0 .01014
23 0 .00728
24 0 .00438
25 0 .00595
26 0 .00398
27 0 .00373
28 0 .00248
29 0 .0028
30 0 .00212
31 0 .00194
32 0 .00146
33 0 .00141
34 0 .00112
35 0 .0009
36 0 .00085
37 0 .00067
38 0 .0005
39 0 .00043
40 0 .00035
41 0 .00026
42 0 .00019
43 0 .00013
44 0 .0001
45 0 .00006
46 0 .00003
47 0 .00002
48 0 .00001
49 0 0
50 0 0
51 0 0
100 0 0
