*parity all married
birth 1 F married 0
14 0 0
15 0 .01047
16 0 .00994
17 0 .01035
18 0 .01196
19 0 .01528
20 0 .01958
21 0 .02328
22 0 .02536
23 0 .02602
24 0 .02584
25 0 .02452
26 0 .02242
27 0 .01988
28 0 .01806
29 0 .01671
30 0 .01617
31 0 .01518
32 0 .0149
33 0 .0148
34 0 .01546
35 0 .01588
36 0 .01627
37 0 .01642
38 0 .01658
39 0 .01641
40 0 .01608
41 0 .01501
42 0 .01413
43 0 .01328
44 0 .0127
45 0 .01209
46 0 .01157
47 0 .01128
48 0 .01105
49 0 .01092
50 0 .01084
51 0 .0108
100 0 0
*parity all single
birth 1 F single 0
14 0 0
15 0 .01047
16 0 .00994
17 0 .01035
18 0 .01196
19 0 .01528
20 0 .01958
21 0 .02328
22 0 .02536
23 0 .02602
24 0 .02584
25 0 .02452
26 0 .02242
27 0 .01988
28 0 .01806
29 0 .01671
30 0 .01617
31 0 .01518
32 0 .0149
33 0 .0148
34 0 .01546
35 0 .01588
36 0 .01627
37 0 .01642
38 0 .01658
39 0 .01641
40 0 .01608
41 0 .01501
42 0 .01413
43 0 .01328
44 0 .0127
45 0 .01209
46 0 .01157
47 0 .01128
48 0 .01105
49 0 .01092
50 0 .01084
51 0 .0108
100 0 0
*parity all widowed
birth 1 F widowed 0
14 0 0
15 0 .01047
16 0 .00994
17 0 .01035
18 0 .01196
19 0 .01528
20 0 .01958
21 0 .02328
22 0 .02536
23 0 .02602
24 0 .02584
25 0 .02452
26 0 .02242
27 0 .01988
28 0 .01806
29 0 .01671
30 0 .01617
31 0 .01518
32 0 .0149
33 0 .0148
34 0 .01546
35 0 .01588
36 0 .01627
37 0 .01642
38 0 .01658
39 0 .01641
40 0 .01608
41 0 .01501
42 0 .01413
43 0 .01328
44 0 .0127
45 0 .01209
46 0 .01157
47 0 .01128
48 0 .01105
49 0 .01092
50 0 .01084
51 0 .0108
100 0 0
*parity all divorced
birth 1 F divorced 0
14 0 0
15 0 .01047
16 0 .00994
17 0 .01035
18 0 .01196
19 0 .01528
20 0 .01958
21 0 .02328
22 0 .02536
23 0 .02602
24 0 .02584
25 0 .02452
26 0 .02242
27 0 .01988
28 0 .01806
29 0 .01671
30 0 .01617
31 0 .01518
32 0 .0149
33 0 .0148
34 0 .01546
35 0 .01588
36 0 .01627
37 0 .01642
38 0 .01658
39 0 .01641
40 0 .01608
41 0 .01501
42 0 .01413
43 0 .01328
44 0 .0127
45 0 .01209
46 0 .01157
47 0 .01128
48 0 .01105
49 0 .01092
50 0 .01084
51 0 .0108
100 0 0
