*parity 0 married
birth 1 F married 0
14 0 0
15 0 .0002
16 0 .00097
17 0 .04928
18 0 .04122
19 0 .04491
20 0 .06807
21 0 .0777
22 0 .15076
23 0 .15528
24 0 .27782
25 0 .21694
26 0 .41968
27 0 .00327
28 0 .44286
29 0 .14726
30 0 .03885
31 0 .08371
32 0 .14629
33 0 .3002
34 0 .03213
35 0 .02509
36 0 .02283
37 0 .01877
38 0 .10656
39 0 .1522
40 0 .1095
41 0 .00016
42 0 .02011
43 0 .00007
44 0 .01132
45 0 .00275
46 0 .00637
47 0 .00001
48 0 0
49 0 .00061
50 0 .00002
51 0 0
100 0 0
*parity 0 single
birth 1 F single 0
14 0 0
15 0 0
16 0 0
17 0 0
18 0 .00001
19 0 .00002
20 0 .00002
21 0 .00003
22 0 .00003
23 0 .00002
24 0 .00002
25 0 .00002
26 0 .00002
27 0 .00002
28 0 .00001
29 0 .00001
30 0 .00001
31 0 .00001
32 0 .00001
33 0 .00001
34 0 .00001
35 0 .00001
36 0 .00001
37 0 .00001
38 0 .00001
39 0 .00001
40 0 .00001
41 0 .00003
42 0 .00001
43 0 .00003
44 0 .00001
45 0 .00003
46 0 .00001
47 0 0
48 0 0
49 0 0
50 0 0
51 0 0
100 0 0
*parity 0 widowed
birth 1 F widowed 0
14 0 0
15 0 0
16 0 .00001
17 0 .00002
18 0 .0152
19 0 .01513
20 0 .05083
21 0 .01816
22 0 .01785
23 0 .04666
24 0 .01897
25 0 .00005
26 0 .00004
27 0 .00507
28 0 .00807
29 0 .01207
30 0 .01132
31 0 .00001
32 0 .00666
33 0 .00001
34 0 .00001
35 0 .00001
36 0 .00291
37 0 .00256
38 0 .00032
39 0 .00035
40 0 .0005
41 0 .0004
42 0 .00027
43 0 0
44 0 .00021
45 0 .00002
46 0 .00003
47 0 .00001
48 0 0
49 0 0
50 0 0
51 0 0
100 0 0
*parity 0 divorced
birth 1 F divorced 0
14 0 0
15 0 0
16 0 .00001
17 0 .00002
18 0 .0152
19 0 .01513
20 0 .05083
21 0 .01816
22 0 .01785
23 0 .04666
24 0 .01897
25 0 .00005
26 0 .00004
27 0 .00507
28 0 .00807
29 0 .01207
30 0 .01132
31 0 .00001
32 0 .00666
33 0 .00001
34 0 .00001
35 0 .00001
36 0 .00291
37 0 .00256
38 0 .00032
39 0 .00035
40 0 .0005
41 0 .0004
42 0 .00027
43 0 0
44 0 .00021
45 0 .00002
46 0 .00003
47 0 .00001
48 0 0
49 0 0
50 0 0
51 0 0
100 0 0
*parity 1 married
birth 1 F married 1
14 0 0
15 0 0
16 0 .00008
17 0 .0003
18 0 .02598
19 0 .02792
20 0 .03868
21 0 .03775
22 0 .03878
23 0 .02799
24 0 .04189
25 0 .04289
26 0 .0426
27 0 .06388
28 0 .04607
29 0 .03613
30 0 .0305
31 0 .0227
32 0 .0427
33 0 .0336
34 0 .02904
35 0 .01672
36 0 .02182
37 0 .01828
38 0 .01474
39 0 .00638
40 0 .00336
41 0 .0022
42 0 .00184
43 0 .00112
44 0 .00065
45 0 .00038
46 0 .00024
47 0 .00011
48 0 .00003
49 0 .00002
50 0 .00001
51 0 .00001
100 0 0
*parity 1 single
birth 1 F single 1
14 0 0
15 0 0
16 0 0
17 0 0
18 0 0
19 0 0
20 0 .0047
21 0 .00001
22 0 .00816
23 0 .00001
24 0 .00001
25 0 .00001
26 0 .00001
27 0 .00595
28 0 .00001
29 0 .00001
30 0 .00001
31 0 .00308
32 0 0
33 0 .00105
34 0 .0004
35 0 .00033
36 0 .00012
37 0 .00005
38 0 .00002
39 0 .00003
40 0 .00003
41 0 .00003
42 0 .00002
43 0 .00002
44 0 .00001
45 0 .00001
46 0 0
47 0 0
48 0 0
49 0 0
50 0 0
51 0 0
100 0 0
*parity 1 widowed
birth 1 F widowed 1
14 0 0
15 0 0
16 0 0
17 0 0
18 0 .00001
19 0 .01398
20 0 .00003
21 0 .02957
22 0 .00918
23 0 .0077
24 0 .03624
25 0 .00605
26 0 .00805
27 0 .00892
28 0 .00577
29 0 .00369
30 0 .00451
31 0 .00231
32 0 .00113
33 0 .00237
34 0 .00102
35 0 .00198
36 0 .00166
37 0 .00087
38 0 .00107
39 0 .00019
40 0 .00014
41 0 .00008
42 0 .00006
43 0 .00003
44 0 .00002
45 0 .00001
46 0 0
47 0 0
48 0 0
49 0 0
50 0 0
51 0 0
100 0 0
*parity 1 divorced
birth 1 F divorced 1
14 0 0
15 0 0
16 0 0
17 0 0
18 0 .00001
19 0 .01398
20 0 .00003
21 0 .02957
22 0 .00918
23 0 .0077
24 0 .03624
25 0 .00605
26 0 .00805
27 0 .00892
28 0 .00577
29 0 .00369
30 0 .00451
31 0 .00231
32 0 .00113
33 0 .00237
34 0 .00102
35 0 .00198
36 0 .00166
37 0 .00087
38 0 .00107
39 0 .00019
40 0 .00014
41 0 .00008
42 0 .00006
43 0 .00003
44 0 .00002
45 0 .00001
46 0 0
47 0 0
48 0 0
49 0 0
50 0 0
51 0 0
100 0 0
*parity 2 married
birth 1 F married 2
14 0 0
15 0 0
16 0 .00001
17 0 .00003
18 0 .00014
19 0 .0206
20 0 .01275
21 0 .0165
22 0 .01779
23 0 .02498
24 0 .01985
25 0 .0202
26 0 .01701
27 0 .01588
28 0 .01525
29 0 .01404
30 0 .01406
31 0 .01291
32 0 .01128
33 0 .00922
34 0 .00921
35 0 .00833
36 0 .00798
37 0 .00736
38 0 .00631
39 0 .006
40 0 .00516
41 0 .00416
42 0 .00322
43 0 .00231
44 0 .00178
45 0 .00118
46 0 .00071
47 0 .00044
48 0 .00023
49 0 .00011
50 0 .00005
51 0 .00002
100 0 0
*parity 2 single
birth 1 F single 2
14 0 0
15 0 0
16 0 0
17 0 0
18 0 0
19 0 0
20 0 0
21 0 0
22 0 .00001
23 0 .00001
24 0 .00001
25 0 .00001
26 0 .00001
27 0 .00002
28 0 .00002
29 0 .00002
30 0 .01124
31 0 .00002
32 0 .00911
33 0 .00001
34 0 .00741
35 0 .00695
36 0 .00653
37 0 .0016
38 0 .00001
39 0 .00062
40 0 .00057
41 0 .0003
42 0 .00018
43 0 .00018
44 0 .00009
45 0 .0001
46 0 .00003
47 0 .00002
48 0 .00001
49 0 .00001
50 0 0
51 0 0
100 0 0
*parity 2 widowed
birth 1 F widowed 2
14 0 0
15 0 0
16 0 0
17 0 0
18 0 0
19 0 0
20 0 .00001
21 0 .00334
22 0 .00734
23 0 .01501
24 0 .00514
25 0 .00234
26 0 .0028
27 0 .00223
28 0 .00227
29 0 .00211
30 0 .00174
31 0 .00126
32 0 .00084
33 0 .00106
34 0 .00073
35 0 .00078
36 0 .00046
37 0 .00044
38 0 .00041
39 0 .00029
40 0 .0003
41 0 .00018
42 0 .00013
43 0 .00009
44 0 .00006
45 0 .00004
46 0 .00002
47 0 .00001
48 0 .00001
49 0 0
50 0 0
51 0 0
100 0 0
*parity 2 divorced
birth 1 F divorced 2
14 0 0
15 0 0
16 0 0
17 0 0
18 0 0
19 0 0
20 0 .00001
21 0 .00334
22 0 .00734
23 0 .01501
24 0 .00514
25 0 .00234
26 0 .0028
27 0 .00223
28 0 .00227
29 0 .00211
30 0 .00174
31 0 .00126
32 0 .00084
33 0 .00106
34 0 .00073
35 0 .00078
36 0 .00046
37 0 .00044
38 0 .00041
39 0 .00029
40 0 .0003
41 0 .00018
42 0 .00013
43 0 .00009
44 0 .00006
45 0 .00004
46 0 .00002
47 0 .00001
48 0 .00001
49 0 0
50 0 0
51 0 0
100 0 0
