*parity 0 married
birth 1 F married 0
14 0 0
15 0 .00024
16 0 .00103
17 0 .03479
18 0 .02521
19 0 .03015
20 0 .03179
21 0 .03399
22 0 .03264
23 0 .02979
24 0 .02846
25 0 .02914
26 0 .03064
27 0 .03774
28 0 .03441
29 0 .0406
30 0 .03634
31 0 .07428
32 0 .04538
33 0 .03857
34 0 .04037
35 0 .02223
36 0 .03229
37 0 .03694
38 0 .01962
39 0 .01562
40 0 .00614
41 0 .00231
42 0 .00114
43 0 .00066
44 0 .00046
45 0 .00023
46 0 .00017
47 0 .00009
48 0 .00004
49 0 .00001
50 0 0
51 0 0
100 0 0
*parity 0 single
birth 1 F single 0
14 0 0
15 0 0
16 0 .00002
17 0 .00004
18 0 .00007
19 0 .00011
20 0 .00015
21 0 .00017
22 0 .00019
23 0 .00019
24 0 .0002
25 0 .0002
26 0 .00022
27 0 .00021
28 0 .00026
29 0 .00022
30 0 .00023
31 0 .0002
32 0 .00021
33 0 .00019
34 0 .00017
35 0 .00016
36 0 .00014
37 0 .00012
38 0 .00008
39 0 .00009
40 0 .00009
41 0 .00006
42 0 .00005
43 0 .00003
44 0 .00001
45 0 .00001
46 0 .00001
47 0 0
48 0 0
49 0 0
50 0 0
51 0 0
100 0 0
*parity 0 widowed
birth 1 F widowed 0
14 0 0
15 0 .00001
16 0 .00004
17 0 .13568
18 0 .03734
19 0 .06135
20 0 .11972
21 0 .16059
22 0 .04669
23 0 .02156
24 0 .04234
25 0 .00017
26 0 .08502
27 0 .05311
28 0 .07264
29 0 .06366
30 0 .09938
31 0 .01941
32 0 .06387
33 0 .05274
34 0 .00004
35 0 .00827
36 0 .00454
37 0 .00297
38 0 .00263
39 0 .00149
40 0 .00144
41 0 .00063
42 0 .00019
43 0 .00017
44 0 .0001
45 0 .00005
46 0 .00003
47 0 .00001
48 0 .00001
49 0 0
50 0 0
51 0 0
100 0 0
*parity 0 divorced
birth 1 F divorced 0
14 0 0
15 0 .00001
16 0 .00004
17 0 .13568
18 0 .03734
19 0 .06135
20 0 .11972
21 0 .16059
22 0 .04669
23 0 .02156
24 0 .04234
25 0 .00017
26 0 .08502
27 0 .05311
28 0 .07264
29 0 .06366
30 0 .09938
31 0 .01941
32 0 .06387
33 0 .05274
34 0 .00004
35 0 .00827
36 0 .00454
37 0 .00297
38 0 .00263
39 0 .00149
40 0 .00144
41 0 .00063
42 0 .00019
43 0 .00017
44 0 .0001
45 0 .00005
46 0 .00003
47 0 .00001
48 0 .00001
49 0 0
50 0 0
51 0 0
100 0 0
*parity 1 married
birth 1 F married 1
14 0 0
15 0 0
16 0 .00006
17 0 .00023
18 0 .14538
19 0 .03763
20 0 .01718
21 0 .01808
22 0 .01987
23 0 .0231
24 0 .02331
25 0 .0256
26 0 .01901
27 0 .01757
28 0 .01749
29 0 .021
30 0 .02702
31 0 .03297
32 0 .03545
33 0 .03594
34 0 .03934
35 0 .03585
36 0 .03831
37 0 .02307
38 0 .02042
39 0 .01114
40 0 .00499
41 0 .00657
42 0 .00743
43 0 .0119
44 0 .00325
45 0 .00088
46 0 .00029
47 0 .00015
48 0 .00007
49 0 .00002
50 0 .00001
51 0 0
100 0 0
*parity 1 single
birth 1 F single 1
14 0 0
15 0 0
16 0 0
17 0 0
18 0 .00001
19 0 .01828
20 0 .00004
21 0 .02342
22 0 .04557
23 0 .02525
24 0 .11278
25 0 .09995
26 0 .00007
27 0 .03745
28 0 .03619
29 0 .03363
30 0 .05542
31 0 .00005
32 0 .00004
33 0 .03427
34 0 .00873
35 0 .02257
36 0 .00002
37 0 .01411
38 0 .00001
39 0 .00802
40 0 .00574
41 0 0
42 0 0
43 0 .00171
44 0 0
45 0 0
46 0 0
47 0 0
48 0 0
49 0 0
50 0 .00001
51 0 0
100 0 0
*parity 1 widowed
birth 1 F widowed 1
14 0 0
15 0 0
16 0 0
17 0 .00001
18 0 .00003
19 0 .04086
20 0 .01319
21 0 .01428
22 0 .00886
23 0 .00705
24 0 .00741
25 0 .00698
26 0 .00734
27 0 .00577
28 0 .00558
29 0 .00626
30 0 .0059
31 0 .00601
32 0 .00421
33 0 .00306
34 0 .00325
35 0 .00336
36 0 .00297
37 0 .0021
38 0 .00119
39 0 .00163
40 0 .00056
41 0 .0003
42 0 .0005
43 0 .00035
44 0 .00017
45 0 .00006
46 0 .00002
47 0 .00001
48 0 0
49 0 0
50 0 0
51 0 0
100 0 0
*parity 1 divorced
birth 1 F divorced 1
14 0 0
15 0 0
16 0 0
17 0 .00001
18 0 .00003
19 0 .04086
20 0 .01319
21 0 .01428
22 0 .00886
23 0 .00705
24 0 .00741
25 0 .00698
26 0 .00734
27 0 .00577
28 0 .00558
29 0 .00626
30 0 .0059
31 0 .00601
32 0 .00421
33 0 .00306
34 0 .00325
35 0 .00336
36 0 .00297
37 0 .0021
38 0 .00119
39 0 .00163
40 0 .00056
41 0 .0003
42 0 .0005
43 0 .00035
44 0 .00017
45 0 .00006
46 0 .00002
47 0 .00001
48 0 0
49 0 0
50 0 0
51 0 0
100 0 0
*parity 2 married
birth 1 F married 2
14 0 0
15 0 0
16 0 0
17 0 .00002
18 0 .00534
19 0 .00653
20 0 .02068
21 0 .02173
22 0 .01671
23 0 .01549
24 0 .01442
25 0 .01253
26 0 .01208
27 0 .01145
28 0 .00975
29 0 .00906
30 0 .00779
31 0 .00685
32 0 .00636
33 0 .00569
34 0 .00522
35 0 .00497
36 0 .00439
37 0 .00398
38 0 .00358
39 0 .00296
40 0 .00278
41 0 .00225
42 0 .00163
43 0 .00119
44 0 .00087
45 0 .00063
46 0 .00039
47 0 .00022
48 0 .00012
49 0 .00006
50 0 .00002
51 0 .00001
100 0 0
*parity 2 single
birth 1 F single 2
14 0 0
15 0 0
16 0 0
17 0 0
18 0 0
19 0 0
20 0 .00001
21 0 .00002
22 0 .02225
23 0 .06159
24 0 .0167
25 0 .0436
26 0 .00007
27 0 .08404
28 0 .03017
29 0 .09278
30 0 .00008
31 0 .038
32 0 .07263
33 0 .06961
34 0 .00006
35 0 .05826
36 0 .00005
37 0 .04703
38 0 .00004
39 0 .00004
40 0 .00003
41 0 .00002
42 0 .00002
43 0 .00001
44 0 .00001
45 0 .00001
46 0 0
47 0 0
48 0 0
49 0 0
50 0 0
51 0 0
100 0 0
*parity 2 widowed
birth 1 F widowed 2
14 0 0
15 0 0
16 0 0
17 0 0
18 0 0
19 0 .00001
20 0 .0183
21 0 .0099
22 0 .00663
23 0 .01377
24 0 .00718
25 0 .00573
26 0 .00512
27 0 .00391
28 0 .00361
29 0 .00259
30 0 .00246
31 0 .00179
32 0 .00148
33 0 .0016
34 0 .00129
35 0 .00096
36 0 .00082
37 0 .00069
38 0 .00065
39 0 .00059
40 0 .00041
41 0 .00028
42 0 .00025
43 0 .00018
44 0 .00013
45 0 .00007
46 0 .00004
47 0 .00003
48 0 .00001
49 0 .00001
50 0 0
51 0 0
100 0 0
*parity 2 divorced
birth 1 F divorced 2
14 0 0
15 0 0
16 0 0
17 0 0
18 0 0
19 0 .00001
20 0 .0183
21 0 .0099
22 0 .00663
23 0 .01377
24 0 .00718
25 0 .00573
26 0 .00512
27 0 .00391
28 0 .00361
29 0 .00259
30 0 .00246
31 0 .00179
32 0 .00148
33 0 .0016
34 0 .00129
35 0 .00096
36 0 .00082
37 0 .00069
38 0 .00065
39 0 .00059
40 0 .00041
41 0 .00028
42 0 .00025
43 0 .00018
44 0 .00013
45 0 .00007
46 0 .00004
47 0 .00003
48 0 .00001
49 0 .00001
50 0 0
51 0 0
100 0 0
