*parity 0 married
birth 1 F married 0
14 0 0
15 0 .00008
16 0 .00031
17 0 .03905
18 0 .04671
19 0 .05216
20 0 .04584
21 0 .05878
22 0 .05105
23 0 .04466
24 0 .04662
25 0 .07395
26 0 .08426
27 0 .0716
28 0 .11649
29 0 .07473
30 0 .07669
31 0 .04319
32 0 .03727
33 0 .03679
34 0 .04197
35 0 .01404
36 0 .00562
37 0 .00408
38 0 .00211
39 0 .00119
40 0 .00078
41 0 .00043
42 0 .00024
43 0 .00015
44 0 .0001
45 0 .00005
46 0 .00003
47 0 .00002
48 0 .00001
49 0 0
50 0 0
51 0 0
100 0 0
*parity 0 single
birth 1 F single 0
14 0 0
15 0 .00016
16 0 .00067
17 0 .0013
18 0 .00217
19 0 .00307
20 0 .00377
21 0 .0041
22 0 .00416
23 0 .00414
24 0 .00426
25 0 .00417
26 0 .00411
27 0 .00411
28 0 .00412
29 0 .0038
30 0 .00369
31 0 .00331
32 0 .0029
33 0 .0025
34 0 .00215
35 0 .00183
36 0 .00157
37 0 .00136
38 0 .00113
39 0 .00096
40 0 .00075
41 0 .00061
42 0 .00043
43 0 .00034
44 0 .0002
45 0 .00013
46 0 .00009
47 0 .00005
48 0 .00002
49 0 .00001
50 0 0
51 0 0
100 0 0
*parity 0 widowed
birth 1 F widowed 0
14 0 0
15 0 .00001
16 0 .00006
17 0 .3259
18 0 .00018
19 0 .71573
20 0 .87549
21 0 .00028
22 0 .41652
23 0 .00025
24 0 .00023
25 0 .69935
26 0 .00021
27 0 .00019
28 0 .00017
29 0 .00016
30 0 .00014
31 0 .32834
32 0 .0001
33 0 .00008
34 0 .00006
35 0 .0768
36 0 .00004
37 0 .0323
38 0 .01264
39 0 .00774
40 0 .00228
41 0 .00155
42 0 .00055
43 0 .00024
44 0 .00014
45 0 .00009
46 0 .00004
47 0 .00002
48 0 .00001
49 0 0
50 0 0
51 0 0
100 0 0
*parity 0 divorced
birth 1 F divorced 0
14 0 0
15 0 .00001
16 0 .00006
17 0 .3259
18 0 .00018
19 0 .71573
20 0 .87549
21 0 .00028
22 0 .41652
23 0 .00025
24 0 .00023
25 0 .69935
26 0 .00021
27 0 .00019
28 0 .00017
29 0 .00016
30 0 .00014
31 0 .32834
32 0 .0001
33 0 .00008
34 0 .00006
35 0 .0768
36 0 .00004
37 0 .0323
38 0 .01264
39 0 .00774
40 0 .00228
41 0 .00155
42 0 .00055
43 0 .00024
44 0 .00014
45 0 .00009
46 0 .00004
47 0 .00002
48 0 .00001
49 0 0
50 0 0
51 0 0
100 0 0
*parity 1 married
birth 1 F married 1
14 0 0
15 0 0
16 0 .00002
17 0 .00006
18 0 .01689
19 0 .01599
20 0 .02231
21 0 .02227
22 0 .01753
23 0 .0166
24 0 .01868
25 0 .01621
26 0 .01836
27 0 .01659
28 0 .01442
29 0 .01527
30 0 .01457
31 0 .0147
32 0 .01239
33 0 .00936
34 0 .00866
35 0 .00681
36 0 .00424
37 0 .00308
38 0 .0025
39 0 .00212
40 0 .00142
41 0 .00107
42 0 .00076
43 0 .00038
44 0 .00023
45 0 .00011
46 0 .00006
47 0 .00003
48 0 .00002
49 0 0
50 0 0
51 0 0
100 0 0
*parity 1 single
birth 1 F single 1
14 0 0
15 0 0
16 0 .03677
17 0 .01964
18 0 .03012
19 0 .02581
20 0 .02696
21 0 .02711
22 0 .02853
23 0 .02739
24 0 .02441
25 0 .02199
26 0 .02549
27 0 .02754
28 0 .02282
29 0 .02612
30 0 .02124
31 0 .0242
32 0 .02526
33 0 .0193
34 0 .01799
35 0 .01382
36 0 .01383
37 0 .01456
38 0 .01282
39 0 .01376
40 0 .0092
41 0 .00794
42 0 .01122
43 0 .00541
44 0 .00345
45 0 .00164
46 0 .00073
47 0 .00069
48 0 .0002
49 0 .00006
50 0 .00002
51 0 .00002
100 0 0
*parity 1 widowed
birth 1 F widowed 1
14 0 0
15 0 0
16 0 0
17 0 .00001
18 0 .00003
19 0 .17789
20 0 .04314
21 0 .05111
22 0 .0706
23 0 .11331
24 0 .28922
25 0 .20338
26 0 .12123
27 0 .5815
28 0 .00018
29 0 .54923
30 0 .00016
31 0 .4088
32 0 .18723
33 0 .06286
34 0 .06781
35 0 .22743
36 0 .09119
37 0 .02043
38 0 .00531
39 0 .00795
40 0 .00212
41 0 .00148
42 0 .00093
43 0 .00036
44 0 .00015
45 0 .00009
46 0 .00005
47 0 .00003
48 0 .00001
49 0 0
50 0 0
51 0 0
100 0 0
*parity 1 divorced
birth 1 F divorced 1
14 0 0
15 0 0
16 0 0
17 0 .00001
18 0 .00003
19 0 .17789
20 0 .04314
21 0 .05111
22 0 .0706
23 0 .11331
24 0 .28922
25 0 .20338
26 0 .12123
27 0 .5815
28 0 .00018
29 0 .54923
30 0 .00016
31 0 .4088
32 0 .18723
33 0 .06286
34 0 .06781
35 0 .22743
36 0 .09119
37 0 .02043
38 0 .00531
39 0 .00795
40 0 .00212
41 0 .00148
42 0 .00093
43 0 .00036
44 0 .00015
45 0 .00009
46 0 .00005
47 0 .00003
48 0 .00001
49 0 0
50 0 0
51 0 0
100 0 0
*parity 2 married
birth 1 F married 2
14 0 0
15 0 0
16 0 0
17 0 0
18 0 .00002
19 0 .01961
20 0 .00772
21 0 .00773
22 0 .01082
23 0 .01356
24 0 .00997
25 0 .01061
26 0 .00915
27 0 .00781
28 0 .00812
29 0 .00715
30 0 .00664
31 0 .00551
32 0 .00524
33 0 .0047
34 0 .00414
35 0 .00356
36 0 .00299
37 0 .00246
38 0 .00204
39 0 .00151
40 0 .00125
41 0 .00092
42 0 .00066
43 0 .00045
44 0 .00033
45 0 .00021
46 0 .00012
47 0 .00007
48 0 .00003
49 0 .00002
50 0 .00001
51 0 0
100 0 0
*parity 2 single
birth 1 F single 2
14 0 0
15 0 0
16 0 0
17 0 .01061
18 0 .01034
19 0 .01651
20 0 .01335
21 0 .01248
22 0 .01308
23 0 .01284
24 0 .01187
25 0 .01262
26 0 .0112
27 0 .01084
28 0 .01021
29 0 .00999
30 0 .0093
31 0 .00823
32 0 .00751
33 0 .00725
34 0 .00638
35 0 .0062
36 0 .00629
37 0 .00523
38 0 .00491
39 0 .0043
40 0 .00397
41 0 .00321
42 0 .00269
43 0 .00248
44 0 .00155
45 0 .0012
46 0 .0008
47 0 .00049
48 0 .00023
49 0 .00011
50 0 .00005
51 0 .00002
100 0 0
*parity 2 widowed
birth 1 F widowed 2
14 0 0
15 0 0
16 0 0
17 0 0
18 0 0
19 0 .01636
20 0 .03795
21 0 .01059
22 0 .01317
23 0 .01338
24 0 .01014
25 0 .01002
26 0 .0086
27 0 .00761
28 0 .00582
29 0 .00555
30 0 .0043
31 0 .00486
32 0 .00375
33 0 .00323
34 0 .0027
35 0 .00228
36 0 .00175
37 0 .00154
38 0 .00118
39 0 .00097
40 0 .00071
41 0 .00046
42 0 .00035
43 0 .00022
44 0 .00016
45 0 .0001
46 0 .00005
47 0 .00003
48 0 .00001
49 0 .00001
50 0 0
51 0 0
100 0 0
*parity 2 divorced
birth 1 F divorced 2
14 0 0
15 0 0
16 0 0
17 0 0
18 0 0
19 0 .01636
20 0 .03795
21 0 .01059
22 0 .01317
23 0 .01338
24 0 .01014
25 0 .01002
26 0 .0086
27 0 .00761
28 0 .00582
29 0 .00555
30 0 .0043
31 0 .00486
32 0 .00375
33 0 .00323
34 0 .0027
35 0 .00228
36 0 .00175
37 0 .00154
38 0 .00118
39 0 .00097
40 0 .00071
41 0 .00046
42 0 .00035
43 0 .00022
44 0 .00016
45 0 .0001
46 0 .00005
47 0 .00003
48 0 .00001
49 0 .00001
50 0 0
51 0 0
100 0 0
