*parity 0 married
birth 1 F married 0
14 0 0
15 0 .00008
16 0 .00032
17 0 .07954
18 0 .0344
19 0 .03998
20 0 .0468
21 0 .04094
22 0 .06067
23 0 .06562
24 0 .04895
25 0 .08028
26 0 .07055
27 0 .07255
28 0 .04852
29 0 .04001
30 0 .03474
31 0 .07434
32 0 .05034
33 0 .03824
34 0 .02741
35 0 .01288
36 0 .00723
37 0 .0033
38 0 .00198
39 0 .0012
40 0 .00074
41 0 .00049
42 0 .00024
43 0 .00016
44 0 .00009
45 0 .00005
46 0 .00003
47 0 .00002
48 0 .00001
49 0 0
50 0 0
51 0 0
100 0 0
*parity 0 single
birth 1 F single 0
14 0 0
15 0 .00016
16 0 .00067
17 0 .00128
18 0 .00217
19 0 .00309
20 0 .00373
21 0 .0041
22 0 .00413
23 0 .0041
24 0 .00418
25 0 .00428
26 0 .00421
27 0 .00409
28 0 .00414
29 0 .00397
30 0 .0036
31 0 .00328
32 0 .00296
33 0 .00238
34 0 .00203
35 0 .0018
36 0 .00157
37 0 .00139
38 0 .00113
39 0 .00092
40 0 .00074
41 0 .00062
42 0 .00047
43 0 .00029
44 0 .00021
45 0 .00013
46 0 .00008
47 0 .00005
48 0 .00002
49 0 .00001
50 0 0
51 0 0
100 0 0
*parity 0 widowed
birth 1 F widowed 0
14 0 0
15 0 .00001
16 0 .00006
17 0 .33796
18 0 .00018
19 0 .36559
20 0 .00028
21 0 .44246
22 0 .28394
23 0 .40001
24 0 .3753
25 0 .35594
26 0 .33234
27 0 .00019
28 0 .56463
29 0 .50998
30 0 .00014
31 0 .00012
32 0 .0001
33 0 .2331
34 0 .09622
35 0 .00005
36 0 .00004
37 0 .00003
38 0 .02438
39 0 .00562
40 0 .00453
41 0 .00167
42 0 .00087
43 0 .00038
44 0 .0002
45 0 .00006
46 0 .00003
47 0 .00002
48 0 .00001
49 0 0
50 0 0
51 0 0
100 0 0
*parity 0 divorced
birth 1 F divorced 0
14 0 0
15 0 .00001
16 0 .00006
17 0 .33796
18 0 .00018
19 0 .36559
20 0 .00028
21 0 .44246
22 0 .28394
23 0 .40001
24 0 .3753
25 0 .35594
26 0 .33234
27 0 .00019
28 0 .56463
29 0 .50998
30 0 .00014
31 0 .00012
32 0 .0001
33 0 .2331
34 0 .09622
35 0 .00005
36 0 .00004
37 0 .00003
38 0 .02438
39 0 .00562
40 0 .00453
41 0 .00167
42 0 .00087
43 0 .00038
44 0 .0002
45 0 .00006
46 0 .00003
47 0 .00002
48 0 .00001
49 0 0
50 0 0
51 0 0
100 0 0
*parity 1 married
birth 1 F married 1
14 0 0
15 0 0
16 0 .00002
17 0 .00006
18 0 .01955
19 0 .01667
20 0 .01969
21 0 .01706
22 0 .01528
23 0 .01378
24 0 .01469
25 0 .01283
26 0 .01484
27 0 .0171
28 0 .01385
29 0 .01369
30 0 .01154
31 0 .01076
32 0 .01097
33 0 .0089
34 0 .00694
35 0 .00652
36 0 .0041
37 0 .00381
38 0 .003
39 0 .00222
40 0 .00126
41 0 .00079
42 0 .00052
43 0 .00038
44 0 .0002
45 0 .00013
46 0 .00007
47 0 .00003
48 0 .00001
49 0 0
50 0 0
51 0 0
100 0 0
*parity 1 single
birth 1 F single 1
14 0 0
15 0 0
16 0 .02772
17 0 .03663
18 0 .03455
19 0 .02641
20 0 .02877
21 0 .02529
22 0 .02886
23 0 .02947
24 0 .02846
25 0 .023
26 0 .02464
27 0 .02367
28 0 .02426
29 0 .02599
30 0 .03076
31 0 .02542
32 0 .02159
33 0 .0225
34 0 .02486
35 0 .02457
36 0 .01958
37 0 .01462
38 0 .01222
39 0 .01811
40 0 .01552
41 0 .01057
42 0 .0065
43 0 .00275
44 0 .00263
45 0 .0024
46 0 .00153
47 0 .00046
48 0 .00015
49 0 .00007
50 0 .00002
51 0 .00002
100 0 0
*parity 1 widowed
birth 1 F widowed 1
14 0 0
15 0 0
16 0 0
17 0 .00001
18 0 .09029
19 0 .06058
20 0 .07455
21 0 .0683
22 0 .25266
23 0 .07126
24 0 .30253
25 0 .00019
26 0 .00019
27 0 .20002
28 0 .29162
29 0 .28071
30 0 .45828
31 0 .14248
32 0 .12289
33 0 .16269
34 0 .05589
35 0 .07633
36 0 .02632
37 0 .01831
38 0 .01793
39 0 .00494
40 0 .0033
41 0 .00171
42 0 .00049
43 0 .00046
44 0 .00028
45 0 .00014
46 0 .00008
47 0 .00002
48 0 .00001
49 0 0
50 0 0
51 0 0
100 0 0
*parity 1 divorced
birth 1 F divorced 1
14 0 0
15 0 0
16 0 0
17 0 .00001
18 0 .09029
19 0 .06058
20 0 .07455
21 0 .0683
22 0 .25266
23 0 .07126
24 0 .30253
25 0 .00019
26 0 .00019
27 0 .20002
28 0 .29162
29 0 .28071
30 0 .45828
31 0 .14248
32 0 .12289
33 0 .16269
34 0 .05589
35 0 .07633
36 0 .02632
37 0 .01831
38 0 .01793
39 0 .00494
40 0 .0033
41 0 .00171
42 0 .00049
43 0 .00046
44 0 .00028
45 0 .00014
46 0 .00008
47 0 .00002
48 0 .00001
49 0 0
50 0 0
51 0 0
100 0 0
*parity 2 married
birth 1 F married 2
14 0 0
15 0 0
16 0 0
17 0 .00001
18 0 .00002
19 0 .01645
20 0 .01353
21 0 .01556
22 0 .01325
23 0 .01347
24 0 .01272
25 0 .01006
26 0 .00898
27 0 .00885
28 0 .00818
29 0 .00694
30 0 .00684
31 0 .00633
32 0 .00538
33 0 .00493
34 0 .00422
35 0 .00343
36 0 .00287
37 0 .00232
38 0 .00197
39 0 .00146
40 0 .00123
41 0 .00084
42 0 .00069
43 0 .00046
44 0 .00032
45 0 .0002
46 0 .00012
47 0 .00006
48 0 .00003
49 0 .00002
50 0 .00001
51 0 0
100 0 0
*parity 2 single
birth 1 F single 2
14 0 0
15 0 0
16 0 0
17 0 .00816
18 0 .00881
19 0 .0137
20 0 .01179
21 0 .0148
22 0 .01224
23 0 .01312
24 0 .01118
25 0 .01198
26 0 .01162
27 0 .01091
28 0 .00995
29 0 .00981
30 0 .009
31 0 .00787
32 0 .00768
33 0 .00717
34 0 .00681
35 0 .00599
36 0 .00574
37 0 .00516
38 0 .0048
39 0 .00451
40 0 .00386
41 0 .00357
42 0 .0029
43 0 .0023
44 0 .00171
45 0 .00126
46 0 .00075
47 0 .00044
48 0 .00025
49 0 .00013
50 0 .00005
51 0 .00002
100 0 0
*parity 2 widowed
birth 1 F widowed 2
14 0 0
15 0 0
16 0 0
17 0 0
18 0 0
19 0 .00001
20 0 .03748
21 0 .0115
22 0 .01657
23 0 .01558
24 0 .01428
25 0 .01185
26 0 .00787
27 0 .00675
28 0 .00851
29 0 .00648
30 0 .00627
31 0 .00508
32 0 .00335
33 0 .00354
34 0 .00277
35 0 .00227
36 0 .00216
37 0 .0017
38 0 .00121
39 0 .00103
40 0 .0008
41 0 .00053
42 0 .00034
43 0 .00025
44 0 .00017
45 0 .0001
46 0 .00006
47 0 .00003
48 0 .00001
49 0 .00001
50 0 0
51 0 0
100 0 0
*parity 2 divorced
birth 1 F divorced 2
14 0 0
15 0 0
16 0 0
17 0 0
18 0 0
19 0 .00001
20 0 .03748
21 0 .0115
22 0 .01657
23 0 .01558
24 0 .01428
25 0 .01185
26 0 .00787
27 0 .00675
28 0 .00851
29 0 .00648
30 0 .00627
31 0 .00508
32 0 .00335
33 0 .00354
34 0 .00277
35 0 .00227
36 0 .00216
37 0 .0017
38 0 .00121
39 0 .00103
40 0 .0008
41 0 .00053
42 0 .00034
43 0 .00025
44 0 .00017
45 0 .0001
46 0 .00006
47 0 .00003
48 0 .00001
49 0 .00001
50 0 0
51 0 0
100 0 0
