*parity 0 married
birth 1 F married 0
14 0 0
15 0 .00009
16 0 .00035
17 0 .05538
18 0 .04713
19 0 .06388
20 0 .0642
21 0 .06418
22 0 .06169
23 0 .07589
24 0 .07717
25 0 .10059
26 0 .06448
27 0 .09628
28 0 .10075
29 0 .1306
30 0 .10204
31 0 .04305
32 0 .06647
33 0 .22193
34 0 .02767
35 0 .00771
36 0 .0044
37 0 .00295
38 0 .0021
39 0 .00121
40 0 .00063
41 0 .00047
42 0 .00028
43 0 .00016
44 0 .00011
45 0 .00007
46 0 .00004
47 0 .00002
48 0 .00001
49 0 0
50 0 0
51 0 0
100 0 0
*parity 0 single
birth 1 F single 0
14 0 0
15 0 .00015
16 0 .00064
17 0 .00123
18 0 .00206
19 0 .00293
20 0 .0036
21 0 .00393
22 0 .00394
23 0 .0039
24 0 .00399
25 0 .00393
26 0 .004
27 0 .00391
28 0 .00382
29 0 .00364
30 0 .00335
31 0 .00305
32 0 .00285
33 0 .00234
34 0 .00205
35 0 .00194
36 0 .00161
37 0 .00141
38 0 .00125
39 0 .00101
40 0 .00092
41 0 .00071
42 0 .00053
43 0 .00039
44 0 .00025
45 0 .00017
46 0 .00013
47 0 .00006
48 0 .00004
49 0 .00001
50 0 0
51 0 0
100 0 0
*parity 0 widowed
birth 1 F widowed 0
14 0 0
15 0 .00002
16 0 .00006
17 0 .00012
18 0 .00019
19 0 .26118
20 0 .2929
21 0 .00031
22 0 .85537
23 0 .80936
24 0 .39781
25 0 .00024
26 0 .00022
27 0 .00021
28 0 .00019
29 0 .4643
30 0 .19952
31 0 .34435
32 0 .14769
33 0 .00008
34 0 .19672
35 0 .03769
36 0 .02474
37 0 .00003
38 0 .00876
39 0 .00481
40 0 .00118
41 0 .00056
42 0 .00026
43 0 .00015
44 0 .00008
45 0 .00005
46 0 .00002
47 0 .00001
48 0 0
49 0 0
50 0 0
51 0 0
100 0 0
*parity 0 divorced
birth 1 F divorced 0
14 0 0
15 0 .00002
16 0 .00006
17 0 .00012
18 0 .00019
19 0 .26118
20 0 .2929
21 0 .00031
22 0 .85537
23 0 .80936
24 0 .39781
25 0 .00024
26 0 .00022
27 0 .00021
28 0 .00019
29 0 .4643
30 0 .19952
31 0 .34435
32 0 .14769
33 0 .00008
34 0 .19672
35 0 .03769
36 0 .02474
37 0 .00003
38 0 .00876
39 0 .00481
40 0 .00118
41 0 .00056
42 0 .00026
43 0 .00015
44 0 .00008
45 0 .00005
46 0 .00002
47 0 .00001
48 0 0
49 0 0
50 0 0
51 0 0
100 0 0
*parity 1 married
birth 1 F married 1
14 0 0
15 0 0
16 0 .00002
17 0 .00007
18 0 .0209
19 0 .01411
20 0 .01516
21 0 .01455
22 0 .01825
23 0 .0185
24 0 .01784
25 0 .01882
26 0 .02006
27 0 .01985
28 0 .01753
29 0 .01489
30 0 .01268
31 0 .01541
32 0 .01694
33 0 .01071
34 0 .01066
35 0 .00844
36 0 .00591
37 0 .00558
38 0 .00279
39 0 .00252
40 0 .0017
41 0 .00102
42 0 .00063
43 0 .00052
44 0 .00029
45 0 .00012
46 0 .00005
47 0 .00003
48 0 .00001
49 0 .00001
50 0 0
51 0 0
100 0 0
*parity 1 single
birth 1 F single 1
14 0 0
15 0 0
16 0 .03601
17 0 .03616
18 0 .03115
19 0 .02888
20 0 .02743
21 0 .02569
22 0 .02458
23 0 .02497
24 0 .02633
25 0 .02303
26 0 .02385
27 0 .02896
28 0 .02553
29 0 .02751
30 0 .02729
31 0 .02474
32 0 .02416
33 0 .02134
34 0 .01892
35 0 .0193
36 0 .02203
37 0 .02948
38 0 .02112
39 0 .01909
40 0 .01702
41 0 .00824
42 0 .00525
43 0 .00317
44 0 .00336
45 0 .00165
46 0 .00075
47 0 .00042
48 0 .00073
49 0 .00016
50 0 .0001
51 0 .00003
100 0 0
*parity 1 widowed
birth 1 F widowed 1
14 0 0
15 0 0
16 0 0
17 0 .00001
18 0 .03467
19 0 .02446
20 0 .02537
21 0 .02177
22 0 .06365
23 0 .03858
24 0 .02077
25 0 .03212
26 0 .0523
27 0 .03446
28 0 .17967
29 0 .08555
30 0 .05862
31 0 .02048
32 0 .19572
33 0 .06624
34 0 .05724
35 0 .07453
36 0 .02043
37 0 .01069
38 0 .00223
39 0 .00135
40 0 .00093
41 0 .00064
42 0 .00034
43 0 .00026
44 0 .00012
45 0 .00005
46 0 .00002
47 0 .00001
48 0 0
49 0 0
50 0 0
51 0 0
100 0 0
*parity 1 divorced
birth 1 F divorced 1
14 0 0
15 0 0
16 0 0
17 0 .00001
18 0 .03467
19 0 .02446
20 0 .02537
21 0 .02177
22 0 .06365
23 0 .03858
24 0 .02077
25 0 .03212
26 0 .0523
27 0 .03446
28 0 .17967
29 0 .08555
30 0 .05862
31 0 .02048
32 0 .19572
33 0 .06624
34 0 .05724
35 0 .07453
36 0 .02043
37 0 .01069
38 0 .00223
39 0 .00135
40 0 .00093
41 0 .00064
42 0 .00034
43 0 .00026
44 0 .00012
45 0 .00005
46 0 .00002
47 0 .00001
48 0 0
49 0 0
50 0 0
51 0 0
100 0 0
*parity 2 married
birth 1 F married 2
14 0 0
15 0 0
16 0 0
17 0 .00001
18 0 .075
19 0 .02264
20 0 .01886
21 0 .01883
22 0 .01668
23 0 .01317
24 0 .0111
25 0 .01094
26 0 .00924
27 0 .00909
28 0 .00889
29 0 .00859
30 0 .00793
31 0 .0068
32 0 .00549
33 0 .00555
34 0 .00456
35 0 .0037
36 0 .00333
37 0 .00251
38 0 .00212
39 0 .00175
40 0 .00143
41 0 .00105
42 0 .00079
43 0 .00056
44 0 .00039
45 0 .00025
46 0 .00015
47 0 .00009
48 0 .00004
49 0 .00002
50 0 .00001
51 0 0
100 0 0
*parity 2 single
birth 1 F single 2
14 0 0
15 0 0
16 0 0
17 0 .00405
18 0 .01044
19 0 .01676
20 0 .01331
21 0 .01476
22 0 .01423
23 0 .01581
24 0 .01295
25 0 .01334
26 0 .01234
27 0 .01115
28 0 .01023
29 0 .0098
30 0 .00977
31 0 .00898
32 0 .00766
33 0 .00729
34 0 .00691
35 0 .00643
36 0 .00617
37 0 .00591
38 0 .00561
39 0 .00523
40 0 .00474
41 0 .0044
42 0 .00351
43 0 .00266
44 0 .00202
45 0 .00144
46 0 .00102
47 0 .00069
48 0 .00036
49 0 .00017
50 0 .00006
51 0 .00003
100 0 0
*parity 2 widowed
birth 1 F widowed 2
14 0 0
15 0 0
16 0 0
17 0 0
18 0 .01333
19 0 .00001
20 0 .01285
21 0 .02008
22 0 .01219
23 0 .00845
24 0 .01113
25 0 .00756
26 0 .0059
27 0 .004
28 0 .00499
29 0 .00398
30 0 .00364
31 0 .00313
32 0 .00248
33 0 .0021
34 0 .00187
35 0 .00156
36 0 .00128
37 0 .00096
38 0 .00089
39 0 .00066
40 0 .00053
41 0 .00036
42 0 .00029
43 0 .00018
44 0 .00012
45 0 .00008
46 0 .00004
47 0 .00002
48 0 .00001
49 0 .00001
50 0 0
51 0 0
100 0 0
*parity 2 divorced
birth 1 F divorced 2
14 0 0
15 0 0
16 0 0
17 0 0
18 0 .01333
19 0 .00001
20 0 .01285
21 0 .02008
22 0 .01219
23 0 .00845
24 0 .01113
25 0 .00756
26 0 .0059
27 0 .004
28 0 .00499
29 0 .00398
30 0 .00364
31 0 .00313
32 0 .00248
33 0 .0021
34 0 .00187
35 0 .00156
36 0 .00128
37 0 .00096
38 0 .00089
39 0 .00066
40 0 .00053
41 0 .00036
42 0 .00029
43 0 .00018
44 0 .00012
45 0 .00008
46 0 .00004
47 0 .00002
48 0 .00001
49 0 .00001
50 0 0
51 0 0
100 0 0
