*parity all married
birth 1 F married 0
14 0 0
15 0 .00009
16 0 .00074
17 0 .00237
18 0 .00552
19 0 .01013
20 0 .01511
21 0 .01911
22 0 .02142
23 0 .02246
24 0 .02267
25 0 .02187
26 0 .02036
27 0 .01838
28 0 .01683
29 0 .01539
30 0 .01435
31 0 .01273
32 0 .01162
33 0 .01056
34 0 .01011
35 0 .0095
36 0 .00893
37 0 .00823
38 0 .00762
39 0 .00684
40 0 .00602
41 0 .00468
42 0 .0036
43 0 .00263
44 0 .00195
45 0 .0013
46 0 .00078
47 0 .00047
48 0 .00025
49 0 .00013
50 0 .00006
51 0 .00002
100 0 0
*parity all single
birth 1 F single 0
14 0 0
15 0 .00009
16 0 .00074
17 0 .00237
18 0 .00552
19 0 .01013
20 0 .01511
21 0 .01911
22 0 .02142
23 0 .02246
24 0 .02267
25 0 .02187
26 0 .02036
27 0 .01838
28 0 .01683
29 0 .01539
30 0 .01435
31 0 .01273
32 0 .01162
33 0 .01056
34 0 .01011
35 0 .0095
36 0 .00893
37 0 .00823
38 0 .00762
39 0 .00684
40 0 .00602
41 0 .00468
42 0 .0036
43 0 .00263
44 0 .00195
45 0 .0013
46 0 .00078
47 0 .00047
48 0 .00025
49 0 .00013
50 0 .00006
51 0 .00002
100 0 0
*parity all widowed
birth 1 F widowed 0
14 0 0
15 0 .00009
16 0 .00074
17 0 .00237
18 0 .00552
19 0 .01013
20 0 .01511
21 0 .01911
22 0 .02142
23 0 .02246
24 0 .02267
25 0 .02187
26 0 .02036
27 0 .01838
28 0 .01683
29 0 .01539
30 0 .01435
31 0 .01273
32 0 .01162
33 0 .01056
34 0 .01011
35 0 .0095
36 0 .00893
37 0 .00823
38 0 .00762
39 0 .00684
40 0 .00602
41 0 .00468
42 0 .0036
43 0 .00263
44 0 .00195
45 0 .0013
46 0 .00078
47 0 .00047
48 0 .00025
49 0 .00013
50 0 .00006
51 0 .00002
100 0 0
*parity all divorced
birth 1 F divorced 0
14 0 0
15 0 .00009
16 0 .00074
17 0 .00237
18 0 .00552
19 0 .01013
20 0 .01511
21 0 .01911
22 0 .02142
23 0 .02246
24 0 .02267
25 0 .02187
26 0 .02036
27 0 .01838
28 0 .01683
29 0 .01539
30 0 .01435
31 0 .01273
32 0 .01162
33 0 .01056
34 0 .01011
35 0 .0095
36 0 .00893
37 0 .00823
38 0 .00762
39 0 .00684
40 0 .00602
41 0 .00468
42 0 .0036
43 0 .00263
44 0 .00195
45 0 .0013
46 0 .00078
47 0 .00047
48 0 .00025
49 0 .00013
50 0 .00006
51 0 .00002
100 0 0
