*parity 0 married
birth 1 F married 0
14 0 0
15 0 .00016
16 0 .00081
17 0 .03603
18 0 .02824
19 0 .03119
20 0 .04154
21 0 .04452
22 0 .05254
23 0 .05166
24 0 .05282
25 0 .04456
26 0 .0404
27 0 .03567
28 0 .02514
29 0 .0202
30 0 .02443
31 0 .01633
32 0 .02042
33 0 .01473
34 0 .01177
35 0 .00832
36 0 .00874
37 0 .00705
38 0 .0053
39 0 .00614
40 0 .0041
41 0 .00275
42 0 .00177
43 0 .00119
44 0 .00061
45 0 .00036
46 0 .00024
47 0 .0001
48 0 .00005
49 0 .00003
50 0 .00001
51 0 .00001
100 0 0
*parity 0 single
birth 1 F single 0
14 0 0
15 0 .00001
16 0 .00003
17 0 .00007
18 0 .00014
19 0 .00025
20 0 .00034
21 0 .00042
22 0 .00042
23 0 .0004
24 0 .00039
25 0 .00036
26 0 .00034
27 0 .0003
28 0 .00028
29 0 .00024
30 0 .00022
31 0 .00021
32 0 .00017
33 0 .00019
34 0 .00017
35 0 .00017
36 0 .00019
37 0 .00018
38 0 .00018
39 0 .00015
40 0 .00018
41 0 .00015
42 0 .0001
43 0 .00007
44 0 .00007
45 0 .00004
46 0 .00002
47 0 .00001
48 0 0
49 0 0
50 0 0
51 0 0
100 0 0
*parity 0 widowed
birth 1 F widowed 0
14 0 0
15 0 .00002
16 0 .00009
17 0 .30745
18 0 .0962
19 0 .89035
20 0 .58857
21 0 .61204
22 0 .28227
23 0 .00067
24 0 .00057
25 0 .67592
26 0 .00038
27 0 .41332
28 0 .16551
29 0 .06225
30 0 .10296
31 0 .04989
32 0 .04159
33 0 .10083
34 0 .02077
35 0 .04032
36 0 .00771
37 0 .0049
38 0 .00804
39 0 .00253
40 0 .00475
41 0 .0013
42 0 .00119
43 0 .00061
44 0 .00037
45 0 .00011
46 0 .0002
47 0 .00005
48 0 .00001
49 0 .00001
50 0 0
51 0 0
100 0 0
*parity 0 divorced
birth 1 F divorced 0
14 0 0
15 0 .00002
16 0 .00009
17 0 .30745
18 0 .0962
19 0 .89035
20 0 .58857
21 0 .61204
22 0 .28227
23 0 .00067
24 0 .00057
25 0 .67592
26 0 .00038
27 0 .41332
28 0 .16551
29 0 .06225
30 0 .10296
31 0 .04989
32 0 .04159
33 0 .10083
34 0 .02077
35 0 .04032
36 0 .00771
37 0 .0049
38 0 .00804
39 0 .00253
40 0 .00475
41 0 .0013
42 0 .00119
43 0 .00061
44 0 .00037
45 0 .00011
46 0 .0002
47 0 .00005
48 0 .00001
49 0 .00001
50 0 0
51 0 0
100 0 0
*parity 1 married
birth 1 F married 1
14 0 0
15 0 0
16 0 .00007
17 0 .42067
18 0 .03175
19 0 .03077
20 0 .04168
21 0 .044
22 0 .03369
23 0 .03453
24 0 .03447
25 0 .03185
26 0 .02823
27 0 .0203
28 0 .01798
29 0 .02022
30 0 .01787
31 0 .01345
32 0 .01339
33 0 .01094
34 0 .01041
35 0 .01104
36 0 .01169
37 0 .01273
38 0 .0139
39 0 .01076
40 0 .00815
41 0 .00485
42 0 .00352
43 0 .00196
44 0 .00122
45 0 .00077
46 0 .00034
47 0 .0002
48 0 .0001
49 0 .00008
50 0 .00004
51 0 .00004
100 0 0
*parity 1 single
birth 1 F single 1
14 0 0
15 0 0
16 0 0
17 0 .01359
18 0 .04001
19 0 .0865
20 0 .02193
21 0 .02306
22 0 .12082
23 0 .25663
24 0 .08391
25 0 .07717
26 0 .07176
27 0 .04443
28 0 .05209
29 0 .01408
30 0 .05485
31 0 .04128
32 0 .00005
33 0 .00004
34 0 .00004
35 0 .04496
36 0 .03361
37 0 .02633
38 0 .02111
39 0 .00001
40 0 .00001
41 0 .00893
42 0 .00569
43 0 0
44 0 .00068
45 0 0
46 0 0
47 0 0
48 0 0
49 0 0
50 0 .00001
51 0 0
100 0 0
*parity 1 widowed
birth 1 F widowed 1
14 0 0
15 0 0
16 0 .00001
17 0 .00003
18 0 .13045
19 0 .03525
20 0 .02944
21 0 .02707
22 0 .05252
23 0 .02789
24 0 .03731
25 0 .05806
26 0 .027
27 0 .02069
28 0 .00961
29 0 .01059
30 0 .00701
31 0 .00573
32 0 .00415
33 0 .00417
34 0 .00313
35 0 .00293
36 0 .00267
37 0 .00277
38 0 .00299
39 0 .00212
40 0 .00125
41 0 .00068
42 0 .0004
43 0 .00032
44 0 .00018
45 0 .00012
46 0 .00005
47 0 .00002
48 0 .00002
49 0 .00002
50 0 0
51 0 0
100 0 0
*parity 1 divorced
birth 1 F divorced 1
14 0 0
15 0 0
16 0 .00001
17 0 .00003
18 0 .13045
19 0 .03525
20 0 .02944
21 0 .02707
22 0 .05252
23 0 .02789
24 0 .03731
25 0 .05806
26 0 .027
27 0 .02069
28 0 .00961
29 0 .01059
30 0 .00701
31 0 .00573
32 0 .00415
33 0 .00417
34 0 .00313
35 0 .00293
36 0 .00267
37 0 .00277
38 0 .00299
39 0 .00212
40 0 .00125
41 0 .00068
42 0 .0004
43 0 .00032
44 0 .00018
45 0 .00012
46 0 .00005
47 0 .00002
48 0 .00002
49 0 .00002
50 0 0
51 0 0
100 0 0
*parity 2 married
birth 1 F married 2
14 0 0
15 0 0
16 0 .00001
17 0 .00003
18 0 .00013
19 0 .02496
20 0 .01734
21 0 .01766
22 0 .02411
23 0 .02681
24 0 .02388
25 0 .0225
26 0 .02104
27 0 .0234
28 0 .02207
29 0 .01897
30 0 .01678
31 0 .01569
32 0 .01389
33 0 .01211
34 0 .01165
35 0 .01033
36 0 .00942
37 0 .00809
38 0 .00731
39 0 .0067
40 0 .00577
41 0 .00469
42 0 .00368
43 0 .00271
44 0 .00212
45 0 .00146
46 0 .0009
47 0 .00056
48 0 .00029
49 0 .00014
50 0 .00006
51 0 .00003
100 0 0
*parity 2 single
birth 1 F single 2
14 0 0
15 0 0
16 0 0
17 0 0
18 0 0
19 0 .00001
20 0 .05097
21 0 .04822
22 0 .03739
23 0 .02598
24 0 .03737
25 0 .03744
26 0 .05654
27 0 .02403
28 0 .03544
29 0 .04867
30 0 .04356
31 0 .06051
32 0 .04244
33 0 .03991
34 0 .02881
35 0 .0253
36 0 .03317
37 0 .04054
38 0 .02628
39 0 .02179
40 0 .065
41 0 .03596
42 0 .03916
43 0 .05366
44 0 .00004
45 0 .02614
46 0 .01572
47 0 .00473
48 0 .00569
49 0 .00223
50 0 0
51 0 .00019
100 0 0
*parity 2 widowed
birth 1 F widowed 2
14 0 0
15 0 0
16 0 0
17 0 0
18 0 .00001
19 0 .03287
20 0 .0277
21 0 .0185
22 0 .01682
23 0 .01738
24 0 .01446
25 0 .01575
26 0 .01383
27 0 .00922
28 0 .0094
29 0 .00855
30 0 .00758
31 0 .00636
32 0 .0055
33 0 .00453
34 0 .00399
35 0 .00366
36 0 .00278
37 0 .0026
38 0 .0022
39 0 .00173
40 0 .00148
41 0 .00115
42 0 .00086
43 0 .00061
44 0 .00042
45 0 .00027
46 0 .00014
47 0 .00009
48 0 .00004
49 0 .00002
50 0 .00001
51 0 0
100 0 0
*parity 2 divorced
birth 1 F divorced 2
14 0 0
15 0 0
16 0 0
17 0 0
18 0 .00001
19 0 .03287
20 0 .0277
21 0 .0185
22 0 .01682
23 0 .01738
24 0 .01446
25 0 .01575
26 0 .01383
27 0 .00922
28 0 .0094
29 0 .00855
30 0 .00758
31 0 .00636
32 0 .0055
33 0 .00453
34 0 .00399
35 0 .00366
36 0 .00278
37 0 .0026
38 0 .0022
39 0 .00173
40 0 .00148
41 0 .00115
42 0 .00086
43 0 .00061
44 0 .00042
45 0 .00027
46 0 .00014
47 0 .00009
48 0 .00004
49 0 .00002
50 0 .00001
51 0 0
100 0 0
