*parity 0 married
birth 1 F married 0
14 0 0
15 0 .0001
16 0 .00043
17 0 .04322
18 0 .02453
19 0 .02635
20 0 .02342
21 0 .02397
22 0 .01862
23 0 .01614
24 0 .01371
25 0 .01074
26 0 .01067
27 0 .00836
28 0 .00678
29 0 .00608
30 0 .00426
31 0 .0036
32 0 .00285
33 0 .00211
34 0 .00184
35 0 .00148
36 0 .0012
37 0 .00105
38 0 .00078
39 0 .00064
40 0 .00051
41 0 .00034
42 0 .00025
43 0 .00016
44 0 .00011
45 0 .00007
46 0 .00004
47 0 .00002
48 0 .00001
49 0 0
50 0 0
51 0 0
100 0 0
*parity 0 single
birth 1 F single 0
14 0 0
15 0 .00012
16 0 .00053
17 0 .00109
18 0 .00197
19 0 .00301
20 0 .00386
21 0 .00442
22 0 .00464
23 0 .00472
24 0 .00473
25 0 .00483
26 0 .00493
27 0 .00481
28 0 .00486
29 0 .0046
30 0 .00508
31 0 .00511
32 0 .00575
33 0 .0065
34 0 .00521
35 0 .00565
36 0 .00582
37 0 .00546
38 0 .00653
39 0 .00457
40 0 .00507
41 0 .00435
42 0 .00342
43 0 .00271
44 0 .00282
45 0 .00114
46 0 .00114
47 0 .00034
48 0 .00016
49 0 .00007
50 0 .00001
51 0 .00001
100 0 0
*parity 0 widowed
birth 1 F widowed 0
14 0 0
15 0 .00003
16 0 .00012
17 0 .24824
18 0 .42619
19 0 1.14253
20 0 .35645
21 0 .30978
22 0 .12093
23 0 .1027
24 0 .14663
25 0 .06365
26 0 .04367
27 0 .02411
28 0 .01502
29 0 .01009
30 0 .00903
31 0 .00526
32 0 .00424
33 0 .00335
34 0 .00222
35 0 .00176
36 0 .00102
37 0 .00072
38 0 .00049
39 0 .00041
40 0 .00027
41 0 .00019
42 0 .00012
43 0 .00008
44 0 .00004
45 0 .00003
46 0 .00001
47 0 .00001
48 0 0
49 0 0
50 0 0
51 0 0
100 0 0
*parity 0 divorced
birth 1 F divorced 0
14 0 0
15 0 .00003
16 0 .00012
17 0 .24824
18 0 .42619
19 0 1.14253
20 0 .35645
21 0 .30978
22 0 .12093
23 0 .1027
24 0 .14663
25 0 .06365
26 0 .04367
27 0 .02411
28 0 .01502
29 0 .01009
30 0 .00903
31 0 .00526
32 0 .00424
33 0 .00335
34 0 .00222
35 0 .00176
36 0 .00102
37 0 .00072
38 0 .00049
39 0 .00041
40 0 .00027
41 0 .00019
42 0 .00012
43 0 .00008
44 0 .00004
45 0 .00003
46 0 .00001
47 0 .00001
48 0 0
49 0 0
50 0 0
51 0 0
100 0 0
*parity 1 married
birth 1 F married 1
14 0 0
15 0 0
16 0 .00003
17 0 .19731
18 0 .01667
19 0 .01677
20 0 .0217
21 0 .02097
22 0 .02424
23 0 .02016
24 0 .01983
25 0 .0226
26 0 .01886
27 0 .01981
28 0 .01879
29 0 .0144
30 0 .01728
31 0 .01544
32 0 .01221
33 0 .00967
34 0 .00911
35 0 .00729
36 0 .00622
37 0 .00449
38 0 .00424
39 0 .00401
40 0 .00254
41 0 .00176
42 0 .0012
43 0 .00084
44 0 .00054
45 0 .00032
46 0 .00017
47 0 .0001
48 0 .00005
49 0 .00001
50 0 0
51 0 0
100 0 0
*parity 1 single
birth 1 F single 1
14 0 0
15 0 0
16 0 .00003
17 0 .02681
18 0 .03364
19 0 .02263
20 0 .03048
21 0 .02524
22 0 .02681
23 0 .03
24 0 .03179
25 0 .03214
26 0 .0357
27 0 .03902
28 0 .03777
29 0 .04215
30 0 .048
31 0 .05663
32 0 .06061
33 0 .0482
34 0 .05012
35 0 .12412
36 0 .08928
37 0 .06553
38 0 .11039
39 0 .06216
40 0 .03341
41 0 .06886
42 0 .03633
43 0 .0193
44 0 .05429
45 0 .02848
46 0 .00615
47 0 .00172
48 0 0
49 0 .00067
50 0 0
51 0 0
100 0 0
*parity 1 widowed
birth 1 F widowed 1
14 0 0
15 0 0
16 0 .00001
17 0 .00003
18 0 .05266
19 0 .03082
20 0 .02943
21 0 .01961
22 0 .02411
23 0 .03148
24 0 .03251
25 0 .01415
26 0 .04593
27 0 .02922
28 0 .02266
29 0 .02333
30 0 .01343
31 0 .01265
32 0 .00857
33 0 .00601
34 0 .00363
35 0 .00298
36 0 .00331
37 0 .00312
38 0 .00156
39 0 .00089
40 0 .0007
41 0 .00058
42 0 .00031
43 0 .00019
44 0 .0001
45 0 .00008
46 0 .00004
47 0 .00002
48 0 .00001
49 0 0
50 0 0
51 0 0
100 0 0
*parity 1 divorced
birth 1 F divorced 1
14 0 0
15 0 0
16 0 .00001
17 0 .00003
18 0 .05266
19 0 .03082
20 0 .02943
21 0 .01961
22 0 .02411
23 0 .03148
24 0 .03251
25 0 .01415
26 0 .04593
27 0 .02922
28 0 .02266
29 0 .02333
30 0 .01343
31 0 .01265
32 0 .00857
33 0 .00601
34 0 .00363
35 0 .00298
36 0 .00331
37 0 .00312
38 0 .00156
39 0 .00089
40 0 .0007
41 0 .00058
42 0 .00031
43 0 .00019
44 0 .0001
45 0 .00008
46 0 .00004
47 0 .00002
48 0 .00001
49 0 0
50 0 0
51 0 0
100 0 0
*parity 2 married
birth 1 F married 2
14 0 0
15 0 0
16 0 0
17 0 .00001
18 0 .03801
19 0 .0197
20 0 .01857
21 0 .02139
22 0 .01701
23 0 .01785
24 0 .01717
25 0 .0147
26 0 .01319
27 0 .01315
28 0 .01233
29 0 .01171
30 0 .00991
31 0 .00803
32 0 .0073
33 0 .00653
34 0 .00637
35 0 .00553
36 0 .00507
37 0 .00421
38 0 .00387
39 0 .00314
40 0 .00283
41 0 .00211
42 0 .00169
43 0 .00114
44 0 .00087
45 0 .00053
46 0 .0003
47 0 .00019
48 0 .0001
49 0 .00005
50 0 .00002
51 0 .00001
100 0 0
*parity 2 single
birth 1 F single 2
14 0 0
15 0 0
16 0 0
17 0 .01055
18 0 .03099
19 0 .02039
20 0 .02355
21 0 .02325
22 0 .02562
23 0 .02463
24 0 .02708
25 0 .02666
26 0 .02117
27 0 .02113
28 0 .02274
29 0 .02255
30 0 .0236
31 0 .02443
32 0 .0241
33 0 .02504
34 0 .02699
35 0 .03063
36 0 .03195
37 0 .02822
38 0 .02977
39 0 .03284
40 0 .02599
41 0 .02863
42 0 .02061
43 0 .02096
44 0 .01458
45 0 .01174
46 0 .00843
47 0 .00857
48 0 .00407
49 0 .00201
50 0 .00102
51 0 .00052
100 0 0
*parity 2 widowed
birth 1 F widowed 2
14 0 0
15 0 0
16 0 0
17 0 0
18 0 .00001
19 0 .06223
20 0 .14931
21 0 .0737
22 0 .16441
23 0 .02627
24 0 .01241
25 0 .02191
26 0 .00814
27 0 .00796
28 0 .0075
29 0 .00739
30 0 .00602
31 0 .0052
32 0 .00422
33 0 .00403
34 0 .00326
35 0 .00251
36 0 .00206
37 0 .00186
38 0 .00156
39 0 .00129
40 0 .00098
41 0 .00072
42 0 .00051
43 0 .00039
44 0 .00025
45 0 .00016
46 0 .00009
47 0 .00005
48 0 .00003
49 0 .00001
50 0 0
51 0 0
100 0 0
*parity 2 divorced
birth 1 F divorced 2
14 0 0
15 0 0
16 0 0
17 0 0
18 0 .00001
19 0 .06223
20 0 .14931
21 0 .0737
22 0 .16441
23 0 .02627
24 0 .01241
25 0 .02191
26 0 .00814
27 0 .00796
28 0 .0075
29 0 .00739
30 0 .00602
31 0 .0052
32 0 .00422
33 0 .00403
34 0 .00326
35 0 .00251
36 0 .00206
37 0 .00186
38 0 .00156
39 0 .00129
40 0 .00098
41 0 .00072
42 0 .00051
43 0 .00039
44 0 .00025
45 0 .00016
46 0 .00009
47 0 .00005
48 0 .00003
49 0 .00001
50 0 0
51 0 0
100 0 0
