*parity 0 married
birth 1 F married 0
14 0 0
15 0 .00023
16 0 .00094
17 0 .02865
18 0 .02318
19 0 .02279
20 0 .0217
21 0 .0225
22 0 .02329
23 0 .02252
24 0 .01974
25 0 .02472
26 0 .02291
27 0 .02135
28 0 .02111
29 0 .0279
30 0 .02607
31 0 .03477
32 0 .03356
33 0 .02709
34 0 .03362
35 0 .02578
36 0 .02913
37 0 .02261
38 0 .00999
39 0 .01069
40 0 .01183
41 0 .00358
42 0 .0032
43 0 .0016
44 0 .00051
45 0 .00022
46 0 .00012
47 0 .00007
48 0 .00003
49 0 .00001
50 0 0
51 0 0
100 0 0
*parity 0 single
birth 1 F single 0
14 0 0
15 0 .00001
16 0 .00002
17 0 .00005
18 0 .00009
19 0 .00013
20 0 .00017
21 0 .00019
22 0 .00019
23 0 .00021
24 0 .00023
25 0 .00025
26 0 .00026
27 0 .00028
28 0 .00028
29 0 .0003
30 0 .00031
31 0 .00037
32 0 .00028
33 0 .00027
34 0 .00023
35 0 .00022
36 0 .00019
37 0 .00022
38 0 .00017
39 0 .00012
40 0 .00009
41 0 .00006
42 0 .00006
43 0 .00005
44 0 .00003
45 0 .00002
46 0 .00001
47 0 0
48 0 0
49 0 0
50 0 0
51 0 0
100 0 0
*parity 0 widowed
birth 1 F widowed 0
14 0 0
15 0 .00001
16 0 .00004
17 0 .00007
18 0 .05175
19 0 .02196
20 0 .01796
21 0 .02166
22 0 .02813
23 0 .03722
24 0 .0708
25 0 .03093
26 0 .01878
27 0 .01228
28 0 .01723
29 0 .01729
30 0 .01584
31 0 .03203
32 0 .01998
33 0 .00005
34 0 .01477
35 0 .03507
36 0 .00003
37 0 .00002
38 0 .01614
39 0 .00175
40 0 .00142
41 0 .00116
42 0 .00063
43 0 .00034
44 0 .00012
45 0 .00003
46 0 .00002
47 0 .00001
48 0 0
49 0 0
50 0 0
51 0 0
100 0 0
*parity 0 divorced
birth 1 F divorced 0
14 0 0
15 0 .00001
16 0 .00004
17 0 .00007
18 0 .05175
19 0 .02196
20 0 .01796
21 0 .02166
22 0 .02813
23 0 .03722
24 0 .0708
25 0 .03093
26 0 .01878
27 0 .01228
28 0 .01723
29 0 .01729
30 0 .01584
31 0 .03203
32 0 .01998
33 0 .00005
34 0 .01477
35 0 .03507
36 0 .00003
37 0 .00002
38 0 .01614
39 0 .00175
40 0 .00142
41 0 .00116
42 0 .00063
43 0 .00034
44 0 .00012
45 0 .00003
46 0 .00002
47 0 .00001
48 0 0
49 0 0
50 0 0
51 0 0
100 0 0
*parity 1 married
birth 1 F married 1
14 0 0
15 0 0
16 0 .00005
17 0 .00018
18 0 .04699
19 0 .02304
20 0 .01444
21 0 .01605
22 0 .02343
23 0 .01671
24 0 .01363
25 0 .01407
26 0 .01554
27 0 .01655
28 0 .02
29 0 .01611
30 0 .01518
31 0 .01389
32 0 .01474
33 0 .01831
34 0 .02935
35 0 .02813
36 0 .03286
37 0 .01827
38 0 .02406
39 0 .02624
40 0 .01527
41 0 .00879
42 0 .00345
43 0 .00119
44 0 .0013
45 0 .00137
46 0 .00208
47 0 .00039
48 0 .00008
49 0 .00002
50 0 .00001
51 0 0
100 0 0
*parity 1 single
birth 1 F single 1
14 0 0
15 0 0
16 0 0
17 0 0
18 0 .00516
19 0 .00002
20 0 .06236
21 0 .00005
22 0 .03312
23 0 .05531
24 0 .01698
25 0 .00008
26 0 .02822
27 0 .06011
28 0 .00007
29 0 .02637
30 0 .00007
31 0 .00894
32 0 .03164
33 0 .00005
34 0 .0387
35 0 .00003
36 0 .02549
37 0 .00898
38 0 .01431
39 0 .01086
40 0 .0075
41 0 .00001
42 0 .00321
43 0 0
44 0 0
45 0 0
46 0 0
47 0 0
48 0 0
49 0 0
50 0 0
51 0 0
100 0 0
*parity 1 widowed
birth 1 F widowed 1
14 0 0
15 0 0
16 0 0
17 0 .00001
18 0 .03397
19 0 .0091
20 0 .00684
21 0 .00915
22 0 .01634
23 0 .00492
24 0 .00441
25 0 .00312
26 0 .00344
27 0 .0038
28 0 .00394
29 0 .00372
30 0 .00289
31 0 .00273
32 0 .00306
33 0 .00368
34 0 .00455
35 0 .00271
36 0 .0014
37 0 .00141
38 0 .00147
39 0 .00128
40 0 .00077
41 0 .00036
42 0 .00044
43 0 .00013
44 0 .00006
45 0 .00008
46 0 .00005
47 0 .00002
48 0 .00001
49 0 0
50 0 0
51 0 0
100 0 0
*parity 1 divorced
birth 1 F divorced 1
14 0 0
15 0 0
16 0 0
17 0 .00001
18 0 .03397
19 0 .0091
20 0 .00684
21 0 .00915
22 0 .01634
23 0 .00492
24 0 .00441
25 0 .00312
26 0 .00344
27 0 .0038
28 0 .00394
29 0 .00372
30 0 .00289
31 0 .00273
32 0 .00306
33 0 .00368
34 0 .00455
35 0 .00271
36 0 .0014
37 0 .00141
38 0 .00147
39 0 .00128
40 0 .00077
41 0 .00036
42 0 .00044
43 0 .00013
44 0 .00006
45 0 .00008
46 0 .00005
47 0 .00002
48 0 .00001
49 0 0
50 0 0
51 0 0
100 0 0
*parity 2 married
birth 1 F married 2
14 0 0
15 0 0
16 0 0
17 0 .00001
18 0 .00353
19 0 .00458
20 0 .01411
21 0 .00942
22 0 .007
23 0 .00922
24 0 .01109
25 0 .00886
26 0 .00789
27 0 .00753
28 0 .00663
29 0 .00636
30 0 .0059
31 0 .005
32 0 .00465
33 0 .00394
34 0 .00343
35 0 .00313
36 0 .00265
37 0 .00232
38 0 .00209
39 0 .0017
40 0 .0014
41 0 .0011
42 0 .0008
43 0 .00064
44 0 .00047
45 0 .00029
46 0 .00017
47 0 .00009
48 0 .00005
49 0 .00003
50 0 .00001
51 0 0
100 0 0
*parity 2 single
birth 1 F single 2
14 0 0
15 0 0
16 0 0
17 0 0
18 0 0
19 0 0
20 0 .00001
21 0 .01327
22 0 .01982
23 0 .05314
24 0 .00004
25 0 .01192
26 0 .02015
27 0 .01348
28 0 .03021
29 0 .07394
30 0 .03941
31 0 .03962
32 0 .0257
33 0 .03308
34 0 .0581
35 0 .00005
36 0 .02404
37 0 .03819
38 0 .01731
39 0 .00003
40 0 .02351
41 0 .00002
42 0 .00001
43 0 .00001
44 0 .00001
45 0 0
46 0 0
47 0 0
48 0 0
49 0 0
50 0 0
51 0 0
100 0 0
*parity 2 widowed
birth 1 F widowed 2
14 0 0
15 0 0
16 0 0
17 0 0
18 0 0
19 0 .01129
20 0 .0123
21 0 .00873
22 0 .00343
23 0 .00486
24 0 .00447
25 0 .00356
26 0 .00349
27 0 .00263
28 0 .00207
29 0 .00162
30 0 .00166
31 0 .00132
32 0 .00115
33 0 .00095
34 0 .00071
35 0 .00055
36 0 .00058
37 0 .00043
38 0 .00031
39 0 .00026
40 0 .00021
41 0 .00017
42 0 .00013
43 0 .00008
44 0 .00005
45 0 .00004
46 0 .00002
47 0 .00001
48 0 .00001
49 0 0
50 0 0
51 0 0
100 0 0
*parity 2 divorced
birth 1 F divorced 2
14 0 0
15 0 0
16 0 0
17 0 0
18 0 0
19 0 .01129
20 0 .0123
21 0 .00873
22 0 .00343
23 0 .00486
24 0 .00447
25 0 .00356
26 0 .00349
27 0 .00263
28 0 .00207
29 0 .00162
30 0 .00166
31 0 .00132
32 0 .00115
33 0 .00095
34 0 .00071
35 0 .00055
36 0 .00058
37 0 .00043
38 0 .00031
39 0 .00026
40 0 .00021
41 0 .00017
42 0 .00013
43 0 .00008
44 0 .00005
45 0 .00004
46 0 .00002
47 0 .00001
48 0 .00001
49 0 0
50 0 0
51 0 0
100 0 0
