*parity 0 married
birth 1 F married 0
14 0 0
15 0 .00021
16 0 .00085
17 0 .05547
18 0 .04447
19 0 .05203
20 0 .0649
21 0 .04456
22 0 .04914
23 0 .04244
24 0 .03919
25 0 .03564
26 0 .03588
27 0 .03118
28 0 .02081
29 0 .01671
30 0 .01055
31 0 .00764
32 0 .00575
33 0 .00444
34 0 .00385
35 0 .00261
36 0 .00215
37 0 .00169
38 0 .00127
39 0 .00103
40 0 .00066
41 0 .0005
42 0 .00033
43 0 .00024
44 0 .00013
45 0 .00009
46 0 .00005
47 0 .00002
48 0 .00001
49 0 0
50 0 0
51 0 0
100 0 0
*parity 0 single
birth 1 F single 0
14 0 0
15 0 .00003
16 0 .00014
17 0 .00028
18 0 .00048
19 0 .00068
20 0 .00083
21 0 .00093
22 0 .0009
23 0 .00092
24 0 .00096
25 0 .00091
26 0 .00094
27 0 .00095
28 0 .00099
29 0 .00108
30 0 .0011
31 0 .00118
32 0 .0012
33 0 .00131
34 0 .00114
35 0 .00099
36 0 .00118
37 0 .00125
38 0 .00109
39 0 .00132
40 0 .00057
41 0 .00062
42 0 .00053
43 0 .00045
44 0 .00041
45 0 .00024
46 0 .00014
47 0 .00007
48 0 .00004
49 0 .00001
50 0 0
51 0 .00001
100 0 0
*parity 0 widowed
birth 1 F widowed 0
14 0 0
15 0 .00001
16 0 .00005
17 0 .00009
18 0 .17162
19 0 .11988
20 0 .00024
21 0 .14502
22 0 .05661
23 0 .11854
24 0 .05643
25 0 .02372
26 0 .0186
27 0 .01665
28 0 .00889
29 0 .00522
30 0 .00416
31 0 .00368
32 0 .00373
33 0 .00237
34 0 .00173
35 0 .00113
36 0 .00065
37 0 .0004
38 0 .00028
39 0 .00015
40 0 .00016
41 0 .00009
42 0 .00005
43 0 .00003
44 0 .00002
45 0 .00001
46 0 .00001
47 0 0
48 0 0
49 0 0
50 0 0
51 0 0
100 0 0
*parity 0 divorced
birth 1 F divorced 0
14 0 0
15 0 .00001
16 0 .00005
17 0 .00009
18 0 .17162
19 0 .11988
20 0 .00024
21 0 .14502
22 0 .05661
23 0 .11854
24 0 .05643
25 0 .02372
26 0 .0186
27 0 .01665
28 0 .00889
29 0 .00522
30 0 .00416
31 0 .00368
32 0 .00373
33 0 .00237
34 0 .00173
35 0 .00113
36 0 .00065
37 0 .0004
38 0 .00028
39 0 .00015
40 0 .00016
41 0 .00009
42 0 .00005
43 0 .00003
44 0 .00002
45 0 .00001
46 0 .00001
47 0 0
48 0 0
49 0 0
50 0 0
51 0 0
100 0 0
*parity 1 married
birth 1 F married 1
14 0 0
15 0 0
16 0 .00005
17 0 .00017
18 0 .03353
19 0 .01948
20 0 .02093
21 0 .02707
22 0 .03639
23 0 .03051
24 0 .03392
25 0 .03627
26 0 .04135
27 0 .03814
28 0 .03644
29 0 .02658
30 0 .03041
31 0 .0294
32 0 .02161
33 0 .02711
34 0 .01866
35 0 .01683
36 0 .01318
37 0 .0096
38 0 .0082
39 0 .0056
40 0 .00644
41 0 .00429
42 0 .00274
43 0 .0016
44 0 .00071
45 0 .00037
46 0 .00021
47 0 .00011
48 0 .00006
49 0 .00002
50 0 0
51 0 0
100 0 0
*parity 1 single
birth 1 F single 1
14 0 0
15 0 0
16 0 .00001
17 0 .01545
18 0 .01206
19 0 .02167
20 0 .03966
21 0 .02299
22 0 .02327
23 0 .02459
24 0 .01605
25 0 .02007
26 0 .01999
27 0 .02882
28 0 .02987
29 0 .03905
30 0 .06273
31 0 .12011
32 0 .06603
33 0 .12517
34 0 .03133
35 0 .04027
36 0 .00015
37 0 .05239
38 0 .07989
39 0 .00006
40 0 .00811
41 0 .01764
42 0 .023
43 0 .0132
44 0 .00761
45 0 0
46 0 0
47 0 .00117
48 0 .00051
49 0 0
50 0 0
51 0 0
100 0 0
*parity 1 widowed
birth 1 F widowed 1
14 0 0
15 0 0
16 0 0
17 0 .00001
18 0 .00003
19 0 .02974
20 0 .01587
21 0 .02235
22 0 .08383
23 0 .02812
24 0 .0079
25 0 .0169
26 0 .02143
27 0 .01779
28 0 .01742
29 0 .00893
30 0 .01004
31 0 .00727
32 0 .00453
33 0 .00296
34 0 .00443
35 0 .00345
36 0 .0022
37 0 .00106
38 0 .00095
39 0 .00071
40 0 .00062
41 0 .00036
42 0 .00024
43 0 .00011
44 0 .00006
45 0 .00003
46 0 .00001
47 0 .00001
48 0 0
49 0 0
50 0 0
51 0 0
100 0 0
*parity 1 divorced
birth 1 F divorced 1
14 0 0
15 0 0
16 0 0
17 0 .00001
18 0 .00003
19 0 .02974
20 0 .01587
21 0 .02235
22 0 .08383
23 0 .02812
24 0 .0079
25 0 .0169
26 0 .02143
27 0 .01779
28 0 .01742
29 0 .00893
30 0 .01004
31 0 .00727
32 0 .00453
33 0 .00296
34 0 .00443
35 0 .00345
36 0 .0022
37 0 .00106
38 0 .00095
39 0 .00071
40 0 .00062
41 0 .00036
42 0 .00024
43 0 .00011
44 0 .00006
45 0 .00003
46 0 .00001
47 0 .00001
48 0 0
49 0 0
50 0 0
51 0 0
100 0 0
*parity 2 married
birth 1 F married 2
14 0 0
15 0 0
16 0 0
17 0 .00001
18 0 .00006
19 0 .03158
20 0 .01255
21 0 .01148
22 0 .01166
23 0 .01272
24 0 .0108
25 0 .01286
26 0 .01053
27 0 .00947
28 0 .00961
29 0 .00932
30 0 .00857
31 0 .00802
32 0 .00743
33 0 .00652
34 0 .00569
35 0 .00589
36 0 .00485
37 0 .00442
38 0 .00399
39 0 .00323
40 0 .00271
41 0 .00203
42 0 .00154
43 0 .00113
44 0 .00092
45 0 .00058
46 0 .00036
47 0 .0002
48 0 .00011
49 0 .00005
50 0 .00002
51 0 .00001
100 0 0
*parity 2 single
birth 1 F single 2
14 0 0
15 0 0
16 0 0
17 0 0
18 0 .01075
19 0 .0159
20 0 .02319
21 0 .02622
22 0 .02305
23 0 .01955
24 0 .02484
25 0 .01584
26 0 .0136
27 0 .01963
28 0 .02206
29 0 .02034
30 0 .02383
31 0 .01715
32 0 .02994
33 0 .01878
34 0 .02633
35 0 .01786
36 0 .02869
37 0 .02522
38 0 .02001
39 0 .01892
40 0 .04397
41 0 .02403
42 0 .05485
43 0 .01496
44 0 .01063
45 0 .01133
46 0 .00533
47 0 .00688
48 0 .00178
49 0 .00058
50 0 .00072
51 0 .00019
100 0 0
*parity 2 widowed
birth 1 F widowed 2
14 0 0
15 0 0
16 0 0
17 0 0
18 0 0
19 0 .00001
20 0 .00795
21 0 .0075
22 0 .00647
23 0 .00671
24 0 .00852
25 0 .00421
26 0 .00356
27 0 .00316
28 0 .00297
29 0 .00243
30 0 .00277
31 0 .00199
32 0 .00198
33 0 .00148
34 0 .0014
35 0 .00117
36 0 .00097
37 0 .00087
38 0 .00063
39 0 .00055
40 0 .00041
41 0 .00029
42 0 .00022
43 0 .00015
44 0 .0001
45 0 .00006
46 0 .00004
47 0 .00002
48 0 .00001
49 0 0
50 0 0
51 0 0
100 0 0
*parity 2 divorced
birth 1 F divorced 2
14 0 0
15 0 0
16 0 0
17 0 0
18 0 0
19 0 .00001
20 0 .00795
21 0 .0075
22 0 .00647
23 0 .00671
24 0 .00852
25 0 .00421
26 0 .00356
27 0 .00316
28 0 .00297
29 0 .00243
30 0 .00277
31 0 .00199
32 0 .00198
33 0 .00148
34 0 .0014
35 0 .00117
36 0 .00097
37 0 .00087
38 0 .00063
39 0 .00055
40 0 .00041
41 0 .00029
42 0 .00022
43 0 .00015
44 0 .0001
45 0 .00006
46 0 .00004
47 0 .00002
48 0 .00001
49 0 0
50 0 0
51 0 0
100 0 0
