*parity 0 married
birth 1 F married 0
14 0 0
15 0 .00009
16 0 .00036
17 0 .07265
18 0 .0352
19 0 .03834
20 0 .04117
21 0 .04003
22 0 .03658
23 0 .02737
24 0 .02612
25 0 .02563
26 0 .0255
27 0 .02069
28 0 .01676
29 0 .01296
30 0 .01443
31 0 .01163
32 0 .00838
33 0 .0067
34 0 .00427
35 0 .00268
36 0 .00181
37 0 .00113
38 0 .00076
39 0 .00052
40 0 .00037
41 0 .00023
42 0 .00016
43 0 .00009
44 0 .00006
45 0 .00003
46 0 .00002
47 0 .00001
48 0 .00001
49 0 0
50 0 0
51 0 0
100 0 0
*parity 0 single
birth 1 F single 0
14 0 0
15 0 .00015
16 0 .00063
17 0 .00121
18 0 .00205
19 0 .00297
20 0 .00358
21 0 .00387
22 0 .00398
23 0 .00394
24 0 .00393
25 0 .00382
26 0 .00384
27 0 .00381
28 0 .00367
29 0 .0034
30 0 .00314
31 0 .00275
32 0 .00242
33 0 .00205
34 0 .00186
35 0 .00168
36 0 .0014
37 0 .00137
38 0 .0011
39 0 .00095
40 0 .00079
41 0 .00061
42 0 .00048
43 0 .00033
44 0 .00019
45 0 .00015
46 0 .00012
47 0 .00007
48 0 .00003
49 0 .00001
50 0 0
51 0 0
100 0 0
*parity 0 widowed
birth 1 F widowed 0
14 0 0
15 0 .00002
16 0 .00006
17 0 .00012
18 0 .21759
19 0 .56211
20 0 .67626
21 0 .7282
22 0 .23692
23 0 .65755
24 0 .20454
25 0 .17656
26 0 .46843
27 0 .44222
28 0 .06561
29 0 .03391
30 0 .0233
31 0 .02133
32 0 .01299
33 0 .02103
34 0 .0137
35 0 .00932
36 0 .00351
37 0 .00278
38 0 .00105
39 0 .00068
40 0 .00045
41 0 .00024
42 0 .00016
43 0 .00007
44 0 .00004
45 0 .00003
46 0 .00001
47 0 .00001
48 0 0
49 0 0
50 0 0
51 0 0
100 0 0
*parity 0 divorced
birth 1 F divorced 0
14 0 0
15 0 .00002
16 0 .00006
17 0 .00012
18 0 .21759
19 0 .56211
20 0 .67626
21 0 .7282
22 0 .23692
23 0 .65755
24 0 .20454
25 0 .17656
26 0 .46843
27 0 .44222
28 0 .06561
29 0 .03391
30 0 .0233
31 0 .02133
32 0 .01299
33 0 .02103
34 0 .0137
35 0 .00932
36 0 .00351
37 0 .00278
38 0 .00105
39 0 .00068
40 0 .00045
41 0 .00024
42 0 .00016
43 0 .00007
44 0 .00004
45 0 .00003
46 0 .00001
47 0 .00001
48 0 0
49 0 0
50 0 0
51 0 0
100 0 0
*parity 1 married
birth 1 F married 1
14 0 0
15 0 0
16 0 .00002
17 0 .15931
18 0 .01995
19 0 .01472
20 0 .02041
21 0 .02083
22 0 .0226
23 0 .02925
24 0 .02603
25 0 .02795
26 0 .02675
27 0 .02186
28 0 .0229
29 0 .03433
30 0 .02411
31 0 .0265
32 0 .02338
33 0 .02541
34 0 .02433
35 0 .01994
36 0 .01451
37 0 .00744
38 0 .00529
39 0 .00447
40 0 .00289
41 0 .00194
42 0 .00166
43 0 .00072
44 0 .00043
45 0 .00024
46 0 .0001
47 0 .00007
48 0 .00002
49 0 .00001
50 0 0
51 0 0
100 0 0
*parity 1 single
birth 1 F single 1
14 0 0
15 0 0
16 0 .04119
17 0 .05607
18 0 .03352
19 0 .01916
20 0 .02382
21 0 .02326
22 0 .02087
23 0 .0221
24 0 .02537
25 0 .02278
26 0 .02548
27 0 .02932
28 0 .02544
29 0 .02601
30 0 .02513
31 0 .02332
32 0 .02221
33 0 .02217
34 0 .01968
35 0 .01845
36 0 .01674
37 0 .01638
38 0 .01252
39 0 .01395
40 0 .01188
41 0 .01175
42 0 .00557
43 0 .00511
44 0 .00309
45 0 .00188
46 0 .0034
47 0 .00115
48 0 .0003
49 0 .00009
50 0 .00002
51 0 .00001
100 0 0
*parity 1 widowed
birth 1 F widowed 1
14 0 0
15 0 0
16 0 0
17 0 .00001
18 0 .00003
19 0 .0468
20 0 .0781
21 0 .04836
22 0 .02821
23 0 .03358
24 0 .04137
25 0 .02443
26 0 .01499
27 0 .01602
28 0 .01571
29 0 .04124
30 0 .05476
31 0 .01924
32 0 .05163
33 0 .02942
34 0 .02192
35 0 .02567
36 0 .0168
37 0 .01096
38 0 .00424
39 0 .00363
40 0 .00337
41 0 .00114
42 0 .00067
43 0 .00038
44 0 .00018
45 0 .00011
46 0 .00004
47 0 .00002
48 0 .00001
49 0 0
50 0 0
51 0 0
100 0 0
*parity 1 divorced
birth 1 F divorced 1
14 0 0
15 0 0
16 0 0
17 0 .00001
18 0 .00003
19 0 .0468
20 0 .0781
21 0 .04836
22 0 .02821
23 0 .03358
24 0 .04137
25 0 .02443
26 0 .01499
27 0 .01602
28 0 .01571
29 0 .04124
30 0 .05476
31 0 .01924
32 0 .05163
33 0 .02942
34 0 .02192
35 0 .02567
36 0 .0168
37 0 .01096
38 0 .00424
39 0 .00363
40 0 .00337
41 0 .00114
42 0 .00067
43 0 .00038
44 0 .00018
45 0 .00011
46 0 .00004
47 0 .00002
48 0 .00001
49 0 0
50 0 0
51 0 0
100 0 0
*parity 2 married
birth 1 F married 2
14 0 0
15 0 0
16 0 0
17 0 .00001
18 0 .0537
19 0 .02451
20 0 .01344
21 0 .01357
22 0 .01564
23 0 .01197
24 0 .01094
25 0 .01232
26 0 .01112
27 0 .00955
28 0 .00992
29 0 .00943
30 0 .00896
31 0 .0075
32 0 .00693
33 0 .00606
34 0 .00505
35 0 .00425
36 0 .00335
37 0 .00271
38 0 .00257
39 0 .00201
40 0 .00154
41 0 .00123
42 0 .00085
43 0 .0006
44 0 .00047
45 0 .00028
46 0 .00016
47 0 .00008
48 0 .00004
49 0 .00002
50 0 .00001
51 0 0
100 0 0
*parity 2 single
birth 1 F single 2
14 0 0
15 0 0
16 0 0
17 0 .01141
18 0 .0315
19 0 .03236
20 0 .01739
21 0 .02339
22 0 .01622
23 0 .01735
24 0 .01547
25 0 .01515
26 0 .01293
27 0 .01226
28 0 .01249
29 0 .01155
30 0 .01064
31 0 .0099
32 0 .00969
33 0 .00823
34 0 .00806
35 0 .00735
36 0 .00828
37 0 .00741
38 0 .00785
39 0 .00619
40 0 .00545
41 0 .00481
42 0 .00389
43 0 .00342
44 0 .00264
45 0 .00202
46 0 .0012
47 0 .00084
48 0 .00044
49 0 .00022
50 0 .00008
51 0 .00004
100 0 0
*parity 2 widowed
birth 1 F widowed 2
14 0 0
15 0 0
16 0 0
17 0 0
18 0 0
19 0 .00001
20 0 .02967
21 0 .01917
22 0 .18233
23 0 .03533
24 0 .01344
25 0 .01959
26 0 .01352
27 0 .0168
28 0 .01215
29 0 .00748
30 0 .00529
31 0 .007
32 0 .00417
33 0 .00413
34 0 .00279
35 0 .00242
36 0 .00222
37 0 .00189
38 0 .00132
39 0 .00118
40 0 .00092
41 0 .00061
42 0 .00039
43 0 .00032
44 0 .00019
45 0 .0001
46 0 .00007
47 0 .00003
48 0 .00001
49 0 .00001
50 0 0
51 0 0
100 0 0
*parity 2 divorced
birth 1 F divorced 2
14 0 0
15 0 0
16 0 0
17 0 0
18 0 0
19 0 .00001
20 0 .02967
21 0 .01917
22 0 .18233
23 0 .03533
24 0 .01344
25 0 .01959
26 0 .01352
27 0 .0168
28 0 .01215
29 0 .00748
30 0 .00529
31 0 .007
32 0 .00417
33 0 .00413
34 0 .00279
35 0 .00242
36 0 .00222
37 0 .00189
38 0 .00132
39 0 .00118
40 0 .00092
41 0 .00061
42 0 .00039
43 0 .00032
44 0 .00019
45 0 .0001
46 0 .00007
47 0 .00003
48 0 .00001
49 0 .00001
50 0 0
51 0 0
100 0 0
