*parity 0 married
birth 1 F married 0
14 0 0
15 0 .00021
16 0 .00096
17 0 .03358
18 0 .02815
19 0 .03315
20 0 .04267
21 0 .0587
22 0 .07702
23 0 .0638
24 0 .06035
25 0 .0563
26 0 .07024
27 0 .04189
28 0 .05581
29 0 .05191
30 0 .04662
31 0 .033
32 0 .04729
33 0 .02523
34 0 .01666
35 0 .01712
36 0 .01098
37 0 .00972
38 0 .00811
39 0 .00526
40 0 .0041
41 0 .00302
42 0 .00173
43 0 .00053
44 0 .00025
45 0 .00021
46 0 .0001
47 0 .00006
48 0 .00003
49 0 .00001
50 0 0
51 0 .00001
100 0 0
*parity 0 single
birth 1 F single 0
14 0 0
15 0 .00001
16 0 .00003
17 0 .00008
18 0 .00015
19 0 .00025
20 0 .00033
21 0 .00038
22 0 .00038
23 0 .00042
24 0 .00042
25 0 .00041
26 0 .0004
27 0 .00039
28 0 .0004
29 0 .00038
30 0 .00038
31 0 .0003
32 0 .00039
33 0 .00032
34 0 .0003
35 0 .00029
36 0 .00019
37 0 .00022
38 0 .00019
39 0 .00019
40 0 .00023
41 0 .00017
42 0 .0001
43 0 .00005
44 0 .00003
45 0 .00002
46 0 .00001
47 0 .00001
48 0 0
49 0 0
50 0 0
51 0 0
100 0 0
*parity 0 widowed
birth 1 F widowed 0
14 0 0
15 0 .00001
16 0 .00005
17 0 .00011
18 0 .00019
19 0 .20827
20 0 .08163
21 0 .173
22 0 .45001
23 0 .39586
24 0 .18567
25 0 .00023
26 0 .0002
27 0 .00017
28 0 .08513
29 0 .13958
30 0 .06026
31 0 .05631
32 0 .0709
33 0 .03001
34 0 .00004
35 0 .01239
36 0 .00809
37 0 .00492
38 0 .00378
39 0 .00206
40 0 .00332
41 0 .00112
42 0 .00027
43 0 .00025
44 0 .00007
45 0 .00003
46 0 .00002
47 0 .00001
48 0 0
49 0 0
50 0 0
51 0 0
100 0 0
*parity 0 divorced
birth 1 F divorced 0
14 0 0
15 0 .00001
16 0 .00005
17 0 .00011
18 0 .00019
19 0 .20827
20 0 .08163
21 0 .173
22 0 .45001
23 0 .39586
24 0 .18567
25 0 .00023
26 0 .0002
27 0 .00017
28 0 .08513
29 0 .13958
30 0 .06026
31 0 .05631
32 0 .0709
33 0 .03001
34 0 .00004
35 0 .01239
36 0 .00809
37 0 .00492
38 0 .00378
39 0 .00206
40 0 .00332
41 0 .00112
42 0 .00027
43 0 .00025
44 0 .00007
45 0 .00003
46 0 .00002
47 0 .00001
48 0 0
49 0 0
50 0 0
51 0 0
100 0 0
*parity 1 married
birth 1 F married 1
14 0 0
15 0 0
16 0 .00007
17 0 .00026
18 0 .02888
19 0 .05772
20 0 .06107
21 0 .04087
22 0 .03017
23 0 .0272
24 0 .03438
25 0 .03034
26 0 .02402
27 0 .02491
28 0 .02533
29 0 .02175
30 0 .02473
31 0 .04217
32 0 .03589
33 0 .03638
34 0 .03406
35 0 .06191
36 0 .05647
37 0 .15343
38 0 .14556
39 0 .00046
40 0 .04977
41 0 .06601
42 0 .06682
43 0 .0001
44 0 .0491
45 0 .00003
46 0 .0025
47 0 .00146
48 0 .00225
49 0 .00014
50 0 .00004
51 0 .00003
100 0 0
*parity 1 single
birth 1 F single 1
14 0 0
15 0 0
16 0 0
17 0 .00001
18 0 .04289
19 0 .02725
20 0 .0436
21 0 .04552
22 0 .02858
23 0 .2114
24 0 .0285
25 0 .20963
26 0 .09125
27 0 .02275
28 0 .049
29 0 .1277
30 0 .02883
31 0 .11217
32 0 .07314
33 0 .00006
34 0 .00005
35 0 .02032
36 0 .00003
37 0 .0265
38 0 .01006
39 0 .01519
40 0 .00001
41 0 .00001
42 0 .00462
43 0 0
44 0 0
45 0 0
46 0 0
47 0 .0001
48 0 .00003
49 0 0
50 0 0
51 0 0
100 0 0
*parity 1 widowed
birth 1 F widowed 1
14 0 0
15 0 0
16 0 0
17 0 .00001
18 0 .0321
19 0 .02447
20 0 .03916
21 0 .05451
22 0 .04278
23 0 .02637
24 0 .02007
25 0 .02615
26 0 .02484
27 0 .02167
28 0 .01158
29 0 .01195
30 0 .01079
31 0 .01866
32 0 .10948
33 0 .04796
34 0 .02525
35 0 .00006
36 0 .00876
37 0 .00004
38 0 .0301
39 0 .02274
40 0 .01544
41 0 .00171
42 0 .00345
43 0 .0007
44 0 .00127
45 0 0
46 0 .00065
47 0 .0003
48 0 0
49 0 .00004
50 0 0
51 0 .00001
100 0 0
*parity 1 divorced
birth 1 F divorced 1
14 0 0
15 0 0
16 0 0
17 0 .00001
18 0 .0321
19 0 .02447
20 0 .03916
21 0 .05451
22 0 .04278
23 0 .02637
24 0 .02007
25 0 .02615
26 0 .02484
27 0 .02167
28 0 .01158
29 0 .01195
30 0 .01079
31 0 .01866
32 0 .10948
33 0 .04796
34 0 .02525
35 0 .00006
36 0 .00876
37 0 .00004
38 0 .0301
39 0 .02274
40 0 .01544
41 0 .00171
42 0 .00345
43 0 .0007
44 0 .00127
45 0 0
46 0 .00065
47 0 .0003
48 0 0
49 0 .00004
50 0 0
51 0 .00001
100 0 0
*parity 2 married
birth 1 F married 2
14 0 0
15 0 0
16 0 .00001
17 0 .00002
18 0 .00011
19 0 .00682
20 0 .00939
21 0 .01187
22 0 .01781
23 0 .01648
24 0 .01565
25 0 .0157
26 0 .01533
27 0 .01496
28 0 .01282
29 0 .01267
30 0 .01182
31 0 .01005
32 0 .00847
33 0 .0082
34 0 .00794
35 0 .00686
36 0 .00663
37 0 .00623
38 0 .00562
39 0 .005
40 0 .00419
41 0 .00347
42 0 .00269
43 0 .00219
44 0 .00178
45 0 .00111
46 0 .00077
47 0 .00041
48 0 .00022
49 0 .00011
50 0 .00006
51 0 .00002
100 0 0
*parity 2 single
birth 1 F single 2
14 0 0
15 0 0
16 0 0
17 0 0
18 0 0
19 0 .00895
20 0 .00003
21 0 .02609
22 0 .01258
23 0 .01708
24 0 .02312
25 0 .02115
26 0 .02399
27 0 .01518
28 0 .02874
29 0 .02845
30 0 .01882
31 0 .02194
32 0 .02322
33 0 .02563
34 0 .01668
35 0 .02376
36 0 .02032
37 0 .06952
38 0 .03039
39 0 .03495
40 0 .01637
41 0 .03028
42 0 .0472
43 0 .0339
44 0 .01246
45 0 .00531
46 0 .00459
47 0 .00171
48 0 .00053
49 0 .00043
50 0 .00005
51 0 .00003
100 0 0
*parity 2 widowed
birth 1 F widowed 2
14 0 0
15 0 0
16 0 0
17 0 0
18 0 .00001
19 0 .0268
20 0 .03034
21 0 .01302
22 0 .00997
23 0 .01151
24 0 .00649
25 0 .00611
26 0 .00589
27 0 .00512
28 0 .0045
29 0 .00358
30 0 .00276
31 0 .00279
32 0 .00233
33 0 .00192
34 0 .00165
35 0 .00156
36 0 .00147
37 0 .00089
38 0 .00081
39 0 .00066
40 0 .00058
41 0 .00039
42 0 .00032
43 0 .00024
44 0 .00018
45 0 .00012
46 0 .00006
47 0 .00004
48 0 .00002
49 0 .00001
50 0 0
51 0 0
100 0 0
*parity 2 divorced
birth 1 F divorced 2
14 0 0
15 0 0
16 0 0
17 0 0
18 0 .00001
19 0 .0268
20 0 .03034
21 0 .01302
22 0 .00997
23 0 .01151
24 0 .00649
25 0 .00611
26 0 .00589
27 0 .00512
28 0 .0045
29 0 .00358
30 0 .00276
31 0 .00279
32 0 .00233
33 0 .00192
34 0 .00165
35 0 .00156
36 0 .00147
37 0 .00089
38 0 .00081
39 0 .00066
40 0 .00058
41 0 .00039
42 0 .00032
43 0 .00024
44 0 .00018
45 0 .00012
46 0 .00006
47 0 .00004
48 0 .00002
49 0 .00001
50 0 0
51 0 0
100 0 0
