*parity 0 married
birth 1 F married 0
14 0 0
15 0 .00014
16 0 .00068
17 0 .03436
18 0 .03028
19 0 .03862
20 0 .03813
21 0 .03689
22 0 .03947
23 0 .05547
24 0 .06277
25 0 .05098
26 0 .04199
27 0 .03916
28 0 .02481
29 0 .01982
30 0 .01147
31 0 .00789
32 0 .0072
33 0 .00564
34 0 .00387
35 0 .00308
36 0 .00248
37 0 .0019
38 0 .0016
39 0 .0012
40 0 .0009
41 0 .00066
42 0 .00042
43 0 .00029
44 0 .00019
45 0 .00012
46 0 .00006
47 0 .00003
48 0 .00002
49 0 .00001
50 0 0
51 0 0
100 0 0
*parity 0 single
birth 1 F single 0
14 0 0
15 0 .00003
16 0 .00014
17 0 .00035
18 0 .00071
19 0 .00117
20 0 .00167
21 0 .00205
22 0 .00213
23 0 .00207
24 0 .00203
25 0 .00199
26 0 .00195
27 0 .00179
28 0 .00172
29 0 .00161
30 0 .00144
31 0 .00142
32 0 .00127
33 0 .00121
34 0 .0014
35 0 .00114
36 0 .00129
37 0 .00106
38 0 .00084
39 0 .00094
40 0 .00061
41 0 .00049
42 0 .00038
43 0 .00027
44 0 .00024
45 0 .0002
46 0 .00007
47 0 .00005
48 0 .00002
49 0 .00001
50 0 0
51 0 0
100 0 0
*parity 0 widowed
birth 1 F widowed 0
14 0 0
15 0 .00003
16 0 .00013
17 0 .85696
18 0 .39827
19 0 1.12878
20 0 1.26669
21 0 .50602
22 0 .52676
23 0 .00098
24 0 1.47972
25 0 1.23158
26 0 .00057
27 0 .38145
28 0 .31656
29 0 .00029
30 0 .19672
31 0 .07689
32 0 .04794
33 0 .02308
34 0 .01084
35 0 .00945
36 0 .00583
37 0 .00424
38 0 .00245
39 0 .00236
40 0 .00106
41 0 .00069
42 0 .00039
43 0 .00021
44 0 .00015
45 0 .00009
46 0 .00005
47 0 .00002
48 0 .00001
49 0 0
50 0 0
51 0 0
100 0 0
*parity 0 divorced
birth 1 F divorced 0
14 0 0
15 0 .00003
16 0 .00013
17 0 .85696
18 0 .39827
19 0 1.12878
20 0 1.26669
21 0 .50602
22 0 .52676
23 0 .00098
24 0 1.47972
25 0 1.23158
26 0 .00057
27 0 .38145
28 0 .31656
29 0 .00029
30 0 .19672
31 0 .07689
32 0 .04794
33 0 .02308
34 0 .01084
35 0 .00945
36 0 .00583
37 0 .00424
38 0 .00245
39 0 .00236
40 0 .00106
41 0 .00069
42 0 .00039
43 0 .00021
44 0 .00015
45 0 .00009
46 0 .00005
47 0 .00002
48 0 .00001
49 0 0
50 0 0
51 0 0
100 0 0
*parity 1 married
birth 1 F married 1
14 0 0
15 0 0
16 0 .00006
17 0 .00022
18 0 .02782
19 0 .02407
20 0 .02998
21 0 .03318
22 0 .03662
23 0 .04936
24 0 .36604
25 0 .98961
26 0 .38286
27 0 1
28 0 1
29 0 .95336
30 0 .41602
31 0 1
32 0 1
33 0 1
34 0 1
35 0 .59885
36 0 .00065
37 0 .39158
38 0 .59086
39 0 .00034
40 0 .37443
41 0 .00018
42 0 .04564
43 0 .03707
44 0 .00822
45 0 .00223
46 0 .00071
47 0 .00023
48 0 .00007
49 0 .00002
50 0 .00001
51 0 .00001
100 0 0
*parity 1 single
birth 1 F single 1
14 0 0
15 0 0
16 0 .03316
17 0 .12882
18 0 .05397
19 0 .06857
20 0 .07124
21 0 .06449
22 0 .14186
23 0 .13309
24 0 .08995
25 0 .07615
26 0 .63975
27 0 .55305
28 0 .00057
29 0 .19913
30 0 .17379
31 0 .28129
32 0 .22408
33 0 .1984
34 0 .15537
35 0 .25016
36 0 .00014
37 0 .00011
38 0 .12341
39 0 .00007
40 0 .02607
41 0 .05349
42 0 .03813
43 0 .02323
44 0 .00001
45 0 .00746
46 0 0
47 0 .00186
48 0 .00023
49 0 0
50 0 0
51 0 .00003
100 0 0
*parity 1 widowed
birth 1 F widowed 1
14 0 0
15 0 0
16 0 .00001
17 0 .00004
18 0 .00013
19 0 .07817
20 0 .08178
21 0 .19766
22 0 .72781
23 0 .15173
24 0 1.42634
25 0 .67483
26 0 .39784
27 0 .51588
28 0 .00053
29 0 .3715
30 0 .64844
31 0 .00032
32 0 .00027
33 0 .37013
34 0 .00018
35 0 .00015
36 0 .00013
37 0 .0001
38 0 .11512
39 0 .08945
40 0 .07295
41 0 .00004
42 0 .00889
43 0 .01083
44 0 .00641
45 0 .00174
46 0 .00021
47 0 .00009
48 0 .00001
49 0 0
50 0 0
51 0 0
100 0 0
*parity 1 divorced
birth 1 F divorced 1
14 0 0
15 0 0
16 0 .00001
17 0 .00004
18 0 .00013
19 0 .07817
20 0 .08178
21 0 .19766
22 0 .72781
23 0 .15173
24 0 1.42634
25 0 .67483
26 0 .39784
27 0 .51588
28 0 .00053
29 0 .3715
30 0 .64844
31 0 .00032
32 0 .00027
33 0 .37013
34 0 .00018
35 0 .00015
36 0 .00013
37 0 .0001
38 0 .11512
39 0 .08945
40 0 .07295
41 0 .00004
42 0 .00889
43 0 .01083
44 0 .00641
45 0 .00174
46 0 .00021
47 0 .00009
48 0 .00001
49 0 0
50 0 0
51 0 0
100 0 0
*parity 2 married
birth 1 F married 2
14 0 0
15 0 0
16 0 0
17 0 .00002
18 0 .0001
19 0 .03324
20 0 .01861
21 0 .01846
22 0 .01676
23 0 .01365
24 0 .0108
25 0 .01124
26 0 .01091
27 0 .01032
28 0 .0101
29 0 .00993
30 0 .01006
31 0 .00948
32 0 .00886
33 0 .00804
34 0 .00808
35 0 .00792
36 0 .00715
37 0 .00685
38 0 .00636
39 0 .00547
40 0 .00527
41 0 .00398
42 0 .00343
43 0 .00247
44 0 .00175
45 0 .00128
46 0 .0008
47 0 .00049
48 0 .00026
49 0 .00014
50 0 .00006
51 0 .00002
100 0 0
*parity 2 single
birth 1 F single 2
14 0 0
15 0 0
16 0 0
17 0 0
18 0 .01475
19 0 .02893
20 0 .02488
21 0 .01786
22 0 .02497
23 0 .02072
24 0 .02814
25 0 .02452
26 0 .02207
27 0 .02704
28 0 .03156
29 0 .05148
30 0 .08546
31 0 .05126
32 0 .10838
33 0 .07588
34 0 .1411
35 0 .11721
36 0 .0617
37 0 .19236
38 0 .19814
39 0 .00064
40 0 .26661
41 0 .08636
42 0 .09846
43 0 .17482
44 0 .04151
45 0 .08136
46 0 .03218
47 0 .01922
48 0 .00002
49 0 .00526
50 0 .00341
51 0 .00052
100 0 0
*parity 2 widowed
birth 1 F widowed 2
14 0 0
15 0 0
16 0 0
17 0 0
18 0 .00002
19 0 .00006
20 0 .03481
21 0 .03165
22 0 .02158
23 0 .0246
24 0 .02123
25 0 .0188
26 0 .01848
27 0 .01493
28 0 .014
29 0 .01035
30 0 .01023
31 0 .00867
32 0 .00671
33 0 .00654
34 0 .00504
35 0 .00432
36 0 .00429
37 0 .00351
38 0 .00314
39 0 .00283
40 0 .00228
41 0 .00185
42 0 .00123
43 0 .0009
44 0 .00069
45 0 .00037
46 0 .00023
47 0 .00014
48 0 .00008
49 0 .00003
50 0 .00001
51 0 .00001
100 0 0
*parity 2 divorced
birth 1 F divorced 2
14 0 0
15 0 0
16 0 0
17 0 0
18 0 .00002
19 0 .00006
20 0 .03481
21 0 .03165
22 0 .02158
23 0 .0246
24 0 .02123
25 0 .0188
26 0 .01848
27 0 .01493
28 0 .014
29 0 .01035
30 0 .01023
31 0 .00867
32 0 .00671
33 0 .00654
34 0 .00504
35 0 .00432
36 0 .00429
37 0 .00351
38 0 .00314
39 0 .00283
40 0 .00228
41 0 .00185
42 0 .00123
43 0 .0009
44 0 .00069
45 0 .00037
46 0 .00023
47 0 .00014
48 0 .00008
49 0 .00003
50 0 .00001
51 0 .00001
100 0 0
