*parity 0 married
birth 1 F married 0
14 0 0
15 0 .00009
16 0 .00039
17 0 .06387
18 0 .04192
19 0 .04886
20 0 .05196
21 0 .0666
22 0 .05749
23 0 .0564
24 0 .07959
25 0 .09202
26 0 .08998
27 0 .0654
28 0 .06051
29 0 .04086
30 0 .037
31 0 .02228
32 0 .01371
33 0 .00797
34 0 .00456
35 0 .00299
36 0 .00214
37 0 .00162
38 0 .00117
39 0 .00087
40 0 .00056
41 0 .00042
42 0 .00028
43 0 .00021
44 0 .00013
45 0 .00007
46 0 .00004
47 0 .00002
48 0 .00001
49 0 0
50 0 0
51 0 0
100 0 0
*parity 0 single
birth 1 F single 0
14 0 0
15 0 .00014
16 0 .00057
17 0 .00109
18 0 .00184
19 0 .00258
20 0 .00322
21 0 .00342
22 0 .00348
23 0 .00347
24 0 .00352
25 0 .00359
26 0 .00371
27 0 .00368
28 0 .00358
29 0 .00341
30 0 .00326
31 0 .00317
32 0 .00282
33 0 .00281
34 0 .00275
35 0 .00278
36 0 .00267
37 0 .0026
38 0 .00232
39 0 .00263
40 0 .0022
41 0 .00178
42 0 .00122
43 0 .00105
44 0 .00081
45 0 .00055
46 0 .00047
47 0 .00026
48 0 .00011
49 0 .00003
50 0 .00001
51 0 .00001
100 0 0
*parity 0 widowed
birth 1 F widowed 0
14 0 0
15 0 .00002
16 0 .00007
17 0 .00014
18 0 .61813
19 0 .0003
20 0 .37506
21 0 .57808
22 0 .00033
23 0 .00031
24 0 .00029
25 0 .00027
26 0 .00025
27 0 .00024
28 0 .00022
29 0 .19574
30 0 .49733
31 0 .00014
32 0 .00012
33 0 .0001
34 0 .05793
35 0 .00922
36 0 .00767
37 0 .00498
38 0 .0049
39 0 .00247
40 0 .00084
41 0 .00045
42 0 .00022
43 0 .00018
44 0 .0001
45 0 .00005
46 0 .00003
47 0 .00001
48 0 0
49 0 0
50 0 0
51 0 0
100 0 0
*parity 0 divorced
birth 1 F divorced 0
14 0 0
15 0 .00002
16 0 .00007
17 0 .00014
18 0 .61813
19 0 .0003
20 0 .37506
21 0 .57808
22 0 .00033
23 0 .00031
24 0 .00029
25 0 .00027
26 0 .00025
27 0 .00024
28 0 .00022
29 0 .19574
30 0 .49733
31 0 .00014
32 0 .00012
33 0 .0001
34 0 .05793
35 0 .00922
36 0 .00767
37 0 .00498
38 0 .0049
39 0 .00247
40 0 .00084
41 0 .00045
42 0 .00022
43 0 .00018
44 0 .0001
45 0 .00005
46 0 .00003
47 0 .00001
48 0 0
49 0 0
50 0 0
51 0 0
100 0 0
*parity 1 married
birth 1 F married 1
14 0 0
15 0 0
16 0 .00002
17 0 .00007
18 0 .01788
19 0 .01786
20 0 .01746
21 0 .01581
22 0 .01432
23 0 .01662
24 0 .018
25 0 .01676
26 0 .01462
27 0 .01512
28 0 .01413
29 0 .01443
30 0 .01401
31 0 .01301
32 0 .01312
33 0 .01002
34 0 .0073
35 0 .00673
36 0 .00443
37 0 .00376
38 0 .00254
39 0 .00194
40 0 .0014
41 0 .0011
42 0 .00085
43 0 .00052
44 0 .00022
45 0 .00014
46 0 .00009
47 0 .00004
48 0 .00002
49 0 .00001
50 0 0
51 0 0
100 0 0
*parity 1 single
birth 1 F single 1
14 0 0
15 0 0
16 0 .04283
17 0 .02916
18 0 .03039
19 0 .02809
20 0 .01859
21 0 .0234
22 0 .02695
23 0 .02372
24 0 .02305
25 0 .02219
26 0 .01946
27 0 .0207
28 0 .0236
29 0 .03322
30 0 .03182
31 0 .02382
32 0 .02649
33 0 .02616
34 0 .03966
35 0 .0466
36 0 .03057
37 0 .02104
38 0 .01425
39 0 .01751
40 0 .01985
41 0 .01346
42 0 .0305
43 0 .06702
44 0 .02415
45 0 .01308
46 0 .01015
47 0 .00981
48 0 .00436
49 0 .00153
50 0 0
51 0 .00009
100 0 0
*parity 1 widowed
birth 1 F widowed 1
14 0 0
15 0 0
16 0 0
17 0 .00001
18 0 .03449
19 0 .05668
20 0 .04273
21 0 .00016
22 0 .16909
23 0 .00022
24 0 .1593
25 0 .07726
26 0 .70687
27 0 .23145
28 0 .06306
29 0 .10685
30 0 .07225
31 0 .17324
32 0 .07796
33 0 .03272
34 0 .01676
35 0 .00539
36 0 .00305
37 0 .00211
38 0 .00189
39 0 .00083
40 0 .00066
41 0 .00046
42 0 .00028
43 0 .0002
44 0 .00008
45 0 .00004
46 0 .00002
47 0 .00001
48 0 0
49 0 0
50 0 0
51 0 0
100 0 0
*parity 1 divorced
birth 1 F divorced 1
14 0 0
15 0 0
16 0 0
17 0 .00001
18 0 .03449
19 0 .05668
20 0 .04273
21 0 .00016
22 0 .16909
23 0 .00022
24 0 .1593
25 0 .07726
26 0 .70687
27 0 .23145
28 0 .06306
29 0 .10685
30 0 .07225
31 0 .17324
32 0 .07796
33 0 .03272
34 0 .01676
35 0 .00539
36 0 .00305
37 0 .00211
38 0 .00189
39 0 .00083
40 0 .00066
41 0 .00046
42 0 .00028
43 0 .0002
44 0 .00008
45 0 .00004
46 0 .00002
47 0 .00001
48 0 0
49 0 0
50 0 0
51 0 0
100 0 0
*parity 2 married
birth 1 F married 2
14 0 0
15 0 0
16 0 0
17 0 .00001
18 0 .00002
19 0 .04414
20 0 .01545
21 0 .01567
22 0 .01467
23 0 .01538
24 0 .00981
25 0 .00927
26 0 .00991
27 0 .0081
28 0 .00809
29 0 .00759
30 0 .00645
31 0 .00555
32 0 .00493
33 0 .004
34 0 .00372
35 0 .00294
36 0 .00253
37 0 .00211
38 0 .00181
39 0 .00142
40 0 .00125
41 0 .00089
42 0 .00068
43 0 .00046
44 0 .00033
45 0 .00023
46 0 .00013
47 0 .00008
48 0 .00004
49 0 .00002
50 0 .00001
51 0 0
100 0 0
*parity 2 single
birth 1 F single 2
14 0 0
15 0 0
16 0 0
17 0 .00858
18 0 .01151
19 0 .0142
20 0 .01126
21 0 .01288
22 0 .01398
23 0 .01215
24 0 .01197
25 0 .01165
26 0 .01059
27 0 .01121
28 0 .01036
29 0 .00886
30 0 .00926
31 0 .00865
32 0 .00832
33 0 .00816
34 0 .00794
35 0 .00788
36 0 .00871
37 0 .00798
38 0 .00791
39 0 .00669
40 0 .00674
41 0 .00556
42 0 .0047
43 0 .0033
44 0 .00313
45 0 .00209
46 0 .00129
47 0 .00078
48 0 .00046
49 0 .00025
50 0 .00009
51 0 .00005
100 0 0
*parity 2 widowed
birth 1 F widowed 2
14 0 0
15 0 0
16 0 0
17 0 0
18 0 0
19 0 .00001
20 0 .01903
21 0 .01097
22 0 .00855
23 0 .00938
24 0 .00878
25 0 .00743
26 0 .00609
27 0 .00554
28 0 .00498
29 0 .00476
30 0 .00327
31 0 .00298
32 0 .00256
33 0 .0022
34 0 .00156
35 0 .00145
36 0 .00122
37 0 .00098
38 0 .00077
39 0 .00065
40 0 .00043
41 0 .00032
42 0 .00021
43 0 .00014
44 0 .0001
45 0 .00006
46 0 .00003
47 0 .00002
48 0 .00001
49 0 0
50 0 0
51 0 0
100 0 0
*parity 2 divorced
birth 1 F divorced 2
14 0 0
15 0 0
16 0 0
17 0 0
18 0 0
19 0 .00001
20 0 .01903
21 0 .01097
22 0 .00855
23 0 .00938
24 0 .00878
25 0 .00743
26 0 .00609
27 0 .00554
28 0 .00498
29 0 .00476
30 0 .00327
31 0 .00298
32 0 .00256
33 0 .0022
34 0 .00156
35 0 .00145
36 0 .00122
37 0 .00098
38 0 .00077
39 0 .00065
40 0 .00043
41 0 .00032
42 0 .00021
43 0 .00014
44 0 .0001
45 0 .00006
46 0 .00003
47 0 .00002
48 0 .00001
49 0 0
50 0 0
51 0 0
100 0 0
