*parity 0 married
birth 1 F married 0
14 0 0
15 0 .00011
16 0 .00047
17 0 .02934
18 0 .01944
19 0 .01844
20 0 .02
21 0 .01688
22 0 .01485
23 0 .01194
24 0 .0115
25 0 .01036
26 0 .00977
27 0 .00959
28 0 .00711
29 0 .00637
30 0 .00481
31 0 .00397
32 0 .00334
33 0 .00247
34 0 .00219
35 0 .00186
36 0 .00149
37 0 .00124
38 0 .00093
39 0 .00073
40 0 .00056
41 0 .00048
42 0 .00028
43 0 .00016
44 0 .00011
45 0 .00008
46 0 .00004
47 0 .00002
48 0 .00001
49 0 0
50 0 0
51 0 0
100 0 0
*parity 0 single
birth 1 F single 0
14 0 0
15 0 .00011
16 0 .00046
17 0 .00092
18 0 .00162
19 0 .00244
20 0 .00303
21 0 .00355
22 0 .00368
23 0 .00396
24 0 .00388
25 0 .00402
26 0 .00409
27 0 .00431
28 0 .00458
29 0 .00459
30 0 .00541
31 0 .00531
32 0 .00567
33 0 .00619
34 0 .006
35 0 .00646
36 0 .00554
37 0 .00607
38 0 .00526
39 0 .0056
40 0 .00453
41 0 .00362
42 0 .0021
43 0 .0015
44 0 .00168
45 0 .0009
46 0 .00054
47 0 .00024
48 0 .00014
49 0 .00004
50 0 .00001
51 0 .00001
100 0 0
*parity 0 widowed
birth 1 F widowed 0
14 0 0
15 0 .00003
16 0 .00013
17 0 .14629
18 0 .29843
19 0 .1702
20 0 1.42126
21 0 .52463
22 0 .23181
23 0 .07185
24 0 .06593
25 0 .06881
26 0 .03186
27 0 .02763
28 0 .0238
29 0 .01324
30 0 .01473
31 0 .00662
32 0 .00492
33 0 .00302
34 0 .00255
35 0 .00168
36 0 .0013
37 0 .00091
38 0 .0007
39 0 .00049
40 0 .00035
41 0 .00021
42 0 .00014
43 0 .00008
44 0 .00005
45 0 .00003
46 0 .00002
47 0 .00001
48 0 0
49 0 0
50 0 0
51 0 0
100 0 0
*parity 0 divorced
birth 1 F divorced 0
14 0 0
15 0 .00003
16 0 .00013
17 0 .14629
18 0 .29843
19 0 .1702
20 0 1.42126
21 0 .52463
22 0 .23181
23 0 .07185
24 0 .06593
25 0 .06881
26 0 .03186
27 0 .02763
28 0 .0238
29 0 .01324
30 0 .01473
31 0 .00662
32 0 .00492
33 0 .00302
34 0 .00255
35 0 .00168
36 0 .0013
37 0 .00091
38 0 .0007
39 0 .00049
40 0 .00035
41 0 .00021
42 0 .00014
43 0 .00008
44 0 .00005
45 0 .00003
46 0 .00002
47 0 .00001
48 0 0
49 0 0
50 0 0
51 0 0
100 0 0
*parity 1 married
birth 1 F married 1
14 0 0
15 0 0
16 0 .00003
17 0 .0001
18 0 .02225
19 0 .01572
20 0 .01739
21 0 .01691
22 0 .01881
23 0 .01691
24 0 .01842
25 0 .02059
26 0 .01782
27 0 .0169
28 0 .01572
29 0 .0158
30 0 .01297
31 0 .01292
32 0 .01019
33 0 .01124
34 0 .01028
35 0 .00781
36 0 .00674
37 0 .00583
38 0 .00479
39 0 .00421
40 0 .0033
41 0 .00239
42 0 .00193
43 0 .00135
44 0 .00069
45 0 .00032
46 0 .00022
47 0 .0001
48 0 .00005
49 0 .00001
50 0 0
51 0 .00001
100 0 0
*parity 1 single
birth 1 F single 1
14 0 0
15 0 0
16 0 .02743
17 0 .01809
18 0 .0338
19 0 .03637
20 0 .0335
21 0 .02661
22 0 .02483
23 0 .03218
24 0 .02722
25 0 .02843
26 0 .03684
27 0 .02787
28 0 .0367
29 0 .03454
30 0 .06232
31 0 .062
32 0 .08992
33 0 .0757
34 0 .08244
35 0 .05055
36 0 .06594
37 0 .07574
38 0 .13856
39 0 .09936
40 0 .06971
41 0 .1624
42 0 .03059
43 0 .00004
44 0 .03173
45 0 .01758
46 0 .00001
47 0 0
48 0 0
49 0 .00028
50 0 0
51 0 0
100 0 0
*parity 1 widowed
birth 1 F widowed 1
14 0 0
15 0 0
16 0 .00001
17 0 .00003
18 0 .00007
19 0 .03047
20 0 .01864
21 0 .01775
22 0 .01755
23 0 .01828
24 0 .04781
25 0 .02369
26 0 .02229
27 0 .01702
28 0 .01251
29 0 .00935
30 0 .00833
31 0 .01043
32 0 .01055
33 0 .00542
34 0 .00353
35 0 .00339
36 0 .00314
37 0 .00187
38 0 .00146
39 0 .00102
40 0 .00103
41 0 .00073
42 0 .00051
43 0 .00043
44 0 .00028
45 0 .00013
46 0 .00007
47 0 .00003
48 0 .00001
49 0 .00001
50 0 0
51 0 0
100 0 0
*parity 1 divorced
birth 1 F divorced 1
14 0 0
15 0 0
16 0 .00001
17 0 .00003
18 0 .00007
19 0 .03047
20 0 .01864
21 0 .01775
22 0 .01755
23 0 .01828
24 0 .04781
25 0 .02369
26 0 .02229
27 0 .01702
28 0 .01251
29 0 .00935
30 0 .00833
31 0 .01043
32 0 .01055
33 0 .00542
34 0 .00353
35 0 .00339
36 0 .00314
37 0 .00187
38 0 .00146
39 0 .00102
40 0 .00103
41 0 .00073
42 0 .00051
43 0 .00043
44 0 .00028
45 0 .00013
46 0 .00007
47 0 .00003
48 0 .00001
49 0 .00001
50 0 0
51 0 0
100 0 0
*parity 2 married
birth 1 F married 2
14 0 0
15 0 0
16 0 0
17 0 .00001
18 0 .00003
19 0 .06882
20 0 .01808
21 0 .01594
22 0 .01493
23 0 .01491
24 0 .01476
25 0 .01179
26 0 .01105
27 0 .01081
28 0 .00986
29 0 .00888
30 0 .00806
31 0 .00747
32 0 .00598
33 0 .00587
34 0 .00494
35 0 .00479
36 0 .00386
37 0 .00355
38 0 .00294
39 0 .00246
40 0 .00193
41 0 .00145
42 0 .00114
43 0 .00084
44 0 .00058
45 0 .00039
46 0 .00023
47 0 .00014
48 0 .00007
49 0 .00004
50 0 .00002
51 0 .00001
100 0 0
*parity 2 single
birth 1 F single 2
14 0 0
15 0 0
16 0 0
17 0 .01807
18 0 .0355
19 0 .02008
20 0 .04156
21 0 .02079
22 0 .02851
23 0 .01924
24 0 .0212
25 0 .02077
26 0 .01795
27 0 .01778
28 0 .01817
29 0 .02188
30 0 .02177
31 0 .02341
32 0 .02345
33 0 .02403
34 0 .02411
35 0 .02194
36 0 .02764
37 0 .02562
38 0 .02264
39 0 .0246
40 0 .0218
41 0 .01648
42 0 .02222
43 0 .01961
44 0 .01367
45 0 .01169
46 0 .01163
47 0 .0039
48 0 .00312
49 0 .00186
50 0 .00092
51 0 .00126
100 0 0
*parity 2 widowed
birth 1 F widowed 2
14 0 0
15 0 0
16 0 0
17 0 0
18 0 .00001
19 0 .05799
20 0 .13203
21 0 .2642
22 0 .07411
23 0 .02658
24 0 .00959
25 0 .009
26 0 .00926
27 0 .0062
28 0 .00721
29 0 .00616
30 0 .00447
31 0 .00343
32 0 .00348
33 0 .00292
34 0 .00259
35 0 .00195
36 0 .00177
37 0 .00137
38 0 .00127
39 0 .00098
40 0 .00078
41 0 .00055
42 0 .0004
43 0 .00029
44 0 .00019
45 0 .00012
46 0 .00007
47 0 .00004
48 0 .00002
49 0 .00001
50 0 0
51 0 0
100 0 0
*parity 2 divorced
birth 1 F divorced 2
14 0 0
15 0 0
16 0 0
17 0 0
18 0 .00001
19 0 .05799
20 0 .13203
21 0 .2642
22 0 .07411
23 0 .02658
24 0 .00959
25 0 .009
26 0 .00926
27 0 .0062
28 0 .00721
29 0 .00616
30 0 .00447
31 0 .00343
32 0 .00348
33 0 .00292
34 0 .00259
35 0 .00195
36 0 .00177
37 0 .00137
38 0 .00127
39 0 .00098
40 0 .00078
41 0 .00055
42 0 .0004
43 0 .00029
44 0 .00019
45 0 .00012
46 0 .00007
47 0 .00004
48 0 .00002
49 0 .00001
50 0 0
51 0 0
100 0 0
