*parity 0 married
birth 1 F married 0
14 0 0
15 0 .00018
16 0 .00091
17 0 .04939
18 0 .05859
19 0 .05105
20 0 .06939
21 0 .06281
22 0 .07906
23 0 .19514
24 0 .25466
25 0 .35328
26 0 .25938
27 0 .3283
28 0 .00243
29 0 .59463
30 0 .18266
31 0 .06613
32 0 .05219
33 0 .03328
34 0 .0235
35 0 .02432
36 0 .04336
37 0 .02707
38 0 .01151
39 0 .03129
40 0 .02181
41 0 .01459
42 0 .01612
43 0 .00627
44 0 .00762
45 0 .00233
46 0 .00114
47 0 .00044
48 0 .00054
49 0 .00009
50 0 .00004
51 0 .00012
100 0 0
*parity 0 single
birth 1 F single 0
14 0 0
15 0 0
16 0 0
17 0 0
18 0 .00001
19 0 .00002
20 0 .00002
21 0 .00003
22 0 .00003
23 0 .00003
24 0 .00003
25 0 .00002
26 0 .00002
27 0 .00002
28 0 .00002
29 0 .00002
30 0 .00002
31 0 .00002
32 0 .00002
33 0 .00003
34 0 .00003
35 0 .00003
36 0 .00004
37 0 .00013
38 0 .00009
39 0 .00008
40 0 .00022
41 0 .00005
42 0 .0001
43 0 .00006
44 0 0
45 0 0
46 0 0
47 0 0
48 0 0
49 0 0
50 0 0
51 0 0
100 0 0
*parity 0 widowed
birth 1 F widowed 0
14 0 0
15 0 0
16 0 .00001
17 0 .00002
18 0 .02452
19 0 .02067
20 0 .05304
21 0 .02801
22 0 .01631
23 0 .04262
24 0 .01854
25 0 .01447
26 0 .0236
27 0 .01793
28 0 .00002
29 0 .00002
30 0 .00208
31 0 .00331
32 0 .00095
33 0 .00061
34 0 .00068
35 0 .00044
36 0 .00047
37 0 .00034
38 0 0
39 0 0
40 0 .00099
41 0 .00033
42 0 .00044
43 0 .00007
44 0 .0001
45 0 .00005
46 0 .00003
47 0 0
48 0 0
49 0 0
50 0 0
51 0 0
100 0 0
*parity 0 divorced
birth 1 F divorced 0
14 0 0
15 0 0
16 0 .00001
17 0 .00002
18 0 .02452
19 0 .02067
20 0 .05304
21 0 .02801
22 0 .01631
23 0 .04262
24 0 .01854
25 0 .01447
26 0 .0236
27 0 .01793
28 0 .00002
29 0 .00002
30 0 .00208
31 0 .00331
32 0 .00095
33 0 .00061
34 0 .00068
35 0 .00044
36 0 .00047
37 0 .00034
38 0 0
39 0 0
40 0 .00099
41 0 .00033
42 0 .00044
43 0 .00007
44 0 .0001
45 0 .00005
46 0 .00003
47 0 0
48 0 0
49 0 0
50 0 0
51 0 0
100 0 0
*parity 1 married
birth 1 F married 1
14 0 0
15 0 0
16 0 .00008
17 0 .00031
18 0 .02445
19 0 .02886
20 0 .03312
21 0 .03626
22 0 .04084
23 0 .03284
24 0 .03324
25 0 .03597
26 0 .03604
27 0 .05447
28 0 .06075
29 0 .05529
30 0 .03723
31 0 .03071
32 0 .02472
33 0 .01785
34 0 .01398
35 0 .01007
36 0 .00876
37 0 .00555
38 0 .0069
39 0 .00351
40 0 .00317
41 0 .00285
42 0 .0016
43 0 .00155
44 0 .00078
45 0 .00049
46 0 .00028
47 0 .00016
48 0 .00007
49 0 .00001
50 0 .00001
51 0 0
100 0 0
*parity 1 single
birth 1 F single 1
14 0 0
15 0 0
16 0 0
17 0 0
18 0 0
19 0 0
20 0 .00001
21 0 .00001
22 0 .00001
23 0 .00399
24 0 .00001
25 0 .00001
26 0 .00221
27 0 .0007
28 0 .00053
29 0 .00013
30 0 .00013
31 0 .00008
32 0 .00005
33 0 .00004
34 0 .00004
35 0 .00003
36 0 .00004
37 0 .00008
38 0 .00004
39 0 .00004
40 0 .00006
41 0 .00006
42 0 .00002
43 0 .00005
44 0 .00003
45 0 .00001
46 0 .00002
47 0 .00001
48 0 0
49 0 0
50 0 0
51 0 0
100 0 0
*parity 1 widowed
birth 1 F widowed 1
14 0 0
15 0 0
16 0 0
17 0 0
18 0 .00001
19 0 .00002
20 0 .00003
21 0 .0062
22 0 .0057
23 0 .00897
24 0 .00454
25 0 .0036
26 0 .00497
27 0 .00361
28 0 .00431
29 0 .00604
30 0 .00243
31 0 .00134
32 0 .00097
33 0 .00085
34 0 .00127
35 0 .00035
36 0 .00038
37 0 .00028
38 0 .00015
39 0 .00016
40 0 .00009
41 0 .00021
42 0 .00006
43 0 .00005
44 0 .00003
45 0 .00001
46 0 .00001
47 0 0
48 0 0
49 0 0
50 0 0
51 0 0
100 0 0
*parity 1 divorced
birth 1 F divorced 1
14 0 0
15 0 0
16 0 0
17 0 0
18 0 .00001
19 0 .00002
20 0 .00003
21 0 .0062
22 0 .0057
23 0 .00897
24 0 .00454
25 0 .0036
26 0 .00497
27 0 .00361
28 0 .00431
29 0 .00604
30 0 .00243
31 0 .00134
32 0 .00097
33 0 .00085
34 0 .00127
35 0 .00035
36 0 .00038
37 0 .00028
38 0 .00015
39 0 .00016
40 0 .00009
41 0 .00021
42 0 .00006
43 0 .00005
44 0 .00003
45 0 .00001
46 0 .00001
47 0 0
48 0 0
49 0 0
50 0 0
51 0 0
100 0 0
*parity 2 married
birth 1 F married 2
14 0 0
15 0 0
16 0 .00001
17 0 .00003
18 0 .00015
19 0 .02407
20 0 .02234
21 0 .02117
22 0 .02083
23 0 .02094
24 0 .02179
25 0 .02184
26 0 .02055
27 0 .0176
28 0 .01558
29 0 .01523
30 0 .01391
31 0 .01301
32 0 .01242
33 0 .01148
34 0 .01099
35 0 .01026
36 0 .00897
37 0 .00873
38 0 .00761
39 0 .00709
40 0 .0061
41 0 .00447
42 0 .00361
43 0 .00255
44 0 .00186
45 0 .00133
46 0 .00071
47 0 .00047
48 0 .00025
49 0 .00014
50 0 .00006
51 0 .00003
100 0 0
*parity 2 single
birth 1 F single 2
14 0 0
15 0 0
16 0 0
17 0 0
18 0 0
19 0 0
20 0 0
21 0 0
22 0 .00001
23 0 .00001
24 0 .00001
25 0 .00936
26 0 .01051
27 0 .00536
28 0 .01096
29 0 .00273
30 0 .00116
31 0 .00066
32 0 .00047
33 0 .00037
34 0 .00024
35 0 .00025
36 0 .00023
37 0 .00015
38 0 .00019
39 0 .0002
40 0 .00014
41 0 .00013
42 0 .00012
43 0 .00009
44 0 .00012
45 0 .00011
46 0 .00014
47 0 .00002
48 0 .00001
49 0 .00001
50 0 0
51 0 0
100 0 0
*parity 2 widowed
birth 1 F widowed 2
14 0 0
15 0 0
16 0 0
17 0 0
18 0 0
19 0 0
20 0 .00752
21 0 .00002
22 0 .00531
23 0 .00583
24 0 .00421
25 0 .00324
26 0 .00315
27 0 .00193
28 0 .00214
29 0 .0013
30 0 .00151
31 0 .00114
32 0 .0013
33 0 .00082
34 0 .00089
35 0 .00109
36 0 .00082
37 0 .00053
38 0 .00047
39 0 .00033
40 0 .00029
41 0 .00021
42 0 .00015
43 0 .00009
44 0 .00007
45 0 .00004
46 0 .00003
47 0 .00002
48 0 .00001
49 0 0
50 0 0
51 0 0
100 0 0
*parity 2 divorced
birth 1 F divorced 2
14 0 0
15 0 0
16 0 0
17 0 0
18 0 0
19 0 0
20 0 .00752
21 0 .00002
22 0 .00531
23 0 .00583
24 0 .00421
25 0 .00324
26 0 .00315
27 0 .00193
28 0 .00214
29 0 .0013
30 0 .00151
31 0 .00114
32 0 .0013
33 0 .00082
34 0 .00089
35 0 .00109
36 0 .00082
37 0 .00053
38 0 .00047
39 0 .00033
40 0 .00029
41 0 .00021
42 0 .00015
43 0 .00009
44 0 .00007
45 0 .00004
46 0 .00003
47 0 .00002
48 0 .00001
49 0 0
50 0 0
51 0 0
100 0 0
