*parity 0 married
birth 1 F married 0
14 0 0
15 0 .00022
16 0 .0009
17 0 .02667
18 0 .02093
19 0 .02515
20 0 .02007
21 0 .02064
22 0 .02066
23 0 .0175
24 0 .01646
25 0 .01697
26 0 .01787
27 0 .01711
28 0 .02044
29 0 .01966
30 0 .01835
31 0 .01573
32 0 .0166
33 0 .01583
34 0 .02089
35 0 .01668
36 0 .01628
37 0 .01664
38 0 .00962
39 0 .00883
40 0 .00681
41 0 .00324
42 0 .00218
43 0 .00229
44 0 .00068
45 0 .00065
46 0 .00025
47 0 .0001
48 0 .00003
49 0 .00001
50 0 0
51 0 0
100 0 0
*parity 0 single
birth 1 F single 0
14 0 0
15 0 .00001
16 0 .00003
17 0 .00006
18 0 .00011
19 0 .00015
20 0 .0002
21 0 .00022
22 0 .00024
23 0 .00026
24 0 .00027
25 0 .00029
26 0 .00032
27 0 .00037
28 0 .00037
29 0 .0004
30 0 .00038
31 0 .00038
32 0 .00032
33 0 .00034
34 0 .00037
35 0 .00028
36 0 .00024
37 0 .00021
38 0 .00024
39 0 .00017
40 0 .00017
41 0 .0001
42 0 .00009
43 0 .00005
44 0 .00003
45 0 .00002
46 0 .00002
47 0 .00001
48 0 0
49 0 0
50 0 0
51 0 0
100 0 0
*parity 0 widowed
birth 1 F widowed 0
14 0 0
15 0 .00001
16 0 .00004
17 0 .06404
18 0 .03019
19 0 .03966
20 0 .01875
21 0 .02081
22 0 .01124
23 0 .0103
24 0 .00803
25 0 .00726
26 0 .01099
27 0 .01503
28 0 .01634
29 0 .00466
30 0 .00616
31 0 .00976
32 0 .07601
33 0 .00588
34 0 .01069
35 0 .0061
36 0 .01534
37 0 .0028
38 0 .00421
39 0 .01268
40 0 .00825
41 0 .00298
42 0 .00067
43 0 .00018
44 0 .00021
45 0 .00008
46 0 .00005
47 0 .00001
48 0 0
49 0 0
50 0 0
51 0 0
100 0 0
*parity 0 divorced
birth 1 F divorced 0
14 0 0
15 0 .00001
16 0 .00004
17 0 .06404
18 0 .03019
19 0 .03966
20 0 .01875
21 0 .02081
22 0 .01124
23 0 .0103
24 0 .00803
25 0 .00726
26 0 .01099
27 0 .01503
28 0 .01634
29 0 .00466
30 0 .00616
31 0 .00976
32 0 .07601
33 0 .00588
34 0 .01069
35 0 .0061
36 0 .01534
37 0 .0028
38 0 .00421
39 0 .01268
40 0 .00825
41 0 .00298
42 0 .00067
43 0 .00018
44 0 .00021
45 0 .00008
46 0 .00005
47 0 .00001
48 0 0
49 0 0
50 0 0
51 0 0
100 0 0
*parity 1 married
birth 1 F married 1
14 0 0
15 0 0
16 0 .00005
17 0 .00016
18 0 .03437
19 0 .01449
20 0 .01462
21 0 .01921
22 0 .01635
23 0 .01504
24 0 .01544
25 0 .02041
26 0 .01687
27 0 .01229
28 0 .01348
29 0 .01481
30 0 .01505
31 0 .01496
32 0 .01517
33 0 .01322
34 0 .00999
35 0 .01066
36 0 .01042
37 0 .01613
38 0 .01699
39 0 .01857
40 0 .00911
41 0 .01046
42 0 .01763
43 0 .00481
44 0 .0025
45 0 .00067
46 0 .00018
47 0 .00016
48 0 .00013
49 0 .00013
50 0 .00001
51 0 0
100 0 0
*parity 1 single
birth 1 F single 1
14 0 0
15 0 0
16 0 0
17 0 .00001
18 0 .00854
19 0 .02479
20 0 .01981
21 0 .02619
22 0 .03031
23 0 .00008
24 0 .07295
25 0 .04886
26 0 .07313
27 0 .04218
28 0 .06711
29 0 .04346
30 0 .04384
31 0 .10692
32 0 .037
33 0 .00006
34 0 .02876
35 0 .00004
36 0 .00003
37 0 .02458
38 0 .01841
39 0 .00461
40 0 .00447
41 0 .00638
42 0 0
43 0 0
44 0 0
45 0 .00072
46 0 0
47 0 0
48 0 0
49 0 0
50 0 0
51 0 0
100 0 0
*parity 1 widowed
birth 1 F widowed 1
14 0 0
15 0 0
16 0 0
17 0 .00001
18 0 .00848
19 0 .00505
20 0 .00875
21 0 .00631
22 0 .00618
23 0 .00449
24 0 .00586
25 0 .00647
26 0 .00294
27 0 .0027
28 0 .00207
29 0 .0024
30 0 .00232
31 0 .00253
32 0 .00233
33 0 .00147
34 0 .00166
35 0 .00138
36 0 .00145
37 0 .00171
38 0 .00128
39 0 .00065
40 0 .00062
41 0 .00053
42 0 .00029
43 0 .00019
44 0 .00007
45 0 .00007
46 0 .00002
47 0 .00001
48 0 .00001
49 0 0
50 0 0
51 0 0
100 0 0
*parity 1 divorced
birth 1 F divorced 1
14 0 0
15 0 0
16 0 0
17 0 .00001
18 0 .00848
19 0 .00505
20 0 .00875
21 0 .00631
22 0 .00618
23 0 .00449
24 0 .00586
25 0 .00647
26 0 .00294
27 0 .0027
28 0 .00207
29 0 .0024
30 0 .00232
31 0 .00253
32 0 .00233
33 0 .00147
34 0 .00166
35 0 .00138
36 0 .00145
37 0 .00171
38 0 .00128
39 0 .00065
40 0 .00062
41 0 .00053
42 0 .00029
43 0 .00019
44 0 .00007
45 0 .00007
46 0 .00002
47 0 .00001
48 0 .00001
49 0 0
50 0 0
51 0 0
100 0 0
*parity 2 married
birth 1 F married 2
14 0 0
15 0 0
16 0 0
17 0 .00001
18 0 .0061
19 0 .00682
20 0 .01228
21 0 .01
22 0 .00874
23 0 .01035
24 0 .01
25 0 .0076
26 0 .00767
27 0 .00835
28 0 .00696
29 0 .00624
30 0 .00585
31 0 .0053
32 0 .00468
33 0 .00425
34 0 .00358
35 0 .0031
36 0 .00264
37 0 .00219
38 0 .00184
39 0 .00145
40 0 .00119
41 0 .00095
42 0 .0007
43 0 .00051
44 0 .00036
45 0 .00022
46 0 .00015
47 0 .00008
48 0 .00004
49 0 .00002
50 0 .00001
51 0 0
100 0 0
*parity 2 single
birth 1 F single 2
14 0 0
15 0 0
16 0 0
17 0 0
18 0 0
19 0 0
20 0 .0183
21 0 .03184
22 0 .04587
23 0 .03137
24 0 .01897
25 0 .02157
26 0 .02398
27 0 .01302
28 0 .02113
29 0 .02232
30 0 .03065
31 0 .02171
32 0 .02755
33 0 .0274
34 0 .01316
35 0 .01797
36 0 .0581
37 0 .02367
38 0 .00004
39 0 .03393
40 0 .00003
41 0 .02
42 0 .01524
43 0 .00001
44 0 .00001
45 0 0
46 0 0
47 0 0
48 0 0
49 0 0
50 0 0
51 0 0
100 0 0
*parity 2 widowed
birth 1 F widowed 2
14 0 0
15 0 0
16 0 0
17 0 0
18 0 .00411
19 0 .00001
20 0 .02425
21 0 .00383
22 0 .0032
23 0 .00332
24 0 .00324
25 0 .00212
26 0 .00199
27 0 .00251
28 0 .00241
29 0 .00182
30 0 .00149
31 0 .00109
32 0 .00098
33 0 .00086
34 0 .00073
35 0 .00065
36 0 .00049
37 0 .00034
38 0 .00026
39 0 .00025
40 0 .00018
41 0 .00012
42 0 .00009
43 0 .00006
44 0 .00005
45 0 .00003
46 0 .00001
47 0 .00001
48 0 0
49 0 0
50 0 0
51 0 0
100 0 0
*parity 2 divorced
birth 1 F divorced 2
14 0 0
15 0 0
16 0 0
17 0 0
18 0 .00411
19 0 .00001
20 0 .02425
21 0 .00383
22 0 .0032
23 0 .00332
24 0 .00324
25 0 .00212
26 0 .00199
27 0 .00251
28 0 .00241
29 0 .00182
30 0 .00149
31 0 .00109
32 0 .00098
33 0 .00086
34 0 .00073
35 0 .00065
36 0 .00049
37 0 .00034
38 0 .00026
39 0 .00025
40 0 .00018
41 0 .00012
42 0 .00009
43 0 .00006
44 0 .00005
45 0 .00003
46 0 .00001
47 0 .00001
48 0 0
49 0 0
50 0 0
51 0 0
100 0 0
