*parity 0 married
birth 1 F married 0
14 0 0
15 0 .00019
16 0 .00076
17 0 .08706
18 0 .04995
19 0 .07312
20 0 .0712
21 0 .05513
22 0 .05588
23 0 .04313
24 0 .0404
25 0 .03221
26 0 .02636
27 0 .03337
28 0 .02738
29 0 .02446
30 0 .01866
31 0 .01388
32 0 .00701
33 0 .00525
34 0 .00399
35 0 .00253
36 0 .00178
37 0 .00131
38 0 .00104
39 0 .00076
40 0 .00054
41 0 .00038
42 0 .00024
43 0 .00015
44 0 .0001
45 0 .00006
46 0 .00003
47 0 .00002
48 0 .00001
49 0 0
50 0 0
51 0 0
100 0 0
*parity 0 single
birth 1 F single 0
14 0 0
15 0 .00005
16 0 .0002
17 0 .00038
18 0 .00066
19 0 .00092
20 0 .00111
21 0 .0012
22 0 .0012
23 0 .00118
24 0 .00117
25 0 .00123
26 0 .00122
27 0 .00114
28 0 .00112
29 0 .00107
30 0 .00103
31 0 .00098
32 0 .00098
33 0 .00096
34 0 .00084
35 0 .00088
36 0 .00096
37 0 .00099
38 0 .00086
39 0 .00078
40 0 .00058
41 0 .00044
42 0 .00037
43 0 .00029
44 0 .00025
45 0 .00019
46 0 .00011
47 0 .00007
48 0 .00004
49 0 .00002
50 0 0
51 0 0
100 0 0
*parity 0 widowed
birth 1 F widowed 0
14 0 0
15 0 .00001
16 0 .00005
17 0 .09013
18 0 .00015
19 0 .0002
20 0 .04423
21 0 .07253
22 0 .07111
23 0 .2037
24 0 .09541
25 0 .05904
26 0 .02729
27 0 .07989
28 0 .02176
29 0 .04378
30 0 .01288
31 0 .04713
32 0 .01133
33 0 .00446
34 0 .00296
35 0 .00153
36 0 .0008
37 0 .00065
38 0 .00048
39 0 .00026
40 0 .00019
41 0 .00017
42 0 .00008
43 0 .00006
44 0 .00003
45 0 .00002
46 0 .00001
47 0 .00001
48 0 0
49 0 0
50 0 0
51 0 0
100 0 0
*parity 0 divorced
birth 1 F divorced 0
14 0 0
15 0 .00001
16 0 .00005
17 0 .09013
18 0 .00015
19 0 .0002
20 0 .04423
21 0 .07253
22 0 .07111
23 0 .2037
24 0 .09541
25 0 .05904
26 0 .02729
27 0 .07989
28 0 .02176
29 0 .04378
30 0 .01288
31 0 .04713
32 0 .01133
33 0 .00446
34 0 .00296
35 0 .00153
36 0 .0008
37 0 .00065
38 0 .00048
39 0 .00026
40 0 .00019
41 0 .00017
42 0 .00008
43 0 .00006
44 0 .00003
45 0 .00002
46 0 .00001
47 0 .00001
48 0 0
49 0 0
50 0 0
51 0 0
100 0 0
*parity 1 married
birth 1 F married 1
14 0 0
15 0 0
16 0 .00004
17 0 .00015
18 0 .01549
19 0 .01734
20 0 .02102
21 0 .02944
22 0 .02603
23 0 .03684
24 0 .03774
25 0 .03448
26 0 .03695
27 0 .03798
28 0 .04338
29 0 .04223
30 0 .03623
31 0 .02888
32 0 .02466
33 0 .02454
34 0 .02517
35 0 .01955
36 0 .01393
37 0 .00991
38 0 .00899
39 0 .00748
40 0 .00533
41 0 .00288
42 0 .00185
43 0 .00103
44 0 .00068
45 0 .00038
46 0 .00016
47 0 .0001
48 0 .00004
49 0 .00001
50 0 0
51 0 0
100 0 0
*parity 1 single
birth 1 F single 1
14 0 0
15 0 0
16 0 .00001
17 0 .03737
18 0 .04908
19 0 .02232
20 0 .03391
21 0 .02246
22 0 .02676
23 0 .02084
24 0 .02376
25 0 .02691
26 0 .0224
27 0 .02391
28 0 .02738
29 0 .02147
30 0 .01947
31 0 .03151
32 0 .04702
33 0 .0285
34 0 .02437
35 0 .02366
36 0 .06863
37 0 .02541
38 0 .03324
39 0 .0242
40 0 .00844
41 0 .00662
42 0 .01512
43 0 .01759
44 0 .00524
45 0 .00551
46 0 .00292
47 0 .00069
48 0 0
49 0 0
50 0 0
51 0 .00003
100 0 0
*parity 1 widowed
birth 1 F widowed 1
14 0 0
15 0 0
16 0 0
17 0 .00001
18 0 .00002
19 0 .00005
20 0 .0187
21 0 .01415
22 0 .0178
23 0 .00015
24 0 .15138
25 0 .15171
26 0 .07411
27 0 .15238
28 0 .01403
29 0 .04736
30 0 .0167
31 0 .00827
32 0 .03457
33 0 .02096
34 0 .01493
35 0 .00994
36 0 .00631
37 0 .00436
38 0 .00181
39 0 .00108
40 0 .00097
41 0 .00052
42 0 .00032
43 0 .00033
44 0 .00014
45 0 .00006
46 0 .00004
47 0 .00002
48 0 .00001
49 0 0
50 0 0
51 0 0
100 0 0
*parity 1 divorced
birth 1 F divorced 1
14 0 0
15 0 0
16 0 0
17 0 .00001
18 0 .00002
19 0 .00005
20 0 .0187
21 0 .01415
22 0 .0178
23 0 .00015
24 0 .15138
25 0 .15171
26 0 .07411
27 0 .15238
28 0 .01403
29 0 .04736
30 0 .0167
31 0 .00827
32 0 .03457
33 0 .02096
34 0 .01493
35 0 .00994
36 0 .00631
37 0 .00436
38 0 .00181
39 0 .00108
40 0 .00097
41 0 .00052
42 0 .00032
43 0 .00033
44 0 .00014
45 0 .00006
46 0 .00004
47 0 .00002
48 0 .00001
49 0 0
50 0 0
51 0 0
100 0 0
*parity 2 married
birth 1 F married 2
14 0 0
15 0 0
16 0 0
17 0 .00001
18 0 .00005
19 0 .01514
20 0 .01277
21 0 .01302
22 0 .01423
23 0 .01323
24 0 .01232
25 0 .01061
26 0 .01153
27 0 .01053
28 0 .01057
29 0 .00941
30 0 .0088
31 0 .00779
32 0 .00775
33 0 .00634
34 0 .00555
35 0 .00507
36 0 .0045
37 0 .00385
38 0 .00324
39 0 .00272
40 0 .00228
41 0 .00164
42 0 .00138
43 0 .00095
44 0 .00063
45 0 .0004
46 0 .00026
47 0 .00013
48 0 .00007
49 0 .00004
50 0 .00001
51 0 .00001
100 0 0
*parity 2 single
birth 1 F single 2
14 0 0
15 0 0
16 0 0
17 0 0
18 0 .01225
19 0 .03198
20 0 .07414
21 0 .01451
22 0 .01722
23 0 .01508
24 0 .01478
25 0 .01562
26 0 .01482
27 0 .01437
28 0 .01395
29 0 .01075
30 0 .01594
31 0 .01201
32 0 .01267
33 0 .01289
34 0 .01491
35 0 .01699
36 0 .01827
37 0 .01782
38 0 .02087
39 0 .01382
40 0 .01297
41 0 .01141
42 0 .01001
43 0 .01124
44 0 .00823
45 0 .00467
46 0 .00321
47 0 .00357
48 0 .00243
49 0 .00191
50 0 .00023
51 0 .00005
100 0 0
*parity 2 widowed
birth 1 F widowed 2
14 0 0
15 0 0
16 0 0
17 0 0
18 0 0
19 0 .00001
20 0 .00002
21 0 .01067
22 0 .00506
23 0 .00468
24 0 .00435
25 0 .00433
26 0 .00454
27 0 .00398
28 0 .00342
29 0 .00403
30 0 .00299
31 0 .00265
32 0 .00189
33 0 .00186
34 0 .00165
35 0 .00151
36 0 .00126
37 0 .0011
38 0 .00072
39 0 .00063
40 0 .00049
41 0 .00041
42 0 .00024
43 0 .00015
44 0 .00013
45 0 .00007
46 0 .00004
47 0 .00002
48 0 .00001
49 0 .00001
50 0 0
51 0 0
100 0 0
*parity 2 divorced
birth 1 F divorced 2
14 0 0
15 0 0
16 0 0
17 0 0
18 0 0
19 0 .00001
20 0 .00002
21 0 .01067
22 0 .00506
23 0 .00468
24 0 .00435
25 0 .00433
26 0 .00454
27 0 .00398
28 0 .00342
29 0 .00403
30 0 .00299
31 0 .00265
32 0 .00189
33 0 .00186
34 0 .00165
35 0 .00151
36 0 .00126
37 0 .0011
38 0 .00072
39 0 .00063
40 0 .00049
41 0 .00041
42 0 .00024
43 0 .00015
44 0 .00013
45 0 .00007
46 0 .00004
47 0 .00002
48 0 .00001
49 0 .00001
50 0 0
51 0 0
100 0 0
