*parity 0 married
birth 1 F married 0
14 0 0
15 0 .00021
16 0 .00087
17 0 .06065
18 0 .05103
19 0 .07082
20 0 .05321
21 0 .06289
22 0 .04701
23 0 .04335
24 0 .03834
25 0 .03592
26 0 .03661
27 0 .029
28 0 .02495
29 0 .01378
30 0 .00945
31 0 .00759
32 0 .00556
33 0 .00497
34 0 .00344
35 0 .00282
36 0 .00224
37 0 .00175
38 0 .00142
39 0 .00094
40 0 .00075
41 0 .00051
42 0 .00037
43 0 .00022
44 0 .00016
45 0 .00008
46 0 .00004
47 0 .00003
48 0 .00001
49 0 0
50 0 0
51 0 0
100 0 0
*parity 0 single
birth 1 F single 0
14 0 0
15 0 .00003
16 0 .00014
17 0 .00027
18 0 .00046
19 0 .00067
20 0 .00084
21 0 .00089
22 0 .00092
23 0 .00095
24 0 .0009
25 0 .00093
26 0 .00092
27 0 .00092
28 0 .00096
29 0 .00103
30 0 .00119
31 0 .00114
32 0 .00136
33 0 .00116
34 0 .00099
35 0 .00116
36 0 .00115
37 0 .00102
38 0 .00133
39 0 .00067
40 0 .00074
41 0 .00067
42 0 .00063
43 0 .0004
44 0 .00028
45 0 .00022
46 0 .0001
47 0 .00009
48 0 .00004
49 0 .00002
50 0 .00001
51 0 0
100 0 0
*parity 0 widowed
birth 1 F widowed 0
14 0 0
15 0 .00001
16 0 .00005
17 0 .00009
18 0 .00015
19 0 .24118
20 0 .14406
21 0 .06039
22 0 .25717
23 0 .06111
24 0 .02545
25 0 .02481
26 0 .0327
27 0 .01407
28 0 .00673
29 0 .00485
30 0 .00462
31 0 .00563
32 0 .00323
33 0 .00233
34 0 .00143
35 0 .00089
36 0 .00051
37 0 .00038
38 0 .0002
39 0 .00022
40 0 .00013
41 0 .00008
42 0 .00004
43 0 .00003
44 0 .00001
45 0 .00001
46 0 .00001
47 0 0
48 0 0
49 0 0
50 0 0
51 0 0
100 0 0
*parity 0 divorced
birth 1 F divorced 0
14 0 0
15 0 .00001
16 0 .00005
17 0 .00009
18 0 .00015
19 0 .24118
20 0 .14406
21 0 .06039
22 0 .25717
23 0 .06111
24 0 .02545
25 0 .02481
26 0 .0327
27 0 .01407
28 0 .00673
29 0 .00485
30 0 .00462
31 0 .00563
32 0 .00323
33 0 .00233
34 0 .00143
35 0 .00089
36 0 .00051
37 0 .00038
38 0 .0002
39 0 .00022
40 0 .00013
41 0 .00008
42 0 .00004
43 0 .00003
44 0 .00001
45 0 .00001
46 0 .00001
47 0 0
48 0 0
49 0 0
50 0 0
51 0 0
100 0 0
*parity 1 married
birth 1 F married 1
14 0 0
15 0 0
16 0 .00005
17 0 .00017
18 0 .0235
19 0 .01776
20 0 .02137
21 0 .03364
22 0 .02927
23 0 .03079
24 0 .03918
25 0 .04599
26 0 .03765
27 0 .03699
28 0 .03427
29 0 .03442
30 0 .03051
31 0 .0232
32 0 .03155
33 0 .0193
34 0 .01924
35 0 .01525
36 0 .01184
37 0 .01118
38 0 .00715
39 0 .00917
40 0 .00598
41 0 .0041
42 0 .00272
43 0 .00127
44 0 .0007
45 0 .00042
46 0 .00024
47 0 .00015
48 0 .00007
49 0 .00002
50 0 0
51 0 0
100 0 0
*parity 1 single
birth 1 F single 1
14 0 0
15 0 0
16 0 .00829
17 0 .00784
18 0 .01432
19 0 .02871
20 0 .02196
21 0 .02111
22 0 .02573
23 0 .01783
24 0 .02036
25 0 .01912
26 0 .02893
27 0 .03936
28 0 .02997
29 0 .06566
30 0 .05543
31 0 .09037
32 0 .05618
33 0 .08385
34 0 .06322
35 0 .00018
36 0 .00014
37 0 .10127
38 0 .00008
39 0 .01312
40 0 .01679
41 0 .03453
42 0 .02117
43 0 .01293
44 0 .00001
45 0 0
46 0 0
47 0 .00119
48 0 0
49 0 0
50 0 0
51 0 0
100 0 0
*parity 1 widowed
birth 1 F widowed 1
14 0 0
15 0 0
16 0 0
17 0 .00001
18 0 .01509
19 0 .0121
20 0 .03341
21 0 .03522
22 0 .03072
23 0 .00974
24 0 .02656
25 0 .0194
26 0 .02032
27 0 .01497
28 0 .00935
29 0 .01009
30 0 .00973
31 0 .00577
32 0 .00395
33 0 .0052
34 0 .00444
35 0 .003
36 0 .00138
37 0 .00115
38 0 .00095
39 0 .00085
40 0 .00055
41 0 .0004
42 0 .00017
43 0 .0001
44 0 .00007
45 0 .00003
46 0 .00001
47 0 .00001
48 0 0
49 0 0
50 0 0
51 0 0
100 0 0
*parity 1 divorced
birth 1 F divorced 1
14 0 0
15 0 0
16 0 0
17 0 .00001
18 0 .01509
19 0 .0121
20 0 .03341
21 0 .03522
22 0 .03072
23 0 .00974
24 0 .02656
25 0 .0194
26 0 .02032
27 0 .01497
28 0 .00935
29 0 .01009
30 0 .00973
31 0 .00577
32 0 .00395
33 0 .0052
34 0 .00444
35 0 .003
36 0 .00138
37 0 .00115
38 0 .00095
39 0 .00085
40 0 .00055
41 0 .0004
42 0 .00017
43 0 .0001
44 0 .00007
45 0 .00003
46 0 .00001
47 0 .00001
48 0 0
49 0 0
50 0 0
51 0 0
100 0 0
*parity 2 married
birth 1 F married 2
14 0 0
15 0 0
16 0 0
17 0 .00001
18 0 .00006
19 0 .0168
20 0 .0143
21 0 .01108
22 0 .013
23 0 .01201
24 0 .01409
25 0 .0115
26 0 .01063
27 0 .01055
28 0 .01035
29 0 .00975
30 0 .00931
31 0 .00852
32 0 .00743
33 0 .00676
34 0 .0071
35 0 .00576
36 0 .00553
37 0 .00488
38 0 .00414
39 0 .00356
40 0 .00288
41 0 .0022
42 0 .0017
43 0 .00138
44 0 .00097
45 0 .00065
46 0 .0004
47 0 .00024
48 0 .00011
49 0 .00006
50 0 .00002
51 0 .00001
100 0 0
*parity 2 single
birth 1 F single 2
14 0 0
15 0 0
16 0 0
17 0 0
18 0 .00001
19 0 .03205
20 0 .02426
21 0 .03434
22 0 .02113
23 0 .02949
24 0 .01963
25 0 .01645
26 0 .02036
27 0 .02019
28 0 .01995
29 0 .02086
30 0 .01715
31 0 .02465
32 0 .02224
33 0 .02196
34 0 .0176
35 0 .02472
36 0 .02073
37 0 .01833
38 0 .019
39 0 .0436
40 0 .02757
41 0 .07475
42 0 .01784
43 0 .01553
44 0 .01083
45 0 .00939
46 0 .00855
47 0 .00375
48 0 .00121
49 0 .00202
50 0 .00051
51 0 .00015
100 0 0
*parity 2 widowed
birth 1 F widowed 2
14 0 0
15 0 0
16 0 0
17 0 0
18 0 0
19 0 .00563
20 0 .00639
21 0 .00965
22 0 .00835
23 0 .00932
24 0 .00419
25 0 .00397
26 0 .00358
27 0 .00371
28 0 .00285
29 0 .00345
30 0 .0025
31 0 .00246
32 0 .00176
33 0 .00165
34 0 .00138
35 0 .00124
36 0 .0011
37 0 .00083
38 0 .00073
39 0 .00053
40 0 .00041
41 0 .00032
42 0 .00022
43 0 .00016
44 0 .0001
45 0 .00007
46 0 .00004
47 0 .00002
48 0 .00001
49 0 .00001
50 0 0
51 0 0
100 0 0
*parity 2 divorced
birth 1 F divorced 2
14 0 0
15 0 0
16 0 0
17 0 0
18 0 0
19 0 .00563
20 0 .00639
21 0 .00965
22 0 .00835
23 0 .00932
24 0 .00419
25 0 .00397
26 0 .00358
27 0 .00371
28 0 .00285
29 0 .00345
30 0 .0025
31 0 .00246
32 0 .00176
33 0 .00165
34 0 .00138
35 0 .00124
36 0 .0011
37 0 .00083
38 0 .00073
39 0 .00053
40 0 .00041
41 0 .00032
42 0 .00022
43 0 .00016
44 0 .0001
45 0 .00007
46 0 .00004
47 0 .00002
48 0 .00001
49 0 .00001
50 0 0
51 0 0
100 0 0
