*parity 0 married
birth 1 F married 0
14 0 0
15 0 .00022
16 0 .00091
17 0 .04179
18 0 .03181
19 0 .04032
20 0 .04892
21 0 .03837
22 0 .03212
23 0 .0356
24 0 .03514
25 0 .03737
26 0 .03175
27 0 .02488
28 0 .01804
29 0 .01695
30 0 .01435
31 0 .01151
32 0 .00908
33 0 .00766
34 0 .00703
35 0 .00507
36 0 .00383
37 0 .00299
38 0 .00241
39 0 .0017
40 0 .00138
41 0 .00097
42 0 .00074
43 0 .00041
44 0 .00027
45 0 .00019
46 0 .00012
47 0 .00007
48 0 .00004
49 0 .00001
50 0 0
51 0 0
100 0 0
*parity 0 single
birth 1 F single 0
14 0 0
15 0 .00002
16 0 .00008
17 0 .00016
18 0 .00029
19 0 .00042
20 0 .00053
21 0 .0006
22 0 .00063
23 0 .00064
24 0 .00064
25 0 .00063
26 0 .0007
27 0 .00079
28 0 .00093
29 0 .0009
30 0 .00097
31 0 .00096
32 0 .00094
33 0 .00094
34 0 .001
35 0 .00088
36 0 .00082
37 0 .00075
38 0 .00067
39 0 .00066
40 0 .00046
41 0 .00041
42 0 .00037
43 0 .00026
44 0 .00021
45 0 .00008
46 0 .00008
47 0 .00003
48 0 .00002
49 0 .00001
50 0 0
51 0 0
100 0 0
*parity 0 widowed
birth 1 F widowed 0
14 0 0
15 0 .00001
16 0 .00005
17 0 .00009
18 0 .09931
19 0 .1314
20 0 .07368
21 0 .07932
22 0 .07477
23 0 .03098
24 0 .04206
25 0 .02141
26 0 .0213
27 0 .00965
28 0 .0068
29 0 .00529
30 0 .00444
31 0 .00303
32 0 .0022
33 0 .0016
34 0 .00124
35 0 .00087
36 0 .00078
37 0 .00043
38 0 .00031
39 0 .00026
40 0 .00017
41 0 .0001
42 0 .00006
43 0 .00005
44 0 .00003
45 0 .00002
46 0 .00001
47 0 .00001
48 0 0
49 0 0
50 0 0
51 0 0
100 0 0
*parity 0 divorced
birth 1 F divorced 0
14 0 0
15 0 .00001
16 0 .00005
17 0 .00009
18 0 .09931
19 0 .1314
20 0 .07368
21 0 .07932
22 0 .07477
23 0 .03098
24 0 .04206
25 0 .02141
26 0 .0213
27 0 .00965
28 0 .0068
29 0 .00529
30 0 .00444
31 0 .00303
32 0 .0022
33 0 .0016
34 0 .00124
35 0 .00087
36 0 .00078
37 0 .00043
38 0 .00031
39 0 .00026
40 0 .00017
41 0 .0001
42 0 .00006
43 0 .00005
44 0 .00003
45 0 .00002
46 0 .00001
47 0 .00001
48 0 0
49 0 0
50 0 0
51 0 0
100 0 0
*parity 1 married
birth 1 F married 1
14 0 0
15 0 0
16 0 .00005
17 0 .00018
18 0 .01978
19 0 .02649
20 0 .01819
21 0 .01708
22 0 .01789
23 0 .01664
24 0 .01605
25 0 .01979
26 0 .01683
27 0 .01654
28 0 .01671
29 0 .01874
30 0 .01569
31 0 .01609
32 0 .01713
33 0 .01699
34 0 .01085
35 0 .00918
36 0 .00783
37 0 .00665
38 0 .00573
39 0 .00368
40 0 .00301
41 0 .0026
42 0 .00148
43 0 .00088
44 0 .00064
45 0 .00029
46 0 .00019
47 0 .00008
48 0 .00003
49 0 .00001
50 0 0
51 0 0
100 0 0
*parity 1 single
birth 1 F single 1
14 0 0
15 0 0
16 0 0
17 0 .01133
18 0 .01874
19 0 .02186
20 0 .05669
21 0 .03512
22 0 .02474
23 0 .02216
24 0 .04964
25 0 .0677
26 0 .04389
27 0 .39264
28 0 .00026
29 0 .0902
30 0 .17398
31 0 .08371
32 0 .15073
33 0 .00016
34 0 .0792
35 0 .00011
36 0 .1579
37 0 .00007
38 0 .02338
39 0 .06822
40 0 .04749
41 0 .01063
42 0 .01841
43 0 .00582
44 0 0
45 0 .00315
46 0 .00171
47 0 0
48 0 .00035
49 0 0
50 0 .00003
51 0 0
100 0 0
*parity 1 widowed
birth 1 F widowed 1
14 0 0
15 0 0
16 0 0
17 0 .00001
18 0 .01679
19 0 .00933
20 0 .01129
21 0 .00864
22 0 .00806
23 0 .00903
24 0 .00494
25 0 .00539
26 0 .00463
27 0 .0033
28 0 .00362
29 0 .00317
30 0 .00297
31 0 .00222
32 0 .00192
33 0 .0017
34 0 .00128
35 0 .00092
36 0 .00071
37 0 .00051
38 0 .00039
39 0 .00028
40 0 .0002
41 0 .00013
42 0 .00009
43 0 .00005
44 0 .00003
45 0 .00002
46 0 .00001
47 0 0
48 0 0
49 0 0
50 0 0
51 0 0
100 0 0
*parity 1 divorced
birth 1 F divorced 1
14 0 0
15 0 0
16 0 0
17 0 .00001
18 0 .01679
19 0 .00933
20 0 .01129
21 0 .00864
22 0 .00806
23 0 .00903
24 0 .00494
25 0 .00539
26 0 .00463
27 0 .0033
28 0 .00362
29 0 .00317
30 0 .00297
31 0 .00222
32 0 .00192
33 0 .0017
34 0 .00128
35 0 .00092
36 0 .00071
37 0 .00051
38 0 .00039
39 0 .00028
40 0 .0002
41 0 .00013
42 0 .00009
43 0 .00005
44 0 .00003
45 0 .00002
46 0 .00001
47 0 0
48 0 0
49 0 0
50 0 0
51 0 0
100 0 0
*parity 2 married
birth 1 F married 2
14 0 0
15 0 0
16 0 0
17 0 .00001
18 0 .00006
19 0 .00626
20 0 .00804
21 0 .01455
22 0 .01586
23 0 .0147
24 0 .01619
25 0 .01211
26 0 .01226
27 0 .0112
28 0 .01002
29 0 .00927
30 0 .00849
31 0 .00808
32 0 .00756
33 0 .00631
34 0 .006
35 0 .00568
36 0 .0052
37 0 .00481
38 0 .00384
39 0 .00338
40 0 .00278
41 0 .00216
42 0 .00158
43 0 .00118
44 0 .00076
45 0 .00052
46 0 .00029
47 0 .00018
48 0 .00009
49 0 .00004
50 0 .00002
51 0 .00001
100 0 0
*parity 2 single
birth 1 F single 2
14 0 0
15 0 0
16 0 0
17 0 0
18 0 .00001
19 0 .0067
20 0 .04272
21 0 .02068
22 0 .02108
23 0 .02156
24 0 .02433
25 0 .01591
26 0 .01306
27 0 .01719
28 0 .01553
29 0 .01719
30 0 .01901
31 0 .01986
32 0 .01966
33 0 .02286
34 0 .02513
35 0 .02752
36 0 .02415
37 0 .01991
38 0 .03247
39 0 .02403
40 0 .02886
41 0 .03286
42 0 .01772
43 0 .02218
44 0 .00879
45 0 .02702
46 0 .00854
47 0 .00452
48 0 .00488
49 0 .00226
50 0 .0007
51 0 .00014
100 0 0
*parity 2 widowed
birth 1 F widowed 2
14 0 0
15 0 0
16 0 0
17 0 0
18 0 0
19 0 .012
20 0 .00851
21 0 .01235
22 0 .0042
23 0 .00542
24 0 .00501
25 0 .0045
26 0 .00334
27 0 .00285
28 0 .00253
29 0 .00222
30 0 .00234
31 0 .00182
32 0 .00136
33 0 .00128
34 0 .00108
35 0 .001
36 0 .0008
37 0 .00064
38 0 .00059
39 0 .00046
40 0 .00034
41 0 .00023
42 0 .00017
43 0 .00012
44 0 .00008
45 0 .00005
46 0 .00003
47 0 .00001
48 0 .00001
49 0 0
50 0 0
51 0 0
100 0 0
*parity 2 divorced
birth 1 F divorced 2
14 0 0
15 0 0
16 0 0
17 0 0
18 0 0
19 0 .012
20 0 .00851
21 0 .01235
22 0 .0042
23 0 .00542
24 0 .00501
25 0 .0045
26 0 .00334
27 0 .00285
28 0 .00253
29 0 .00222
30 0 .00234
31 0 .00182
32 0 .00136
33 0 .00128
34 0 .00108
35 0 .001
36 0 .0008
37 0 .00064
38 0 .00059
39 0 .00046
40 0 .00034
41 0 .00023
42 0 .00017
43 0 .00012
44 0 .00008
45 0 .00005
46 0 .00003
47 0 .00001
48 0 .00001
49 0 0
50 0 0
51 0 0
100 0 0
