*parity 0 married
birth 1 F married 0
14 0 0
15 0 .00009
16 0 .0006
17 0 .0281
18 0 .02256
19 0 .03248
20 0 .04556
21 0 .05427
22 0 .05079
23 0 .04888
24 0 .04328
25 0 .04769
26 0 .03634
27 0 .0277
28 0 .01601
29 0 .00966
30 0 .00548
31 0 .00414
32 0 .00345
33 0 .00308
34 0 .00326
35 0 .00268
36 0 .00331
37 0 .00331
38 0 .00293
39 0 .00356
40 0 .00221
41 0 .00162
42 0 .0014
43 0 .00106
44 0 .00077
45 0 .0004
46 0 .00019
47 0 .00009
48 0 .00004
49 0 .00002
50 0 0
51 0 0
100 0 0
*parity 0 single
birth 1 F single 0
14 0 0
15 0 0
16 0 .00002
17 0 .00006
18 0 .00015
19 0 .00027
20 0 .00039
21 0 .00047
22 0 .00052
23 0 .00051
24 0 .00048
25 0 .00036
26 0 .00031
27 0 .00023
28 0 .0002
29 0 .00013
30 0 .0001
31 0 .00007
32 0 .00006
33 0 .00005
34 0 .00006
35 0 .00007
36 0 .00008
37 0 .0001
38 0 .0001
39 0 .0001
40 0 .00008
41 0 .00006
42 0 .00006
43 0 .00006
44 0 .00005
45 0 .00004
46 0 .00002
47 0 .00001
48 0 0
49 0 0
50 0 0
51 0 0
100 0 0
*parity 0 widowed
birth 1 F widowed 0
14 0 0
15 0 .00001
16 0 .00007
17 0 .05909
18 0 .11955
19 0 .29327
20 0 .25175
21 0 .00106
22 0 .001
23 0 .00087
24 0 .00071
25 0 .00055
26 0 .60232
27 0 .00026
28 0 .24762
29 0 .0514
30 0 .05219
31 0 .0333
32 0 .04911
33 0 .01886
34 0 .01856
35 0 .01225
36 0 .0352
37 0 .01761
38 0 .01612
39 0 .00462
40 0 .00206
41 0 .00109
42 0 .00123
43 0 .00098
44 0 .00043
45 0 .00025
46 0 .00006
47 0 .00004
48 0 .00001
49 0 .00001
50 0 0
51 0 0
100 0 0
*parity 0 divorced
birth 1 F divorced 0
14 0 0
15 0 .00001
16 0 .00007
17 0 .05909
18 0 .11955
19 0 .29327
20 0 .25175
21 0 .00106
22 0 .001
23 0 .00087
24 0 .00071
25 0 .00055
26 0 .60232
27 0 .00026
28 0 .24762
29 0 .0514
30 0 .05219
31 0 .0333
32 0 .04911
33 0 .01886
34 0 .01856
35 0 .01225
36 0 .0352
37 0 .01761
38 0 .01612
39 0 .00462
40 0 .00206
41 0 .00109
42 0 .00123
43 0 .00098
44 0 .00043
45 0 .00025
46 0 .00006
47 0 .00004
48 0 .00001
49 0 .00001
50 0 0
51 0 0
100 0 0
*parity 1 married
birth 1 F married 1
14 0 0
15 0 0
16 0 .00007
17 0 .0003
18 0 .09331
19 0 .055
20 0 .02972
21 0 .04251
22 0 .04973
23 0 .04527
24 0 .04838
25 0 .04439
26 0 .04025
27 0 .03257
28 0 .02248
29 0 .01683
30 0 .01658
31 0 .0124
32 0 .00926
33 0 .0076
34 0 .0083
35 0 .01162
36 0 .00906
37 0 .00707
38 0 .00715
39 0 .00552
40 0 .00408
41 0 .00336
42 0 .00315
43 0 .00208
44 0 .00162
45 0 .00101
46 0 .00046
47 0 .00028
48 0 .0002
49 0 .00009
50 0 .00003
51 0 .00003
100 0 0
*parity 1 single
birth 1 F single 1
14 0 0
15 0 0
16 0 0
17 0 .00001
18 0 .04833
19 0 .0267
20 0 .18085
21 0 .03968
22 0 .03441
23 0 .30774
24 0 .07321
25 0 .09293
26 0 .00016
27 0 .00013
28 0 .14629
29 0 .05584
30 0 .08694
31 0 .00005
32 0 .01222
33 0 .00003
34 0 .03037
35 0 .00002
36 0 .02199
37 0 .00001
38 0 .00001
39 0 .00001
40 0 .01256
41 0 .00001
42 0 .0054
43 0 .00329
44 0 0
45 0 0
46 0 0
47 0 0
48 0 0
49 0 0
50 0 0
51 0 0
100 0 0
*parity 1 widowed
birth 1 F widowed 1
14 0 0
15 0 0
16 0 .00001
17 0 .00004
18 0 .03694
19 0 .0314
20 0 .07679
21 0 .05686
22 0 .05536
23 0 .13067
24 0 .10173
25 0 .11837
26 0 .18122
27 0 .08965
28 0 .05082
29 0 .01581
30 0 .01231
31 0 .00739
32 0 .00534
33 0 .01429
34 0 .0058
35 0 .00413
36 0 .00216
37 0 .00292
38 0 .00255
39 0 .0013
40 0 .00092
41 0 .00066
42 0 .00076
43 0 .0005
44 0 .00034
45 0 .00017
46 0 .00007
47 0 .00005
48 0 .00002
49 0 .00001
50 0 0
51 0 .00001
100 0 0
*parity 1 divorced
birth 1 F divorced 1
14 0 0
15 0 0
16 0 .00001
17 0 .00004
18 0 .03694
19 0 .0314
20 0 .07679
21 0 .05686
22 0 .05536
23 0 .13067
24 0 .10173
25 0 .11837
26 0 .18122
27 0 .08965
28 0 .05082
29 0 .01581
30 0 .01231
31 0 .00739
32 0 .00534
33 0 .01429
34 0 .0058
35 0 .00413
36 0 .00216
37 0 .00292
38 0 .00255
39 0 .0013
40 0 .00092
41 0 .00066
42 0 .00076
43 0 .0005
44 0 .00034
45 0 .00017
46 0 .00007
47 0 .00005
48 0 .00002
49 0 .00001
50 0 0
51 0 .00001
100 0 0
*parity 2 married
birth 1 F married 2
14 0 0
15 0 0
16 0 .00001
17 0 .00003
18 0 .00872
19 0 .01142
20 0 .03161
21 0 .02283
22 0 .02159
23 0 .02464
24 0 .0244
25 0 .02792
26 0 .0245
27 0 .02322
28 0 .02296
29 0 .02423
30 0 .02219
31 0 .01951
32 0 .01812
33 0 .01554
34 0 .01408
35 0 .01305
36 0 .01247
37 0 .01092
38 0 .01008
39 0 .00908
40 0 .00852
41 0 .00659
42 0 .0049
43 0 .00364
44 0 .00271
45 0 .00181
46 0 .00115
47 0 .0007
48 0 .00039
49 0 .00019
50 0 .00009
51 0 .00004
100 0 0
*parity 2 single
birth 1 F single 2
14 0 0
15 0 0
16 0 0
17 0 0
18 0 .00001
19 0 .00002
20 0 .00004
21 0 .05985
22 0 .18661
23 0 .0464
24 0 .03166
25 0 .02832
26 0 .03263
27 0 .0654
28 0 .03797
29 0 .02779
30 0 .02598
31 0 .06842
32 0 .06598
33 0 .03375
34 0 .08533
35 0 .05342
36 0 .0959
37 0 .0947
38 0 .00019
39 0 .03632
40 0 .03489
41 0 .07086
42 0 .02671
43 0 .01483
44 0 .01772
45 0 .01808
46 0 .01941
47 0 .00378
48 0 .00657
49 0 .00171
50 0 .00051
51 0 .00029
100 0 0
*parity 2 widowed
birth 1 F widowed 2
14 0 0
15 0 0
16 0 0
17 0 0
18 0 .03127
19 0 .10169
20 0 .0308
21 0 .02178
22 0 .02852
23 0 .02086
24 0 .02218
25 0 .01709
26 0 .01695
27 0 .0147
28 0 .01193
29 0 .01172
30 0 .01062
31 0 .00999
32 0 .00756
33 0 .00663
34 0 .00572
35 0 .00471
36 0 .00406
37 0 .00362
38 0 .00326
39 0 .00292
40 0 .00268
41 0 .00208
42 0 .00137
43 0 .00091
44 0 .00063
45 0 .00043
46 0 .00025
47 0 .00015
48 0 .00007
49 0 .00004
50 0 .00002
51 0 .00001
100 0 0
*parity 2 divorced
birth 1 F divorced 2
14 0 0
15 0 0
16 0 0
17 0 0
18 0 .03127
19 0 .10169
20 0 .0308
21 0 .02178
22 0 .02852
23 0 .02086
24 0 .02218
25 0 .01709
26 0 .01695
27 0 .0147
28 0 .01193
29 0 .01172
30 0 .01062
31 0 .00999
32 0 .00756
33 0 .00663
34 0 .00572
35 0 .00471
36 0 .00406
37 0 .00362
38 0 .00326
39 0 .00292
40 0 .00268
41 0 .00208
42 0 .00137
43 0 .00091
44 0 .00063
45 0 .00043
46 0 .00025
47 0 .00015
48 0 .00007
49 0 .00004
50 0 .00002
51 0 .00001
100 0 0
