*parity 0 married
birth 1 F married 0
14 0 0
15 0 .00007
16 0 .00029
17 0 .00055
18 0 .06497
19 0 .04014
20 0 .04382
21 0 .044
22 0 .03751
23 0 .02939
24 0 .0223
25 0 .01901
26 0 .01854
27 0 .01514
28 0 .01862
29 0 .01425
30 0 .01281
31 0 .00878
32 0 .00745
33 0 .00623
34 0 .00521
35 0 .00392
36 0 .00286
37 0 .0018
38 0 .00112
39 0 .00071
40 0 .00052
41 0 .00026
42 0 .00016
43 0 .0001
44 0 .00006
45 0 .00003
46 0 .00002
47 0 .00001
48 0 0
49 0 0
50 0 0
51 0 0
100 0 0
*parity 0 single
birth 1 F single 0
14 0 0
15 0 .00017
16 0 .00069
17 0 .00131
18 0 .00217
19 0 .00303
20 0 .00369
21 0 .00394
22 0 .00398
23 0 .0039
24 0 .00396
25 0 .00406
26 0 .00396
27 0 .0039
28 0 .00379
29 0 .00366
30 0 .00337
31 0 .00309
32 0 .00257
33 0 .00228
34 0 .00188
35 0 .0016
36 0 .00136
37 0 .00115
38 0 .00094
39 0 .00076
40 0 .0006
41 0 .00044
42 0 .00035
43 0 .00024
44 0 .00015
45 0 .0001
46 0 .00006
47 0 .00003
48 0 .00002
49 0 .00001
50 0 0
51 0 0
100 0 0
*parity 0 widowed
birth 1 F widowed 0
14 0 0
15 0 .00001
16 0 .00006
17 0 .0001
18 0 .38432
19 0 .2489
20 0 .56859
21 0 .08635
22 0 .5654
23 0 .26637
24 0 .00022
25 0 .08103
26 0 .21758
27 0 .06693
28 0 .13029
29 0 .04181
30 0 .04435
31 0 .2514
32 0 .04295
33 0 .08982
34 0 .01411
35 0 .01152
36 0 .00509
37 0 .00301
38 0 .00177
39 0 .00095
40 0 .00087
41 0 .00039
42 0 .00025
43 0 .00014
44 0 .00006
45 0 .00004
46 0 .00002
47 0 .00001
48 0 0
49 0 0
50 0 0
51 0 0
100 0 0
*parity 0 divorced
birth 1 F divorced 0
14 0 0
15 0 .00001
16 0 .00006
17 0 .0001
18 0 .38432
19 0 .2489
20 0 .56859
21 0 .08635
22 0 .5654
23 0 .26637
24 0 .00022
25 0 .08103
26 0 .21758
27 0 .06693
28 0 .13029
29 0 .04181
30 0 .04435
31 0 .2514
32 0 .04295
33 0 .08982
34 0 .01411
35 0 .01152
36 0 .00509
37 0 .00301
38 0 .00177
39 0 .00095
40 0 .00087
41 0 .00039
42 0 .00025
43 0 .00014
44 0 .00006
45 0 .00004
46 0 .00002
47 0 .00001
48 0 0
49 0 0
50 0 0
51 0 0
100 0 0
*parity 1 married
birth 1 F married 1
14 0 0
15 0 0
16 0 .00002
17 0 .00006
18 0 .33955
19 0 .64634
20 0 .01798
21 0 .04434
22 0 .05158
23 0 .04315
24 0 .02997
25 0 .02436
26 0 .02658
27 0 .03293
28 0 .02268
29 0 .01815
30 0 .019
31 0 .01605
32 0 .01442
33 0 .01367
34 0 .01153
35 0 .00859
36 0 .0081
37 0 .00649
38 0 .00421
39 0 .0029
40 0 .00202
41 0 .0014
42 0 .00092
43 0 .00058
44 0 .00037
45 0 .00016
46 0 .00009
47 0 .00006
48 0 .00003
49 0 .00001
50 0 0
51 0 0
100 0 0
*parity 1 single
birth 1 F single 1
14 0 0
15 0 0
16 0 .00004
17 0 .00014
18 0 .0738
19 0 .06439
20 0 .03828
21 0 .04215
22 0 .03465
23 0 .03062
24 0 .03175
25 0 .03251
26 0 .02805
27 0 .02855
28 0 .02712
29 0 .0236
30 0 .02581
31 0 .02416
32 0 .02432
33 0 .02037
34 0 .01745
35 0 .01642
36 0 .01397
37 0 .01224
38 0 .01128
39 0 .00938
40 0 .00727
41 0 .0067
42 0 .00433
43 0 .00266
44 0 .00171
45 0 .0013
46 0 .00053
47 0 .00022
48 0 .00015
49 0 .00005
50 0 .00002
51 0 .00001
100 0 0
*parity 1 widowed
birth 1 F widowed 1
14 0 0
15 0 0
16 0 0
17 0 .00001
18 0 .00003
19 0 .00006
20 0 .00009
21 0 .2792
22 0 .33462
23 0 .09468
24 0 .0308
25 0 .03253
26 0 .02862
27 0 .03247
28 0 .02683
29 0 .07344
30 0 .09063
31 0 .05206
32 0 .01771
33 0 .01926
34 0 .01706
35 0 .01136
36 0 .017
37 0 .00532
38 0 .0042
39 0 .00213
40 0 .00189
41 0 .00099
42 0 .00096
43 0 .00037
44 0 .00034
45 0 .00013
46 0 .00004
47 0 .00002
48 0 .00001
49 0 0
50 0 0
51 0 0
100 0 0
*parity 1 divorced
birth 1 F divorced 1
14 0 0
15 0 0
16 0 0
17 0 .00001
18 0 .00003
19 0 .00006
20 0 .00009
21 0 .2792
22 0 .33462
23 0 .09468
24 0 .0308
25 0 .03253
26 0 .02862
27 0 .03247
28 0 .02683
29 0 .07344
30 0 .09063
31 0 .05206
32 0 .01771
33 0 .01926
34 0 .01706
35 0 .01136
36 0 .017
37 0 .00532
38 0 .0042
39 0 .00213
40 0 .00189
41 0 .00099
42 0 .00096
43 0 .00037
44 0 .00034
45 0 .00013
46 0 .00004
47 0 .00002
48 0 .00001
49 0 0
50 0 0
51 0 0
100 0 0
*parity 2 married
birth 1 F married 2
14 0 0
15 0 0
16 0 0
17 0 0
18 0 .00002
19 0 .00005
20 0 .00012
21 0 .00612
22 0 .00773
23 0 .01033
24 0 .01138
25 0 .012
26 0 .01222
27 0 .00956
28 0 .00933
29 0 .00828
30 0 .00783
31 0 .00642
32 0 .00642
33 0 .0055
34 0 .00494
35 0 .00433
36 0 .00372
37 0 .00299
38 0 .0025
39 0 .00212
40 0 .0014
41 0 .00111
42 0 .00078
43 0 .00055
44 0 .00036
45 0 .00024
46 0 .00015
47 0 .00008
48 0 .00003
49 0 .00002
50 0 .00001
51 0 0
100 0 0
*parity 2 single
birth 1 F single 2
14 0 0
15 0 0
16 0 0
17 0 .00001
18 0 .00005
19 0 .02574
20 0 .03225
21 0 .03252
22 0 .0204
23 0 .02263
24 0 .01772
25 0 .01356
26 0 .01413
27 0 .01378
28 0 .01221
29 0 .01303
30 0 .0113
31 0 .01054
32 0 .01027
33 0 .0082
34 0 .0082
35 0 .00677
36 0 .00615
37 0 .00527
38 0 .00496
39 0 .00443
40 0 .0041
41 0 .00364
42 0 .0027
43 0 .00196
44 0 .0018
45 0 .0012
46 0 .00069
47 0 .00048
48 0 .00026
49 0 .00012
50 0 .00005
51 0 .00002
100 0 0
*parity 2 widowed
birth 1 F widowed 2
14 0 0
15 0 0
16 0 0
17 0 0
18 0 0
19 0 .00001
20 0 .00002
21 0 .00004
22 0 .02361
23 0 .02168
24 0 .01737
25 0 .0211
26 0 .01015
27 0 .01055
28 0 .00982
29 0 .00656
30 0 .00457
31 0 .00499
32 0 .00372
33 0 .00411
34 0 .00272
35 0 .00296
36 0 .0019
37 0 .00224
38 0 .00156
39 0 .00112
40 0 .00088
41 0 .00066
42 0 .00043
43 0 .00032
44 0 .00021
45 0 .00013
46 0 .00007
47 0 .00003
48 0 .00002
49 0 .00001
50 0 0
51 0 0
100 0 0
*parity 2 divorced
birth 1 F divorced 2
14 0 0
15 0 0
16 0 0
17 0 0
18 0 0
19 0 .00001
20 0 .00002
21 0 .00004
22 0 .02361
23 0 .02168
24 0 .01737
25 0 .0211
26 0 .01015
27 0 .01055
28 0 .00982
29 0 .00656
30 0 .00457
31 0 .00499
32 0 .00372
33 0 .00411
34 0 .00272
35 0 .00296
36 0 .0019
37 0 .00224
38 0 .00156
39 0 .00112
40 0 .00088
41 0 .00066
42 0 .00043
43 0 .00032
44 0 .00021
45 0 .00013
46 0 .00007
47 0 .00003
48 0 .00002
49 0 .00001
50 0 0
51 0 0
100 0 0
