*parity 0 married
birth 1 F married 0
14 0 0
15 0 .00019
16 0 .00079
17 0 .06319
18 0 .0529
19 0 .05731
20 0 .05097
21 0 .05655
22 0 .04801
23 0 .0417
24 0 .04327
25 0 .03421
26 0 .02485
27 0 .02486
28 0 .02427
29 0 .0216
30 0 .01317
31 0 .00897
32 0 .00684
33 0 .00421
34 0 .00328
35 0 .00268
36 0 .00203
37 0 .00141
38 0 .00112
39 0 .00085
40 0 .00053
41 0 .00037
42 0 .00026
43 0 .00017
44 0 .00012
45 0 .00006
46 0 .00004
47 0 .00002
48 0 .00001
49 0 0
50 0 0
51 0 0
100 0 0
*parity 0 single
birth 1 F single 0
14 0 0
15 0 .00004
16 0 .00018
17 0 .00034
18 0 .00057
19 0 .0008
20 0 .00097
21 0 .00106
22 0 .00105
23 0 .00105
24 0 .00103
25 0 .00101
26 0 .00106
27 0 .00104
28 0 .00102
29 0 .001
30 0 .00099
31 0 .00104
32 0 .00096
33 0 .00111
34 0 .00108
35 0 .00102
36 0 .00081
37 0 .00093
38 0 .00079
39 0 .00069
40 0 .00066
41 0 .0005
42 0 .00042
43 0 .00025
44 0 .00019
45 0 .00026
46 0 .0001
47 0 .00009
48 0 .00005
49 0 .00002
50 0 0
51 0 0
100 0 0
*parity 0 widowed
birth 1 F widowed 0
14 0 0
15 0 .00001
16 0 .00005
17 0 .08965
18 0 .07505
19 0 .06481
20 0 .07545
21 0 .10987
22 0 .07009
23 0 .07715
24 0 .07383
25 0 .19834
26 0 .02835
27 0 .01617
28 0 .03204
29 0 .00883
30 0 .00859
31 0 .01143
32 0 .01236
33 0 .00397
34 0 .00218
35 0 .00144
36 0 .00103
37 0 .00084
38 0 .00074
39 0 .00029
40 0 .00021
41 0 .00012
42 0 .00007
43 0 .00004
44 0 .00003
45 0 .00001
46 0 .00001
47 0 0
48 0 0
49 0 0
50 0 0
51 0 0
100 0 0
*parity 0 divorced
birth 1 F divorced 0
14 0 0
15 0 .00001
16 0 .00005
17 0 .08965
18 0 .07505
19 0 .06481
20 0 .07545
21 0 .10987
22 0 .07009
23 0 .07715
24 0 .07383
25 0 .19834
26 0 .02835
27 0 .01617
28 0 .03204
29 0 .00883
30 0 .00859
31 0 .01143
32 0 .01236
33 0 .00397
34 0 .00218
35 0 .00144
36 0 .00103
37 0 .00084
38 0 .00074
39 0 .00029
40 0 .00021
41 0 .00012
42 0 .00007
43 0 .00004
44 0 .00003
45 0 .00001
46 0 .00001
47 0 0
48 0 0
49 0 0
50 0 0
51 0 0
100 0 0
*parity 1 married
birth 1 F married 1
14 0 0
15 0 0
16 0 .00004
17 0 .00015
18 0 .01677
19 0 .02257
20 0 .02758
21 0 .02534
22 0 .04064
23 0 .03764
24 0 .03799
25 0 .04111
26 0 .03841
27 0 .03667
28 0 .04314
29 0 .04198
30 0 .03211
31 0 .02628
32 0 .02263
33 0 .03218
34 0 .01788
35 0 .0133
36 0 .01019
37 0 .01201
38 0 .00726
39 0 .00572
40 0 .00446
41 0 .00337
42 0 .00267
43 0 .00133
44 0 .00059
45 0 .00037
46 0 .0002
47 0 .00011
48 0 .00004
49 0 .00002
50 0 0
51 0 0
100 0 0
*parity 1 single
birth 1 F single 1
14 0 0
15 0 0
16 0 .00866
17 0 .01641
18 0 .04472
19 0 .03409
20 0 .03447
21 0 .01638
22 0 .01923
23 0 .02439
24 0 .02752
25 0 .03824
26 0 .03263
27 0 .02777
28 0 .01949
29 0 .02116
30 0 .01921
31 0 .02169
32 0 .04073
33 0 .03733
34 0 .05878
35 0 .04727
36 0 .03938
37 0 .02211
38 0 .011
39 0 .03093
40 0 .06633
41 0 .0232
42 0 .0154
43 0 .01682
44 0 .00001
45 0 .00264
46 0 0
47 0 0
48 0 0
49 0 0
50 0 .00005
51 0 0
100 0 0
*parity 1 widowed
birth 1 F widowed 1
14 0 0
15 0 0
16 0 0
17 0 .00001
18 0 .00002
19 0 .04733
20 0 .01094
21 0 .01429
22 0 .06141
23 0 .01806
24 0 .02929
25 0 .02124
26 0 .0385
27 0 .04241
28 0 .02029
29 0 .02183
30 0 .01981
31 0 .01405
32 0 .0087
33 0 .01037
34 0 .0102
35 0 .01313
36 0 .0042
37 0 .00307
38 0 .0021
39 0 .00107
40 0 .00088
41 0 .00064
42 0 .00047
43 0 .00036
44 0 .00014
45 0 .00006
46 0 .00002
47 0 .00001
48 0 .00001
49 0 0
50 0 0
51 0 0
100 0 0
*parity 1 divorced
birth 1 F divorced 1
14 0 0
15 0 0
16 0 0
17 0 .00001
18 0 .00002
19 0 .04733
20 0 .01094
21 0 .01429
22 0 .06141
23 0 .01806
24 0 .02929
25 0 .02124
26 0 .0385
27 0 .04241
28 0 .02029
29 0 .02183
30 0 .01981
31 0 .01405
32 0 .0087
33 0 .01037
34 0 .0102
35 0 .01313
36 0 .0042
37 0 .00307
38 0 .0021
39 0 .00107
40 0 .00088
41 0 .00064
42 0 .00047
43 0 .00036
44 0 .00014
45 0 .00006
46 0 .00002
47 0 .00001
48 0 .00001
49 0 0
50 0 0
51 0 0
100 0 0
*parity 2 married
birth 1 F married 2
14 0 0
15 0 0
16 0 0
17 0 .00001
18 0 .00005
19 0 .03436
20 0 .01508
21 0 .01344
22 0 .01109
23 0 .0106
24 0 .01049
25 0 .01166
26 0 .01126
27 0 .0108
28 0 .00988
29 0 .00967
30 0 .00943
31 0 .00759
32 0 .00771
33 0 .00604
34 0 .00545
35 0 .00488
36 0 .00466
37 0 .00374
38 0 .00327
39 0 .00271
40 0 .0024
41 0 .0018
42 0 .00125
43 0 .00092
44 0 .00063
45 0 .00042
46 0 .00025
47 0 .00014
48 0 .00006
49 0 .00003
50 0 .00001
51 0 .00001
100 0 0
*parity 2 single
birth 1 F single 2
14 0 0
15 0 0
16 0 0
17 0 0
18 0 .01116
19 0 .03053
20 0 .02233
21 0 .01058
22 0 .01498
23 0 .01915
24 0 .01652
25 0 .01385
26 0 .0151
27 0 .01594
28 0 .01619
29 0 .01326
30 0 .01421
31 0 .01579
32 0 .01219
33 0 .01553
34 0 .0147
35 0 .01206
36 0 .0124
37 0 .02132
38 0 .019
39 0 .02648
40 0 .01275
41 0 .01071
42 0 .01205
43 0 .00782
44 0 .01022
45 0 .00402
46 0 .01103
47 0 .00182
48 0 .00319
49 0 .00063
50 0 .00038
51 0 .00006
100 0 0
*parity 2 widowed
birth 1 F widowed 2
14 0 0
15 0 0
16 0 0
17 0 0
18 0 0
19 0 .00001
20 0 .0186
21 0 .03232
22 0 .00624
23 0 .03989
24 0 .00776
25 0 .00796
26 0 .00492
27 0 .00473
28 0 .00342
29 0 .00263
30 0 .00311
31 0 .00295
32 0 .00182
33 0 .00164
34 0 .00178
35 0 .00139
36 0 .00129
37 0 .00088
38 0 .00067
39 0 .00057
40 0 .00045
41 0 .00033
42 0 .00025
43 0 .00018
44 0 .0001
45 0 .00007
46 0 .00004
47 0 .00002
48 0 .00001
49 0 0
50 0 0
51 0 0
100 0 0
*parity 2 divorced
birth 1 F divorced 2
14 0 0
15 0 0
16 0 0
17 0 0
18 0 0
19 0 .00001
20 0 .0186
21 0 .03232
22 0 .00624
23 0 .03989
24 0 .00776
25 0 .00796
26 0 .00492
27 0 .00473
28 0 .00342
29 0 .00263
30 0 .00311
31 0 .00295
32 0 .00182
33 0 .00164
34 0 .00178
35 0 .00139
36 0 .00129
37 0 .00088
38 0 .00067
39 0 .00057
40 0 .00045
41 0 .00033
42 0 .00025
43 0 .00018
44 0 .0001
45 0 .00007
46 0 .00004
47 0 .00002
48 0 .00001
49 0 0
50 0 0
51 0 0
100 0 0
