*parity 0 married
birth 1 F married 0
14 0 0
15 0 .00008
16 0 .00032
17 0 .04352
18 0 .03434
19 0 .04993
20 0 .03668
21 0 .03572
22 0 .03229
23 0 .0318
24 0 .02558
25 0 .02335
26 0 .02492
27 0 .01971
28 0 .01566
29 0 .01248
30 0 .01193
31 0 .00936
32 0 .00698
33 0 .00541
34 0 .00462
35 0 .00294
36 0 .00204
37 0 .00138
38 0 .00084
39 0 .00054
40 0 .00034
41 0 .00024
42 0 .00015
43 0 .00009
44 0 .00005
45 0 .00003
46 0 .00002
47 0 .00001
48 0 0
49 0 0
50 0 0
51 0 0
100 0 0
*parity 0 single
birth 1 F single 0
14 0 0
15 0 .00016
16 0 .00066
17 0 .00128
18 0 .00216
19 0 .00305
20 0 .00372
21 0 .00406
22 0 .0041
23 0 .0041
24 0 .00408
25 0 .00399
26 0 .00405
27 0 .00409
28 0 .00401
29 0 .0037
30 0 .00349
31 0 .00294
32 0 .00276
33 0 .00236
34 0 .00185
35 0 .00165
36 0 .00139
37 0 .0012
38 0 .0011
39 0 .00095
40 0 .00073
41 0 .00055
42 0 .00039
43 0 .00028
44 0 .00021
45 0 .00013
46 0 .00008
47 0 .00005
48 0 .00002
49 0 .00001
50 0 0
51 0 0
100 0 0
*parity 0 widowed
birth 1 F widowed 0
14 0 0
15 0 .00001
16 0 .00006
17 0 .00011
18 0 .42811
19 0 .55841
20 0 .34301
21 0 .66806
22 0 .00028
23 0 .00026
24 0 .18917
25 0 .53936
26 0 .12565
27 0 .15663
28 0 .09979
29 0 .03914
30 0 .05818
31 0 .01704
32 0 .02048
33 0 .01046
34 0 .00656
35 0 .00468
36 0 .00358
37 0 .00415
38 0 .00157
39 0 .0007
40 0 .00041
41 0 .0003
42 0 .00013
43 0 .00009
44 0 .00006
45 0 .00003
46 0 .00001
47 0 .00001
48 0 0
49 0 0
50 0 0
51 0 0
100 0 0
*parity 0 divorced
birth 1 F divorced 0
14 0 0
15 0 .00001
16 0 .00006
17 0 .00011
18 0 .42811
19 0 .55841
20 0 .34301
21 0 .66806
22 0 .00028
23 0 .00026
24 0 .18917
25 0 .53936
26 0 .12565
27 0 .15663
28 0 .09979
29 0 .03914
30 0 .05818
31 0 .01704
32 0 .02048
33 0 .01046
34 0 .00656
35 0 .00468
36 0 .00358
37 0 .00415
38 0 .00157
39 0 .0007
40 0 .00041
41 0 .0003
42 0 .00013
43 0 .00009
44 0 .00006
45 0 .00003
46 0 .00001
47 0 .00001
48 0 0
49 0 0
50 0 0
51 0 0
100 0 0
*parity 1 married
birth 1 F married 1
14 0 0
15 0 0
16 0 .00002
17 0 .00006
18 0 .02826
19 0 .01723
20 0 .02119
21 0 .02139
22 0 .02293
23 0 .02312
24 0 .02313
25 0 .02295
26 0 .02849
27 0 .02271
28 0 .02252
29 0 .02463
30 0 .02241
31 0 .02119
32 0 .01806
33 0 .01939
34 0 .01661
35 0 .01157
36 0 .00772
37 0 .0101
38 0 .00611
39 0 .00328
40 0 .00265
41 0 .00168
42 0 .00105
43 0 .00067
44 0 .0004
45 0 .00025
46 0 .00012
47 0 .00007
48 0 .00002
49 0 .00001
50 0 0
51 0 0
100 0 0
*parity 1 single
birth 1 F single 1
14 0 0
15 0 0
16 0 .03968
17 0 .01927
18 0 .02144
19 0 .02296
20 0 .02511
21 0 .02399
22 0 .02348
23 0 .02242
24 0 .02393
25 0 .02544
26 0 .02572
27 0 .02923
28 0 .02507
29 0 .02159
30 0 .02455
31 0 .02434
32 0 .02277
33 0 .01944
34 0 .02323
35 0 .01841
36 0 .01557
37 0 .0149
38 0 .01901
39 0 .01129
40 0 .01131
41 0 .00515
42 0 .0073
43 0 .00384
44 0 .0024
45 0 .00187
46 0 .00083
47 0 .00049
48 0 .00018
49 0 .00004
50 0 .00002
51 0 .00001
100 0 0
*parity 1 widowed
birth 1 F widowed 1
14 0 0
15 0 0
16 0 0
17 0 .00001
18 0 .00003
19 0 .06951
20 0 .0474
21 0 .04425
22 0 .01758
23 0 .04946
24 0 .09161
25 0 .02945
26 0 .02214
27 0 .01992
28 0 .01332
29 0 .01214
30 0 .04871
31 0 .07966
32 0 .04258
33 0 .02024
34 0 .0731
35 0 .02576
36 0 .00605
37 0 .00613
38 0 .00254
39 0 .0023
40 0 .00211
41 0 .0016
42 0 .00073
43 0 .00034
44 0 .00027
45 0 .00013
46 0 .00007
47 0 .00004
48 0 .00001
49 0 0
50 0 0
51 0 0
100 0 0
*parity 1 divorced
birth 1 F divorced 1
14 0 0
15 0 0
16 0 0
17 0 .00001
18 0 .00003
19 0 .06951
20 0 .0474
21 0 .04425
22 0 .01758
23 0 .04946
24 0 .09161
25 0 .02945
26 0 .02214
27 0 .01992
28 0 .01332
29 0 .01214
30 0 .04871
31 0 .07966
32 0 .04258
33 0 .02024
34 0 .0731
35 0 .02576
36 0 .00605
37 0 .00613
38 0 .00254
39 0 .0023
40 0 .00211
41 0 .0016
42 0 .00073
43 0 .00034
44 0 .00027
45 0 .00013
46 0 .00007
47 0 .00004
48 0 .00001
49 0 0
50 0 0
51 0 0
100 0 0
*parity 2 married
birth 1 F married 2
14 0 0
15 0 0
16 0 0
17 0 .00001
18 0 .02527
19 0 .01996
20 0 .01253
21 0 .0124
22 0 .01254
23 0 .01347
24 0 .01108
25 0 .01162
26 0 .00989
27 0 .00911
28 0 .01025
29 0 .00864
30 0 .00744
31 0 .00761
32 0 .0062
33 0 .00584
34 0 .00507
35 0 .00443
36 0 .00412
37 0 .00281
38 0 .00211
39 0 .00199
40 0 .00153
41 0 .00112
42 0 .00082
43 0 .00061
44 0 .00038
45 0 .00025
46 0 .00014
47 0 .00008
48 0 .00004
49 0 .00002
50 0 .00001
51 0 0
100 0 0
*parity 2 single
birth 1 F single 2
14 0 0
15 0 0
16 0 0
17 0 .02346
18 0 .02602
19 0 .01799
20 0 .02395
21 0 .01926
22 0 .02088
23 0 .01552
24 0 .01618
25 0 .01559
26 0 .01246
27 0 .01107
28 0 .01065
29 0 .0126
30 0 .01026
31 0 .01031
32 0 .00894
33 0 .00787
34 0 .00781
35 0 .00719
36 0 .00666
37 0 .00647
38 0 .00601
39 0 .00519
40 0 .0051
41 0 .00436
42 0 .00341
43 0 .00288
44 0 .00193
45 0 .00143
46 0 .00094
47 0 .00062
48 0 .00033
49 0 .00019
50 0 .00006
51 0 .00002
100 0 0
*parity 2 widowed
birth 1 F widowed 2
14 0 0
15 0 0
16 0 0
17 0 0
18 0 0
19 0 .00001
20 0 .00002
21 0 .05231
22 0 .04138
23 0 .0258
24 0 .01765
25 0 .01239
26 0 .01032
27 0 .01304
28 0 .01178
29 0 .00892
30 0 .00607
31 0 .0043
32 0 .00438
33 0 .00405
34 0 .00284
35 0 .00254
36 0 .00223
37 0 .00158
38 0 .00172
39 0 .00122
40 0 .00097
41 0 .00059
42 0 .00048
43 0 .00026
44 0 .00022
45 0 .00011
46 0 .00007
47 0 .00003
48 0 .00002
49 0 .00001
50 0 0
51 0 0
100 0 0
*parity 2 divorced
birth 1 F divorced 2
14 0 0
15 0 0
16 0 0
17 0 0
18 0 0
19 0 .00001
20 0 .00002
21 0 .05231
22 0 .04138
23 0 .0258
24 0 .01765
25 0 .01239
26 0 .01032
27 0 .01304
28 0 .01178
29 0 .00892
30 0 .00607
31 0 .0043
32 0 .00438
33 0 .00405
34 0 .00284
35 0 .00254
36 0 .00223
37 0 .00158
38 0 .00172
39 0 .00122
40 0 .00097
41 0 .00059
42 0 .00048
43 0 .00026
44 0 .00022
45 0 .00011
46 0 .00007
47 0 .00003
48 0 .00002
49 0 .00001
50 0 0
51 0 0
100 0 0
