*parity 0 married
birth 1 F married 0
14 0 0
15 0 .00021
16 0 .00083
17 0 .06745
18 0 .04942
19 0 .05208
20 0 .08055
21 0 .07539
22 0 .07095
23 0 .09699
24 0 .11321
25 0 .09445
26 0 .19231
27 0 .2443
28 0 .15059
29 0 .05142
30 0 .03405
31 0 .02838
32 0 .02177
33 0 .01525
34 0 .01002
35 0 .00646
36 0 .00463
37 0 .00381
38 0 .00234
39 0 .00183
40 0 .00134
41 0 .00111
42 0 .0008
43 0 .00047
44 0 .00026
45 0 .00014
46 0 .00009
47 0 .00005
48 0 .00002
49 0 .00001
50 0 0
51 0 0
100 0 0
*parity 0 single
birth 1 F single 0
14 0 0
15 0 .00003
16 0 .00014
17 0 .00027
18 0 .00046
19 0 .00066
20 0 .0008
21 0 .00086
22 0 .00088
23 0 .00089
24 0 .00086
25 0 .00085
26 0 .0009
27 0 .00088
28 0 .00092
29 0 .001
30 0 .00102
31 0 .00113
32 0 .00103
33 0 .00107
34 0 .00107
35 0 .00102
36 0 .00111
37 0 .00095
38 0 .00106
39 0 .00082
40 0 .00071
41 0 .00048
42 0 .00048
43 0 .00025
44 0 .00019
45 0 .00019
46 0 .00014
47 0 .00013
48 0 .00003
49 0 .00001
50 0 0
51 0 0
100 0 0
*parity 0 widowed
birth 1 F widowed 0
14 0 0
15 0 .00001
16 0 .00005
17 0 .13506
18 0 .12224
19 0 .0002
20 0 .18264
21 0 .00023
22 0 .00022
23 0 .00021
24 0 .0002
25 0 .30038
26 0 .13592
27 0 .25898
28 0 .00015
29 0 .20291
30 0 .17649
31 0 .07355
32 0 .12693
33 0 .03233
34 0 .04073
35 0 .00902
36 0 .01179
37 0 .00344
38 0 .00151
39 0 .00097
40 0 .00053
41 0 .0004
42 0 .00018
43 0 .00009
44 0 .00005
45 0 .00002
46 0 .00001
47 0 .00001
48 0 0
49 0 0
50 0 0
51 0 0
100 0 0
*parity 0 divorced
birth 1 F divorced 0
14 0 0
15 0 .00001
16 0 .00005
17 0 .13506
18 0 .12224
19 0 .0002
20 0 .18264
21 0 .00023
22 0 .00022
23 0 .00021
24 0 .0002
25 0 .30038
26 0 .13592
27 0 .25898
28 0 .00015
29 0 .20291
30 0 .17649
31 0 .07355
32 0 .12693
33 0 .03233
34 0 .04073
35 0 .00902
36 0 .01179
37 0 .00344
38 0 .00151
39 0 .00097
40 0 .00053
41 0 .0004
42 0 .00018
43 0 .00009
44 0 .00005
45 0 .00002
46 0 .00001
47 0 .00001
48 0 0
49 0 0
50 0 0
51 0 0
100 0 0
*parity 1 married
birth 1 F married 1
14 0 0
15 0 0
16 0 .00004
17 0 .00016
18 0 .02033
19 0 .01822
20 0 .02069
21 0 .02318
22 0 .01818
23 0 .02231
24 0 .02444
25 0 .02413
26 0 .0204
27 0 .02028
28 0 .01612
29 0 .01548
30 0 .01458
31 0 .01203
32 0 .01314
33 0 .01202
34 0 .00825
35 0 .00756
36 0 .00598
37 0 .00481
38 0 .00393
39 0 .00328
40 0 .00231
41 0 .00148
42 0 .00097
43 0 .00054
44 0 .00044
45 0 .00024
46 0 .00011
47 0 .00005
48 0 .00003
49 0 .00001
50 0 0
51 0 0
100 0 0
*parity 1 single
birth 1 F single 1
14 0 0
15 0 0
16 0 .00001
17 0 .01971
18 0 .02324
19 0 .03063
20 0 .02364
21 0 .02267
22 0 .02866
23 0 .02922
24 0 .02629
25 0 .02734
26 0 .02943
27 0 .02954
28 0 .04605
29 0 .04497
30 0 .03431
31 0 .03452
32 0 .04318
33 0 .12795
34 0 .08391
35 0 .00018
36 0 .19889
37 0 .02401
38 0 .10707
39 0 .00006
40 0 .05862
41 0 .01973
42 0 .00002
43 0 .01748
44 0 .01008
45 0 0
46 0 .00274
47 0 0
48 0 .00011
49 0 .00018
50 0 0
51 0 .00002
100 0 0
*parity 1 widowed
birth 1 F widowed 1
14 0 0
15 0 0
16 0 0
17 0 .00001
18 0 .04071
19 0 .01502
20 0 .02485
21 0 .04368
22 0 .01506
23 0 .01445
24 0 .01535
25 0 .01724
26 0 .0165
27 0 .0108
28 0 .02259
29 0 .01161
30 0 .00619
31 0 .00648
32 0 .00438
33 0 .00448
34 0 .00187
35 0 .00131
36 0 .00109
37 0 .0007
38 0 .00057
39 0 .00044
40 0 .00027
41 0 .00016
42 0 .00011
43 0 .00006
44 0 .00003
45 0 .00002
46 0 .00001
47 0 0
48 0 0
49 0 0
50 0 0
51 0 0
100 0 0
*parity 1 divorced
birth 1 F divorced 1
14 0 0
15 0 0
16 0 0
17 0 .00001
18 0 .04071
19 0 .01502
20 0 .02485
21 0 .04368
22 0 .01506
23 0 .01445
24 0 .01535
25 0 .01724
26 0 .0165
27 0 .0108
28 0 .02259
29 0 .01161
30 0 .00619
31 0 .00648
32 0 .00438
33 0 .00448
34 0 .00187
35 0 .00131
36 0 .00109
37 0 .0007
38 0 .00057
39 0 .00044
40 0 .00027
41 0 .00016
42 0 .00011
43 0 .00006
44 0 .00003
45 0 .00002
46 0 .00001
47 0 0
48 0 0
49 0 0
50 0 0
51 0 0
100 0 0
*parity 2 married
birth 1 F married 2
14 0 0
15 0 0
16 0 0
17 0 .00001
18 0 .00005
19 0 .01355
20 0 .00785
21 0 .00961
22 0 .01354
23 0 .00955
24 0 .01037
25 0 .01045
26 0 .00909
27 0 .00947
28 0 .00884
29 0 .00768
30 0 .00732
31 0 .00597
32 0 .00551
33 0 .00475
34 0 .00487
35 0 .00443
36 0 .00381
37 0 .00343
38 0 .00284
39 0 .00243
40 0 .00208
41 0 .00157
42 0 .00112
43 0 .00092
44 0 .00064
45 0 .00041
46 0 .00026
47 0 .00014
48 0 .00007
49 0 .00003
50 0 .00001
51 0 .00001
100 0 0
*parity 2 single
birth 1 F single 2
14 0 0
15 0 0
16 0 0
17 0 0
18 0 .00001
19 0 .00774
20 0 .00967
21 0 .01483
22 0 .01551
23 0 .01401
24 0 .01283
25 0 .01415
26 0 .00984
27 0 .00996
28 0 .01105
29 0 .0127
30 0 .01537
31 0 .0135
32 0 .01612
33 0 .014
34 0 .01618
35 0 .01213
36 0 .02101
37 0 .01556
38 0 .0231
39 0 .01507
40 0 .0132
41 0 .01507
42 0 .01411
43 0 .00925
44 0 .00596
45 0 .01044
46 0 .00627
47 0 .00282
48 0 .00684
49 0 .00072
50 0 .00024
51 0 .00029
100 0 0
*parity 2 widowed
birth 1 F widowed 2
14 0 0
15 0 0
16 0 0
17 0 0
18 0 0
19 0 .01356
20 0 .00762
21 0 .00572
22 0 .00966
23 0 .00682
24 0 .00599
25 0 .0051
26 0 .00503
27 0 .00355
28 0 .00289
29 0 .00291
30 0 .0023
31 0 .0025
32 0 .00159
33 0 .00134
34 0 .00112
35 0 .001
36 0 .0008
37 0 .00067
38 0 .00061
39 0 .00042
40 0 .00032
41 0 .00024
42 0 .00019
43 0 .00012
44 0 .00008
45 0 .00005
46 0 .00003
47 0 .00001
48 0 .00001
49 0 0
50 0 0
51 0 0
100 0 0
*parity 2 divorced
birth 1 F divorced 2
14 0 0
15 0 0
16 0 0
17 0 0
18 0 0
19 0 .01356
20 0 .00762
21 0 .00572
22 0 .00966
23 0 .00682
24 0 .00599
25 0 .0051
26 0 .00503
27 0 .00355
28 0 .00289
29 0 .00291
30 0 .0023
31 0 .0025
32 0 .00159
33 0 .00134
34 0 .00112
35 0 .001
36 0 .0008
37 0 .00067
38 0 .00061
39 0 .00042
40 0 .00032
41 0 .00024
42 0 .00019
43 0 .00012
44 0 .00008
45 0 .00005
46 0 .00003
47 0 .00001
48 0 .00001
49 0 0
50 0 0
51 0 0
100 0 0
