*parity 0 married
birth 1 F married 0
14 0 0
15 0 .00008
16 0 .00057
17 0 .02628
18 0 .02164
19 0 .02846
20 0 .03533
21 0 .03955
22 0 .03749
23 0 .03489
24 0 .03318
25 0 .02919
26 0 .01583
27 0 .00922
28 0 .00555
29 0 .00353
30 0 .00211
31 0 .00126
32 0 .00082
33 0 .00066
34 0 .00072
35 0 .0007
36 0 .00078
37 0 .00073
38 0 .00076
39 0 .00074
40 0 .00065
41 0 .00053
42 0 .00041
43 0 .00027
44 0 .00018
45 0 .00011
46 0 .00005
47 0 .00002
48 0 .00001
49 0 .00001
50 0 0
51 0 0
100 0 0
*parity 0 single
birth 1 F single 0
14 0 0
15 0 0
16 0 .00002
17 0 .00007
18 0 .00016
19 0 .00031
20 0 .00046
21 0 .00055
22 0 .00059
23 0 .00058
24 0 .00049
25 0 .00042
26 0 .00032
27 0 .00025
28 0 .00019
29 0 .00013
30 0 .00009
31 0 .00006
32 0 .00004
33 0 .00004
34 0 .00005
35 0 .00006
36 0 .00007
37 0 .00011
38 0 .00011
39 0 .00012
40 0 .00013
41 0 .00009
42 0 .00008
43 0 .00005
44 0 .00005
45 0 .00003
46 0 .00002
47 0 .00001
48 0 0
49 0 0
50 0 0
51 0 0
100 0 0
*parity 0 widowed
birth 1 F widowed 0
14 0 0
15 0 .00001
16 0 .00007
17 0 .00022
18 0 .32144
19 0 .33247
20 0 .6885
21 0 .48873
22 0 .4205
23 0 .15945
24 0 .13418
25 0 .06772
26 0 .0554
27 0 .01484
28 0 .01108
29 0 .00442
30 0 .0024
31 0 .00118
32 0 .00127
33 0 .00051
34 0 .00041
35 0 .00036
36 0 .00039
37 0 .00035
38 0 .00035
39 0 .00033
40 0 .00024
41 0 .00017
42 0 .00015
43 0 .00009
44 0 .00006
45 0 .00003
46 0 .00001
47 0 .00001
48 0 0
49 0 0
50 0 0
51 0 0
100 0 0
*parity 0 divorced
birth 1 F divorced 0
14 0 0
15 0 .00001
16 0 .00007
17 0 .00022
18 0 .32144
19 0 .33247
20 0 .6885
21 0 .48873
22 0 .4205
23 0 .15945
24 0 .13418
25 0 .06772
26 0 .0554
27 0 .01484
28 0 .01108
29 0 .00442
30 0 .0024
31 0 .00118
32 0 .00127
33 0 .00051
34 0 .00041
35 0 .00036
36 0 .00039
37 0 .00035
38 0 .00035
39 0 .00033
40 0 .00024
41 0 .00017
42 0 .00015
43 0 .00009
44 0 .00006
45 0 .00003
46 0 .00001
47 0 .00001
48 0 0
49 0 0
50 0 0
51 0 0
100 0 0
*parity 1 married
birth 1 F married 1
14 0 0
15 0 0
16 0 .00007
17 0 .0003
18 0 .03082
19 0 .02941
20 0 .03451
21 0 .04872
22 0 .04917
23 0 .05231
24 0 .05671
25 0 .04267
26 0 .0522
27 0 .04359
28 0 .04177
29 0 .03252
30 0 .02813
31 0 .01947
32 0 .01559
33 0 .0106
34 0 .01326
35 0 .01193
36 0 .00881
37 0 .01039
38 0 .00667
39 0 .00754
40 0 .00707
41 0 .00459
42 0 .00292
43 0 .00205
44 0 .00159
45 0 .00085
46 0 .00037
47 0 .00025
48 0 .00008
49 0 .00003
50 0 .00001
51 0 .00002
100 0 0
*parity 1 single
birth 1 F single 1
14 0 0
15 0 0
16 0 0
17 0 .00001
18 0 .00003
19 0 .09867
20 0 .04466
21 0 .06087
22 0 .08775
23 0 .04699
24 0 .09379
25 0 .0002
26 0 .21611
27 0 .05861
28 0 .04523
29 0 .02786
30 0 .02845
31 0 .01633
32 0 .00004
33 0 .00003
34 0 .00002
35 0 .00002
36 0 .02171
37 0 .00002
38 0 .00001
39 0 .00001
40 0 .00001
41 0 .00786
42 0 0
43 0 .00351
44 0 0
45 0 .00124
46 0 0
47 0 .00016
48 0 .00011
49 0 0
50 0 0
51 0 0
100 0 0
*parity 1 widowed
birth 1 F widowed 1
14 0 0
15 0 0
16 0 .00001
17 0 .00004
18 0 .16826
19 0 .03191
20 0 .06354
21 0 .03609
22 0 .04928
23 0 .04558
24 0 .05887
25 0 .13545
26 0 .19218
27 0 .06949
28 0 .02681
29 0 .01652
30 0 .02024
31 0 .01549
32 0 .00932
33 0 .00505
34 0 .00407
35 0 .00411
36 0 .00454
37 0 .00274
38 0 .0024
39 0 .00266
40 0 .00179
41 0 .00108
42 0 .00146
43 0 .00052
44 0 .00032
45 0 .00025
46 0 .0001
47 0 .00005
48 0 .00001
49 0 0
50 0 0
51 0 0
100 0 0
*parity 1 divorced
birth 1 F divorced 1
14 0 0
15 0 0
16 0 .00001
17 0 .00004
18 0 .16826
19 0 .03191
20 0 .06354
21 0 .03609
22 0 .04928
23 0 .04558
24 0 .05887
25 0 .13545
26 0 .19218
27 0 .06949
28 0 .02681
29 0 .01652
30 0 .02024
31 0 .01549
32 0 .00932
33 0 .00505
34 0 .00407
35 0 .00411
36 0 .00454
37 0 .00274
38 0 .0024
39 0 .00266
40 0 .00179
41 0 .00108
42 0 .00146
43 0 .00052
44 0 .00032
45 0 .00025
46 0 .0001
47 0 .00005
48 0 .00001
49 0 0
50 0 0
51 0 0
100 0 0
*parity 2 married
birth 1 F married 2
14 0 0
15 0 0
16 0 .00001
17 0 .00003
18 0 .00016
19 0 .08671
20 0 .02947
21 0 .03007
22 0 .0306
23 0 .02939
24 0 .03098
25 0 .03245
26 0 .03323
27 0 .03222
28 0 .02994
29 0 .02861
30 0 .02594
31 0 .02523
32 0 .0231
33 0 .02071
34 0 .02074
35 0 .02008
36 0 .01802
37 0 .01604
38 0 .01479
39 0 .01192
40 0 .01111
41 0 .00883
42 0 .00678
43 0 .00497
44 0 .00395
45 0 .00259
46 0 .00166
47 0 .00098
48 0 .00061
49 0 .0003
50 0 .00013
51 0 .00005
100 0 0
*parity 2 single
birth 1 F single 2
14 0 0
15 0 0
16 0 0
17 0 0
18 0 .00001
19 0 .02476
20 0 .00005
21 0 .06172
22 0 .03604
23 0 .03686
24 0 .08488
25 0 .0827
26 0 .07097
27 0 .14723
28 0 .0488
29 0 .06667
30 0 .09239
31 0 .05063
32 0 .06638
33 0 .0316
34 0 .04939
35 0 .04175
36 0 .02605
37 0 .00023
38 0 .04277
39 0 .11188
40 0 .10193
41 0 .04915
42 0 .02964
43 0 .08235
44 0 .03057
45 0 .01968
46 0 .01164
47 0 .00351
48 0 .00366
49 0 .00184
50 0 .00052
51 0 .00063
100 0 0
*parity 2 widowed
birth 1 F widowed 2
14 0 0
15 0 0
16 0 0
17 0 0
18 0 .00002
19 0 .00007
20 0 .00017
21 0 .05489
22 0 .08012
23 0 .04371
24 0 .03019
25 0 .0191
26 0 .0187
27 0 .01827
28 0 .01662
29 0 .01339
30 0 .01521
31 0 .01201
32 0 .00932
33 0 .00854
34 0 .00695
35 0 .00656
36 0 .00614
37 0 .00487
38 0 .0045
39 0 .00419
40 0 .00344
41 0 .00262
42 0 .00165
43 0 .00134
44 0 .00088
45 0 .00065
46 0 .00033
47 0 .00022
48 0 .0001
49 0 .00005
50 0 .00002
51 0 .00001
100 0 0
*parity 2 divorced
birth 1 F divorced 2
14 0 0
15 0 0
16 0 0
17 0 0
18 0 .00002
19 0 .00007
20 0 .00017
21 0 .05489
22 0 .08012
23 0 .04371
24 0 .03019
25 0 .0191
26 0 .0187
27 0 .01827
28 0 .01662
29 0 .01339
30 0 .01521
31 0 .01201
32 0 .00932
33 0 .00854
34 0 .00695
35 0 .00656
36 0 .00614
37 0 .00487
38 0 .0045
39 0 .00419
40 0 .00344
41 0 .00262
42 0 .00165
43 0 .00134
44 0 .00088
45 0 .00065
46 0 .00033
47 0 .00022
48 0 .0001
49 0 .00005
50 0 .00002
51 0 .00001
100 0 0
