*parity 0 married
birth 1 F married 0
14 0 0
15 0 .00013
16 0 .00072
17 0 .03126
18 0 .02814
19 0 .03817
20 0 .0369
21 0 .04461
22 0 .04375
23 0 .05385
24 0 .05266
25 0 .05313
26 0 .04138
27 0 .0292
28 0 .0239
29 0 .01473
30 0 .01313
31 0 .0112
32 0 .00844
33 0 .00939
34 0 .00841
35 0 .00619
36 0 .00577
37 0 .00545
38 0 .00472
39 0 .00372
40 0 .00402
41 0 .00261
42 0 .00169
43 0 .00118
44 0 .00072
45 0 .00035
46 0 .00018
47 0 .00011
48 0 .00004
49 0 .00002
50 0 .00001
51 0 .00001
100 0 0
*parity 0 single
birth 1 F single 0
14 0 0
15 0 0
16 0 .00002
17 0 .00006
18 0 .00014
19 0 .00025
20 0 .00038
21 0 .00045
22 0 .00049
23 0 .00045
24 0 .00041
25 0 .00036
26 0 .00031
27 0 .00027
28 0 .00023
29 0 .0002
30 0 .00016
31 0 .00014
32 0 .00014
33 0 .00011
34 0 .00013
35 0 .00013
36 0 .00012
37 0 .00015
38 0 .00014
39 0 .00014
40 0 .00013
41 0 .00014
42 0 .00012
43 0 .00007
44 0 .00005
45 0 .00004
46 0 .00002
47 0 .00001
48 0 .00001
49 0 0
50 0 0
51 0 0
100 0 0
*parity 0 widowed
birth 1 F widowed 0
14 0 0
15 0 .00001
16 0 .00008
17 0 .3327
18 0 .00042
19 0 .24903
20 0 1.28369
21 0 .48164
22 0 .00087
23 0 .57005
24 0 .95217
25 0 .37395
26 0 .00039
27 0 .42107
28 0 .14636
29 0 .21922
30 0 .1608
31 0 .12307
32 0 .02963
33 0 .03655
34 0 .02183
35 0 .01866
36 0 .01436
37 0 .00633
38 0 .00367
39 0 .00383
40 0 .00159
41 0 .00284
42 0 .00091
43 0 .00054
44 0 .00046
45 0 .00018
46 0 .00005
47 0 .00007
48 0 .00002
49 0 .00001
50 0 0
51 0 0
100 0 0
*parity 0 divorced
birth 1 F divorced 0
14 0 0
15 0 .00001
16 0 .00008
17 0 .3327
18 0 .00042
19 0 .24903
20 0 1.28369
21 0 .48164
22 0 .00087
23 0 .57005
24 0 .95217
25 0 .37395
26 0 .00039
27 0 .42107
28 0 .14636
29 0 .21922
30 0 .1608
31 0 .12307
32 0 .02963
33 0 .03655
34 0 .02183
35 0 .01866
36 0 .01436
37 0 .00633
38 0 .00367
39 0 .00383
40 0 .00159
41 0 .00284
42 0 .00091
43 0 .00054
44 0 .00046
45 0 .00018
46 0 .00005
47 0 .00007
48 0 .00002
49 0 .00001
50 0 0
51 0 0
100 0 0
*parity 1 married
birth 1 F married 1
14 0 0
15 0 0
16 0 .00007
17 0 .00029
18 0 .08339
19 0 .04895
20 0 .03436
21 0 .0461
22 0 .05042
23 0 .0403
24 0 .03703
25 0 .03312
26 0 .03119
27 0 .02687
28 0 .0184
29 0 .01671
30 0 .0166
31 0 .01401
32 0 .01052
33 0 .00972
34 0 .00823
35 0 .00781
36 0 .00873
37 0 .00925
38 0 .01112
39 0 .01008
40 0 .00956
41 0 .00573
42 0 .00322
43 0 .00217
44 0 .00122
45 0 .00071
46 0 .0004
47 0 .00018
48 0 .00008
49 0 .00003
50 0 .00003
51 0 .00004
100 0 0
*parity 1 single
birth 1 F single 1
14 0 0
15 0 0
16 0 0
17 0 .00001
18 0 .00003
19 0 .03113
20 0 .00011
21 0 .02584
22 0 .02446
23 0 .06973
24 0 .00018
25 0 .08318
26 0 .21589
27 0 .18767
28 0 .02975
29 0 .04144
30 0 .01619
31 0 .03898
32 0 .00004
33 0 .00003
34 0 .03994
35 0 .00002
36 0 .03189
37 0 .00797
38 0 .00001
39 0 .00001
40 0 .00001
41 0 .00001
42 0 .00582
43 0 .00351
44 0 0
45 0 .00038
46 0 0
47 0 0
48 0 0
49 0 0
50 0 0
51 0 .00001
100 0 0
*parity 1 widowed
birth 1 F widowed 1
14 0 0
15 0 0
16 0 .00001
17 0 .00003
18 0 .01909
19 0 .05509
20 0 .06292
21 0 .0392
22 0 .03967
23 0 .047
24 0 .03579
25 0 .0368
26 0 .05457
27 0 .02888
28 0 .02025
29 0 .00759
30 0 .00747
31 0 .006
32 0 .00402
33 0 .00263
34 0 .00288
35 0 .00235
36 0 .00221
37 0 .00197
38 0 .00218
39 0 .00258
40 0 .00169
41 0 .00101
42 0 .00045
43 0 .00026
44 0 .00023
45 0 .0001
46 0 .00007
47 0 .00003
48 0 .00001
49 0 0
50 0 .00001
51 0 .00001
100 0 0
*parity 1 divorced
birth 1 F divorced 1
14 0 0
15 0 0
16 0 .00001
17 0 .00003
18 0 .01909
19 0 .05509
20 0 .06292
21 0 .0392
22 0 .03967
23 0 .047
24 0 .03579
25 0 .0368
26 0 .05457
27 0 .02888
28 0 .02025
29 0 .00759
30 0 .00747
31 0 .006
32 0 .00402
33 0 .00263
34 0 .00288
35 0 .00235
36 0 .00221
37 0 .00197
38 0 .00218
39 0 .00258
40 0 .00169
41 0 .00101
42 0 .00045
43 0 .00026
44 0 .00023
45 0 .0001
46 0 .00007
47 0 .00003
48 0 .00001
49 0 0
50 0 .00001
51 0 .00001
100 0 0
*parity 2 married
birth 1 F married 2
14 0 0
15 0 0
16 0 .00001
17 0 .00003
18 0 .00575
19 0 .0104
20 0 .02401
21 0 .02163
22 0 .02151
23 0 .02475
24 0 .02736
25 0 .02599
26 0 .02393
27 0 .02212
28 0 .02448
29 0 .02254
30 0 .02031
31 0 .01729
32 0 .01594
33 0 .01446
34 0 .01302
35 0 .01232
36 0 .01079
37 0 .00986
38 0 .00856
39 0 .0076
40 0 .00685
41 0 .00528
42 0 .00427
43 0 .00322
44 0 .00239
45 0 .00168
46 0 .00106
47 0 .00066
48 0 .00036
49 0 .00018
50 0 .00007
51 0 .00003
100 0 0
*parity 2 single
birth 1 F single 2
14 0 0
15 0 0
16 0 0
17 0 0
18 0 0
19 0 .00002
20 0 .05513
21 0 .05631
22 0 .04366
23 0 .05982
24 0 .03804
25 0 .03903
26 0 .03426
27 0 .05043
28 0 .03033
29 0 .04038
30 0 .04277
31 0 .05279
32 0 .0536
33 0 .07764
34 0 .05012
35 0 .03421
36 0 .0367
37 0 .03438
38 0 .0425
39 0 .02674
40 0 .02198
41 0 .05835
42 0 .03195
43 0 .0333
44 0 .04604
45 0 .00003
46 0 .01835
47 0 .01115
48 0 .00291
49 0 .00339
50 0 .00114
51 0 0
100 0 0
*parity 2 widowed
birth 1 F widowed 2
14 0 0
15 0 0
16 0 0
17 0 0
18 0 .00002
19 0 .01993
20 0 .01951
21 0 .03985
22 0 .01818
23 0 .01764
24 0 .02071
25 0 .01751
26 0 .01647
27 0 .01373
28 0 .00997
29 0 .01043
30 0 .00914
31 0 .00756
32 0 .00682
33 0 .00561
34 0 .00486
35 0 .00419
36 0 .00389
37 0 .00295
38 0 .0027
39 0 .00229
40 0 .00177
41 0 .00137
42 0 .00106
43 0 .00074
44 0 .00054
45 0 .00035
46 0 .00019
47 0 .00011
48 0 .00006
49 0 .00003
50 0 .00001
51 0 0
100 0 0
*parity 2 divorced
birth 1 F divorced 2
14 0 0
15 0 0
16 0 0
17 0 0
18 0 .00002
19 0 .01993
20 0 .01951
21 0 .03985
22 0 .01818
23 0 .01764
24 0 .02071
25 0 .01751
26 0 .01647
27 0 .01373
28 0 .00997
29 0 .01043
30 0 .00914
31 0 .00756
32 0 .00682
33 0 .00561
34 0 .00486
35 0 .00419
36 0 .00389
37 0 .00295
38 0 .0027
39 0 .00229
40 0 .00177
41 0 .00137
42 0 .00106
43 0 .00074
44 0 .00054
45 0 .00035
46 0 .00019
47 0 .00011
48 0 .00006
49 0 .00003
50 0 .00001
51 0 0
100 0 0
