*parity 0 married
birth 1 F married 0
14 0 0
15 0 .00022
16 0 .00089
17 0 .06145
18 0 .05056
19 0 .04858
20 0 .05425
21 0 .05432
22 0 .04934
23 0 .04466
24 0 .04249
25 0 .03109
26 0 .03299
27 0 .0237
28 0 .01864
29 0 .0111
30 0 .01003
31 0 .00729
32 0 .0061
33 0 .00492
34 0 .00358
35 0 .00307
36 0 .00225
37 0 .00174
38 0 .0014
39 0 .00113
40 0 .00074
41 0 .0006
42 0 .00037
43 0 .00022
44 0 .00014
45 0 .00009
46 0 .00005
47 0 .00003
48 0 .00001
49 0 0
50 0 0
51 0 0
100 0 0
*parity 0 single
birth 1 F single 0
14 0 0
15 0 .00003
16 0 .00012
17 0 .00025
18 0 .00042
19 0 .00064
20 0 .00079
21 0 .00084
22 0 .00088
23 0 .00087
24 0 .00085
25 0 .00088
26 0 .00085
27 0 .00091
28 0 .00093
29 0 .00119
30 0 .00113
31 0 .00101
32 0 .00114
33 0 .00106
34 0 .00115
35 0 .00126
36 0 .00075
37 0 .00106
38 0 .00093
39 0 .00097
40 0 .0009
41 0 .00068
42 0 .00045
43 0 .00033
44 0 .00031
45 0 .00016
46 0 .00016
47 0 .00019
48 0 .00004
49 0 .00001
50 0 0
51 0 0
100 0 0
*parity 0 widowed
birth 1 F widowed 0
14 0 0
15 0 .00001
16 0 .00005
17 0 .00009
18 0 .00015
19 0 .23477
20 0 .06992
21 0 .05776
22 0 .03633
23 0 .00022
24 0 .03325
25 0 .01304
26 0 .00928
27 0 .00776
28 0 .01392
29 0 .00634
30 0 .00495
31 0 .00411
32 0 .00198
33 0 .00121
34 0 .00092
35 0 .00052
36 0 .00059
37 0 .00039
38 0 .00023
39 0 .00016
40 0 .0001
41 0 .00006
42 0 .00004
43 0 .00003
44 0 .00001
45 0 .00001
46 0 0
47 0 0
48 0 0
49 0 0
50 0 0
51 0 0
100 0 0
*parity 0 divorced
birth 1 F divorced 0
14 0 0
15 0 .00001
16 0 .00005
17 0 .00009
18 0 .00015
19 0 .23477
20 0 .06992
21 0 .05776
22 0 .03633
23 0 .00022
24 0 .03325
25 0 .01304
26 0 .00928
27 0 .00776
28 0 .01392
29 0 .00634
30 0 .00495
31 0 .00411
32 0 .00198
33 0 .00121
34 0 .00092
35 0 .00052
36 0 .00059
37 0 .00039
38 0 .00023
39 0 .00016
40 0 .0001
41 0 .00006
42 0 .00004
43 0 .00003
44 0 .00001
45 0 .00001
46 0 0
47 0 0
48 0 0
49 0 0
50 0 0
51 0 0
100 0 0
*parity 1 married
birth 1 F married 1
14 0 0
15 0 0
16 0 .00005
17 0 .00018
18 0 .03082
19 0 .01717
20 0 .02023
21 0 .03392
22 0 .02984
23 0 .03274
24 0 .03639
25 0 .03308
26 0 .03021
27 0 .03411
28 0 .02751
29 0 .02874
30 0 .02354
31 0 .02775
32 0 .02203
33 0 .02061
34 0 .0186
35 0 .01282
36 0 .02136
37 0 .01359
38 0 .01122
39 0 .00791
40 0 .00445
41 0 .00295
42 0 .00232
43 0 .00149
44 0 .00119
45 0 .00066
46 0 .00024
47 0 .0001
48 0 .00004
49 0 .00002
50 0 .00001
51 0 0
100 0 0
*parity 1 single
birth 1 F single 1
14 0 0
15 0 0
16 0 .00813
17 0 .01547
18 0 .02844
19 0 .02575
20 0 .02317
21 0 .02709
22 0 .02203
23 0 .02746
24 0 .04488
25 0 .03434
26 0 .04334
27 0 .03502
28 0 .10472
29 0 .05835
30 0 .03729
31 0 .02445
32 0 .0494
33 0 .05278
34 0 .04441
35 0 .14735
36 0 .03327
37 0 .11102
38 0 .08544
39 0 .03009
40 0 .01456
41 0 .0294
42 0 .00002
43 0 .00001
44 0 .00853
45 0 0
46 0 0
47 0 0
48 0 0
49 0 0
50 0 0
51 0 0
100 0 0
*parity 1 widowed
birth 1 F widowed 1
14 0 0
15 0 0
16 0 0
17 0 .00001
18 0 .00003
19 0 .01998
20 0 .01648
21 0 .02277
22 0 .02564
23 0 .03622
24 0 .03192
25 0 .00932
26 0 .01681
27 0 .01482
28 0 .00855
29 0 .00799
30 0 .01085
31 0 .00522
32 0 .00564
33 0 .00293
34 0 .00222
35 0 .00179
36 0 .00206
37 0 .00135
38 0 .0011
39 0 .00053
40 0 .00039
41 0 .00031
42 0 .00016
43 0 .00009
44 0 .00005
45 0 .00003
46 0 .00001
47 0 .00001
48 0 0
49 0 0
50 0 0
51 0 0
100 0 0
*parity 1 divorced
birth 1 F divorced 1
14 0 0
15 0 0
16 0 0
17 0 .00001
18 0 .00003
19 0 .01998
20 0 .01648
21 0 .02277
22 0 .02564
23 0 .03622
24 0 .03192
25 0 .00932
26 0 .01681
27 0 .01482
28 0 .00855
29 0 .00799
30 0 .01085
31 0 .00522
32 0 .00564
33 0 .00293
34 0 .00222
35 0 .00179
36 0 .00206
37 0 .00135
38 0 .0011
39 0 .00053
40 0 .00039
41 0 .00031
42 0 .00016
43 0 .00009
44 0 .00005
45 0 .00003
46 0 .00001
47 0 .00001
48 0 0
49 0 0
50 0 0
51 0 0
100 0 0
*parity 2 married
birth 1 F married 2
14 0 0
15 0 0
16 0 0
17 0 .00002
18 0 .00006
19 0 .02356
20 0 .01662
21 0 .01634
22 0 .0136
23 0 .01309
24 0 .01351
25 0 .01469
26 0 .01379
27 0 .01245
28 0 .01188
29 0 .0109
30 0 .0102
31 0 .01026
32 0 .00858
33 0 .00841
34 0 .00782
35 0 .007
36 0 .00613
37 0 .00512
38 0 .00443
39 0 .00395
40 0 .00368
41 0 .00273
42 0 .00216
43 0 .0016
44 0 .00121
45 0 .00073
46 0 .00044
47 0 .00026
48 0 .00014
49 0 .00008
50 0 .00003
51 0 .00001
100 0 0
*parity 2 single
birth 1 F single 2
14 0 0
15 0 0
16 0 0
17 0 0
18 0 .01118
19 0 .00003
20 0 .06671
21 0 .01778
22 0 .03576
23 0 .04319
24 0 .01818
25 0 .03366
26 0 .02447
27 0 .01565
28 0 .0179
29 0 .01704
30 0 .02267
31 0 .02677
32 0 .02229
33 0 .01985
34 0 .01877
35 0 .0175
36 0 .03218
37 0 .04356
38 0 .05401
39 0 .01982
40 0 .04573
41 0 .02318
42 0 .01395
43 0 .01333
44 0 .01385
45 0 .00628
46 0 .01419
47 0 .00405
48 0 .002
49 0 .00136
50 0 .00081
51 0 .00065
100 0 0
*parity 2 widowed
birth 1 F widowed 2
14 0 0
15 0 0
16 0 0
17 0 0
18 0 0
19 0 .00001
20 0 .00002
21 0 .0069
22 0 .00694
23 0 .00437
24 0 .00423
25 0 .00463
26 0 .00475
27 0 .00376
28 0 .00377
29 0 .00278
30 0 .00265
31 0 .00227
32 0 .00219
33 0 .00171
34 0 .00149
35 0 .00134
36 0 .00098
37 0 .00085
38 0 .00075
39 0 .00056
40 0 .00047
41 0 .00032
42 0 .00025
43 0 .00017
44 0 .00012
45 0 .00007
46 0 .00004
47 0 .00002
48 0 .00001
49 0 .00001
50 0 0
51 0 0
100 0 0
*parity 2 divorced
birth 1 F divorced 2
14 0 0
15 0 0
16 0 0
17 0 0
18 0 0
19 0 .00001
20 0 .00002
21 0 .0069
22 0 .00694
23 0 .00437
24 0 .00423
25 0 .00463
26 0 .00475
27 0 .00376
28 0 .00377
29 0 .00278
30 0 .00265
31 0 .00227
32 0 .00219
33 0 .00171
34 0 .00149
35 0 .00134
36 0 .00098
37 0 .00085
38 0 .00075
39 0 .00056
40 0 .00047
41 0 .00032
42 0 .00025
43 0 .00017
44 0 .00012
45 0 .00007
46 0 .00004
47 0 .00002
48 0 .00001
49 0 .00001
50 0 0
51 0 0
100 0 0
