*parity 0 married
birth 1 F married 0
14 0 0
15 0 .00014
16 0 .00077
17 0 .03447
18 0 .02627
19 0 .03588
20 0 .04659
21 0 .05341
22 0 .08228
23 0 .08411
24 0 .08584
25 0 .12857
26 0 .26663
27 0 .23691
28 0 .10212
29 0 .07628
30 0 .036
31 0 .00997
32 0 .00676
33 0 .00491
34 0 .00526
35 0 .00381
36 0 .00308
37 0 .00311
38 0 .00285
39 0 .00341
40 0 .00316
41 0 .0024
42 0 .0029
43 0 .0039
44 0 .00233
45 0 .0023
46 0 .00108
47 0 .00059
48 0 0
49 0 0
50 0 0
51 0 0
100 0 0
*parity 0 single
birth 1 F single 0
14 0 0
15 0 .00001
16 0 .00003
17 0 .00008
18 0 .00018
19 0 .00031
20 0 .00045
21 0 .00055
22 0 .00055
23 0 .00055
24 0 .00054
25 0 .0004
26 0 .00039
27 0 .0003
28 0 .00027
29 0 .00028
30 0 .00024
31 0 .0002
32 0 .00014
33 0 .0001
34 0 .00011
35 0 .0001
36 0 .00013
37 0 .00012
38 0 .00011
39 0 .00007
40 0 .00009
41 0 .00019
42 0 .00047
43 0 .00044
44 0 .00012
45 0 .00017
46 0 .00007
47 0 .00007
48 0 .00001
49 0 .00001
50 0 0
51 0 0
100 0 0
*parity 0 widowed
birth 1 F widowed 0
14 0 0
15 0 .00001
16 0 .00004
17 0 .00009
18 0 .00018
19 0 .37066
20 0 .54489
21 0 .00039
22 0 .44554
23 0 .36744
24 0 .30078
25 0 .00022
26 0 .00016
27 0 .00012
28 0 .09293
29 0 .00007
30 0 .00005
31 0 .00726
32 0 .02769
33 0 .00373
34 0 .00467
35 0 .00316
36 0 .00269
37 0 .00162
38 0 .00234
39 0 .00111
40 0 .00127
41 0 .00066
42 0 .00045
43 0 .0008
44 0 .00039
45 0 .00013
46 0 .00017
47 0 .00004
48 0 .00006
49 0 .00001
50 0 0
51 0 0
100 0 0
*parity 0 divorced
birth 1 F divorced 0
14 0 0
15 0 .00001
16 0 .00004
17 0 .00009
18 0 .00018
19 0 .37066
20 0 .54489
21 0 .00039
22 0 .44554
23 0 .36744
24 0 .30078
25 0 .00022
26 0 .00016
27 0 .00012
28 0 .09293
29 0 .00007
30 0 .00005
31 0 .00726
32 0 .02769
33 0 .00373
34 0 .00467
35 0 .00316
36 0 .00269
37 0 .00162
38 0 .00234
39 0 .00111
40 0 .00127
41 0 .00066
42 0 .00045
43 0 .0008
44 0 .00039
45 0 .00013
46 0 .00017
47 0 .00004
48 0 .00006
49 0 .00001
50 0 0
51 0 0
100 0 0
*parity 1 married
birth 1 F married 1
14 0 0
15 0 0
16 0 .00008
17 0 .00031
18 0 .11934
19 0 .05977
20 0 .06661
21 0 .06133
22 0 .05649
23 0 .06969
24 0 .06186
25 0 .13805
26 0 .30097
27 0 .29485
28 0 .12426
29 0 .10138
30 0 .10856
31 0 .00184
32 0 .26713
33 0 .00117
34 0 .86678
35 0 .35102
36 0 .14323
37 0 .07851
38 0 .12456
39 0 .0004
40 0 .0781
41 0 .05539
42 0 .01579
43 0 .02688
44 0 .0046
45 0 .00123
46 0 .0004
47 0 .00026
48 0 .00019
49 0 .00009
50 0 .00011
51 0 0
100 0 0
*parity 1 single
birth 1 F single 1
14 0 0
15 0 0
16 0 0
17 0 .00001
18 0 .00004
19 0 .034
20 0 .02851
21 0 .07054
22 0 .05313
23 0 .03775
24 0 .25334
25 0 .04101
26 0 .10272
27 0 .03354
28 0 .13665
29 0 .10764
30 0 .04117
31 0 .03289
32 0 .01688
33 0 .00004
34 0 .03287
35 0 .01331
36 0 .00435
37 0 .00112
38 0 .00079
39 0 .00028
40 0 .00022
41 0 .0002
42 0 .00023
43 0 .0002
44 0 .00017
45 0 .00011
46 0 .00004
47 0 .00004
48 0 .00001
49 0 .00002
50 0 0
51 0 0
100 0 0
*parity 1 widowed
birth 1 F widowed 1
14 0 0
15 0 0
16 0 0
17 0 .00001
18 0 .02715
19 0 .0612
20 0 .05986
21 0 .05079
22 0 .06375
23 0 .15855
24 0 .00027
25 0 .29524
26 0 .24652
27 0 .10063
28 0 .16398
29 0 .00013
30 0 .0988
31 0 .07892
32 0 .03039
33 0 .00005
34 0 .00005
35 0 .03195
36 0 .02607
37 0 .00003
38 0 .00002
39 0 .00002
40 0 .00001
41 0 .00001
42 0 .00001
43 0 .00019
44 0 .00033
45 0 .00009
46 0 .00003
47 0 .00004
48 0 .00001
49 0 0
50 0 0
51 0 0
100 0 0
*parity 1 divorced
birth 1 F divorced 1
14 0 0
15 0 0
16 0 0
17 0 .00001
18 0 .02715
19 0 .0612
20 0 .05986
21 0 .05079
22 0 .06375
23 0 .15855
24 0 .00027
25 0 .29524
26 0 .24652
27 0 .10063
28 0 .16398
29 0 .00013
30 0 .0988
31 0 .07892
32 0 .03039
33 0 .00005
34 0 .00005
35 0 .03195
36 0 .02607
37 0 .00003
38 0 .00002
39 0 .00002
40 0 .00001
41 0 .00001
42 0 .00001
43 0 .00019
44 0 .00033
45 0 .00009
46 0 .00003
47 0 .00004
48 0 .00001
49 0 0
50 0 0
51 0 0
100 0 0
*parity 2 married
birth 1 F married 2
14 0 0
15 0 0
16 0 .00001
17 0 .00003
18 0 .00973
19 0 .01175
20 0 .01309
21 0 .01455
22 0 .01646
23 0 .01689
24 0 .01723
25 0 .01818
26 0 .01522
27 0 .01569
28 0 .01511
29 0 .01379
30 0 .01393
31 0 .01336
32 0 .01385
33 0 .01342
34 0 .01206
35 0 .01206
36 0 .01073
37 0 .01004
38 0 .00862
39 0 .00909
40 0 .00727
41 0 .00566
42 0 .00371
43 0 .0027
44 0 .00206
45 0 .00143
46 0 .00093
47 0 .00056
48 0 .0003
49 0 .00015
50 0 .00007
51 0 .00003
100 0 0
*parity 2 single
birth 1 F single 2
14 0 0
15 0 0
16 0 0
17 0 0
18 0 .00001
19 0 .00002
20 0 .01712
21 0 .02551
22 0 .0286
23 0 .02254
24 0 .02804
25 0 .01908
26 0 .02957
27 0 .02965
28 0 .02969
29 0 .03425
30 0 .03538
31 0 .03786
32 0 .03962
33 0 .03283
34 0 .02984
35 0 .012
36 0 .0121
37 0 .01162
38 0 .03074
39 0 .00677
40 0 .00557
41 0 .0043
42 0 .00403
43 0 .00345
44 0 .0018
45 0 .00162
46 0 .00049
47 0 .00034
48 0 .0001
49 0 .00008
50 0 .00002
51 0 .00001
100 0 0
*parity 2 widowed
birth 1 F widowed 2
14 0 0
15 0 0
16 0 0
17 0 0
18 0 .00001
19 0 .00735
20 0 .0137
21 0 .01113
22 0 .01287
23 0 .01176
24 0 .01202
25 0 .01145
26 0 .0076
27 0 .00657
28 0 .00602
29 0 .00462
30 0 .00382
31 0 .00363
32 0 .003
33 0 .003
34 0 .00247
35 0 .00207
36 0 .00197
37 0 .00161
38 0 .00156
39 0 .00114
40 0 .00097
41 0 .00058
42 0 .00054
43 0 .00037
44 0 .00027
45 0 .00017
46 0 .0001
47 0 .00005
48 0 .00003
49 0 .00001
50 0 .00001
51 0 0
100 0 0
*parity 2 divorced
birth 1 F divorced 2
14 0 0
15 0 0
16 0 0
17 0 0
18 0 .00001
19 0 .00735
20 0 .0137
21 0 .01113
22 0 .01287
23 0 .01176
24 0 .01202
25 0 .01145
26 0 .0076
27 0 .00657
28 0 .00602
29 0 .00462
30 0 .00382
31 0 .00363
32 0 .003
33 0 .003
34 0 .00247
35 0 .00207
36 0 .00197
37 0 .00161
38 0 .00156
39 0 .00114
40 0 .00097
41 0 .00058
42 0 .00054
43 0 .00037
44 0 .00027
45 0 .00017
46 0 .0001
47 0 .00005
48 0 .00003
49 0 .00001
50 0 .00001
51 0 0
100 0 0
