*parity 0 married
birth 1 F married 0
14 0 0
15 0 .00022
16 0 .00091
17 0 .05183
18 0 .0353
19 0 .04367
20 0 .04821
21 0 .05253
22 0 .06104
23 0 .05931
24 0 .06216
25 0 .05193
26 0 .04382
27 0 .05388
28 0 .03909
29 0 .02417
30 0 .01624
31 0 .01355
32 0 .01164
33 0 .01
34 0 .00766
35 0 .00686
36 0 .00568
37 0 .00386
38 0 .00295
39 0 .00207
40 0 .00134
41 0 .0009
42 0 .00059
43 0 .00042
44 0 .00026
45 0 .00017
46 0 .00009
47 0 .00005
48 0 .00002
49 0 .00001
50 0 0
51 0 0
100 0 0
*parity 0 single
birth 1 F single 0
14 0 0
15 0 .00002
16 0 .0001
17 0 .0002
18 0 .00035
19 0 .00051
20 0 .00064
21 0 .00071
22 0 .00071
23 0 .00075
24 0 .00072
25 0 .00076
26 0 .00079
27 0 .00076
28 0 .00086
29 0 .00103
30 0 .00099
31 0 .00122
32 0 .00115
33 0 .00092
34 0 .00102
35 0 .0009
36 0 .00098
37 0 .00102
38 0 .001
39 0 .00074
40 0 .00077
41 0 .00064
42 0 .00047
43 0 .00034
44 0 .0002
45 0 .00017
46 0 .00013
47 0 .00007
48 0 .00002
49 0 .00001
50 0 0
51 0 0
100 0 0
*parity 0 widowed
birth 1 F widowed 0
14 0 0
15 0 .00001
16 0 .00005
17 0 .13847
18 0 .11004
19 0 .0002
20 0 .05159
21 0 .17476
22 0 .32935
23 0 .00021
24 0 .25398
25 0 .05849
26 0 .05338
27 0 .18628
28 0 .08909
29 0 .07786
30 0 .01503
31 0 .011
32 0 .00579
33 0 .00232
34 0 .00312
35 0 .00195
36 0 .00103
37 0 .0007
38 0 .00035
39 0 .00023
40 0 .00021
41 0 .00014
42 0 .00007
43 0 .00004
44 0 .00002
45 0 .00002
46 0 .00001
47 0 0
48 0 0
49 0 0
50 0 0
51 0 0
100 0 0
*parity 0 divorced
birth 1 F divorced 0
14 0 0
15 0 .00001
16 0 .00005
17 0 .13847
18 0 .11004
19 0 .0002
20 0 .05159
21 0 .17476
22 0 .32935
23 0 .00021
24 0 .25398
25 0 .05849
26 0 .05338
27 0 .18628
28 0 .08909
29 0 .07786
30 0 .01503
31 0 .011
32 0 .00579
33 0 .00232
34 0 .00312
35 0 .00195
36 0 .00103
37 0 .0007
38 0 .00035
39 0 .00023
40 0 .00021
41 0 .00014
42 0 .00007
43 0 .00004
44 0 .00002
45 0 .00002
46 0 .00001
47 0 0
48 0 0
49 0 0
50 0 0
51 0 0
100 0 0
*parity 1 married
birth 1 F married 1
14 0 0
15 0 0
16 0 .00005
17 0 .27854
18 0 .0721
19 0 .03865
20 0 .02023
21 0 .01881
22 0 .01776
23 0 .01589
24 0 .01732
25 0 .01933
26 0 .01637
27 0 .01745
28 0 .01561
29 0 .01363
30 0 .01591
31 0 .01358
32 0 .01133
33 0 .01323
34 0 .01051
35 0 .01008
36 0 .00734
37 0 .00722
38 0 .00497
39 0 .00395
40 0 .003
41 0 .00204
42 0 .00157
43 0 .00108
44 0 .00059
45 0 .00025
46 0 .00012
47 0 .00008
48 0 .00004
49 0 .00001
50 0 0
51 0 0
100 0 0
*parity 1 single
birth 1 F single 1
14 0 0
15 0 0
16 0 .00001
17 0 .00002
18 0 .08058
19 0 .01776
20 0 .00018
21 0 .0349
22 0 .03826
23 0 .05483
24 0 .03677
25 0 .06295
26 0 .03279
27 0 .05601
28 0 .05683
29 0 .18504
30 0 .03793
31 0 .11791
32 0 .32909
33 0 .00019
34 0 .07124
35 0 .08958
36 0 .15431
37 0 .00008
38 0 .09605
39 0 .07513
40 0 .02802
41 0 .00002
42 0 .02503
43 0 .01564
44 0 .00001
45 0 .00483
46 0 .00238
47 0 0
48 0 0
49 0 0
50 0 0
51 0 0
100 0 0
*parity 1 widowed
birth 1 F widowed 1
14 0 0
15 0 0
16 0 0
17 0 .00001
18 0 .00003
19 0 .0107
20 0 .0097
21 0 .01023
22 0 .00789
23 0 .0121
24 0 .00627
25 0 .00544
26 0 .005
27 0 .00383
28 0 .00311
29 0 .00255
30 0 .00229
31 0 .00184
32 0 .00179
33 0 .00181
34 0 .00108
35 0 .00087
36 0 .00093
37 0 .00056
38 0 .00037
39 0 .00032
40 0 .00022
41 0 .00015
42 0 .00009
43 0 .00005
44 0 .00003
45 0 .00002
46 0 .00001
47 0 0
48 0 0
49 0 0
50 0 0
51 0 0
100 0 0
*parity 1 divorced
birth 1 F divorced 1
14 0 0
15 0 0
16 0 0
17 0 .00001
18 0 .00003
19 0 .0107
20 0 .0097
21 0 .01023
22 0 .00789
23 0 .0121
24 0 .00627
25 0 .00544
26 0 .005
27 0 .00383
28 0 .00311
29 0 .00255
30 0 .00229
31 0 .00184
32 0 .00179
33 0 .00181
34 0 .00108
35 0 .00087
36 0 .00093
37 0 .00056
38 0 .00037
39 0 .00032
40 0 .00022
41 0 .00015
42 0 .00009
43 0 .00005
44 0 .00003
45 0 .00002
46 0 .00001
47 0 0
48 0 0
49 0 0
50 0 0
51 0 0
100 0 0
*parity 2 married
birth 1 F married 2
14 0 0
15 0 0
16 0 0
17 0 .00001
18 0 .00388
19 0 .00668
20 0 .01669
21 0 .01608
22 0 .01944
23 0 .01528
24 0 .01636
25 0 .01271
26 0 .01314
27 0 .01176
28 0 .01088
29 0 .00997
30 0 .00949
31 0 .00785
32 0 .00774
33 0 .00682
34 0 .00626
35 0 .00539
36 0 .00477
37 0 .00427
38 0 .00393
39 0 .00344
40 0 .00288
41 0 .00228
42 0 .00177
43 0 .00124
44 0 .00087
45 0 .00058
46 0 .00037
47 0 .00021
48 0 .0001
49 0 .00005
50 0 .00002
51 0 .00001
100 0 0
*parity 2 single
birth 1 F single 2
14 0 0
15 0 0
16 0 0
17 0 0
18 0 .01042
19 0 .02988
20 0 .02301
21 0 .0172
22 0 .01319
23 0 .01571
24 0 .01482
25 0 .01711
26 0 .01974
27 0 .02008
28 0 .01922
29 0 .01864
30 0 .01974
31 0 .01728
32 0 .01404
33 0 .0171
34 0 .02131
35 0 .02778
36 0 .01952
37 0 .02172
38 0 .01899
39 0 .01961
40 0 .01828
41 0 .01624
42 0 .02155
43 0 .0192
44 0 .01127
45 0 .00743
46 0 .00428
47 0 .01382
48 0 .00697
49 0 .00117
50 0 .00131
51 0 0
100 0 0
*parity 2 widowed
birth 1 F widowed 2
14 0 0
15 0 0
16 0 0
17 0 0
18 0 0
19 0 .01401
20 0 .03236
21 0 .01129
22 0 .00666
23 0 .00582
24 0 .00777
25 0 .00412
26 0 .00476
27 0 .00332
28 0 .0027
29 0 .0025
30 0 .00234
31 0 .00212
32 0 .0016
33 0 .0012
34 0 .00106
35 0 .00087
36 0 .00073
37 0 .00059
38 0 .00055
39 0 .00043
40 0 .00033
41 0 .00024
42 0 .00018
43 0 .00013
44 0 .00009
45 0 .00006
46 0 .00004
47 0 .00002
48 0 .00001
49 0 0
50 0 0
51 0 0
100 0 0
*parity 2 divorced
birth 1 F divorced 2
14 0 0
15 0 0
16 0 0
17 0 0
18 0 0
19 0 .01401
20 0 .03236
21 0 .01129
22 0 .00666
23 0 .00582
24 0 .00777
25 0 .00412
26 0 .00476
27 0 .00332
28 0 .0027
29 0 .0025
30 0 .00234
31 0 .00212
32 0 .0016
33 0 .0012
34 0 .00106
35 0 .00087
36 0 .00073
37 0 .00059
38 0 .00055
39 0 .00043
40 0 .00033
41 0 .00024
42 0 .00018
43 0 .00013
44 0 .00009
45 0 .00006
46 0 .00004
47 0 .00002
48 0 .00001
49 0 0
50 0 0
51 0 0
100 0 0
