*parity 0 married
birth 1 F married 0
14 0 0
15 0 .0001
16 0 .0004
17 0 .05918
18 0 .06815
19 0 .05008
20 0 .05948
21 0 .07245
22 0 .0551
23 0 .06334
24 0 .07699
25 0 .06841
26 0 .06642
27 0 .1062
28 0 .11331
29 0 .20333
30 0 .15738
31 0 .06626
32 0 .02147
33 0 .00908
34 0 .00581
35 0 .00338
36 0 .00251
37 0 .0018
38 0 .00114
39 0 .00084
40 0 .00063
41 0 .00046
42 0 .0003
43 0 .00018
44 0 .00012
45 0 .00007
46 0 .00005
47 0 .00003
48 0 .00001
49 0 0
50 0 0
51 0 0
100 0 0
*parity 0 single
birth 1 F single 0
14 0 0
15 0 .00014
16 0 .00058
17 0 .00113
18 0 .0019
19 0 .00273
20 0 .00333
21 0 .00363
22 0 .00369
23 0 .0037
24 0 .00359
25 0 .00363
26 0 .00359
27 0 .0036
28 0 .00357
29 0 .0035
30 0 .00321
31 0 .00292
32 0 .00264
33 0 .00259
34 0 .00255
35 0 .00225
36 0 .00223
37 0 .00208
38 0 .00207
39 0 .00183
40 0 .00165
41 0 .00121
42 0 .0014
43 0 .00086
44 0 .00068
45 0 .00042
46 0 .0003
47 0 .00019
48 0 .0001
49 0 .00004
50 0 .00001
51 0 .00001
100 0 0
*parity 0 widowed
birth 1 F widowed 0
14 0 0
15 0 .00002
16 0 .00007
17 0 .37163
18 0 .31225
19 0 .81584
20 0 .00033
21 0 .19182
22 0 .00032
23 0 .0003
24 0 .46385
25 0 .30186
26 0 .00024
27 0 .38751
28 0 .0002
29 0 .00018
30 0 .00016
31 0 .41609
32 0 .33516
33 0 .26356
34 0 .21306
35 0 .03479
36 0 .01356
37 0 .00493
38 0 .00302
39 0 .0016
40 0 .00085
41 0 .00054
42 0 .0003
43 0 .00014
44 0 .00007
45 0 .00004
46 0 .00002
47 0 .00001
48 0 0
49 0 0
50 0 0
51 0 0
100 0 0
*parity 0 divorced
birth 1 F divorced 0
14 0 0
15 0 .00002
16 0 .00007
17 0 .37163
18 0 .31225
19 0 .81584
20 0 .00033
21 0 .19182
22 0 .00032
23 0 .0003
24 0 .46385
25 0 .30186
26 0 .00024
27 0 .38751
28 0 .0002
29 0 .00018
30 0 .00016
31 0 .41609
32 0 .33516
33 0 .26356
34 0 .21306
35 0 .03479
36 0 .01356
37 0 .00493
38 0 .00302
39 0 .0016
40 0 .00085
41 0 .00054
42 0 .0003
43 0 .00014
44 0 .00007
45 0 .00004
46 0 .00002
47 0 .00001
48 0 0
49 0 0
50 0 0
51 0 0
100 0 0
*parity 1 married
birth 1 F married 1
14 0 0
15 0 0
16 0 .00002
17 0 .22986
18 0 .03495
19 0 .02742
20 0 .01911
21 0 .01618
22 0 .01957
23 0 .02059
24 0 .01982
25 0 .01603
26 0 .01794
27 0 .01774
28 0 .01635
29 0 .01384
30 0 .01447
31 0 .01229
32 0 .01071
33 0 .01008
34 0 .00792
35 0 .00798
36 0 .00561
37 0 .00436
38 0 .00369
39 0 .00215
40 0 .00161
41 0 .00098
42 0 .00064
43 0 .00045
44 0 .00028
45 0 .00018
46 0 .00009
47 0 .00003
48 0 .00002
49 0 .00001
50 0 0
51 0 0
100 0 0
*parity 1 single
birth 1 F single 1
14 0 0
15 0 0
16 0 .02311
17 0 .05562
18 0 .03044
19 0 .03434
20 0 .02722
21 0 .02795
22 0 .02557
23 0 .02447
24 0 .02344
25 0 .02602
26 0 .0231
27 0 .02497
28 0 .02257
29 0 .01914
30 0 .01997
31 0 .01991
32 0 .03342
33 0 .03953
34 0 .02797
35 0 .03029
36 0 .02273
37 0 .03053
38 0 .04951
39 0 .04038
40 0 .01369
41 0 .00892
42 0 .00854
43 0 .00659
44 0 .0047
45 0 .00686
46 0 .00001
47 0 0
48 0 .00204
49 0 .00068
50 0 .00042
51 0 .00027
100 0 0
*parity 1 widowed
birth 1 F widowed 1
14 0 0
15 0 0
16 0 0
17 0 .00001
18 0 .00004
19 0 .06825
20 0 .05621
21 0 .14921
22 0 .14944
23 0 .14189
24 0 .05023
25 0 .0613
26 0 .39422
27 0 .15235
28 0 .00021
29 0 .0002
30 0 .18906
31 0 .17381
32 0 .04949
33 0 .0231
34 0 .02389
35 0 .02154
36 0 .01188
37 0 .00349
38 0 .00161
39 0 .00101
40 0 .00073
41 0 .00054
42 0 .00023
43 0 .00013
44 0 .00009
45 0 .00004
46 0 .00003
47 0 .00001
48 0 0
49 0 0
50 0 0
51 0 0
100 0 0
*parity 1 divorced
birth 1 F divorced 1
14 0 0
15 0 0
16 0 0
17 0 .00001
18 0 .00004
19 0 .06825
20 0 .05621
21 0 .14921
22 0 .14944
23 0 .14189
24 0 .05023
25 0 .0613
26 0 .39422
27 0 .15235
28 0 .00021
29 0 .0002
30 0 .18906
31 0 .17381
32 0 .04949
33 0 .0231
34 0 .02389
35 0 .02154
36 0 .01188
37 0 .00349
38 0 .00161
39 0 .00101
40 0 .00073
41 0 .00054
42 0 .00023
43 0 .00013
44 0 .00009
45 0 .00004
46 0 .00003
47 0 .00001
48 0 0
49 0 0
50 0 0
51 0 0
100 0 0
*parity 2 married
birth 1 F married 2
14 0 0
15 0 0
16 0 0
17 0 .00001
18 0 .00405
19 0 .00548
20 0 .01491
21 0 .01615
22 0 .01369
23 0 .01258
24 0 .01341
25 0 .01241
26 0 .01291
27 0 .00993
28 0 .00911
29 0 .0089
30 0 .00766
31 0 .00666
32 0 .006
33 0 .00485
34 0 .00395
35 0 .00344
36 0 .00284
37 0 .00258
38 0 .00208
39 0 .00174
40 0 .00142
41 0 .00107
42 0 .00077
43 0 .00059
44 0 .0004
45 0 .00026
46 0 .00015
47 0 .00009
48 0 .00005
49 0 .00002
50 0 .00001
51 0 0
100 0 0
*parity 2 single
birth 1 F single 2
14 0 0
15 0 0
16 0 0
17 0 .0091
18 0 .01069
19 0 .01418
20 0 .01315
21 0 .01353
22 0 .01465
23 0 .01393
24 0 .01519
25 0 .01493
26 0 .01196
27 0 .01108
28 0 .01112
29 0 .01026
30 0 .01024
31 0 .00992
32 0 .00854
33 0 .00826
34 0 .00851
35 0 .00828
36 0 .00802
37 0 .00741
38 0 .00718
39 0 .00739
40 0 .00673
41 0 .00589
42 0 .00452
43 0 .00439
44 0 .00316
45 0 .00236
46 0 .00148
47 0 .00105
48 0 .00048
49 0 .00023
50 0 .00009
51 0 .00004
100 0 0
*parity 2 widowed
birth 1 F widowed 2
14 0 0
15 0 0
16 0 0
17 0 0
18 0 0
19 0 .00001
20 0 .04303
21 0 .01918
22 0 .02002
23 0 .01021
24 0 .0116
25 0 .00765
26 0 .00889
27 0 .00686
28 0 .00544
29 0 .00515
30 0 .00414
31 0 .00356
32 0 .00316
33 0 .00236
34 0 .002
35 0 .00164
36 0 .00143
37 0 .00098
38 0 .00085
39 0 .00068
40 0 .0005
41 0 .00038
42 0 .00028
43 0 .00017
44 0 .00012
45 0 .00007
46 0 .00004
47 0 .00002
48 0 .00001
49 0 0
50 0 0
51 0 0
100 0 0
*parity 2 divorced
birth 1 F divorced 2
14 0 0
15 0 0
16 0 0
17 0 0
18 0 0
19 0 .00001
20 0 .04303
21 0 .01918
22 0 .02002
23 0 .01021
24 0 .0116
25 0 .00765
26 0 .00889
27 0 .00686
28 0 .00544
29 0 .00515
30 0 .00414
31 0 .00356
32 0 .00316
33 0 .00236
34 0 .002
35 0 .00164
36 0 .00143
37 0 .00098
38 0 .00085
39 0 .00068
40 0 .0005
41 0 .00038
42 0 .00028
43 0 .00017
44 0 .00012
45 0 .00007
46 0 .00004
47 0 .00002
48 0 .00001
49 0 0
50 0 0
51 0 0
100 0 0
