*parity 0 married
birth 1 F married 0
14 0 0
15 0 .00112
16 0 .00116
17 0 .0413
18 0 .02924
19 0 .04685
20 0 .05539
21 0 .10561
22 0 .14413
23 0 .19611
24 0 .43792
25 0 .47355
26 0 .29401
27 0 .11396
28 0 .09562
29 0 .0112
30 0 0
31 0 .00074
32 0 .00459
33 0 .00681
34 0 .02211
35 0 .03156
36 0 .11491
37 0 .00101
38 0 .00111
39 0 .00117
40 0 .00122
41 0 .00123
42 0 .00123
43 0 .00123
44 0 .00123
45 0 .00122
46 0 .00121
47 0 .00121
48 0 .00121
49 0 .00121
50 0 .00121
51 0 .00121
100 0 0
*parity 0 single
birth 1 F single 0
14 0 0
15 0 .00005
16 0 .00005
17 0 .00008
18 0 .00017
19 0 .00028
20 0 .00043
21 0 .00052
22 0 .0006
23 0 .00064
24 0 .00057
25 0 .00049
26 0 .00049
27 0 .00039
28 0 .00025
29 0 .00008
30 0 0
31 0 .00003
32 0 .00029
33 0 .00065
34 0 .00253
35 0 .00446
36 0 .00332
37 0 .01061
38 0 .00004
39 0 .01846
40 0 .00005
41 0 .00005
42 0 .00005
43 0 .00005
44 0 .00005
45 0 .00005
46 0 .00005
47 0 .00005
48 0 .02365
49 0 .00005
50 0 .00005
51 0 .01591
100 0 0
*parity 0 widowed
birth 1 F widowed 0
14 0 0
15 0 .00006
16 0 .00007
17 0 .00011
18 0 .10136
19 0 .08322
20 0 .43482
21 0 .00049
22 0 .00046
23 0 .00039
24 0 .00031
25 0 .00022
26 0 .11793
27 0 .00007
28 0 .00003
29 0 .00001
30 0 0
31 0 .0001
32 0 .00164
33 0 .00322
34 0 .00718
35 0 .00362
36 0 .00005
37 0 .01505
38 0 .03504
39 0 .00007
40 0 .00007
41 0 .00007
42 0 .01598
43 0 .00007
44 0 .00007
45 0 .00007
46 0 .00007
47 0 .00007
48 0 .00007
49 0 .01143
50 0 .01357
51 0 .02256
100 0 0
*parity 0 divorced
birth 1 F divorced 0
14 0 0
15 0 .00006
16 0 .00007
17 0 .00011
18 0 .10136
19 0 .08322
20 0 .43482
21 0 .00049
22 0 .00046
23 0 .00039
24 0 .00031
25 0 .00022
26 0 .11793
27 0 .00007
28 0 .00003
29 0 .00001
30 0 0
31 0 .0001
32 0 .00164
33 0 .00322
34 0 .00718
35 0 .00362
36 0 .00005
37 0 .01505
38 0 .03504
39 0 .00007
40 0 .00007
41 0 .00007
42 0 .01598
43 0 .00007
44 0 .00007
45 0 .00007
46 0 .00007
47 0 .00007
48 0 .00007
49 0 .01143
50 0 .01357
51 0 .02256
100 0 0
*parity 1 married
birth 1 F married 1
14 0 0
15 0 .00121
16 0 .00126
17 0 .75766
18 0 .06256
19 0 .07599
20 0 .22928
21 0 .95864
22 0 .27677
23 0 .21103
24 0 .18685
25 0 .11014
26 0 .12003
27 0 .05585
28 0 .04375
29 0 .02371
30 0 .01883
31 0 .01504
32 0 .012
33 0 .01502
34 0 .01218
35 0 .02615
36 0 .0203
37 0 .0209
38 0 .02573
39 0 .02896
40 0 .09045
41 0 .00129
42 0 .00127
43 0 .50028
44 0 .00124
45 0 .00123
46 0 .54575
47 0 .00121
48 0 .58665
49 0 .00121
50 0 .00121
51 0 .00121
100 0 0
*parity 1 single
birth 1 F single 1
14 0 0
15 0 .00005
16 0 .00005
17 0 .00006
18 0 .0417
19 0 .00013
20 0 .09262
21 0 .02112
22 0 .00459
23 0 .00284
24 0 .00266
25 0 .0018
26 0 .00132
27 0 .00097
28 0 .00096
29 0 .00102
30 0 .00082
31 0 .00071
32 0 .00076
33 0 .00087
34 0 .00103
35 0 .00352
36 0 .00219
37 0 .00197
38 0 .0027
39 0 .00995
40 0 .00365
41 0 .00751
42 0 .02328
43 0 .02021
44 0 .01062
45 0 .00005
46 0 .00735
47 0 .01496
48 0 .0237
49 0 .01611
50 0 .00005
51 0 .00265
100 0 0
*parity 1 widowed
birth 1 F widowed 1
14 0 0
15 0 .00007
16 0 .00007
17 0 .00008
18 0 .00012
19 0 .00018
20 0 .13137
21 0 .32958
22 0 .09119
23 0 .36276
24 0 .00038
25 0 .00033
26 0 .11692
27 0 .17602
28 0 .00016
29 0 .01413
30 0 .00935
31 0 .00724
32 0 .00432
33 0 .00645
34 0 .00419
35 0 .00333
36 0 .00532
37 0 .00419
38 0 .00426
39 0 .00564
40 0 .00691
41 0 .00007
42 0 .01651
43 0 .00956
44 0 .00753
45 0 .0074
46 0 .03127
47 0 .01061
48 0 .00672
49 0 .00571
50 0 .00452
51 0 .01128
100 0 0
*parity 1 divorced
birth 1 F divorced 1
14 0 0
15 0 .00007
16 0 .00007
17 0 .00008
18 0 .00012
19 0 .00018
20 0 .13137
21 0 .32958
22 0 .09119
23 0 .36276
24 0 .00038
25 0 .00033
26 0 .11692
27 0 .17602
28 0 .00016
29 0 .01413
30 0 .00935
31 0 .00724
32 0 .00432
33 0 .00645
34 0 .00419
35 0 .00333
36 0 .00532
37 0 .00419
38 0 .00426
39 0 .00564
40 0 .00691
41 0 .00007
42 0 .01651
43 0 .00956
44 0 .00753
45 0 .0074
46 0 .03127
47 0 .01061
48 0 .00672
49 0 .00571
50 0 .00452
51 0 .01128
100 0 0
*parity 2 married
birth 1 F married 2
14 0 0
15 0 .00121
16 0 .00121
17 0 .00124
18 0 .00136
19 0 .06848
20 0 .02343
21 0 .01783
22 0 .02015
23 0 .02129
24 0 .02223
25 0 .02654
26 0 .02374
27 0 .02364
28 0 .01983
29 0 .0194
30 0 .02013
31 0 .01813
32 0 .01751
33 0 .01557
34 0 .01604
35 0 .01334
36 0 .01374
37 0 .01169
38 0 .01145
39 0 .01051
40 0 .00955
41 0 .00762
42 0 .00623
43 0 .00504
44 0 .00426
45 0 .00361
46 0 .00283
47 0 .00275
48 0 .00232
49 0 .00221
50 0 .00211
51 0 .00237
100 0 0
*parity 2 single
birth 1 F single 2
14 0 0
15 0 .00005
16 0 .00005
17 0 .00005
18 0 .00006
19 0 .07193
20 0 .10318
21 0 .01091
22 0 .01512
23 0 .01367
24 0 .01425
25 0 .00908
26 0 .00733
27 0 .00547
28 0 .00518
29 0 .00406
30 0 .00343
31 0 .00349
32 0 .00265
33 0 .00326
34 0 .00214
35 0 .00291
36 0 .00199
37 0 .00303
38 0 .0029
39 0 .00342
40 0 .00186
41 0 .00262
42 0 .00214
43 0 .00195
44 0 .00152
45 0 .00117
46 0 .00087
47 0 .0006
48 0 .00035
49 0 .00059
50 0 .00069
51 0 .00029
100 0 0
*parity 2 widowed
birth 1 F widowed 2
14 0 0
15 0 .00007
16 0 .00007
17 0 .00007
18 0 .00008
19 0 .0001
20 0 .02927
21 0 .03095
22 0 .0158
23 0 .01763
24 0 .02021
25 0 .01473
26 0 .01198
27 0 .01125
28 0 .01368
29 0 .012
30 0 .00993
31 0 .00761
32 0 .00711
33 0 .00508
34 0 .00521
35 0 .00457
36 0 .00428
37 0 .00408
38 0 .00284
39 0 .0021
40 0 .00231
41 0 .00133
42 0 .00117
43 0 .00092
44 0 .00077
45 0 .00055
46 0 .0005
47 0 .00034
48 0 .00043
49 0 .00026
50 0 .00024
51 0 .00025
100 0 0
*parity 2 divorced
birth 1 F divorced 2
14 0 0
15 0 .00007
16 0 .00007
17 0 .00007
18 0 .00008
19 0 .0001
20 0 .02927
21 0 .03095
22 0 .0158
23 0 .01763
24 0 .02021
25 0 .01473
26 0 .01198
27 0 .01125
28 0 .01368
29 0 .012
30 0 .00993
31 0 .00761
32 0 .00711
33 0 .00508
34 0 .00521
35 0 .00457
36 0 .00428
37 0 .00408
38 0 .00284
39 0 .0021
40 0 .00231
41 0 .00133
42 0 .00117
43 0 .00092
44 0 .00077
45 0 .00055
46 0 .0005
47 0 .00034
48 0 .00043
49 0 .00026
50 0 .00024
51 0 .00025
100 0 0
