*parity 0 married
birth 1 F married 0
14 0 0
15 0 .00022
16 0 .00097
17 0 .03034
18 0 .02901
19 0 .02995
20 0 .03344
21 0 .03413
22 0 .03389
23 0 .03235
24 0 .02831
25 0 .02489
26 0 .02241
27 0 .01681
28 0 .01418
29 0 .01023
30 0 .00871
31 0 .00773
32 0 .00621
33 0 .00534
34 0 .00409
35 0 .00354
36 0 .00296
37 0 .00247
38 0 .00176
39 0 .00132
40 0 .00104
41 0 .00076
42 0 .00046
43 0 .00028
44 0 .0002
45 0 .00012
46 0 .00006
47 0 .00003
48 0 .00002
49 0 .00001
50 0 0
51 0 0
100 0 0
*parity 0 single
birth 1 F single 0
14 0 0
15 0 .00001
16 0 .00003
17 0 .00007
18 0 .00013
19 0 .00021
20 0 .00027
21 0 .0003
22 0 .00033
23 0 .00032
24 0 .00034
25 0 .00032
26 0 .00033
27 0 .00036
28 0 .00034
29 0 .00035
30 0 .00035
31 0 .00032
32 0 .00035
33 0 .00034
34 0 .00031
35 0 .00026
36 0 .00025
37 0 .00019
38 0 .0002
39 0 .0002
40 0 .00017
41 0 .00014
42 0 .0001
43 0 .00011
44 0 .00003
45 0 .00002
46 0 .00002
47 0 .00001
48 0 .00001
49 0 0
50 0 0
51 0 0
100 0 0
*parity 0 widowed
birth 1 F widowed 0
14 0 0
15 0 .00002
16 0 .00008
17 0 .00016
18 0 .1175
19 0 .08664
20 0 .11871
21 0 .30961
22 0 .56953
23 0 .07875
24 0 .12341
25 0 .05793
26 0 .04751
27 0 .01997
28 0 .01084
29 0 .00807
30 0 .00645
31 0 .00553
32 0 .00342
33 0 .00264
34 0 .00212
35 0 .00153
36 0 .00175
37 0 .00096
38 0 .00068
39 0 .00036
40 0 .00031
41 0 .00018
42 0 .00013
43 0 .00008
44 0 .00004
45 0 .00002
46 0 .00001
47 0 .00001
48 0 0
49 0 0
50 0 0
51 0 0
100 0 0
*parity 0 divorced
birth 1 F divorced 0
14 0 0
15 0 .00002
16 0 .00008
17 0 .00016
18 0 .1175
19 0 .08664
20 0 .11871
21 0 .30961
22 0 .56953
23 0 .07875
24 0 .12341
25 0 .05793
26 0 .04751
27 0 .01997
28 0 .01084
29 0 .00807
30 0 .00645
31 0 .00553
32 0 .00342
33 0 .00264
34 0 .00212
35 0 .00153
36 0 .00175
37 0 .00096
38 0 .00068
39 0 .00036
40 0 .00031
41 0 .00018
42 0 .00013
43 0 .00008
44 0 .00004
45 0 .00002
46 0 .00001
47 0 .00001
48 0 0
49 0 0
50 0 0
51 0 0
100 0 0
*parity 1 married
birth 1 F married 1
14 0 0
15 0 0
16 0 .00006
17 0 .29695
18 0 .02439
19 0 .02198
20 0 .02576
21 0 .03186
22 0 .02834
23 0 .03418
24 0 .03386
25 0 .03242
26 0 .03383
27 0 .03127
28 0 .03643
29 0 .03546
30 0 .03747
31 0 .03886
32 0 .02521
33 0 .02474
34 0 .02429
35 0 .0158
36 0 .01627
37 0 .01244
38 0 .01269
39 0 .00889
40 0 .00688
41 0 .00494
42 0 .00329
43 0 .00211
44 0 .00166
45 0 .00125
46 0 .00082
47 0 .00037
48 0 .00009
49 0 .00004
50 0 .00001
51 0 .00001
100 0 0
*parity 1 single
birth 1 F single 1
14 0 0
15 0 0
16 0 0
17 0 .00001
18 0 .00688
19 0 .01176
20 0 .04607
21 0 .0001
22 0 .04962
23 0 .04323
24 0 .01768
25 0 .00013
26 0 .05378
27 0 .03063
28 0 .045
29 0 .0001
30 0 .03783
31 0 .09893
32 0 .04103
33 0 .00006
34 0 .00005
35 0 .04481
36 0 .00003
37 0 .00002
38 0 .00002
39 0 .00802
40 0 .00001
41 0 .0078
42 0 .00509
43 0 0
44 0 .00176
45 0 0
46 0 .00045
47 0 .00024
48 0 .00009
49 0 0
50 0 0
51 0 0
100 0 0
*parity 1 widowed
birth 1 F widowed 1
14 0 0
15 0 0
16 0 0
17 0 .00002
18 0 .06733
19 0 .02056
20 0 .0282
21 0 .03117
22 0 .0135
23 0 .03528
24 0 .08655
25 0 .02034
26 0 .02324
27 0 .03125
28 0 .04132
29 0 .02388
30 0 .01635
31 0 .00897
32 0 .00873
33 0 .01659
34 0 .00719
35 0 .01097
36 0 .00711
37 0 .00581
38 0 .0027
39 0 .0028
40 0 .00157
41 0 .00101
42 0 .00048
43 0 .00026
44 0 .00015
45 0 .00012
46 0 .00009
47 0 .00003
48 0 .00002
49 0 .00001
50 0 0
51 0 0
100 0 0
*parity 1 divorced
birth 1 F divorced 1
14 0 0
15 0 0
16 0 0
17 0 .00002
18 0 .06733
19 0 .02056
20 0 .0282
21 0 .03117
22 0 .0135
23 0 .03528
24 0 .08655
25 0 .02034
26 0 .02324
27 0 .03125
28 0 .04132
29 0 .02388
30 0 .01635
31 0 .00897
32 0 .00873
33 0 .01659
34 0 .00719
35 0 .01097
36 0 .00711
37 0 .00581
38 0 .0027
39 0 .0028
40 0 .00157
41 0 .00101
42 0 .00048
43 0 .00026
44 0 .00015
45 0 .00012
46 0 .00009
47 0 .00003
48 0 .00002
49 0 .00001
50 0 0
51 0 0
100 0 0
*parity 2 married
birth 1 F married 2
14 0 0
15 0 0
16 0 0
17 0 .00002
18 0 .00009
19 0 .02521
20 0 .02247
21 0 .01999
22 0 .01807
23 0 .01681
24 0 .01542
25 0 .01697
26 0 .01497
27 0 .0143
28 0 .01418
29 0 .01412
30 0 .01331
31 0 .01161
32 0 .01098
33 0 .00947
34 0 .00913
35 0 .00844
36 0 .00735
37 0 .0067
38 0 .00625
39 0 .00553
40 0 .00469
41 0 .00344
42 0 .00296
43 0 .00212
44 0 .00155
45 0 .00105
46 0 .00062
47 0 .00036
48 0 .0002
49 0 .00011
50 0 .00004
51 0 .00002
100 0 0
*parity 2 single
birth 1 F single 2
14 0 0
15 0 0
16 0 0
17 0 0
18 0 0
19 0 .00001
20 0 .00002
21 0 .00004
22 0 .02582
23 0 .05686
24 0 .03578
25 0 .01766
26 0 .02585
27 0 .015
28 0 .0149
29 0 .02898
30 0 .01194
31 0 .06462
32 0 .02973
33 0 .02725
34 0 .03202
35 0 .03448
36 0 .02197
37 0 .05658
38 0 .02032
39 0 .01211
40 0 .01412
41 0 .01074
42 0 .01359
43 0 .00965
44 0 .00687
45 0 .00685
46 0 .00001
47 0 .0016
48 0 .0006
49 0 .00114
50 0 .00044
51 0 0
100 0 0
*parity 2 widowed
birth 1 F widowed 2
14 0 0
15 0 0
16 0 0
17 0 0
18 0 .00001
19 0 .01492
20 0 .02187
21 0 .04152
22 0 .03792
23 0 .00898
24 0 .00973
25 0 .01081
26 0 .00852
27 0 .00723
28 0 .00558
29 0 .00578
30 0 .00518
31 0 .00416
32 0 .00397
33 0 .0031
34 0 .00276
35 0 .00252
36 0 .00194
37 0 .00174
38 0 .00135
39 0 .00123
40 0 .00091
41 0 .0008
42 0 .00051
43 0 .0004
44 0 .00028
45 0 .00015
46 0 .0001
47 0 .00006
48 0 .00003
49 0 .00001
50 0 .00001
51 0 0
100 0 0
*parity 2 divorced
birth 1 F divorced 2
14 0 0
15 0 0
16 0 0
17 0 0
18 0 .00001
19 0 .01492
20 0 .02187
21 0 .04152
22 0 .03792
23 0 .00898
24 0 .00973
25 0 .01081
26 0 .00852
27 0 .00723
28 0 .00558
29 0 .00578
30 0 .00518
31 0 .00416
32 0 .00397
33 0 .0031
34 0 .00276
35 0 .00252
36 0 .00194
37 0 .00174
38 0 .00135
39 0 .00123
40 0 .00091
41 0 .0008
42 0 .00051
43 0 .0004
44 0 .00028
45 0 .00015
46 0 .0001
47 0 .00006
48 0 .00003
49 0 .00001
50 0 .00001
51 0 0
100 0 0
