*parity 0 married
birth 1 F married 0
14 0 0
15 0 .00017
16 0 .0009
17 0 .04513
18 0 .04404
19 0 .04761
20 0 .0612
21 0 .06254
22 0 .08635
23 0 .07042
24 0 .05964
25 0 .04744
26 0 .03356
27 0 .02004
28 0 .01796
29 0 .01048
30 0 .00889
31 0 .0065
32 0 .00692
33 0 .00481
34 0 .00558
35 0 .00365
36 0 .00368
37 0 .00296
38 0 .00247
39 0 .00253
40 0 .00149
41 0 .00125
42 0 .001
43 0 .0006
44 0 .00046
45 0 .00041
46 0 .00018
47 0 .00007
48 0 .00003
49 0 .00002
50 0 0
51 0 0
100 0 0
*parity 0 single
birth 1 F single 0
14 0 0
15 0 0
16 0 0
17 0 0
18 0 .00001
19 0 .00002
20 0 .00002
21 0 .00003
22 0 .00003
23 0 .00002
24 0 .00003
25 0 .00002
26 0 .00002
27 0 .00002
28 0 .00002
29 0 .00003
30 0 .00003
31 0 .00002
32 0 .00003
33 0 .00003
34 0 .00003
35 0 .00003
36 0 .00004
37 0 .00004
38 0 .00005
39 0 .00003
40 0 .00002
41 0 .00004
42 0 0
43 0 .00006
44 0 .00002
45 0 .00002
46 0 0
47 0 .00001
48 0 0
49 0 0
50 0 0
51 0 0
100 0 0
*parity 0 widowed
birth 1 F widowed 0
14 0 0
15 0 0
16 0 .00001
17 0 .01358
18 0 .01243
19 0 .01343
20 0 .00008
21 0 .01804
22 0 .01625
23 0 .04372
24 0 .01141
25 0 .00414
26 0 .01105
27 0 .00289
28 0 .0022
29 0 .00089
30 0 .0009
31 0 .00088
32 0 .0006
33 0 .00039
34 0 .00027
35 0 .0003
36 0 .00023
37 0 .00017
38 0 .00008
39 0 .00015
40 0 .0001
41 0 .00009
42 0 .00003
43 0 .00003
44 0 .00001
45 0 .00001
46 0 .00001
47 0 0
48 0 0
49 0 0
50 0 0
51 0 0
100 0 0
*parity 0 divorced
birth 1 F divorced 0
14 0 0
15 0 0
16 0 .00001
17 0 .01358
18 0 .01243
19 0 .01343
20 0 .00008
21 0 .01804
22 0 .01625
23 0 .04372
24 0 .01141
25 0 .00414
26 0 .01105
27 0 .00289
28 0 .0022
29 0 .00089
30 0 .0009
31 0 .00088
32 0 .0006
33 0 .00039
34 0 .00027
35 0 .0003
36 0 .00023
37 0 .00017
38 0 .00008
39 0 .00015
40 0 .0001
41 0 .00009
42 0 .00003
43 0 .00003
44 0 .00001
45 0 .00001
46 0 .00001
47 0 0
48 0 0
49 0 0
50 0 0
51 0 0
100 0 0
*parity 1 married
birth 1 F married 1
14 0 0
15 0 0
16 0 .00008
17 0 .00032
18 0 .0356
19 0 .04154
20 0 .03542
21 0 .04926
22 0 .05867
23 0 .0914
24 0 .08957
25 0 .08499
26 0 .08594
27 0 .05398
28 0 .04356
29 0 .04571
30 0 .04049
31 0 .02665
32 0 .01941
33 0 .01166
34 0 .0126
35 0 .01246
36 0 .00765
37 0 .00598
38 0 .00442
39 0 .0037
40 0 .00278
41 0 .00266
42 0 .00193
43 0 .00088
44 0 .00068
45 0 .0004
46 0 .00026
47 0 .00009
48 0 .00003
49 0 .00001
50 0 0
51 0 0
100 0 0
*parity 1 single
birth 1 F single 1
14 0 0
15 0 0
16 0 0
17 0 0
18 0 0
19 0 0
20 0 .00001
21 0 .00001
22 0 .00001
23 0 .00199
24 0 .00145
25 0 .00035
26 0 .00017
27 0 .00011
28 0 .00007
29 0 .00006
30 0 .00007
31 0 .00006
32 0 .00004
33 0 .0001
34 0 .00007
35 0 .00006
36 0 .0001
37 0 .00008
38 0 .00005
39 0 .00004
40 0 .00016
41 0 .00005
42 0 .00015
43 0 .00002
44 0 .00002
45 0 .00001
46 0 0
47 0 0
48 0 0
49 0 0
50 0 0
51 0 0
100 0 0
*parity 1 widowed
birth 1 F widowed 1
14 0 0
15 0 0
16 0 0
17 0 0
18 0 .00001
19 0 .0129
20 0 .01999
21 0 .00005
22 0 .03421
23 0 .00739
24 0 .00843
25 0 .00819
26 0 .00566
27 0 .00498
28 0 .01045
29 0 .00419
30 0 .00216
31 0 .00231
32 0 .00083
33 0 .00126
34 0 .00186
35 0 .00056
36 0 .00095
37 0 .00047
38 0 .0005
39 0 .00034
40 0 .00021
41 0 .0001
42 0 .00006
43 0 .00003
44 0 .00002
45 0 .00001
46 0 .00001
47 0 0
48 0 0
49 0 0
50 0 0
51 0 0
100 0 0
*parity 1 divorced
birth 1 F divorced 1
14 0 0
15 0 0
16 0 0
17 0 0
18 0 .00001
19 0 .0129
20 0 .01999
21 0 .00005
22 0 .03421
23 0 .00739
24 0 .00843
25 0 .00819
26 0 .00566
27 0 .00498
28 0 .01045
29 0 .00419
30 0 .00216
31 0 .00231
32 0 .00083
33 0 .00126
34 0 .00186
35 0 .00056
36 0 .00095
37 0 .00047
38 0 .0005
39 0 .00034
40 0 .00021
41 0 .0001
42 0 .00006
43 0 .00003
44 0 .00002
45 0 .00001
46 0 .00001
47 0 0
48 0 0
49 0 0
50 0 0
51 0 0
100 0 0
*parity 2 married
birth 1 F married 2
14 0 0
15 0 0
16 0 .00001
17 0 .00003
18 0 .00015
19 0 .04599
20 0 .03388
21 0 .02461
22 0 .02299
23 0 .02303
24 0 .02137
25 0 .02219
26 0 .02436
27 0 .02487
28 0 .0218
29 0 .02169
30 0 .01877
31 0 .01917
32 0 .01581
33 0 .01494
34 0 .01341
35 0 .01237
36 0 .0108
37 0 .01067
38 0 .00997
39 0 .00827
40 0 .0076
41 0 .00562
42 0 .00423
43 0 .0031
44 0 .0023
45 0 .00144
46 0 .00086
47 0 .0006
48 0 .00033
49 0 .00017
50 0 .00008
51 0 .00003
100 0 0
*parity 2 single
birth 1 F single 2
14 0 0
15 0 0
16 0 0
17 0 0
18 0 0
19 0 0
20 0 0
21 0 0
22 0 .0046
23 0 .00652
24 0 .00255
25 0 .00929
26 0 .00981
27 0 .00074
28 0 .00062
29 0 .00044
30 0 .00033
31 0 .00021
32 0 .00023
33 0 .00019
34 0 .0002
35 0 .00017
36 0 .00021
37 0 .00015
38 0 .00019
39 0 .00016
40 0 .00024
41 0 .00018
42 0 .00011
43 0 .00049
44 0 .00009
45 0 .00005
46 0 .00004
47 0 .00003
48 0 .00003
49 0 .00001
50 0 0
51 0 0
100 0 0
*parity 2 widowed
birth 1 F widowed 2
14 0 0
15 0 0
16 0 0
17 0 0
18 0 0
19 0 0
20 0 .00001
21 0 .01412
22 0 .00714
23 0 .01011
24 0 .00593
25 0 .0036
26 0 .00326
27 0 .00404
28 0 .007
29 0 .00223
30 0 .00253
31 0 .00212
32 0 .00241
33 0 .00163
34 0 .00082
35 0 .00118
36 0 .0009
37 0 .00071
38 0 .00062
39 0 .00049
40 0 .00037
41 0 .00023
42 0 .00018
43 0 .00015
44 0 .0001
45 0 .00007
46 0 .00003
47 0 .00002
48 0 .00001
49 0 0
50 0 0
51 0 0
100 0 0
*parity 2 divorced
birth 1 F divorced 2
14 0 0
15 0 0
16 0 0
17 0 0
18 0 0
19 0 0
20 0 .00001
21 0 .01412
22 0 .00714
23 0 .01011
24 0 .00593
25 0 .0036
26 0 .00326
27 0 .00404
28 0 .007
29 0 .00223
30 0 .00253
31 0 .00212
32 0 .00241
33 0 .00163
34 0 .00082
35 0 .00118
36 0 .0009
37 0 .00071
38 0 .00062
39 0 .00049
40 0 .00037
41 0 .00023
42 0 .00018
43 0 .00015
44 0 .0001
45 0 .00007
46 0 .00003
47 0 .00002
48 0 .00001
49 0 0
50 0 0
51 0 0
100 0 0
