*asmp for white males in year 1932; cols are type group gend marst
death 1 M single
1 0 .00552
2 0 .00046
3 0 .00038
4 0 .0003
5 0 .00022
6 0 .00014
7 0 .00013
8 0 .00013
9 0 .00012
10 0 .00011
11 0 .00011
12 0 .00012
13 0 .00013
14 0 .00015
15 0 .00016
16 0 .00017
17 0 .00019
18 0 .0002
19 0 .00022
20 0 .00023
21 0 .00025
22 0 .00025
23 0 .00025
24 0 .00025
25 0 .00026
26 0 .00026
27 0 .00027
28 0 .00027
29 0 .00028
30 0 .00028
31 0 .00029
32 0 .00031
33 0 .00032
34 0 .00034
35 0 .00035
36 0 .00036
37 0 .00039
38 0 .00042
39 0 .00044
40 0 .00047
41 0 .00049
42 0 .00053
43 0 .00057
44 0 .00061
45 0 .00065
46 0 .00069
47 0 .00076
48 0 .00082
49 0 .00089
50 0 .00095
51 0 .00102
52 0 .00112
53 0 .00122
54 0 .00132
55 0 .00142
56 0 .00153
57 0 .00168
58 0 .00184
59 0 .002
60 0 .00216
61 0 .00231
62 0 .00255
63 0 .00279
64 0 .00303
65 0 .00327
66 0 .00351
67 0 .00389
68 0 .00428
69 0 .00467
70 0 .00505
71 0 .00545
72 0 .00606
73 0 .00667
74 0 .0073
75 0 .00792
76 0 .00855
77 0 .0095
78 0 .01046
79 0 .01143
80 0 .01241
81 0 .0134
82 0 .0148
83 0 .01623
84 0 .01768
85 0 .01915
86 0 .02065
87 0 .02244
88 0 .02427
89 0 .02614
90 0 .02805
91 0 .03
92 0 .03198
93 0 .034
94 0 .03607
95 0 .03819
96 0 .04036
97 0 .04139
98 0 .04242
99 0 .04347
100 0 1
*asmp for white females in year 1932; cols are type group gend marst
death 1 F single
1 0 .00503
2 0 .00052
3 0 .00043
4 0 .00033
5 0 .00024
6 0 .00014
7 0 .00013
8 0 .00013
9 0 .00012
10 0 .00012
11 0 .00011
12 0 .00012
13 0 .00013
14 0 .00015
15 0 .00016
16 0 .00017
17 0 .00018
18 0 .00019
19 0 .0002
20 0 .00021
21 0 .00022
22 0 .00023
23 0 .00024
24 0 .00024
25 0 .00025
26 0 .00026
27 0 .00027
28 0 .00028
29 0 .00028
30 0 .00029
31 0 .0003
32 0 .00031
33 0 .00032
34 0 .00033
35 0 .00034
36 0 .00036
37 0 .00037
38 0 .00039
39 0 .0004
40 0 .00042
41 0 .00044
42 0 .00046
43 0 .00049
44 0 .00052
45 0 .00054
46 0 .00057
47 0 .00061
48 0 .00066
49 0 .00071
50 0 .00075
51 0 .0008
52 0 .00087
53 0 .00094
54 0 .001
55 0 .00107
56 0 .00114
57 0 .00127
58 0 .00139
59 0 .00151
60 0 .00164
61 0 .00176
62 0 .00196
63 0 .00216
64 0 .00236
65 0 .00257
66 0 .00277
67 0 .00312
68 0 .00347
69 0 .00383
70 0 .00418
71 0 .00454
72 0 .0051
73 0 .00567
74 0 .00625
75 0 .00683
76 0 .00741
77 0 .00831
78 0 .00923
79 0 .01015
80 0 .01109
81 0 .01203
82 0 .01331
83 0 .0146
84 0 .01592
85 0 .01725
86 0 .0186
87 0 .0202
88 0 .02183
89 0 .0235
90 0 .02519
91 0 .02691
92 0 .02872
93 0 .03057
94 0 .03245
95 0 .03438
96 0 .03635
97 0 .03779
98 0 .03927
99 0 .04076
100 0 1
