*asmp for black males in year 2038; cols are type group gend marst
death 1 M single
1 0 .00071
2 0 .00002
3 0 .00002
4 0 .00002
5 0 .00002
6 0 .00001
7 0 .00001
8 0 .00001
9 0 .00001
10 0 .00001
11 0 .00001
12 0 .00001
13 0 .00002
14 0 .00002
15 0 .00002
16 0 .00003
17 0 .00003
18 0 .00003
19 0 .00003
20 0 .00003
21 0 .00003
22 0 .00003
23 0 .00003
24 0 .00003
25 0 .00003
26 0 .00003
27 0 .00003
28 0 .00003
29 0 .00004
30 0 .00004
31 0 .00004
32 0 .00004
33 0 .00004
34 0 .00004
35 0 .00005
36 0 .00005
37 0 .00006
38 0 .00006
39 0 .00007
40 0 .00007
41 0 .00008
42 0 .0001
43 0 .00011
44 0 .00012
45 0 .00014
46 0 .00015
47 0 .00018
48 0 .0002
49 0 .00022
50 0 .00025
51 0 .00027
52 0 .00032
53 0 .00037
54 0 .00041
55 0 .00046
56 0 .00051
57 0 .00058
58 0 .00064
59 0 .00071
60 0 .00078
61 0 .00085
62 0 .00098
63 0 .0011
64 0 .00123
65 0 .00136
66 0 .00148
67 0 .0017
68 0 .00192
69 0 .00214
70 0 .00236
71 0 .00258
72 0 .00294
73 0 .0033
74 0 .00367
75 0 .00403
76 0 .0044
77 0 .00506
78 0 .00572
79 0 .00638
80 0 .00705
81 0 .00773
82 0 .00881
83 0 .00991
84 0 .01102
85 0 .01215
86 0 .01329
87 0 .01485
88 0 .01644
89 0 .01806
90 0 .01971
91 0 .02139
92 0 .02348
93 0 .02562
94 0 .02781
95 0 .03005
96 0 .03235
97 0 .03434
98 0 .03638
99 0 .03846
100 0 1
*asmp for black females in year 2038; cols are type group gend marst
death 1 F single
1 0 .00061
2 0 .00003
3 0 .00003
4 0 .00002
5 0 .00002
6 0 .00001
7 0 .00001
8 0 .00001
9 0 .00001
10 0 .00001
11 0 .00001
12 0 .00001
13 0 .00001
14 0 .00001
15 0 .00001
16 0 .00002
17 0 .00002
18 0 .00002
19 0 .00002
20 0 .00002
21 0 .00002
22 0 .00002
23 0 .00002
24 0 .00002
25 0 .00003
26 0 .00003
27 0 .00003
28 0 .00003
29 0 .00003
30 0 .00003
31 0 .00003
32 0 .00003
33 0 .00004
34 0 .00004
35 0 .00004
36 0 .00004
37 0 .00005
38 0 .00005
39 0 .00006
40 0 .00006
41 0 .00006
42 0 .00007
43 0 .00008
44 0 .00009
45 0 .00009
46 0 .0001
47 0 .00011
48 0 .00012
49 0 .00013
50 0 .00014
51 0 .00015
52 0 .00017
53 0 .00019
54 0 .00021
55 0 .00023
56 0 .00024
57 0 .00027
58 0 .0003
59 0 .00033
60 0 .00036
61 0 .00039
62 0 .00046
63 0 .00053
64 0 .0006
65 0 .00066
66 0 .00073
67 0 .00086
68 0 .00099
69 0 .00112
70 0 .00124
71 0 .00137
72 0 .00161
73 0 .00185
74 0 .00209
75 0 .00233
76 0 .00257
77 0 .00302
78 0 .00346
79 0 .00391
80 0 .00437
81 0 .00482
82 0 .00556
83 0 .0063
84 0 .00705
85 0 .00781
86 0 .00857
87 0 .00966
88 0 .01076
89 0 .01188
90 0 .01301
91 0 .01415
92 0 .01567
93 0 .01722
94 0 .01879
95 0 .02039
96 0 .02202
97 0 .02413
98 0 .02629
99 0 .0285
100 0 1
