*asmp for white males in year 2038; cols are type group gend marst
death 1 M single
1 0 .00051
2 0 .00002
3 0 .00001
4 0 .00001
5 0 .00001
6 0 .00001
7 0 .00001
8 0 .00001
9 0 .00001
10 0 .00001
11 0 .00001
12 0 .00001
13 0 .00001
14 0 .00001
15 0 .00002
16 0 .00002
17 0 .00002
18 0 .00002
19 0 .00002
20 0 .00002
21 0 .00002
22 0 .00002
23 0 .00002
24 0 .00002
25 0 .00002
26 0 .00002
27 0 .00002
28 0 .00002
29 0 .00002
30 0 .00003
31 0 .00003
32 0 .00003
33 0 .00003
34 0 .00003
35 0 .00003
36 0 .00004
37 0 .00004
38 0 .00004
39 0 .00005
40 0 .00005
41 0 .00006
42 0 .00007
43 0 .00008
44 0 .00009
45 0 .0001
46 0 .00011
47 0 .00012
48 0 .00014
49 0 .00016
50 0 .00017
51 0 .00019
52 0 .00022
53 0 .00026
54 0 .00029
55 0 .00032
56 0 .00035
57 0 .0004
58 0 .00045
59 0 .0005
60 0 .00055
61 0 .0006
62 0 .00069
63 0 .00078
64 0 .00088
65 0 .00097
66 0 .00106
67 0 .00123
68 0 .00139
69 0 .00156
70 0 .00173
71 0 .00189
72 0 .00217
73 0 .00245
74 0 .00273
75 0 .00302
76 0 .0033
77 0 .00382
78 0 .00434
79 0 .00487
80 0 .0054
81 0 .00593
82 0 .00682
83 0 .00772
84 0 .00862
85 0 .00954
86 0 .01046
87 0 .01178
88 0 .01313
89 0 .01449
90 0 .01588
91 0 .01728
92 0 .01915
93 0 .02106
94 0 .02301
95 0 .02501
96 0 .02705
97 0 .02924
98 0 .03149
99 0 .0338
100 0 1
*asmp for white females in year 2038; cols are type group gend marst
death 1 F single
1 0 .00049
2 0 .00002
3 0 .00002
4 0 .00002
5 0 .00001
6 0 .00001
7 0 .00001
8 0 .00001
9 0 .00001
10 0 .00001
11 0 .00001
12 0 .00001
13 0 .00001
14 0 .00001
15 0 .00001
16 0 .00001
17 0 .00001
18 0 .00001
19 0 .00001
20 0 .00002
21 0 .00002
22 0 .00002
23 0 .00002
24 0 .00002
25 0 .00002
26 0 .00002
27 0 .00002
28 0 .00002
29 0 .00002
30 0 .00002
31 0 .00003
32 0 .00003
33 0 .00003
34 0 .00003
35 0 .00003
36 0 .00003
37 0 .00004
38 0 .00004
39 0 .00004
40 0 .00005
41 0 .00005
42 0 .00005
43 0 .00006
44 0 .00007
45 0 .00007
46 0 .00008
47 0 .00009
48 0 .00009
49 0 .0001
50 0 .00011
51 0 .00012
52 0 .00013
53 0 .00015
54 0 .00016
55 0 .00017
56 0 .00019
57 0 .00021
58 0 .00023
59 0 .00026
60 0 .00028
61 0 .0003
62 0 .00036
63 0 .00041
64 0 .00046
65 0 .00052
66 0 .00057
67 0 .00068
68 0 .00078
69 0 .00089
70 0 .00099
71 0 .00109
72 0 .00129
73 0 .00149
74 0 .00169
75 0 .00189
76 0 .00209
77 0 .00246
78 0 .00284
79 0 .00322
80 0 .0036
81 0 .00399
82 0 .00462
83 0 .00526
84 0 .00591
85 0 .00656
86 0 .00722
87 0 .00818
88 0 .00915
89 0 .01014
90 0 .01113
91 0 .01214
92 0 .01352
93 0 .01492
94 0 .01634
95 0 .01779
96 0 .01925
97 0 .02129
98 0 .02338
99 0 .02552
100 0 1
