*asmp for white males in year 1984; cols are type group gend marst
death 1 M single
1 0 .00162
2 0 .00006
3 0 .00005
4 0 .00005
5 0 .00004
6 0 .00003
7 0 .00003
8 0 .00003
9 0 .00003
10 0 .00003
11 0 .00003
12 0 .00003
13 0 .00004
14 0 .00004
15 0 .00005
16 0 .00006
17 0 .00006
18 0 .00006
19 0 .00007
20 0 .00007
21 0 .00008
22 0 .00008
23 0 .00008
24 0 .00008
25 0 .00008
26 0 .00008
27 0 .00008
28 0 .00008
29 0 .00008
30 0 .00008
31 0 .00009
32 0 .00009
33 0 .0001
34 0 .0001
35 0 .00011
36 0 .00011
37 0 .00013
38 0 .00014
39 0 .00015
40 0 .00016
41 0 .00018
42 0 .0002
43 0 .00023
44 0 .00026
45 0 .00028
46 0 .00031
47 0 .00035
48 0 .0004
49 0 .00044
50 0 .00048
51 0 .00053
52 0 .0006
53 0 .00068
54 0 .00076
55 0 .00084
56 0 .00091
57 0 .00103
58 0 .00114
59 0 .00126
60 0 .00138
61 0 .00149
62 0 .00168
63 0 .00187
64 0 .00207
65 0 .00226
66 0 .00245
67 0 .00277
68 0 .00309
69 0 .00341
70 0 .00373
71 0 .00405
72 0 .00457
73 0 .00508
74 0 .00561
75 0 .00613
76 0 .00666
77 0 .00753
78 0 .00841
79 0 .00931
80 0 .01021
81 0 .01112
82 0 .01248
83 0 .01387
84 0 .01528
85 0 .01672
86 0 .01817
87 0 .02001
88 0 .02189
89 0 .0238
90 0 .02576
91 0 .02777
92 0 .02992
93 0 .03213
94 0 .0344
95 0 .03672
96 0 .03911
97 0 .0404
98 0 .04171
99 0 .04304
100 0 1
*asmp for white females in year 1984; cols are type group gend marst
death 1 F single
1 0 .00093
2 0 .00005
3 0 .00004
4 0 .00003
5 0 .00002
6 0 .00002
7 0 .00002
8 0 .00002
9 0 .00002
10 0 .00001
11 0 .00001
12 0 .00002
13 0 .00002
14 0 .00002
15 0 .00002
16 0 .00002
17 0 .00003
18 0 .00003
19 0 .00003
20 0 .00003
21 0 .00003
22 0 .00004
23 0 .00004
24 0 .00004
25 0 .00004
26 0 .00004
27 0 .00004
28 0 .00005
29 0 .00005
30 0 .00005
31 0 .00005
32 0 .00006
33 0 .00006
34 0 .00006
35 0 .00007
36 0 .00007
37 0 .00008
38 0 .00008
39 0 .00009
40 0 .0001
41 0 .0001
42 0 .00011
43 0 .00013
44 0 .00014
45 0 .00015
46 0 .00016
47 0 .00018
48 0 .0002
49 0 .00021
50 0 .00023
51 0 .00025
52 0 .00028
53 0 .00031
54 0 .00034
55 0 .00036
56 0 .00039
57 0 .00044
58 0 .00049
59 0 .00054
60 0 .00059
61 0 .00063
62 0 .00074
63 0 .00084
64 0 .00094
65 0 .00104
66 0 .00115
67 0 .00133
68 0 .00152
69 0 .00171
70 0 .00189
71 0 .00208
72 0 .00242
73 0 .00276
74 0 .00309
75 0 .00343
76 0 .00378
77 0 .00438
78 0 .005
79 0 .00561
80 0 .00623
81 0 .00686
82 0 .00782
83 0 .0088
84 0 .00978
85 0 .01078
86 0 .01179
87 0 .01315
88 0 .01454
89 0 .01594
90 0 .01737
91 0 .01882
92 0 .0206
93 0 .02243
94 0 .02429
95 0 .02619
96 0 .02813
97 0 .03023
98 0 .03238
99 0 .03458
100 0 1
