*asmp for black males in year 1941; cols are type group gend marst
death 1 M single
1 0 .00872
2 0 .00093
3 0 .00075
4 0 .00058
5 0 .00041
6 0 .00024
7 0 .00022
8 0 .00021
9 0 .0002
10 0 .00019
11 0 .00017
12 0 .00019
13 0 .00021
14 0 .00023
15 0 .00025
16 0 .00027
17 0 .00029
18 0 .00031
19 0 .00033
20 0 .00036
21 0 .00038
22 0 .00039
23 0 .00039
24 0 .0004
25 0 .0004
26 0 .00041
27 0 .00042
28 0 .00043
29 0 .00044
30 0 .00045
31 0 .00046
32 0 .00049
33 0 .00051
34 0 .00053
35 0 .00055
36 0 .00057
37 0 .0006
38 0 .00063
39 0 .00066
40 0 .0007
41 0 .00073
42 0 .00077
43 0 .00082
44 0 .00086
45 0 .00091
46 0 .00095
47 0 .00103
48 0 .0011
49 0 .00118
50 0 .00125
51 0 .00133
52 0 .00144
53 0 .00155
54 0 .00165
55 0 .00176
56 0 .00187
57 0 .00205
58 0 .00222
59 0 .0024
60 0 .00258
61 0 .00276
62 0 .00301
63 0 .00327
64 0 .00353
65 0 .00379
66 0 .00405
67 0 .00446
68 0 .00488
69 0 .00529
70 0 .00571
71 0 .00613
72 0 .00678
73 0 .00745
74 0 .00811
75 0 .00878
76 0 .00946
77 0 .01044
78 0 .01143
79 0 .01242
80 0 .01344
81 0 .01446
82 0 .01587
83 0 .01731
84 0 .01877
85 0 .02026
86 0 .02177
87 0 .02354
88 0 .02535
89 0 .02719
90 0 .02908
91 0 .031
92 0 .03289
93 0 .03483
94 0 .0368
95 0 .03883
96 0 .0409
97 0 .04181
98 0 .04274
99 0 .04367
100 0 1
*asmp for black females in year 1941; cols are type group gend marst
death 1 F single
1 0 .0082
2 0 .00108
3 0 .00088
4 0 .00067
5 0 .00047
6 0 .00026
7 0 .00025
8 0 .00024
9 0 .00023
10 0 .00022
11 0 .00021
12 0 .00022
13 0 .00024
14 0 .00026
15 0 .00028
16 0 .0003
17 0 .00031
18 0 .00033
19 0 .00035
20 0 .00037
21 0 .00039
22 0 .0004
23 0 .00041
24 0 .00042
25 0 .00043
26 0 .00044
27 0 .00045
28 0 .00046
29 0 .00047
30 0 .00049
31 0 .0005
32 0 .00051
33 0 .00053
34 0 .00054
35 0 .00055
36 0 .00057
37 0 .00058
38 0 .0006
39 0 .00062
40 0 .00063
41 0 .00065
42 0 .00068
43 0 .0007
44 0 .00073
45 0 .00076
46 0 .00078
47 0 .00084
48 0 .0009
49 0 .00095
50 0 .00101
51 0 .00107
52 0 .00115
53 0 .00123
54 0 .00131
55 0 .00139
56 0 .00146
57 0 .00162
58 0 .00177
59 0 .00192
60 0 .00207
61 0 .00222
62 0 .00244
63 0 .00266
64 0 .00288
65 0 .00311
66 0 .00333
67 0 .00372
68 0 .0041
69 0 .00449
70 0 .00489
71 0 .00528
72 0 .00589
73 0 .0065
74 0 .00711
75 0 .00773
76 0 .00835
77 0 .00928
78 0 .01022
79 0 .01117
80 0 .01214
81 0 .01311
82 0 .01438
83 0 .01567
84 0 .01698
85 0 .0183
86 0 .01965
87 0 .02121
88 0 .0228
89 0 .02441
90 0 .02606
91 0 .02774
92 0 .02946
93 0 .03122
94 0 .03302
95 0 .03486
96 0 .03673
97 0 .03807
98 0 .03944
99 0 .04082
100 0 1
