*asmp for black males in year 1934; cols are type group gend marst
death 1 M single
1 0 .01081
2 0 .00126
3 0 .00102
4 0 .00078
5 0 .00054
6 0 .0003
7 0 .00028
8 0 .00027
9 0 .00025
10 0 .00023
11 0 .00022
12 0 .00024
13 0 .00026
14 0 .00028
15 0 .0003
16 0 .00032
17 0 .00035
18 0 .00038
19 0 .00041
20 0 .00044
21 0 .00046
22 0 .00047
23 0 .00048
24 0 .00049
25 0 .0005
26 0 .00051
27 0 .00052
28 0 .00053
29 0 .00055
30 0 .00056
31 0 .00058
32 0 .0006
33 0 .00062
34 0 .00065
35 0 .00067
36 0 .0007
37 0 .00073
38 0 .00077
39 0 .0008
40 0 .00084
41 0 .00088
42 0 .00092
43 0 .00097
44 0 .00102
45 0 .00107
46 0 .00111
47 0 .00119
48 0 .00127
49 0 .00135
50 0 .00143
51 0 .00152
52 0 .00163
53 0 .00174
54 0 .00185
55 0 .00196
56 0 .00207
57 0 .00226
58 0 .00245
59 0 .00264
60 0 .00282
61 0 .00301
62 0 .00328
63 0 .00355
64 0 .00382
65 0 .00409
66 0 .00436
67 0 .00479
68 0 .00522
69 0 .00565
70 0 .00608
71 0 .00652
72 0 .0072
73 0 .00789
74 0 .00858
75 0 .00928
76 0 .00998
77 0 .01098
78 0 .01198
79 0 .013
80 0 .01403
81 0 .01507
82 0 .0165
83 0 .01794
84 0 .01942
85 0 .02091
86 0 .02244
87 0 .0242
88 0 .02599
89 0 .02783
90 0 .0297
91 0 .03161
92 0 .03346
93 0 .03534
94 0 .03727
95 0 .03924
96 0 .04125
97 0 .0421
98 0 .04295
99 0 .04382
100 0 1
*asmp for black females in year 1934; cols are type group gend marst
death 1 F single
1 0 .01002
2 0 .00145
3 0 .00117
4 0 .00089
5 0 .00062
6 0 .00034
7 0 .00032
8 0 .00031
9 0 .00029
10 0 .00028
11 0 .00026
12 0 .00028
13 0 .00031
14 0 .00033
15 0 .00035
16 0 .00037
17 0 .00039
18 0 .00041
19 0 .00043
20 0 .00045
21 0 .00047
22 0 .00048
23 0 .0005
24 0 .00051
25 0 .00052
26 0 .00053
27 0 .00055
28 0 .00056
29 0 .00058
30 0 .00059
31 0 .0006
32 0 .00062
33 0 .00063
34 0 .00065
35 0 .00066
36 0 .00068
37 0 .0007
38 0 .00071
39 0 .00073
40 0 .00075
41 0 .00077
42 0 .00079
43 0 .00082
44 0 .00084
45 0 .00087
46 0 .0009
47 0 .00096
48 0 .00102
49 0 .00108
50 0 .00114
51 0 .0012
52 0 .00129
53 0 .00137
54 0 .00146
55 0 .00154
56 0 .00163
57 0 .00179
58 0 .00196
59 0 .00212
60 0 .00229
61 0 .00245
62 0 .00268
63 0 .00291
64 0 .00314
65 0 .00338
66 0 .00361
67 0 .00401
68 0 .00442
69 0 .00483
70 0 .00524
71 0 .00565
72 0 .00628
73 0 .00691
74 0 .00754
75 0 .00818
76 0 .00882
77 0 .00977
78 0 .01073
79 0 .0117
80 0 .01267
81 0 .01366
82 0 .01494
83 0 .01623
84 0 .01754
85 0 .01887
86 0 .02023
87 0 .02177
88 0 .02335
89 0 .02495
90 0 .02658
91 0 .02824
92 0 .02993
93 0 .03166
94 0 .03341
95 0 .03521
96 0 .03704
97 0 .03833
98 0 .03964
99 0 .04097
100 0 1
