*asmp for white males in year 1955; cols are type group gend marst
death 1 M single
1 0 .00355
2 0 .00021
3 0 .00018
4 0 .00014
5 0 .00011
6 0 .00008
7 0 .00008
8 0 .00008
9 0 .00007
10 0 .00007
11 0 .00007
12 0 .00008
13 0 .00009
14 0 .0001
15 0 .00011
16 0 .00012
17 0 .00012
18 0 .00013
19 0 .00014
20 0 .00015
21 0 .00016
22 0 .00016
23 0 .00016
24 0 .00016
25 0 .00017
26 0 .00017
27 0 .00017
28 0 .00017
29 0 .00018
30 0 .00018
31 0 .00019
32 0 .0002
33 0 .00021
34 0 .00022
35 0 .00023
36 0 .00024
37 0 .00026
38 0 .00028
39 0 .0003
40 0 .00032
41 0 .00034
42 0 .00038
43 0 .00041
44 0 .00045
45 0 .00049
46 0 .00052
47 0 .00058
48 0 .00064
49 0 .0007
50 0 .00075
51 0 .00081
52 0 .00091
53 0 .001
54 0 .00109
55 0 .00119
56 0 .00128
57 0 .00142
58 0 .00157
59 0 .00171
60 0 .00185
61 0 .002
62 0 .00222
63 0 .00244
64 0 .00267
65 0 .00289
66 0 .00312
67 0 .00348
68 0 .00384
69 0 .00421
70 0 .00457
71 0 .00494
72 0 .00552
73 0 .00611
74 0 .00669
75 0 .00728
76 0 .00788
77 0 .00881
78 0 .00975
79 0 .01069
80 0 .01165
81 0 .01262
82 0 .01402
83 0 .01544
84 0 .01688
85 0 .01835
86 0 .01984
87 0 .02166
88 0 .02352
89 0 .02541
90 0 .02735
91 0 .02933
92 0 .03137
93 0 .03346
94 0 .0356
95 0 .0378
96 0 .04005
97 0 .04115
98 0 .04226
99 0 .04339
100 0 1
*asmp for white females in year 1955; cols are type group gend marst
death 1 F single
1 0 .00208
2 0 .00011
3 0 .0001
4 0 .00008
5 0 .00006
6 0 .00004
7 0 .00004
8 0 .00004
9 0 .00004
10 0 .00004
11 0 .00003
12 0 .00004
13 0 .00004
14 0 .00005
15 0 .00005
16 0 .00006
17 0 .00006
18 0 .00006
19 0 .00007
20 0 .00007
21 0 .00008
22 0 .00008
23 0 .00009
24 0 .00009
25 0 .00009
26 0 .0001
27 0 .0001
28 0 .0001
29 0 .00011
30 0 .00011
31 0 .00012
32 0 .00013
33 0 .00013
34 0 .00014
35 0 .00015
36 0 .00016
37 0 .00017
38 0 .00018
39 0 .00019
40 0 .00021
41 0 .00022
42 0 .00024
43 0 .00026
44 0 .00029
45 0 .00031
46 0 .00033
47 0 .00037
48 0 .0004
49 0 .00043
50 0 .00047
51 0 .0005
52 0 .00055
53 0 .0006
54 0 .00066
55 0 .00071
56 0 .00076
57 0 .00085
58 0 .00095
59 0 .00104
60 0 .00113
61 0 .00122
62 0 .00139
63 0 .00156
64 0 .00173
65 0 .0019
66 0 .00207
67 0 .00236
68 0 .00266
69 0 .00297
70 0 .00327
71 0 .00357
72 0 .00408
73 0 .00459
74 0 .0051
75 0 .00562
76 0 .00614
77 0 .00701
78 0 .00788
79 0 .00876
80 0 .00965
81 0 .01055
82 0 .01183
83 0 .01313
84 0 .01445
85 0 .01579
86 0 .01714
87 0 .01881
88 0 .02051
89 0 .02224
90 0 .024
91 0 .0258
92 0 .02773
93 0 .0297
94 0 .03172
95 0 .03378
96 0 .0359
97 0 .0375
98 0 .03914
99 0 .0408
100 0 1
