*asmp for black males in year 1886; cols are type group gend marst
death 1 M single
1 0 .02026
2 0 .00279
3 0 .00223
4 0 .00167
5 0 .00112
6 0 .00058
7 0 .00054
8 0 .00051
9 0 .00048
10 0 .00045
11 0 .00042
12 0 .00045
13 0 .00048
14 0 .00051
15 0 .00054
16 0 .00058
17 0 .00063
18 0 .00067
19 0 .00072
20 0 .00077
21 0 .00082
22 0 .00084
23 0 .00086
24 0 .00088
25 0 .0009
26 0 .00091
27 0 .00094
28 0 .00097
29 0 .001
30 0 .00103
31 0 .00105
32 0 .00109
33 0 .00113
34 0 .00117
35 0 .00121
36 0 .00125
37 0 .00131
38 0 .00136
39 0 .00142
40 0 .00148
41 0 .00153
42 0 .00159
43 0 .00165
44 0 .00171
45 0 .00177
46 0 .00182
47 0 .00193
48 0 .00204
49 0 .00215
50 0 .00226
51 0 .00237
52 0 .0025
53 0 .00263
54 0 .00276
55 0 .00289
56 0 .00301
57 0 .00326
58 0 .0035
59 0 .00374
60 0 .00398
61 0 .00423
62 0 .00455
63 0 .00487
64 0 .0052
65 0 .00552
66 0 .00585
67 0 .00636
68 0 .00687
69 0 .00738
70 0 .0079
71 0 .00842
72 0 .00924
73 0 .01007
74 0 .0109
75 0 .01174
76 0 .0126
77 0 .0137
78 0 .01483
79 0 .01596
80 0 .01711
81 0 .01828
82 0 .0198
83 0 .02134
84 0 .02291
85 0 .02451
86 0 .02614
87 0 .02788
88 0 .02967
89 0 .03148
90 0 .03334
91 0 .03524
92 0 .03681
93 0 .03841
94 0 .04004
95 0 .04171
96 0 .0434
97 0 .04386
98 0 .04432
99 0 .04477
100 0 1
*asmp for black females in year 1886; cols are type group gend marst
death 1 F single
1 0 .01834
2 0 .003
3 0 .00241
4 0 .00182
5 0 .00123
6 0 .00065
7 0 .00062
8 0 .00059
9 0 .00056
10 0 .00053
11 0 .00051
12 0 .00054
13 0 .00057
14 0 .0006
15 0 .00064
16 0 .00067
17 0 .00071
18 0 .00074
19 0 .00078
20 0 .00081
21 0 .00085
22 0 .00087
23 0 .00089
24 0 .00091
25 0 .00093
26 0 .00095
27 0 .00097
28 0 .001
29 0 .00102
30 0 .00105
31 0 .00108
32 0 .0011
33 0 .00112
34 0 .00114
35 0 .00117
36 0 .00119
37 0 .00121
38 0 .00123
39 0 .00125
40 0 .00127
41 0 .00129
42 0 .00132
43 0 .00135
44 0 .00137
45 0 .0014
46 0 .00143
47 0 .00152
48 0 .00161
49 0 .0017
50 0 .00179
51 0 .00188
52 0 .00199
53 0 .0021
54 0 .00222
55 0 .00233
56 0 .00244
57 0 .00268
58 0 .00292
59 0 .00316
60 0 .0034
61 0 .00364
62 0 .00392
63 0 .00421
64 0 .00449
65 0 .00478
66 0 .00507
67 0 .00558
68 0 .00609
69 0 .00661
70 0 .00713
71 0 .00765
72 0 .0084
73 0 .00915
74 0 .00991
75 0 .01067
76 0 .01145
77 0 .01252
78 0 .01361
79 0 .01471
80 0 .01583
81 0 .01696
82 0 .01832
83 0 .0197
84 0 .0211
85 0 .02253
86 0 .02398
87 0 .02552
88 0 .02709
89 0 .02868
90 0 .03031
91 0 .03196
92 0 .03347
93 0 .035
94 0 .03657
95 0 .03816
96 0 .03978
97 0 .04072
98 0 .04167
99 0 .04264
100 0 1
