*asmp for white males in year 1903; cols are type group gend marst
death 1 M single
1 0 .00973
2 0 .00108
3 0 .00088
4 0 .00067
5 0 .00047
6 0 .00027
7 0 .00025
8 0 .00024
9 0 .00022
10 0 .00021
11 0 .0002
12 0 .00022
13 0 .00024
14 0 .00026
15 0 .00027
16 0 .00029
17 0 .00032
18 0 .00035
19 0 .00037
20 0 .0004
21 0 .00042
22 0 .00043
23 0 .00044
24 0 .00044
25 0 .00045
26 0 .00046
27 0 .00047
28 0 .00048
29 0 .00049
30 0 .00051
31 0 .00052
32 0 .00054
33 0 .00056
34 0 .00059
35 0 .00061
36 0 .00063
37 0 .00066
38 0 .0007
39 0 .00073
40 0 .00077
41 0 .0008
42 0 .00085
43 0 .00089
44 0 .00094
45 0 .00099
46 0 .00103
47 0 .00111
48 0 .00119
49 0 .00127
50 0 .00134
51 0 .00142
52 0 .00153
53 0 .00164
54 0 .00175
55 0 .00186
56 0 .00197
57 0 .00215
58 0 .00234
59 0 .00252
60 0 .0027
61 0 .00288
62 0 .00315
63 0 .00341
64 0 .00367
65 0 .00394
66 0 .00421
67 0 .00463
68 0 .00505
69 0 .00547
70 0 .0059
71 0 .00632
72 0 .00699
73 0 .00767
74 0 .00835
75 0 .00903
76 0 .00972
77 0 .01071
78 0 .01171
79 0 .01271
80 0 .01373
81 0 .01477
82 0 .01619
83 0 .01763
84 0 .01909
85 0 .02059
86 0 .0221
87 0 .02387
88 0 .02567
89 0 .02751
90 0 .02939
91 0 .0313
92 0 .03317
93 0 .03508
94 0 .03703
95 0 .03903
96 0 .04107
97 0 .04195
98 0 .04284
99 0 .04374
100 0 1
*asmp for white females in year 1903; cols are type group gend marst
death 1 F single
1 0 .00865
2 0 .00116
3 0 .00094
4 0 .00072
5 0 .0005
6 0 .00028
7 0 .00027
8 0 .00026
9 0 .00024
10 0 .00023
11 0 .00022
12 0 .00024
13 0 .00026
14 0 .00028
15 0 .00029
16 0 .00031
17 0 .00033
18 0 .00035
19 0 .00037
20 0 .00039
21 0 .00041
22 0 .00042
23 0 .00043
24 0 .00044
25 0 .00045
26 0 .00046
27 0 .00048
28 0 .00049
29 0 .0005
30 0 .00051
31 0 .00053
32 0 .00054
33 0 .00055
34 0 .00057
35 0 .00058
36 0 .0006
37 0 .00061
38 0 .00063
39 0 .00065
40 0 .00066
41 0 .00068
42 0 .00071
43 0 .00073
44 0 .00076
45 0 .00079
46 0 .00081
47 0 .00087
48 0 .00093
49 0 .00099
50 0 .00104
51 0 .0011
52 0 .00118
53 0 .00126
54 0 .00134
55 0 .00142
56 0 .00151
57 0 .00166
58 0 .00181
59 0 .00197
60 0 .00212
61 0 .00228
62 0 .0025
63 0 .00272
64 0 .00295
65 0 .00317
66 0 .0034
67 0 .00379
68 0 .00418
69 0 .00458
70 0 .00497
71 0 .00537
72 0 .00598
73 0 .0066
74 0 .00721
75 0 .00784
76 0 .00846
77 0 .0094
78 0 .01035
79 0 .0113
80 0 .01227
81 0 .01324
82 0 .01451
83 0 .0158
84 0 .01711
85 0 .01844
86 0 .01979
87 0 .02134
88 0 .02292
89 0 .02454
90 0 .02618
91 0 .02785
92 0 .02957
93 0 .03132
94 0 .03311
95 0 .03493
96 0 .03679
97 0 .03812
98 0 .03948
99 0 .04085
100 0 1
