*asmp for black males in year 2018; cols are type group gend marst
death 1 M single
1 0 .00121
2 0 .00004
3 0 .00004
4 0 .00003
5 0 .00003
6 0 .00002
7 0 .00002
8 0 .00002
9 0 .00002
10 0 .00002
11 0 .00002
12 0 .00003
13 0 .00003
14 0 .00003
15 0 .00004
16 0 .00004
17 0 .00005
18 0 .00005
19 0 .00005
20 0 .00006
21 0 .00006
22 0 .00006
23 0 .00006
24 0 .00006
25 0 .00006
26 0 .00006
27 0 .00006
28 0 .00006
29 0 .00006
30 0 .00006
31 0 .00006
32 0 .00007
33 0 .00007
34 0 .00008
35 0 .00008
36 0 .00008
37 0 .00009
38 0 .00011
39 0 .00012
40 0 .00013
41 0 .00014
42 0 .00016
43 0 .00018
44 0 .0002
45 0 .00022
46 0 .00025
47 0 .00028
48 0 .00032
49 0 .00036
50 0 .00039
51 0 .00043
52 0 .0005
53 0 .00057
54 0 .00063
55 0 .0007
56 0 .00077
57 0 .00087
58 0 .00097
59 0 .00107
60 0 .00118
61 0 .00128
62 0 .00145
63 0 .00162
64 0 .00179
65 0 .00197
66 0 .00214
67 0 .00243
68 0 .00272
69 0 .00301
70 0 .00331
71 0 .0036
72 0 .00407
73 0 .00455
74 0 .00503
75 0 .00551
76 0 .00599
77 0 .00681
78 0 .00764
79 0 .00847
80 0 .00932
81 0 .01017
82 0 .01148
83 0 .0128
84 0 .01415
85 0 .01552
86 0 .01691
87 0 .0187
88 0 .02053
89 0 .02239
90 0 .0243
91 0 .02625
92 0 .02843
93 0 .03067
94 0 .03296
95 0 .03532
96 0 .03774
97 0 .03922
98 0 .04073
99 0 .04226
100 0 1
*asmp for black females in year 2018; cols are type group gend marst
death 1 F single
1 0 .00093
2 0 .00005
3 0 .00004
4 0 .00003
5 0 .00002
6 0 .00002
7 0 .00002
8 0 .00002
9 0 .00002
10 0 .00001
11 0 .00001
12 0 .00002
13 0 .00002
14 0 .00002
15 0 .00002
16 0 .00002
17 0 .00003
18 0 .00003
19 0 .00003
20 0 .00003
21 0 .00003
22 0 .00004
23 0 .00004
24 0 .00004
25 0 .00004
26 0 .00004
27 0 .00004
28 0 .00005
29 0 .00005
30 0 .00005
31 0 .00005
32 0 .00006
33 0 .00006
34 0 .00006
35 0 .00007
36 0 .00007
37 0 .00008
38 0 .00008
39 0 .00009
40 0 .0001
41 0 .0001
42 0 .00011
43 0 .00013
44 0 .00014
45 0 .00015
46 0 .00016
47 0 .00018
48 0 .0002
49 0 .00021
50 0 .00023
51 0 .00025
52 0 .00028
53 0 .00031
54 0 .00034
55 0 .00036
56 0 .00039
57 0 .00044
58 0 .00049
59 0 .00054
60 0 .00059
61 0 .00063
62 0 .00074
63 0 .00084
64 0 .00094
65 0 .00104
66 0 .00115
67 0 .00133
68 0 .00152
69 0 .00171
70 0 .00189
71 0 .00208
72 0 .00242
73 0 .00276
74 0 .00309
75 0 .00343
76 0 .00378
77 0 .00438
78 0 .005
79 0 .00561
80 0 .00623
81 0 .00686
82 0 .00782
83 0 .0088
84 0 .00978
85 0 .01078
86 0 .01179
87 0 .01315
88 0 .01454
89 0 .01594
90 0 .01737
91 0 .01882
92 0 .0206
93 0 .02243
94 0 .02429
95 0 .02619
96 0 .02813
97 0 .03023
98 0 .03238
99 0 .03458
100 0 1
