*asmp for black males in year 2001; cols are type group gend marst
death 1 M single
1 0 .00249
2 0 .00012
3 0 .0001
4 0 .00009
5 0 .00007
6 0 .00005
7 0 .00005
8 0 .00005
9 0 .00005
10 0 .00005
11 0 .00004
12 0 .00005
13 0 .00006
14 0 .00007
15 0 .00008
16 0 .00008
17 0 .00009
18 0 .0001
19 0 .0001
20 0 .00011
21 0 .00012
22 0 .00012
23 0 .00012
24 0 .00012
25 0 .00012
26 0 .00012
27 0 .00012
28 0 .00012
29 0 .00013
30 0 .00013
31 0 .00013
32 0 .00014
33 0 .00015
34 0 .00016
35 0 .00016
36 0 .00017
37 0 .00019
38 0 .0002
39 0 .00022
40 0 .00024
41 0 .00025
42 0 .00029
43 0 .00032
44 0 .00035
45 0 .00038
46 0 .00042
47 0 .00047
48 0 .00052
49 0 .00057
50 0 .00062
51 0 .00067
52 0 .00076
53 0 .00085
54 0 .00093
55 0 .00102
56 0 .00111
57 0 .00124
58 0 .00137
59 0 .0015
60 0 .00163
61 0 .00176
62 0 .00197
63 0 .00218
64 0 .00239
65 0 .0026
66 0 .00282
67 0 .00316
68 0 .00351
69 0 .00385
70 0 .0042
71 0 .00455
72 0 .0051
73 0 .00566
74 0 .00622
75 0 .00678
76 0 .00735
77 0 .00826
78 0 .00918
79 0 .01011
80 0 .01104
81 0 .01199
82 0 .01338
83 0 .0148
84 0 .01623
85 0 .01769
86 0 .01918
87 0 .02101
88 0 .02289
89 0 .0248
90 0 .02675
91 0 .02875
92 0 .03085
93 0 .03299
94 0 .03519
95 0 .03745
96 0 .03976
97 0 .04093
98 0 .04211
99 0 .04331
100 0 1
*asmp for black females in year 2001; cols are type group gend marst
death 1 F single
1 0 .00143
2 0 .00007
3 0 .00006
4 0 .00005
5 0 .00004
6 0 .00003
7 0 .00003
8 0 .00003
9 0 .00002
10 0 .00002
11 0 .00002
12 0 .00002
13 0 .00003
14 0 .00003
15 0 .00003
16 0 .00004
17 0 .00004
18 0 .00004
19 0 .00005
20 0 .00005
21 0 .00005
22 0 .00005
23 0 .00006
24 0 .00006
25 0 .00006
26 0 .00006
27 0 .00007
28 0 .00007
29 0 .00007
30 0 .00008
31 0 .00008
32 0 .00009
33 0 .00009
34 0 .0001
35 0 .0001
36 0 .00011
37 0 .00012
38 0 .00013
39 0 .00014
40 0 .00015
41 0 .00016
42 0 .00018
43 0 .00019
44 0 .00021
45 0 .00023
46 0 .00025
47 0 .00028
48 0 .0003
49 0 .00033
50 0 .00036
51 0 .00038
52 0 .00043
53 0 .00047
54 0 .00051
55 0 .00055
56 0 .0006
57 0 .00067
58 0 .00074
59 0 .00082
60 0 .00089
61 0 .00096
62 0 .00111
63 0 .00125
64 0 .00139
65 0 .00154
66 0 .00168
67 0 .00194
68 0 .00219
69 0 .00245
70 0 .00271
71 0 .00297
72 0 .00342
73 0 .00387
74 0 .00432
75 0 .00478
76 0 .00523
77 0 .00602
78 0 .00681
79 0 .0076
80 0 .00841
81 0 .00922
82 0 .01041
83 0 .01162
84 0 .01285
85 0 .01409
86 0 .01535
87 0 .01695
88 0 .01858
89 0 .02023
90 0 .02192
91 0 .02365
92 0 .02558
93 0 .02757
94 0 .02959
95 0 .03167
96 0 .03379
97 0 .03561
98 0 .03746
99 0 .03935
100 0 1
