*asmp for white males in year 2024; cols are type group gend marst
death 1 M single
1 0 .00064
2 0 .00002
3 0 .00002
4 0 .00002
5 0 .00001
6 0 .00001
7 0 .00001
8 0 .00001
9 0 .00001
10 0 .00001
11 0 .00001
12 0 .00001
13 0 .00002
14 0 .00002
15 0 .00002
16 0 .00002
17 0 .00002
18 0 .00003
19 0 .00003
20 0 .00003
21 0 .00003
22 0 .00003
23 0 .00003
24 0 .00003
25 0 .00003
26 0 .00003
27 0 .00003
28 0 .00003
29 0 .00003
30 0 .00003
31 0 .00003
32 0 .00004
33 0 .00004
34 0 .00004
35 0 .00004
36 0 .00004
37 0 .00005
38 0 .00006
39 0 .00006
40 0 .00007
41 0 .00007
42 0 .00008
43 0 .0001
44 0 .00011
45 0 .00012
46 0 .00014
47 0 .00016
48 0 .00018
49 0 .0002
50 0 .00022
51 0 .00024
52 0 .00028
53 0 .00033
54 0 .00037
55 0 .00041
56 0 .00045
57 0 .00051
58 0 .00057
59 0 .00064
60 0 .0007
61 0 .00076
62 0 .00087
63 0 .00099
64 0 .0011
65 0 .00122
66 0 .00133
67 0 .00153
68 0 .00173
69 0 .00193
70 0 .00213
71 0 .00233
72 0 .00267
73 0 .003
74 0 .00333
75 0 .00367
76 0 .00401
77 0 .00462
78 0 .00523
79 0 .00585
80 0 .00647
81 0 .00709
82 0 .00811
83 0 .00914
84 0 .01018
85 0 .01123
86 0 .01229
87 0 .01378
88 0 .01528
89 0 .01682
90 0 .01838
91 0 .01996
92 0 .02198
93 0 .02405
94 0 .02617
95 0 .02834
96 0 .03056
97 0 .03265
98 0 .03478
99 0 .03697
100 0 1
*asmp for white females in year 2024; cols are type group gend marst
death 1 F single
1 0 .00061
2 0 .00003
3 0 .00003
4 0 .00002
5 0 .00002
6 0 .00001
7 0 .00001
8 0 .00001
9 0 .00001
10 0 .00001
11 0 .00001
12 0 .00001
13 0 .00001
14 0 .00001
15 0 .00001
16 0 .00002
17 0 .00002
18 0 .00002
19 0 .00002
20 0 .00002
21 0 .00002
22 0 .00002
23 0 .00002
24 0 .00002
25 0 .00003
26 0 .00003
27 0 .00003
28 0 .00003
29 0 .00003
30 0 .00003
31 0 .00003
32 0 .00003
33 0 .00004
34 0 .00004
35 0 .00004
36 0 .00004
37 0 .00005
38 0 .00005
39 0 .00006
40 0 .00006
41 0 .00006
42 0 .00007
43 0 .00008
44 0 .00009
45 0 .00009
46 0 .0001
47 0 .00011
48 0 .00012
49 0 .00013
50 0 .00014
51 0 .00015
52 0 .00017
53 0 .00019
54 0 .00021
55 0 .00023
56 0 .00024
57 0 .00027
58 0 .0003
59 0 .00033
60 0 .00036
61 0 .00039
62 0 .00046
63 0 .00053
64 0 .0006
65 0 .00066
66 0 .00073
67 0 .00086
68 0 .00099
69 0 .00112
70 0 .00124
71 0 .00137
72 0 .00161
73 0 .00185
74 0 .00209
75 0 .00233
76 0 .00257
77 0 .00302
78 0 .00346
79 0 .00391
80 0 .00437
81 0 .00482
82 0 .00556
83 0 .0063
84 0 .00705
85 0 .00781
86 0 .00857
87 0 .00966
88 0 .01076
89 0 .01188
90 0 .01301
91 0 .01415
92 0 .01567
93 0 .01722
94 0 .01879
95 0 .02039
96 0 .02202
97 0 .02413
98 0 .02629
99 0 .0285
100 0 1
