*asmp for white males in year 1888; cols are type group gend marst
death 1 M single
1 0 .01368
2 0 .00178
3 0 .00143
4 0 .00108
5 0 .00073
6 0 .00039
7 0 .00037
8 0 .00035
9 0 .00033
10 0 .00031
11 0 .00028
12 0 .00031
13 0 .00033
14 0 .00035
15 0 .00038
16 0 .0004
17 0 .00044
18 0 .00047
19 0 .00051
20 0 .00054
21 0 .00058
22 0 .00059
23 0 .0006
24 0 .00061
25 0 .00062
26 0 .00063
27 0 .00065
28 0 .00067
29 0 .00069
30 0 .0007
31 0 .00072
32 0 .00075
33 0 .00078
34 0 .00081
35 0 .00084
36 0 .00087
37 0 .00091
38 0 .00095
39 0 .00099
40 0 .00103
41 0 .00108
42 0 .00113
43 0 .00118
44 0 .00123
45 0 .00127
46 0 .00132
47 0 .00141
48 0 .0015
49 0 .00159
50 0 .00168
51 0 .00177
52 0 .00188
53 0 .002
54 0 .00212
55 0 .00223
56 0 .00235
57 0 .00255
58 0 .00275
59 0 .00296
60 0 .00316
61 0 .00336
62 0 .00365
63 0 .00393
64 0 .00421
65 0 .0045
66 0 .00478
67 0 .00523
68 0 .00568
69 0 .00613
70 0 .00659
71 0 .00705
72 0 .00776
73 0 .00849
74 0 .00922
75 0 .00995
76 0 .01069
77 0 .01171
78 0 .01274
79 0 .01379
80 0 .01484
81 0 .01591
82 0 .01735
83 0 .01881
84 0 .0203
85 0 .02182
86 0 .02336
87 0 .02511
88 0 .02689
89 0 .02871
90 0 .03057
91 0 .03247
92 0 .03425
93 0 .03607
94 0 .03792
95 0 .03981
96 0 .04175
97 0 .04251
98 0 .04327
99 0 .04404
100 0 1
*asmp for white females in year 1888; cols are type group gend marst
death 1 F single
1 0 .01204
2 0 .00186
3 0 .00149
4 0 .00113
5 0 .00077
6 0 .00042
7 0 .0004
8 0 .00038
9 0 .00036
10 0 .00034
11 0 .00033
12 0 .00035
13 0 .00037
14 0 .0004
15 0 .00042
16 0 .00044
17 0 .00047
18 0 .00049
19 0 .00051
20 0 .00054
21 0 .00056
22 0 .00058
23 0 .00059
24 0 .0006
25 0 .00062
26 0 .00063
27 0 .00065
28 0 .00067
29 0 .00068
30 0 .0007
31 0 .00072
32 0 .00073
33 0 .00075
34 0 .00077
35 0 .00078
36 0 .0008
37 0 .00082
38 0 .00084
39 0 .00086
40 0 .00088
41 0 .00089
42 0 .00092
43 0 .00095
44 0 .00097
45 0 .001
46 0 .00103
47 0 .00109
48 0 .00116
49 0 .00123
50 0 .0013
51 0 .00137
52 0 .00146
53 0 .00155
54 0 .00164
55 0 .00173
56 0 .00182
57 0 .00201
58 0 .00219
59 0 .00237
60 0 .00255
61 0 .00274
62 0 .00298
63 0 .00322
64 0 .00346
65 0 .00371
66 0 .00395
67 0 .00438
68 0 .00481
69 0 .00525
70 0 .00568
71 0 .00612
72 0 .00677
73 0 .00743
74 0 .00809
75 0 .00875
76 0 .00942
77 0 .0104
78 0 .01138
79 0 .01237
80 0 .01338
81 0 .0144
82 0 .01569
83 0 .01699
84 0 .01832
85 0 .01967
86 0 .02103
87 0 .02257
88 0 .02414
89 0 .02573
90 0 .02736
91 0 .02901
92 0 .03066
93 0 .03234
94 0 .03406
95 0 .03581
96 0 .03759
97 0 .03881
98 0 .04004
99 0 .04129
100 0 1
