*asmp for white males in year 1945; cols are type group gend marst
death 1 M single
1 0 .00393
2 0 .00024
3 0 .00021
4 0 .00017
5 0 .00013
6 0 .00009
7 0 .00009
8 0 .00008
9 0 .00008
10 0 .00008
11 0 .00007
12 0 .00008
13 0 .00009
14 0 .00011
15 0 .00012
16 0 .00013
17 0 .00014
18 0 .00015
19 0 .00016
20 0 .00017
21 0 .00018
22 0 .00018
23 0 .00018
24 0 .00018
25 0 .00018
26 0 .00018
27 0 .00019
28 0 .00019
29 0 .0002
30 0 .0002
31 0 .0002
32 0 .00022
33 0 .00023
34 0 .00024
35 0 .00025
36 0 .00026
37 0 .00028
38 0 .00031
39 0 .00033
40 0 .00035
41 0 .00037
42 0 .00041
43 0 .00044
44 0 .00048
45 0 .00052
46 0 .00056
47 0 .00062
48 0 .00067
49 0 .00073
50 0 .00079
51 0 .00085
52 0 .00095
53 0 .00105
54 0 .00114
55 0 .00124
56 0 .00133
57 0 .00148
58 0 .00163
59 0 .00177
60 0 .00192
61 0 .00207
62 0 .00229
63 0 .00252
64 0 .00275
65 0 .00298
66 0 .0032
67 0 .00357
68 0 .00394
69 0 .00431
70 0 .00468
71 0 .00506
72 0 .00565
73 0 .00624
74 0 .00683
75 0 .00743
76 0 .00804
77 0 .00897
78 0 .00991
79 0 .01087
80 0 .01183
81 0 .0128
82 0 .0142
83 0 .01563
84 0 .01707
85 0 .01854
86 0 .02004
87 0 .02185
88 0 .0237
89 0 .02559
90 0 .02752
91 0 .02949
92 0 .03152
93 0 .03359
94 0 .03572
95 0 .0379
96 0 .04013
97 0 .04121
98 0 .0423
99 0 .04341
100 0 1
*asmp for white females in year 1945; cols are type group gend marst
death 1 F single
1 0 .00297
2 0 .00021
3 0 .00017
4 0 .00014
5 0 .0001
6 0 .00007
7 0 .00006
8 0 .00006
9 0 .00006
10 0 .00006
11 0 .00005
12 0 .00006
13 0 .00007
14 0 .00007
15 0 .00008
16 0 .00009
17 0 .00009
18 0 .0001
19 0 .00011
20 0 .00011
21 0 .00012
22 0 .00013
23 0 .00013
24 0 .00014
25 0 .00014
26 0 .00014
27 0 .00015
28 0 .00016
29 0 .00016
30 0 .00017
31 0 .00017
32 0 .00018
33 0 .00019
34 0 .0002
35 0 .00021
36 0 .00022
37 0 .00023
38 0 .00025
39 0 .00026
40 0 .00028
41 0 .00029
42 0 .00031
43 0 .00034
44 0 .00036
45 0 .00039
46 0 .00041
47 0 .00045
48 0 .00049
49 0 .00053
50 0 .00057
51 0 .00061
52 0 .00067
53 0 .00073
54 0 .00079
55 0 .00084
56 0 .0009
57 0 .00101
58 0 .00111
59 0 .00122
60 0 .00132
61 0 .00143
62 0 .00161
63 0 .00179
64 0 .00198
65 0 .00216
66 0 .00234
67 0 .00267
68 0 .00299
69 0 .00332
70 0 .00364
71 0 .00397
72 0 .0045
73 0 .00504
74 0 .00559
75 0 .00613
76 0 .00668
77 0 .00757
78 0 .00847
79 0 .00938
80 0 .0103
81 0 .01122
82 0 .01251
83 0 .01382
84 0 .01515
85 0 .01649
86 0 .01786
87 0 .01951
88 0 .02119
89 0 .0229
90 0 .02465
91 0 .02643
92 0 .02831
93 0 .03024
94 0 .0322
95 0 .03422
96 0 .03627
97 0 .0378
98 0 .03935
99 0 .04093
100 0 1
