*asmp for black males in year 1970; cols are type group gend marst
death 1 M single
1 0 .00594
2 0 .00052
3 0 .00043
4 0 .00034
5 0 .00024
6 0 .00015
7 0 .00015
8 0 .00014
9 0 .00013
10 0 .00012
11 0 .00012
12 0 .00013
13 0 .00014
14 0 .00016
15 0 .00017
16 0 .00019
17 0 .0002
18 0 .00022
19 0 .00023
20 0 .00025
21 0 .00027
22 0 .00027
23 0 .00027
24 0 .00027
25 0 .00028
26 0 .00028
27 0 .00029
28 0 .00029
29 0 .0003
30 0 .00031
31 0 .00031
32 0 .00033
33 0 .00035
34 0 .00036
35 0 .00038
36 0 .00039
37 0 .00042
38 0 .00044
39 0 .00047
40 0 .0005
41 0 .00052
42 0 .00056
43 0 .00061
44 0 .00065
45 0 .00069
46 0 .00073
47 0 .0008
48 0 .00086
49 0 .00093
50 0 .001
51 0 .00106
52 0 .00116
53 0 .00127
54 0 .00137
55 0 .00147
56 0 .00157
57 0 .00173
58 0 .00189
59 0 .00205
60 0 .00221
61 0 .00237
62 0 .00261
63 0 .00286
64 0 .0031
65 0 .00334
66 0 .00358
67 0 .00397
68 0 .00436
69 0 .00475
70 0 .00514
71 0 .00554
72 0 .00616
73 0 .00678
74 0 .00741
75 0 .00804
76 0 .00868
77 0 .00963
78 0 .01059
79 0 .01156
80 0 .01255
81 0 .01354
82 0 .01495
83 0 .01637
84 0 .01782
85 0 .0193
86 0 .02079
87 0 .02258
88 0 .02441
89 0 .02628
90 0 .02818
91 0 .03013
92 0 .03209
93 0 .0341
94 0 .03616
95 0 .03827
96 0 .04042
97 0 .04143
98 0 .04246
99 0 .04349
100 0 1
*asmp for black females in year 1970; cols are type group gend marst
death 1 F single
1 0 .0033
2 0 .00025
3 0 .00021
4 0 .00016
5 0 .00012
6 0 .00008
7 0 .00007
8 0 .00007
9 0 .00007
10 0 .00007
11 0 .00006
12 0 .00007
13 0 .00008
14 0 .00009
15 0 .00009
16 0 .0001
17 0 .00011
18 0 .00012
19 0 .00012
20 0 .00013
21 0 .00014
22 0 .00014
23 0 .00015
24 0 .00015
25 0 .00016
26 0 .00016
27 0 .00017
28 0 .00017
29 0 .00018
30 0 .00019
31 0 .00019
32 0 .0002
33 0 .00021
34 0 .00022
35 0 .00023
36 0 .00024
37 0 .00025
38 0 .00027
39 0 .00028
40 0 .0003
41 0 .00031
42 0 .00034
43 0 .00036
44 0 .00039
45 0 .00042
46 0 .00044
47 0 .00048
48 0 .00052
49 0 .00056
50 0 .0006
51 0 .00064
52 0 .0007
53 0 .00076
54 0 .00082
55 0 .00088
56 0 .00095
57 0 .00105
58 0 .00116
59 0 .00127
60 0 .00138
61 0 .00148
62 0 .00167
63 0 .00186
64 0 .00204
65 0 .00223
66 0 .00242
67 0 .00275
68 0 .00308
69 0 .00341
70 0 .00374
71 0 .00407
72 0 .00461
73 0 .00516
74 0 .00571
75 0 .00626
76 0 .00681
77 0 .00771
78 0 .00861
79 0 .00952
80 0 .01044
81 0 .01137
82 0 .01266
83 0 .01396
84 0 .01528
85 0 .01663
86 0 .01799
87 0 .01963
88 0 .0213
89 0 .02301
90 0 .02474
91 0 .02651
92 0 .02838
93 0 .03029
94 0 .03224
95 0 .03424
96 0 .03628
97 0 .03779
98 0 .03933
99 0 .04089
100 0 1
