*asmp for black males in year 1981; cols are type group gend marst
death 1 M single
1 0 .00393
2 0 .00024
3 0 .00021
4 0 .00017
5 0 .00013
6 0 .00009
7 0 .00009
8 0 .00008
9 0 .00008
10 0 .00008
11 0 .00007
12 0 .00008
13 0 .00009
14 0 .00011
15 0 .00012
16 0 .00013
17 0 .00014
18 0 .00015
19 0 .00016
20 0 .00017
21 0 .00018
22 0 .00018
23 0 .00018
24 0 .00018
25 0 .00018
26 0 .00018
27 0 .00019
28 0 .00019
29 0 .0002
30 0 .0002
31 0 .0002
32 0 .00022
33 0 .00023
34 0 .00024
35 0 .00025
36 0 .00026
37 0 .00028
38 0 .00031
39 0 .00033
40 0 .00035
41 0 .00037
42 0 .00041
43 0 .00044
44 0 .00048
45 0 .00052
46 0 .00056
47 0 .00062
48 0 .00067
49 0 .00073
50 0 .00079
51 0 .00085
52 0 .00095
53 0 .00105
54 0 .00114
55 0 .00124
56 0 .00133
57 0 .00148
58 0 .00163
59 0 .00177
60 0 .00192
61 0 .00207
62 0 .00229
63 0 .00252
64 0 .00275
65 0 .00298
66 0 .0032
67 0 .00357
68 0 .00394
69 0 .00431
70 0 .00468
71 0 .00506
72 0 .00565
73 0 .00624
74 0 .00683
75 0 .00743
76 0 .00804
77 0 .00897
78 0 .00991
79 0 .01087
80 0 .01183
81 0 .0128
82 0 .0142
83 0 .01563
84 0 .01707
85 0 .01854
86 0 .02004
87 0 .02185
88 0 .0237
89 0 .02559
90 0 .02752
91 0 .02949
92 0 .03152
93 0 .03359
94 0 .03572
95 0 .0379
96 0 .04013
97 0 .04121
98 0 .0423
99 0 .04341
100 0 1
*asmp for black females in year 1981; cols are type group gend marst
death 1 F single
1 0 .00183
2 0 .00009
3 0 .00008
4 0 .00007
5 0 .00005
6 0 .00004
7 0 .00003
8 0 .00003
9 0 .00003
10 0 .00003
11 0 .00003
12 0 .00003
13 0 .00004
14 0 .00004
15 0 .00004
16 0 .00005
17 0 .00005
18 0 .00006
19 0 .00006
20 0 .00006
21 0 .00007
22 0 .00007
23 0 .00007
24 0 .00008
25 0 .00008
26 0 .00008
27 0 .00009
28 0 .00009
29 0 .0001
30 0 .0001
31 0 .0001
32 0 .00011
33 0 .00012
34 0 .00012
35 0 .00013
36 0 .00014
37 0 .00015
38 0 .00016
39 0 .00017
40 0 .00018
41 0 .0002
42 0 .00022
43 0 .00024
44 0 .00026
45 0 .00028
46 0 .0003
47 0 .00033
48 0 .00037
49 0 .0004
50 0 .00043
51 0 .00046
52 0 .00051
53 0 .00056
54 0 .00061
55 0 .00066
56 0 .00071
57 0 .0008
58 0 .00088
59 0 .00097
60 0 .00105
61 0 .00114
62 0 .0013
63 0 .00146
64 0 .00163
65 0 .00179
66 0 .00195
67 0 .00224
68 0 .00253
69 0 .00282
70 0 .00311
71 0 .0034
72 0 .00389
73 0 .00439
74 0 .00489
75 0 .00539
76 0 .00589
77 0 .00674
78 0 .0076
79 0 .00846
80 0 .00933
81 0 .01021
82 0 .01148
83 0 .01276
84 0 .01406
85 0 .01538
86 0 .01673
87 0 .01838
88 0 .02008
89 0 .0218
90 0 .02356
91 0 .02535
92 0 .02729
93 0 .02928
94 0 .03131
95 0 .03339
96 0 .03552
97 0 .03717
98 0 .03886
99 0 .04057
100 0 1
