*asmp for black males in year 1911; cols are type group gend marst
death 1 M single
1 0 .01309
2 0 .00166
3 0 .00134
4 0 .00101
5 0 .00069
6 0 .00037
7 0 .00035
8 0 .00033
9 0 .00031
10 0 .00029
11 0 .00027
12 0 .00029
13 0 .00032
14 0 .00034
15 0 .00036
16 0 .00039
17 0 .00042
18 0 .00045
19 0 .00049
20 0 .00052
21 0 .00055
22 0 .00056
23 0 .00057
24 0 .00058
25 0 .0006
26 0 .00061
27 0 .00062
28 0 .00064
29 0 .00066
30 0 .00068
31 0 .00069
32 0 .00072
33 0 .00075
34 0 .00078
35 0 .0008
36 0 .00083
37 0 .00087
38 0 .00091
39 0 .00095
40 0 .00099
41 0 .00104
42 0 .00108
43 0 .00113
44 0 .00118
45 0 .00123
46 0 .00128
47 0 .00137
48 0 .00145
49 0 .00154
50 0 .00163
51 0 .00171
52 0 .00183
53 0 .00194
54 0 .00206
55 0 .00217
56 0 .00229
57 0 .00249
58 0 .00269
59 0 .00289
60 0 .00309
61 0 .00329
62 0 .00357
63 0 .00385
64 0 .00413
65 0 .00441
66 0 .00469
67 0 .00514
68 0 .00558
69 0 .00603
70 0 .00648
71 0 .00693
72 0 .00764
73 0 .00836
74 0 .00908
75 0 .00981
76 0 .01054
77 0 .01155
78 0 .01258
79 0 .01362
80 0 .01467
81 0 .01573
82 0 .01717
83 0 .01863
84 0 .02011
85 0 .02162
86 0 .02316
87 0 .02491
88 0 .0267
89 0 .02852
90 0 .03038
91 0 .03229
92 0 .03408
93 0 .03591
94 0 .03778
95 0 .03969
96 0 .04164
97 0 .04242
98 0 .0432
99 0 .04399
100 0 1
*asmp for black females in year 1911; cols are type group gend marst
death 1 F single
1 0 .01204
2 0 .00186
3 0 .00149
4 0 .00113
5 0 .00077
6 0 .00042
7 0 .0004
8 0 .00038
9 0 .00036
10 0 .00034
11 0 .00033
12 0 .00035
13 0 .00037
14 0 .0004
15 0 .00042
16 0 .00044
17 0 .00047
18 0 .00049
19 0 .00051
20 0 .00054
21 0 .00056
22 0 .00058
23 0 .00059
24 0 .0006
25 0 .00062
26 0 .00063
27 0 .00065
28 0 .00067
29 0 .00068
30 0 .0007
31 0 .00072
32 0 .00073
33 0 .00075
34 0 .00077
35 0 .00078
36 0 .0008
37 0 .00082
38 0 .00084
39 0 .00086
40 0 .00088
41 0 .00089
42 0 .00092
43 0 .00095
44 0 .00097
45 0 .001
46 0 .00103
47 0 .00109
48 0 .00116
49 0 .00123
50 0 .0013
51 0 .00137
52 0 .00146
53 0 .00155
54 0 .00164
55 0 .00173
56 0 .00182
57 0 .00201
58 0 .00219
59 0 .00237
60 0 .00255
61 0 .00274
62 0 .00298
63 0 .00322
64 0 .00346
65 0 .00371
66 0 .00395
67 0 .00438
68 0 .00481
69 0 .00525
70 0 .00568
71 0 .00612
72 0 .00677
73 0 .00743
74 0 .00809
75 0 .00875
76 0 .00942
77 0 .0104
78 0 .01138
79 0 .01237
80 0 .01338
81 0 .0144
82 0 .01569
83 0 .01699
84 0 .01832
85 0 .01967
86 0 .02103
87 0 .02257
88 0 .02414
89 0 .02573
90 0 .02736
91 0 .02901
92 0 .03066
93 0 .03234
94 0 .03406
95 0 .03581
96 0 .03759
97 0 .03881
98 0 .04004
99 0 .04129
100 0 1
