*asmp for white males in year 2015; cols are type group gend marst
death 1 M single
1 0 .0008
2 0 .00002
3 0 .00002
4 0 .00002
5 0 .00002
6 0 .00002
7 0 .00002
8 0 .00001
9 0 .00001
10 0 .00001
11 0 .00001
12 0 .00002
13 0 .00002
14 0 .00002
15 0 .00003
16 0 .00003
17 0 .00003
18 0 .00003
19 0 .00003
20 0 .00004
21 0 .00004
22 0 .00004
23 0 .00004
24 0 .00004
25 0 .00004
26 0 .00004
27 0 .00004
28 0 .00004
29 0 .00004
30 0 .00004
31 0 .00004
32 0 .00004
33 0 .00005
34 0 .00005
35 0 .00005
36 0 .00006
37 0 .00006
38 0 .00007
39 0 .00008
40 0 .00008
41 0 .00009
42 0 .00011
43 0 .00012
44 0 .00014
45 0 .00016
46 0 .00017
47 0 .0002
48 0 .00023
49 0 .00025
50 0 .00028
51 0 .00031
52 0 .00036
53 0 .00041
54 0 .00046
55 0 .00051
56 0 .00057
57 0 .00064
58 0 .00072
59 0 .0008
60 0 .00087
61 0 .00095
62 0 .00109
63 0 .00123
64 0 .00137
65 0 .00151
66 0 .00164
67 0 .00188
68 0 .00212
69 0 .00236
70 0 .00259
71 0 .00283
72 0 .00322
73 0 .00361
74 0 .00401
75 0 .0044
76 0 .0048
77 0 .0055
78 0 .00621
79 0 .00692
80 0 .00764
81 0 .00836
82 0 .00951
83 0 .01067
84 0 .01185
85 0 .01305
86 0 .01426
87 0 .01589
88 0 .01756
89 0 .01925
90 0 .02098
91 0 .02275
92 0 .02488
93 0 .02707
94 0 .02931
95 0 .03161
96 0 .03397
97 0 .03584
98 0 .03775
99 0 .03971
100 0 1
*asmp for white females in year 2015; cols are type group gend marst
death 1 F single
1 0 .00068
2 0 .00003
3 0 .00003
4 0 .00002
5 0 .00002
6 0 .00001
7 0 .00001
8 0 .00001
9 0 .00001
10 0 .00001
11 0 .00001
12 0 .00001
13 0 .00001
14 0 .00001
15 0 .00002
16 0 .00002
17 0 .00002
18 0 .00002
19 0 .00002
20 0 .00002
21 0 .00002
22 0 .00003
23 0 .00003
24 0 .00003
25 0 .00003
26 0 .00003
27 0 .00003
28 0 .00003
29 0 .00003
30 0 .00004
31 0 .00004
32 0 .00004
33 0 .00004
34 0 .00004
35 0 .00005
36 0 .00005
37 0 .00005
38 0 .00006
39 0 .00006
40 0 .00007
41 0 .00007
42 0 .00008
43 0 .00009
44 0 .0001
45 0 .00011
46 0 .00011
47 0 .00013
48 0 .00014
49 0 .00015
50 0 .00016
51 0 .00018
52 0 .0002
53 0 .00022
54 0 .00024
55 0 .00026
56 0 .00028
57 0 .00031
58 0 .00034
59 0 .00038
60 0 .00041
61 0 .00044
62 0 .00052
63 0 .0006
64 0 .00067
65 0 .00075
66 0 .00082
67 0 .00096
68 0 .0011
69 0 .00125
70 0 .00139
71 0 .00153
72 0 .00179
73 0 .00205
74 0 .00231
75 0 .00258
76 0 .00284
77 0 .00332
78 0 .00381
79 0 .0043
80 0 .00479
81 0 .00528
82 0 .00607
83 0 .00687
84 0 .00767
85 0 .00849
86 0 .0093
87 0 .01046
88 0 .01163
89 0 .01282
90 0 .01402
91 0 .01524
92 0 .01683
93 0 .01844
94 0 .02009
95 0 .02177
96 0 .02348
97 0 .02561
98 0 .02779
99 0 .03002
100 0 1
