*asmp for black males in year 1949; cols are type group gend marst
death 1 M single
1 0 .00637
2 0 .00058
3 0 .00048
4 0 .00037
5 0 .00027
6 0 .00017
7 0 .00016
8 0 .00015
9 0 .00014
10 0 .00013
11 0 .00013
12 0 .00014
13 0 .00015
14 0 .00017
15 0 .00018
16 0 .0002
17 0 .00022
18 0 .00023
19 0 .00025
20 0 .00027
21 0 .00028
22 0 .00029
23 0 .00029
24 0 .00029
25 0 .0003
26 0 .0003
27 0 .00031
28 0 .00031
29 0 .00032
30 0 .00033
31 0 .00034
32 0 .00035
33 0 .00037
34 0 .00039
35 0 .0004
36 0 .00042
37 0 .00045
38 0 .00047
39 0 .0005
40 0 .00053
41 0 .00056
42 0 .0006
43 0 .00064
44 0 .00068
45 0 .00072
46 0 .00077
47 0 .00083
48 0 .0009
49 0 .00097
50 0 .00104
51 0 .00111
52 0 .00121
53 0 .00131
54 0 .00142
55 0 .00152
56 0 .00162
57 0 .00179
58 0 .00195
59 0 .00211
60 0 .00227
61 0 .00244
62 0 .00268
63 0 .00293
64 0 .00317
65 0 .00342
66 0 .00366
67 0 .00405
68 0 .00445
69 0 .00484
70 0 .00524
71 0 .00564
72 0 .00626
73 0 .00689
74 0 .00753
75 0 .00817
76 0 .00881
77 0 .00976
78 0 .01073
79 0 .01171
80 0 .0127
81 0 .0137
82 0 .0151
83 0 .01653
84 0 .01798
85 0 .01946
86 0 .02096
87 0 .02274
88 0 .02457
89 0 .02643
90 0 .02833
91 0 .03027
92 0 .03223
93 0 .03422
94 0 .03627
95 0 .03836
96 0 .0405
97 0 .04149
98 0 .0425
99 0 .04352
100 0 1
*asmp for black females in year 1949; cols are type group gend marst
death 1 F single
1 0 .00539
2 0 .00058
3 0 .00048
4 0 .00037
5 0 .00026
6 0 .00015
7 0 .00015
8 0 .00014
9 0 .00014
10 0 .00013
11 0 .00012
12 0 .00013
13 0 .00015
14 0 .00016
15 0 .00017
16 0 .00018
17 0 .00019
18 0 .00021
19 0 .00022
20 0 .00023
21 0 .00024
22 0 .00025
23 0 .00026
24 0 .00026
25 0 .00027
26 0 .00028
27 0 .00029
28 0 .0003
29 0 .00031
30 0 .00031
31 0 .00032
32 0 .00033
33 0 .00035
34 0 .00036
35 0 .00037
36 0 .00038
37 0 .0004
38 0 .00041
39 0 .00043
40 0 .00045
41 0 .00046
42 0 .00049
43 0 .00052
44 0 .00054
45 0 .00057
46 0 .00059
47 0 .00064
48 0 .00069
49 0 .00074
50 0 .00078
51 0 .00083
52 0 .0009
53 0 .00097
54 0 .00104
55 0 .00111
56 0 .00118
57 0 .00131
58 0 .00144
59 0 .00156
60 0 .00169
61 0 .00182
62 0 .00202
63 0 .00223
64 0 .00243
65 0 .00263
66 0 .00284
67 0 .00319
68 0 .00355
69 0 .00391
70 0 .00427
71 0 .00463
72 0 .0052
73 0 .00578
74 0 .00636
75 0 .00694
76 0 .00752
77 0 .00843
78 0 .00935
79 0 .01028
80 0 .01122
81 0 .01217
82 0 .01344
83 0 .01473
84 0 .01605
85 0 .01738
86 0 .01873
87 0 .02032
88 0 .02195
89 0 .0236
90 0 .02529
91 0 .02701
92 0 .0288
93 0 .03064
94 0 .03251
95 0 .03442
96 0 .03638
97 0 .03781
98 0 .03927
99 0 .04076
100 0 1
