*asmp for black males in year 1937; cols are type group gend marst
death 1 M single
1 0 .00973
2 0 .00108
3 0 .00088
4 0 .00067
5 0 .00047
6 0 .00027
7 0 .00025
8 0 .00024
9 0 .00022
10 0 .00021
11 0 .0002
12 0 .00022
13 0 .00024
14 0 .00026
15 0 .00027
16 0 .00029
17 0 .00032
18 0 .00035
19 0 .00037
20 0 .0004
21 0 .00042
22 0 .00043
23 0 .00044
24 0 .00044
25 0 .00045
26 0 .00046
27 0 .00047
28 0 .00048
29 0 .00049
30 0 .00051
31 0 .00052
32 0 .00054
33 0 .00056
34 0 .00059
35 0 .00061
36 0 .00063
37 0 .00066
38 0 .0007
39 0 .00073
40 0 .00077
41 0 .0008
42 0 .00085
43 0 .00089
44 0 .00094
45 0 .00099
46 0 .00103
47 0 .00111
48 0 .00119
49 0 .00127
50 0 .00134
51 0 .00142
52 0 .00153
53 0 .00164
54 0 .00175
55 0 .00186
56 0 .00197
57 0 .00215
58 0 .00234
59 0 .00252
60 0 .0027
61 0 .00288
62 0 .00315
63 0 .00341
64 0 .00367
65 0 .00394
66 0 .00421
67 0 .00463
68 0 .00505
69 0 .00547
70 0 .0059
71 0 .00632
72 0 .00699
73 0 .00767
74 0 .00835
75 0 .00903
76 0 .00972
77 0 .01071
78 0 .01171
79 0 .01271
80 0 .01373
81 0 .01477
82 0 .01619
83 0 .01763
84 0 .01909
85 0 .02059
86 0 .0221
87 0 .02387
88 0 .02567
89 0 .02751
90 0 .02939
91 0 .0313
92 0 .03317
93 0 .03508
94 0 .03703
95 0 .03903
96 0 .04107
97 0 .04195
98 0 .04284
99 0 .04374
100 0 1
*asmp for black females in year 1937; cols are type group gend marst
death 1 F single
1 0 .00909
2 0 .00125
3 0 .00101
4 0 .00077
5 0 .00054
6 0 .0003
7 0 .00029
8 0 .00027
9 0 .00026
10 0 .00025
11 0 .00023
12 0 .00025
13 0 .00027
14 0 .00029
15 0 .00031
16 0 .00033
17 0 .00035
18 0 .00037
19 0 .00039
20 0 .00041
21 0 .00043
22 0 .00044
23 0 .00046
24 0 .00047
25 0 .00048
26 0 .00049
27 0 .0005
28 0 .00052
29 0 .00053
30 0 .00054
31 0 .00055
32 0 .00057
33 0 .00058
34 0 .0006
35 0 .00061
36 0 .00062
37 0 .00064
38 0 .00066
39 0 .00067
40 0 .00069
41 0 .00071
42 0 .00073
43 0 .00076
44 0 .00079
45 0 .00081
46 0 .00084
47 0 .0009
48 0 .00096
49 0 .00102
50 0 .00108
51 0 .00114
52 0 .00122
53 0 .0013
54 0 .00138
55 0 .00146
56 0 .00155
57 0 .0017
58 0 .00186
59 0 .00202
60 0 .00218
61 0 .00234
62 0 .00256
63 0 .00279
64 0 .00301
65 0 .00324
66 0 .00347
67 0 .00386
68 0 .00426
69 0 .00466
70 0 .00506
71 0 .00546
72 0 .00608
73 0 .0067
74 0 .00732
75 0 .00795
76 0 .00858
77 0 .00952
78 0 .01047
79 0 .01143
80 0 .0124
81 0 .01338
82 0 .01465
83 0 .01594
84 0 .01724
85 0 .01857
86 0 .01992
87 0 .02147
88 0 .02305
89 0 .02466
90 0 .02629
91 0 .02796
92 0 .02967
93 0 .03141
94 0 .03319
95 0 .035
96 0 .03686
97 0 .03818
98 0 .03951
99 0 .04087
100 0 1
