*asmp for white males in year 1919; cols are type group gend marst
death 1 M single
1 0 .00774
2 0 .00078
3 0 .00064
4 0 .00049
5 0 .00035
6 0 .00021
7 0 .0002
8 0 .00019
9 0 .00018
10 0 .00016
11 0 .00015
12 0 .00017
13 0 .00019
14 0 .0002
15 0 .00022
16 0 .00024
17 0 .00026
18 0 .00028
19 0 .0003
20 0 .00032
21 0 .00034
22 0 .00034
23 0 .00035
24 0 .00035
25 0 .00036
26 0 .00036
27 0 .00037
28 0 .00038
29 0 .00039
30 0 .0004
31 0 .00041
32 0 .00043
33 0 .00045
34 0 .00047
35 0 .00049
36 0 .00051
37 0 .00054
38 0 .00057
39 0 .0006
40 0 .00063
41 0 .00066
42 0 .0007
43 0 .00075
44 0 .00079
45 0 .00083
46 0 .00088
47 0 .00095
48 0 .00102
49 0 .00109
50 0 .00117
51 0 .00124
52 0 .00135
53 0 .00145
54 0 .00156
55 0 .00166
56 0 .00177
57 0 .00194
58 0 .00211
59 0 .00228
60 0 .00246
61 0 .00263
62 0 .00288
63 0 .00313
64 0 .00339
65 0 .00364
66 0 .00389
67 0 .0043
68 0 .0047
69 0 .00511
70 0 .00552
71 0 .00593
72 0 .00658
73 0 .00722
74 0 .00788
75 0 .00854
76 0 .0092
77 0 .01017
78 0 .01115
79 0 .01214
80 0 .01314
81 0 .01415
82 0 .01556
83 0 .017
84 0 .01845
85 0 .01993
86 0 .02144
87 0 .02322
88 0 .02503
89 0 .02688
90 0 .02877
91 0 .0307
92 0 .03262
93 0 .03458
94 0 .03658
95 0 .03863
96 0 .04073
97 0 .04168
98 0 .04264
99 0 .0436
100 0 1
*asmp for white females in year 1919; cols are type group gend marst
death 1 F single
1 0 .00695
2 0 .00085
3 0 .00069
4 0 .00053
5 0 .00037
6 0 .00021
7 0 .00021
8 0 .0002
9 0 .00019
10 0 .00018
11 0 .00017
12 0 .00018
13 0 .0002
14 0 .00021
15 0 .00023
16 0 .00024
17 0 .00026
18 0 .00027
19 0 .00029
20 0 .00031
21 0 .00032
22 0 .00033
23 0 .00034
24 0 .00035
25 0 .00036
26 0 .00037
27 0 .00038
28 0 .00039
29 0 .0004
30 0 .00041
31 0 .00042
32 0 .00043
33 0 .00045
34 0 .00046
35 0 .00047
36 0 .00048
37 0 .0005
38 0 .00052
39 0 .00053
40 0 .00055
41 0 .00057
42 0 .0006
43 0 .00062
44 0 .00065
45 0 .00068
46 0 .0007
47 0 .00075
48 0 .00081
49 0 .00086
50 0 .00091
51 0 .00097
52 0 .00104
53 0 .00112
54 0 .00119
55 0 .00127
56 0 .00134
57 0 .00148
58 0 .00162
59 0 .00177
60 0 .00191
61 0 .00205
62 0 .00226
63 0 .00248
64 0 .00269
65 0 .0029
66 0 .00312
67 0 .00349
68 0 .00387
69 0 .00425
70 0 .00462
71 0 .005
72 0 .0056
73 0 .00619
74 0 .00679
75 0 .00739
76 0 .008
77 0 .00892
78 0 .00985
79 0 .01079
80 0 .01175
81 0 .01271
82 0 .01398
83 0 .01527
84 0 .01658
85 0 .0179
86 0 .01925
87 0 .02083
88 0 .02243
89 0 .02406
90 0 .02572
91 0 .02741
92 0 .02917
93 0 .03096
94 0 .03279
95 0 .03465
96 0 .03656
97 0 .03794
98 0 .03935
99 0 .04077
100 0 1
