*asmp for black males in year 1926; cols are type group gend marst
death 1 M single
1 0 .01251
2 0 .00155
3 0 .00125
4 0 .00095
5 0 .00065
6 0 .00035
7 0 .00033
8 0 .00031
9 0 .00029
10 0 .00027
11 0 .00025
12 0 .00028
13 0 .0003
14 0 .00032
15 0 .00035
16 0 .00037
17 0 .0004
18 0 .00044
19 0 .00047
20 0 .0005
21 0 .00053
22 0 .00054
23 0 .00055
24 0 .00056
25 0 .00057
26 0 .00058
27 0 .0006
28 0 .00062
29 0 .00063
30 0 .00065
31 0 .00067
32 0 .00069
33 0 .00072
34 0 .00075
35 0 .00077
36 0 .0008
37 0 .00084
38 0 .00088
39 0 .00092
40 0 .00096
41 0 .00099
42 0 .00104
43 0 .00109
44 0 .00114
45 0 .00119
46 0 .00124
47 0 .00132
48 0 .00141
49 0 .00149
50 0 .00158
51 0 .00166
52 0 .00177
53 0 .00189
54 0 .002
55 0 .00212
56 0 .00223
57 0 .00243
58 0 .00262
59 0 .00282
60 0 .00301
61 0 .00321
62 0 .00349
63 0 .00376
64 0 .00404
65 0 .00432
66 0 .0046
67 0 .00504
68 0 .00548
69 0 .00593
70 0 .00637
71 0 .00682
72 0 .00752
73 0 .00823
74 0 .00894
75 0 .00966
76 0 .01038
77 0 .01139
78 0 .01241
79 0 .01345
80 0 .01449
81 0 .01555
82 0 .01698
83 0 .01844
84 0 .01992
85 0 .02142
86 0 .02296
87 0 .02471
88 0 .0265
89 0 .02833
90 0 .03019
91 0 .0321
92 0 .03391
93 0 .03575
94 0 .03764
95 0 .03956
96 0 .04153
97 0 .04233
98 0 .04313
99 0 .04394
100 0 1
*asmp for black females in year 1926; cols are type group gend marst
death 1 F single
1 0 .01151
2 0 .00176
3 0 .00141
4 0 .00107
5 0 .00073
6 0 .0004
7 0 .00038
8 0 .00036
9 0 .00034
10 0 .00033
11 0 .00031
12 0 .00033
13 0 .00036
14 0 .00038
15 0 .0004
16 0 .00042
17 0 .00045
18 0 .00047
19 0 .00049
20 0 .00051
21 0 .00054
22 0 .00055
23 0 .00056
24 0 .00058
25 0 .00059
26 0 .0006
27 0 .00062
28 0 .00064
29 0 .00065
30 0 .00067
31 0 .00069
32 0 .0007
33 0 .00072
34 0 .00074
35 0 .00075
36 0 .00077
37 0 .00079
38 0 .0008
39 0 .00082
40 0 .00084
41 0 .00086
42 0 .00089
43 0 .00091
44 0 .00094
45 0 .00096
46 0 .00099
47 0 .00106
48 0 .00112
49 0 .00119
50 0 .00126
51 0 .00132
52 0 .00141
53 0 .0015
54 0 .00159
55 0 .00168
56 0 .00177
57 0 .00195
58 0 .00213
59 0 .0023
60 0 .00248
61 0 .00266
62 0 .0029
63 0 .00314
64 0 .00338
65 0 .00362
66 0 .00386
67 0 .00428
68 0 .00471
69 0 .00513
70 0 .00556
71 0 .00599
72 0 .00664
73 0 .00728
74 0 .00794
75 0 .0086
76 0 .00926
77 0 .01022
78 0 .0112
79 0 .01219
80 0 .01319
81 0 .0142
82 0 .01548
83 0 .01678
84 0 .0181
85 0 .01945
86 0 .02081
87 0 .02235
88 0 .02392
89 0 .02551
90 0 .02714
91 0 .02879
92 0 .03045
93 0 .03215
94 0 .03387
95 0 .03563
96 0 .03743
97 0 .03867
98 0 .03992
99 0 .04119
100 0 1
