*asmp for black males in year 1971; cols are type group gend marst
death 1 M single
1 0 .00594
2 0 .00052
3 0 .00043
4 0 .00034
5 0 .00024
6 0 .00015
7 0 .00015
8 0 .00014
9 0 .00013
10 0 .00012
11 0 .00012
12 0 .00013
13 0 .00014
14 0 .00016
15 0 .00017
16 0 .00019
17 0 .0002
18 0 .00022
19 0 .00023
20 0 .00025
21 0 .00027
22 0 .00027
23 0 .00027
24 0 .00027
25 0 .00028
26 0 .00028
27 0 .00029
28 0 .00029
29 0 .0003
30 0 .00031
31 0 .00031
32 0 .00033
33 0 .00035
34 0 .00036
35 0 .00038
36 0 .00039
37 0 .00042
38 0 .00044
39 0 .00047
40 0 .0005
41 0 .00052
42 0 .00056
43 0 .00061
44 0 .00065
45 0 .00069
46 0 .00073
47 0 .0008
48 0 .00086
49 0 .00093
50 0 .001
51 0 .00106
52 0 .00116
53 0 .00127
54 0 .00137
55 0 .00147
56 0 .00157
57 0 .00173
58 0 .00189
59 0 .00205
60 0 .00221
61 0 .00237
62 0 .00261
63 0 .00286
64 0 .0031
65 0 .00334
66 0 .00358
67 0 .00397
68 0 .00436
69 0 .00475
70 0 .00514
71 0 .00554
72 0 .00616
73 0 .00678
74 0 .00741
75 0 .00804
76 0 .00868
77 0 .00963
78 0 .01059
79 0 .01156
80 0 .01255
81 0 .01354
82 0 .01495
83 0 .01637
84 0 .01782
85 0 .0193
86 0 .02079
87 0 .02258
88 0 .02441
89 0 .02628
90 0 .02818
91 0 .03013
92 0 .03209
93 0 .0341
94 0 .03616
95 0 .03827
96 0 .04042
97 0 .04143
98 0 .04246
99 0 .04349
100 0 1
*asmp for black females in year 1971; cols are type group gend marst
death 1 F single
1 0 .00297
2 0 .00021
3 0 .00017
4 0 .00014
5 0 .0001
6 0 .00007
7 0 .00006
8 0 .00006
9 0 .00006
10 0 .00006
11 0 .00005
12 0 .00006
13 0 .00007
14 0 .00007
15 0 .00008
16 0 .00009
17 0 .00009
18 0 .0001
19 0 .00011
20 0 .00011
21 0 .00012
22 0 .00013
23 0 .00013
24 0 .00014
25 0 .00014
26 0 .00014
27 0 .00015
28 0 .00016
29 0 .00016
30 0 .00017
31 0 .00017
32 0 .00018
33 0 .00019
34 0 .0002
35 0 .00021
36 0 .00022
37 0 .00023
38 0 .00025
39 0 .00026
40 0 .00028
41 0 .00029
42 0 .00031
43 0 .00034
44 0 .00036
45 0 .00039
46 0 .00041
47 0 .00045
48 0 .00049
49 0 .00053
50 0 .00057
51 0 .00061
52 0 .00067
53 0 .00073
54 0 .00079
55 0 .00084
56 0 .0009
57 0 .00101
58 0 .00111
59 0 .00122
60 0 .00132
61 0 .00143
62 0 .00161
63 0 .00179
64 0 .00198
65 0 .00216
66 0 .00234
67 0 .00267
68 0 .00299
69 0 .00332
70 0 .00364
71 0 .00397
72 0 .0045
73 0 .00504
74 0 .00559
75 0 .00613
76 0 .00668
77 0 .00757
78 0 .00847
79 0 .00938
80 0 .0103
81 0 .01122
82 0 .01251
83 0 .01382
84 0 .01515
85 0 .01649
86 0 .01786
87 0 .01951
88 0 .02119
89 0 .0229
90 0 .02465
91 0 .02643
92 0 .02831
93 0 .03024
94 0 .0322
95 0 .03422
96 0 .03627
97 0 .0378
98 0 .03935
99 0 .04093
100 0 1
