*asmp for black males in year 1980; cols are type group gend marst
death 1 M single
1 0 .00432
2 0 .00029
3 0 .00025
4 0 .0002
5 0 .00015
6 0 .0001
7 0 .0001
8 0 .00009
9 0 .00009
10 0 .00009
11 0 .00008
12 0 .00009
13 0 .0001
14 0 .00012
15 0 .00013
16 0 .00014
17 0 .00015
18 0 .00016
19 0 .00017
20 0 .00018
21 0 .0002
22 0 .0002
23 0 .0002
24 0 .0002
25 0 .0002
26 0 .0002
27 0 .00021
28 0 .00021
29 0 .00022
30 0 .00022
31 0 .00023
32 0 .00024
33 0 .00025
34 0 .00026
35 0 .00028
36 0 .00029
37 0 .00031
38 0 .00033
39 0 .00035
40 0 .00038
41 0 .0004
42 0 .00044
43 0 .00048
44 0 .00051
45 0 .00055
46 0 .00059
47 0 .00065
48 0 .00071
49 0 .00077
50 0 .00083
51 0 .0009
52 0 .00099
53 0 .00109
54 0 .00119
55 0 .00129
56 0 .00138
57 0 .00153
58 0 .00168
59 0 .00183
60 0 .00198
61 0 .00213
62 0 .00236
63 0 .00259
64 0 .00282
65 0 .00305
66 0 .00328
67 0 .00365
68 0 .00403
69 0 .0044
70 0 .00478
71 0 .00516
72 0 .00575
73 0 .00635
74 0 .00695
75 0 .00756
76 0 .00817
77 0 .00911
78 0 .01005
79 0 .01101
80 0 .01198
81 0 .01296
82 0 .01436
83 0 .01578
84 0 .01723
85 0 .0187
86 0 .02019
87 0 .022
88 0 .02384
89 0 .02573
90 0 .02765
91 0 .02962
92 0 .03164
93 0 .0337
94 0 .03581
95 0 .03797
96 0 .04019
97 0 .04125
98 0 .04233
99 0 .04343
100 0 1
*asmp for black females in year 1980; cols are type group gend marst
death 1 F single
1 0 .00183
2 0 .00009
3 0 .00008
4 0 .00007
5 0 .00005
6 0 .00004
7 0 .00003
8 0 .00003
9 0 .00003
10 0 .00003
11 0 .00003
12 0 .00003
13 0 .00004
14 0 .00004
15 0 .00004
16 0 .00005
17 0 .00005
18 0 .00006
19 0 .00006
20 0 .00006
21 0 .00007
22 0 .00007
23 0 .00007
24 0 .00008
25 0 .00008
26 0 .00008
27 0 .00009
28 0 .00009
29 0 .0001
30 0 .0001
31 0 .0001
32 0 .00011
33 0 .00012
34 0 .00012
35 0 .00013
36 0 .00014
37 0 .00015
38 0 .00016
39 0 .00017
40 0 .00018
41 0 .0002
42 0 .00022
43 0 .00024
44 0 .00026
45 0 .00028
46 0 .0003
47 0 .00033
48 0 .00037
49 0 .0004
50 0 .00043
51 0 .00046
52 0 .00051
53 0 .00056
54 0 .00061
55 0 .00066
56 0 .00071
57 0 .0008
58 0 .00088
59 0 .00097
60 0 .00105
61 0 .00114
62 0 .0013
63 0 .00146
64 0 .00163
65 0 .00179
66 0 .00195
67 0 .00224
68 0 .00253
69 0 .00282
70 0 .00311
71 0 .0034
72 0 .00389
73 0 .00439
74 0 .00489
75 0 .00539
76 0 .00589
77 0 .00674
78 0 .0076
79 0 .00846
80 0 .00933
81 0 .01021
82 0 .01148
83 0 .01276
84 0 .01406
85 0 .01538
86 0 .01673
87 0 .01838
88 0 .02008
89 0 .0218
90 0 .02356
91 0 .02535
92 0 .02729
93 0 .02928
94 0 .03131
95 0 .03339
96 0 .03552
97 0 .03717
98 0 .03886
99 0 .04057
100 0 1
