*asmp for black males in year 1962; cols are type group gend marst
death 1 M single
1 0 .00552
2 0 .00046
3 0 .00038
4 0 .0003
5 0 .00022
6 0 .00014
7 0 .00013
8 0 .00013
9 0 .00012
10 0 .00011
11 0 .00011
12 0 .00012
13 0 .00013
14 0 .00015
15 0 .00016
16 0 .00017
17 0 .00019
18 0 .0002
19 0 .00022
20 0 .00023
21 0 .00025
22 0 .00025
23 0 .00025
24 0 .00025
25 0 .00026
26 0 .00026
27 0 .00027
28 0 .00027
29 0 .00028
30 0 .00028
31 0 .00029
32 0 .00031
33 0 .00032
34 0 .00034
35 0 .00035
36 0 .00036
37 0 .00039
38 0 .00042
39 0 .00044
40 0 .00047
41 0 .00049
42 0 .00053
43 0 .00057
44 0 .00061
45 0 .00065
46 0 .00069
47 0 .00076
48 0 .00082
49 0 .00089
50 0 .00095
51 0 .00102
52 0 .00112
53 0 .00122
54 0 .00132
55 0 .00142
56 0 .00153
57 0 .00168
58 0 .00184
59 0 .002
60 0 .00216
61 0 .00231
62 0 .00255
63 0 .00279
64 0 .00303
65 0 .00327
66 0 .00351
67 0 .00389
68 0 .00428
69 0 .00467
70 0 .00505
71 0 .00545
72 0 .00606
73 0 .00667
74 0 .0073
75 0 .00792
76 0 .00855
77 0 .0095
78 0 .01046
79 0 .01143
80 0 .01241
81 0 .0134
82 0 .0148
83 0 .01623
84 0 .01768
85 0 .01915
86 0 .02065
87 0 .02244
88 0 .02427
89 0 .02614
90 0 .02805
91 0 .03
92 0 .03198
93 0 .034
94 0 .03607
95 0 .03819
96 0 .04036
97 0 .04139
98 0 .04242
99 0 .04347
100 0 1
*asmp for black females in year 1962; cols are type group gend marst
death 1 F single
1 0 .00397
2 0 .00035
3 0 .00029
4 0 .00023
5 0 .00016
6 0 .0001
7 0 .0001
8 0 .00009
9 0 .00009
10 0 .00008
11 0 .00008
12 0 .00009
13 0 .0001
14 0 .00011
15 0 .00012
16 0 .00013
17 0 .00014
18 0 .00014
19 0 .00015
20 0 .00016
21 0 .00017
22 0 .00018
23 0 .00018
24 0 .00019
25 0 .00019
26 0 .0002
27 0 .00021
28 0 .00021
29 0 .00022
30 0 .00023
31 0 .00023
32 0 .00024
33 0 .00025
34 0 .00026
35 0 .00027
36 0 .00028
37 0 .0003
38 0 .00032
39 0 .00033
40 0 .00035
41 0 .00036
42 0 .00039
43 0 .00041
44 0 .00044
45 0 .00047
46 0 .00049
47 0 .00053
48 0 .00058
49 0 .00062
50 0 .00066
51 0 .0007
52 0 .00077
53 0 .00083
54 0 .0009
55 0 .00096
56 0 .00102
57 0 .00114
58 0 .00125
59 0 .00137
60 0 .00148
61 0 .0016
62 0 .00179
63 0 .00198
64 0 .00217
65 0 .00237
66 0 .00256
67 0 .0029
68 0 .00324
69 0 .00358
70 0 .00392
71 0 .00426
72 0 .00481
73 0 .00537
74 0 .00593
75 0 .00649
76 0 .00706
77 0 .00796
78 0 .00886
79 0 .00978
80 0 .01071
81 0 .01164
82 0 .01292
83 0 .01422
84 0 .01554
85 0 .01688
86 0 .01824
87 0 .01986
88 0 .02152
89 0 .0232
90 0 .02492
91 0 .02667
92 0 .02851
93 0 .03039
94 0 .03232
95 0 .03428
96 0 .03629
97 0 .03778
98 0 .03929
99 0 .04082
100 0 1
