*asmp for black males in year 1905; cols are type group gend marst
death 1 M single
1 0 .01432
2 0 .00187
3 0 .00151
4 0 .00114
5 0 .00077
6 0 .00041
7 0 .00039
8 0 .00036
9 0 .00034
10 0 .00032
11 0 .0003
12 0 .00032
13 0 .00035
14 0 .00037
15 0 .00039
16 0 .00042
17 0 .00046
18 0 .00049
19 0 .00053
20 0 .00056
21 0 .0006
22 0 .00061
23 0 .00062
24 0 .00064
25 0 .00065
26 0 .00066
27 0 .00068
28 0 .0007
29 0 .00072
30 0 .00074
31 0 .00075
32 0 .00078
33 0 .00081
34 0 .00084
35 0 .00087
36 0 .0009
37 0 .00095
38 0 .00099
39 0 .00103
40 0 .00108
41 0 .00112
42 0 .00117
43 0 .00122
44 0 .00127
45 0 .00132
46 0 .00137
47 0 .00146
48 0 .00155
49 0 .00165
50 0 .00174
51 0 .00183
52 0 .00194
53 0 .00206
54 0 .00218
55 0 .0023
56 0 .00242
57 0 .00262
58 0 .00283
59 0 .00303
60 0 .00324
61 0 .00345
62 0 .00373
63 0 .00402
64 0 .00431
65 0 .0046
66 0 .00489
67 0 .00534
68 0 .0058
69 0 .00626
70 0 .00672
71 0 .00718
72 0 .00791
73 0 .00864
74 0 .00938
75 0 .01013
76 0 .01088
77 0 .0119
78 0 .01294
79 0 .014
80 0 .01506
81 0 .01614
82 0 .01758
83 0 .01906
84 0 .02055
85 0 .02207
86 0 .02362
87 0 .02537
88 0 .02715
89 0 .02897
90 0 .03083
91 0 .03273
92 0 .03449
93 0 .03629
94 0 .03813
95 0 .04
96 0 .04191
97 0 .04264
98 0 .04337
99 0 .04411
100 0 1
*asmp for black females in year 1905; cols are type group gend marst
death 1 F single
1 0 .01314
2 0 .00206
3 0 .00165
4 0 .00125
5 0 .00085
6 0 .00046
7 0 .00044
8 0 .00042
9 0 .0004
10 0 .00038
11 0 .00036
12 0 .00038
13 0 .00041
14 0 .00043
15 0 .00046
16 0 .00048
17 0 .00051
18 0 .00054
19 0 .00056
20 0 .00059
21 0 .00061
22 0 .00063
23 0 .00064
24 0 .00066
25 0 .00067
26 0 .00069
27 0 .00071
28 0 .00073
29 0 .00074
30 0 .00076
31 0 .00078
32 0 .0008
33 0 .00082
34 0 .00083
35 0 .00085
36 0 .00087
37 0 .00089
38 0 .00091
39 0 .00093
40 0 .00095
41 0 .00097
42 0 .00099
43 0 .00102
44 0 .00104
45 0 .00107
46 0 .0011
47 0 .00117
48 0 .00124
49 0 .00131
50 0 .00139
51 0 .00146
52 0 .00155
53 0 .00165
54 0 .00174
55 0 .00184
56 0 .00193
57 0 .00213
58 0 .00232
59 0 .00251
60 0 .0027
61 0 .0029
62 0 .00314
63 0 .00339
64 0 .00364
65 0 .0039
66 0 .00415
67 0 .00459
68 0 .00503
69 0 .00548
70 0 .00593
71 0 .00638
72 0 .00705
73 0 .00772
74 0 .0084
75 0 .00908
76 0 .00977
77 0 .01076
78 0 .01176
79 0 .01277
80 0 .01379
81 0 .01483
82 0 .01612
83 0 .01744
84 0 .01878
85 0 .02013
86 0 .02151
87 0 .02305
88 0 .02461
89 0 .02621
90 0 .02783
91 0 .02948
92 0 .03111
93 0 .03277
94 0 .03446
95 0 .03618
96 0 .03794
97 0 .03911
98 0 .04029
99 0 .04149
100 0 1
