*asmp for white males in year 1884; cols are type group gend marst
death 1 M single
1 0 .01566
2 0 .00208
3 0 .00167
4 0 .00126
5 0 .00085
6 0 .00045
7 0 .00042
8 0 .0004
9 0 .00037
10 0 .00035
11 0 .00032
12 0 .00035
13 0 .00038
14 0 .0004
15 0 .00043
16 0 .00046
17 0 .00049
18 0 .00053
19 0 .00057
20 0 .00061
21 0 .00065
22 0 .00066
23 0 .00068
24 0 .00069
25 0 .0007
26 0 .00072
27 0 .00074
28 0 .00076
29 0 .00078
30 0 .0008
31 0 .00082
32 0 .00086
33 0 .00089
34 0 .00092
35 0 .00095
36 0 .00098
37 0 .00103
38 0 .00108
39 0 .00112
40 0 .00117
41 0 .00122
42 0 .00127
43 0 .00132
44 0 .00137
45 0 .00142
46 0 .00148
47 0 .00157
48 0 .00167
49 0 .00176
50 0 .00186
51 0 .00195
52 0 .00207
53 0 .00219
54 0 .00231
55 0 .00243
56 0 .00255
57 0 .00277
58 0 .00298
59 0 .00319
60 0 .00341
61 0 .00362
62 0 .00392
63 0 .00421
64 0 .00451
65 0 .00481
66 0 .00511
67 0 .00557
68 0 .00604
69 0 .00651
70 0 .00698
71 0 .00746
72 0 .00821
73 0 .00896
74 0 .00972
75 0 .01048
76 0 .01126
77 0 .0123
78 0 .01336
79 0 .01443
80 0 .01551
81 0 .01661
82 0 .01807
83 0 .01955
84 0 .02106
85 0 .0226
86 0 .02416
87 0 .02591
88 0 .02769
89 0 .02951
90 0 .03137
91 0 .03327
92 0 .03499
93 0 .03675
94 0 .03854
95 0 .04038
96 0 .04225
97 0 .04291
98 0 .04359
99 0 .04427
100 0 1
*asmp for white females in year 1884; cols are type group gend marst
death 1 F single
1 0 .01372
2 0 .00216
3 0 .00174
4 0 .00132
5 0 .0009
6 0 .00048
7 0 .00046
8 0 .00044
9 0 .00042
10 0 .0004
11 0 .00038
12 0 .0004
13 0 .00043
14 0 .00045
15 0 .00048
16 0 .0005
17 0 .00053
18 0 .00056
19 0 .00059
20 0 .00061
21 0 .00064
22 0 .00065
23 0 .00067
24 0 .00069
25 0 .0007
26 0 .00072
27 0 .00074
28 0 .00076
29 0 .00078
30 0 .0008
31 0 .00081
32 0 .00083
33 0 .00085
34 0 .00087
35 0 .00089
36 0 .00091
37 0 .00093
38 0 .00094
39 0 .00096
40 0 .00098
41 0 .001
42 0 .00103
43 0 .00106
44 0 .00108
45 0 .00111
46 0 .00114
47 0 .00121
48 0 .00128
49 0 .00136
50 0 .00143
51 0 .0015
52 0 .0016
53 0 .0017
54 0 .0018
55 0 .00189
56 0 .00199
57 0 .00219
58 0 .00239
59 0 .00258
60 0 .00278
61 0 .00298
62 0 .00323
63 0 .00349
64 0 .00374
65 0 .004
66 0 .00425
67 0 .0047
68 0 .00515
69 0 .00561
70 0 .00607
71 0 .00653
72 0 .0072
73 0 .00788
74 0 .00857
75 0 .00926
76 0 .00995
77 0 .01095
78 0 .01196
79 0 .01298
80 0 .01402
81 0 .01506
82 0 .01636
83 0 .01769
84 0 .01903
85 0 .0204
86 0 .02178
87 0 .02332
88 0 .02488
89 0 .02648
90 0 .0281
91 0 .02975
92 0 .03136
93 0 .03301
94 0 .03469
95 0 .03639
96 0 .03814
97 0 .03928
98 0 .04044
99 0 .04162
100 0 1
