*asmp for black males in year 1891; cols are type group gend marst
death 1 M single
1 0 .01862
2 0 .00254
3 0 .00203
4 0 .00153
5 0 .00103
6 0 .00053
7 0 .0005
8 0 .00047
9 0 .00044
10 0 .00041
11 0 .00038
12 0 .00041
13 0 .00044
14 0 .00047
15 0 .0005
16 0 .00053
17 0 .00058
18 0 .00063
19 0 .00067
20 0 .00072
21 0 .00076
22 0 .00078
23 0 .0008
24 0 .00081
25 0 .00083
26 0 .00084
27 0 .00087
28 0 .0009
29 0 .00092
30 0 .00095
31 0 .00097
32 0 .00101
33 0 .00105
34 0 .00108
35 0 .00112
36 0 .00116
37 0 .00121
38 0 .00126
39 0 .00131
40 0 .00137
41 0 .00142
42 0 .00148
43 0 .00153
44 0 .00159
45 0 .00164
46 0 .0017
47 0 .0018
48 0 .00191
49 0 .00201
50 0 .00212
51 0 .00222
52 0 .00235
53 0 .00247
54 0 .0026
55 0 .00272
56 0 .00285
57 0 .00308
58 0 .00331
59 0 .00355
60 0 .00378
61 0 .00401
62 0 .00432
63 0 .00464
64 0 .00495
65 0 .00527
66 0 .00558
67 0 .00608
68 0 .00657
69 0 .00707
70 0 .00757
71 0 .00807
72 0 .00887
73 0 .00967
74 0 .01047
75 0 .01129
76 0 .01211
77 0 .0132
78 0 .01429
79 0 .01541
80 0 .01653
81 0 .01767
82 0 .01917
83 0 .02069
84 0 .02224
85 0 .02381
86 0 .02541
87 0 .02716
88 0 .02894
89 0 .03076
90 0 .03262
91 0 .03452
92 0 .03615
93 0 .03781
94 0 .0395
95 0 .04123
96 0 .04299
97 0 .04353
98 0 .04406
99 0 .0446
100 0 1
*asmp for black females in year 1891; cols are type group gend marst
death 1 F single
1 0 .0169
2 0 .00274
3 0 .0022
4 0 .00166
5 0 .00113
6 0 .0006
7 0 .00057
8 0 .00054
9 0 .00052
10 0 .00049
11 0 .00047
12 0 .0005
13 0 .00053
14 0 .00056
15 0 .00059
16 0 .00062
17 0 .00065
18 0 .00068
19 0 .00072
20 0 .00075
21 0 .00078
22 0 .0008
23 0 .00082
24 0 .00084
25 0 .00086
26 0 .00088
27 0 .0009
28 0 .00092
29 0 .00095
30 0 .00097
31 0 .001
32 0 .00102
33 0 .00104
34 0 .00106
35 0 .00108
36 0 .0011
37 0 .00112
38 0 .00114
39 0 .00116
40 0 .00118
41 0 .0012
42 0 .00123
43 0 .00126
44 0 .00128
45 0 .00131
46 0 .00134
47 0 .00142
48 0 .00151
49 0 .00159
50 0 .00168
51 0 .00176
52 0 .00187
53 0 .00198
54 0 .00209
55 0 .0022
56 0 .0023
57 0 .00253
58 0 .00276
59 0 .00298
60 0 .00321
61 0 .00344
62 0 .00371
63 0 .00399
64 0 .00426
65 0 .00454
66 0 .00482
67 0 .00531
68 0 .0058
69 0 .0063
70 0 .0068
71 0 .0073
72 0 .00803
73 0 .00875
74 0 .00949
75 0 .01023
76 0 .01098
77 0 .01203
78 0 .01309
79 0 .01417
80 0 .01525
81 0 .01636
82 0 .0177
83 0 .01906
84 0 .02044
85 0 .02185
86 0 .02328
87 0 .02482
88 0 .02638
89 0 .02797
90 0 .0296
91 0 .03125
92 0 .03279
93 0 .03437
94 0 .03597
95 0 .0376
96 0 .03926
97 0 .04027
98 0 .04128
99 0 .04232
100 0 1
