*asmp for white males in year 1974; cols are type group gend marst
death 1 M single
1 0 .00249
2 0 .00012
3 0 .0001
4 0 .00009
5 0 .00007
6 0 .00005
7 0 .00005
8 0 .00005
9 0 .00005
10 0 .00005
11 0 .00004
12 0 .00005
13 0 .00006
14 0 .00007
15 0 .00008
16 0 .00008
17 0 .00009
18 0 .0001
19 0 .0001
20 0 .00011
21 0 .00012
22 0 .00012
23 0 .00012
24 0 .00012
25 0 .00012
26 0 .00012
27 0 .00012
28 0 .00012
29 0 .00013
30 0 .00013
31 0 .00013
32 0 .00014
33 0 .00015
34 0 .00016
35 0 .00016
36 0 .00017
37 0 .00019
38 0 .0002
39 0 .00022
40 0 .00024
41 0 .00025
42 0 .00029
43 0 .00032
44 0 .00035
45 0 .00038
46 0 .00042
47 0 .00047
48 0 .00052
49 0 .00057
50 0 .00062
51 0 .00067
52 0 .00076
53 0 .00085
54 0 .00093
55 0 .00102
56 0 .00111
57 0 .00124
58 0 .00137
59 0 .0015
60 0 .00163
61 0 .00176
62 0 .00197
63 0 .00218
64 0 .00239
65 0 .0026
66 0 .00282
67 0 .00316
68 0 .00351
69 0 .00385
70 0 .0042
71 0 .00455
72 0 .0051
73 0 .00566
74 0 .00622
75 0 .00678
76 0 .00735
77 0 .00826
78 0 .00918
79 0 .01011
80 0 .01104
81 0 .01199
82 0 .01338
83 0 .0148
84 0 .01623
85 0 .01769
86 0 .01918
87 0 .02101
88 0 .02289
89 0 .0248
90 0 .02675
91 0 .02875
92 0 .03085
93 0 .03299
94 0 .03519
95 0 .03745
96 0 .03976
97 0 .04093
98 0 .04211
99 0 .04331
100 0 1
*asmp for white females in year 1974; cols are type group gend marst
death 1 F single
1 0 .00114
2 0 .00005
3 0 .00005
4 0 .00004
5 0 .00003
6 0 .00002
7 0 .00002
8 0 .00002
9 0 .00002
10 0 .00002
11 0 .00002
12 0 .00002
13 0 .00002
14 0 .00002
15 0 .00003
16 0 .00003
17 0 .00003
18 0 .00003
19 0 .00004
20 0 .00004
21 0 .00004
22 0 .00004
23 0 .00005
24 0 .00005
25 0 .00005
26 0 .00005
27 0 .00005
28 0 .00006
29 0 .00006
30 0 .00006
31 0 .00006
32 0 .00007
33 0 .00007
34 0 .00008
35 0 .00008
36 0 .00009
37 0 .00009
38 0 .0001
39 0 .00011
40 0 .00012
41 0 .00013
42 0 .00014
43 0 .00016
44 0 .00017
45 0 .00019
46 0 .0002
47 0 .00022
48 0 .00025
49 0 .00027
50 0 .00029
51 0 .00031
52 0 .00035
53 0 .00038
54 0 .00042
55 0 .00045
56 0 .00049
57 0 .00055
58 0 .00061
59 0 .00067
60 0 .00073
61 0 .00079
62 0 .00091
63 0 .00103
64 0 .00116
65 0 .00128
66 0 .0014
67 0 .00162
68 0 .00185
69 0 .00207
70 0 .00229
71 0 .00251
72 0 .00291
73 0 .0033
74 0 .0037
75 0 .0041
76 0 .0045
77 0 .00519
78 0 .0059
79 0 .00661
80 0 .00732
81 0 .00804
82 0 .00913
83 0 .01023
84 0 .01134
85 0 .01247
86 0 .01361
87 0 .01511
88 0 .01663
89 0 .01817
90 0 .01975
91 0 .02135
92 0 .02324
93 0 .02516
94 0 .02714
95 0 .02915
96 0 .03122
97 0 .0332
98 0 .03523
99 0 .03731
100 0 1
