*asmp for white males in year 1946; cols are type group gend marst
death 1 M single
1 0 .00393
2 0 .00024
3 0 .00021
4 0 .00017
5 0 .00013
6 0 .00009
7 0 .00009
8 0 .00008
9 0 .00008
10 0 .00008
11 0 .00007
12 0 .00008
13 0 .00009
14 0 .00011
15 0 .00012
16 0 .00013
17 0 .00014
18 0 .00015
19 0 .00016
20 0 .00017
21 0 .00018
22 0 .00018
23 0 .00018
24 0 .00018
25 0 .00018
26 0 .00018
27 0 .00019
28 0 .00019
29 0 .0002
30 0 .0002
31 0 .0002
32 0 .00022
33 0 .00023
34 0 .00024
35 0 .00025
36 0 .00026
37 0 .00028
38 0 .00031
39 0 .00033
40 0 .00035
41 0 .00037
42 0 .00041
43 0 .00044
44 0 .00048
45 0 .00052
46 0 .00056
47 0 .00062
48 0 .00067
49 0 .00073
50 0 .00079
51 0 .00085
52 0 .00095
53 0 .00105
54 0 .00114
55 0 .00124
56 0 .00133
57 0 .00148
58 0 .00163
59 0 .00177
60 0 .00192
61 0 .00207
62 0 .00229
63 0 .00252
64 0 .00275
65 0 .00298
66 0 .0032
67 0 .00357
68 0 .00394
69 0 .00431
70 0 .00468
71 0 .00506
72 0 .00565
73 0 .00624
74 0 .00683
75 0 .00743
76 0 .00804
77 0 .00897
78 0 .00991
79 0 .01087
80 0 .01183
81 0 .0128
82 0 .0142
83 0 .01563
84 0 .01707
85 0 .01854
86 0 .02004
87 0 .02185
88 0 .0237
89 0 .02559
90 0 .02752
91 0 .02949
92 0 .03152
93 0 .03359
94 0 .03572
95 0 .0379
96 0 .04013
97 0 .04121
98 0 .0423
99 0 .04341
100 0 1
*asmp for white females in year 1946; cols are type group gend marst
death 1 F single
1 0 .00265
2 0 .00017
3 0 .00014
4 0 .00011
5 0 .00009
6 0 .00006
7 0 .00006
8 0 .00005
9 0 .00005
10 0 .00005
11 0 .00005
12 0 .00005
13 0 .00006
14 0 .00006
15 0 .00007
16 0 .00008
17 0 .00008
18 0 .00009
19 0 .00009
20 0 .0001
21 0 .00011
22 0 .00011
23 0 .00011
24 0 .00012
25 0 .00012
26 0 .00013
27 0 .00013
28 0 .00014
29 0 .00014
30 0 .00015
31 0 .00015
32 0 .00016
33 0 .00017
34 0 .00018
35 0 .00019
36 0 .0002
37 0 .00021
38 0 .00022
39 0 .00024
40 0 .00025
41 0 .00027
42 0 .00029
43 0 .00031
44 0 .00034
45 0 .00036
46 0 .00039
47 0 .00043
48 0 .00046
49 0 .0005
50 0 .00054
51 0 .00057
52 0 .00063
53 0 .00069
54 0 .00075
55 0 .0008
56 0 .00086
57 0 .00096
58 0 .00106
59 0 .00116
60 0 .00126
61 0 .00137
62 0 .00155
63 0 .00173
64 0 .00191
65 0 .00209
66 0 .00227
67 0 .00258
68 0 .0029
69 0 .00322
70 0 .00354
71 0 .00386
72 0 .00439
73 0 .00492
74 0 .00546
75 0 .006
76 0 .00654
77 0 .00743
78 0 .00832
79 0 .00923
80 0 .01014
81 0 .01107
82 0 .01236
83 0 .01367
84 0 .015
85 0 .01635
86 0 .01772
87 0 .01938
88 0 .02107
89 0 .02279
90 0 .02455
91 0 .02634
92 0 .02824
93 0 .03018
94 0 .03216
95 0 .03419
96 0 .03627
97 0 .03781
98 0 .03938
99 0 .04097
100 0 1
