*asmp for black males in year 2027; cols are type group gend marst
death 1 M single
1 0 .00104
2 0 .00003
3 0 .00003
4 0 .00003
5 0 .00002
6 0 .00002
7 0 .00002
8 0 .00002
9 0 .00002
10 0 .00002
11 0 .00002
12 0 .00002
13 0 .00003
14 0 .00003
15 0 .00003
16 0 .00004
17 0 .00004
18 0 .00004
19 0 .00005
20 0 .00005
21 0 .00005
22 0 .00005
23 0 .00005
24 0 .00005
25 0 .00005
26 0 .00005
27 0 .00005
28 0 .00005
29 0 .00005
30 0 .00005
31 0 .00005
32 0 .00006
33 0 .00006
34 0 .00007
35 0 .00007
36 0 .00007
37 0 .00008
38 0 .00009
39 0 .0001
40 0 .00011
41 0 .00012
42 0 .00014
43 0 .00016
44 0 .00018
45 0 .0002
46 0 .00022
47 0 .00025
48 0 .00029
49 0 .00032
50 0 .00035
51 0 .00039
52 0 .00045
53 0 .00051
54 0 .00057
55 0 .00064
56 0 .0007
57 0 .00079
58 0 .00089
59 0 .00098
60 0 .00107
61 0 .00117
62 0 .00133
63 0 .00149
64 0 .00165
65 0 .00182
66 0 .00198
67 0 .00225
68 0 .00253
69 0 .0028
70 0 .00308
71 0 .00336
72 0 .0038
73 0 .00425
74 0 .0047
75 0 .00516
76 0 .00562
77 0 .0064
78 0 .0072
79 0 .008
80 0 .00881
81 0 .00962
82 0 .01089
83 0 .01217
84 0 .01347
85 0 .01479
86 0 .01613
87 0 .01789
88 0 .01968
89 0 .0215
90 0 .02337
91 0 .02527
92 0 .02746
93 0 .02969
94 0 .03199
95 0 .03435
96 0 .03677
97 0 .03837
98 0 .04
99 0 .04166
100 0 1
*asmp for black females in year 2027; cols are type group gend marst
death 1 F single
1 0 .00076
2 0 .00004
3 0 .00003
4 0 .00003
5 0 .00002
6 0 .00001
7 0 .00001
8 0 .00001
9 0 .00001
10 0 .00001
11 0 .00001
12 0 .00001
13 0 .00001
14 0 .00002
15 0 .00002
16 0 .00002
17 0 .00002
18 0 .00002
19 0 .00002
20 0 .00003
21 0 .00003
22 0 .00003
23 0 .00003
24 0 .00003
25 0 .00003
26 0 .00003
27 0 .00004
28 0 .00004
29 0 .00004
30 0 .00004
31 0 .00004
32 0 .00004
33 0 .00005
34 0 .00005
35 0 .00005
36 0 .00006
37 0 .00006
38 0 .00007
39 0 .00007
40 0 .00008
41 0 .00008
42 0 .00009
43 0 .0001
44 0 .00011
45 0 .00012
46 0 .00013
47 0 .00014
48 0 .00016
49 0 .00017
50 0 .00018
51 0 .0002
52 0 .00022
53 0 .00024
54 0 .00027
55 0 .00029
56 0 .00031
57 0 .00035
58 0 .00039
59 0 .00043
60 0 .00046
61 0 .0005
62 0 .00059
63 0 .00067
64 0 .00075
65 0 .00084
66 0 .00092
67 0 .00108
68 0 .00123
69 0 .00139
70 0 .00154
71 0 .0017
72 0 .00198
73 0 .00227
74 0 .00256
75 0 .00284
76 0 .00313
77 0 .00365
78 0 .00418
79 0 .00471
80 0 .00524
81 0 .00577
82 0 .00662
83 0 .00747
84 0 .00834
85 0 .00921
86 0 .01009
87 0 .01131
88 0 .01255
89 0 .01381
90 0 .01508
91 0 .01638
92 0 .01804
93 0 .01972
94 0 .02144
95 0 .0232
96 0 .02499
97 0 .02713
98 0 .02931
99 0 .03156
100 0 1
