*asmp for black males in year 1940; cols are type group gend marst
death 1 M single
1 0 .00922
2 0 .001
3 0 .00081
4 0 .00063
5 0 .00044
6 0 .00025
7 0 .00024
8 0 .00022
9 0 .00021
10 0 .0002
11 0 .00019
12 0 .0002
13 0 .00022
14 0 .00024
15 0 .00026
16 0 .00028
17 0 .0003
18 0 .00033
19 0 .00035
20 0 .00038
21 0 .0004
22 0 .00041
23 0 .00041
24 0 .00042
25 0 .00043
26 0 .00043
27 0 .00044
28 0 .00046
29 0 .00047
30 0 .00048
31 0 .00049
32 0 .00051
33 0 .00053
34 0 .00056
35 0 .00058
36 0 .0006
37 0 .00063
38 0 .00066
39 0 .0007
40 0 .00073
41 0 .00076
42 0 .00081
43 0 .00086
44 0 .0009
45 0 .00095
46 0 .00099
47 0 .00107
48 0 .00115
49 0 .00122
50 0 .0013
51 0 .00138
52 0 .00148
53 0 .00159
54 0 .0017
55 0 .00181
56 0 .00192
57 0 .0021
58 0 .00228
59 0 .00246
60 0 .00264
61 0 .00282
62 0 .00308
63 0 .00334
64 0 .0036
65 0 .00386
66 0 .00413
67 0 .00454
68 0 .00496
69 0 .00538
70 0 .0058
71 0 .00623
72 0 .00689
73 0 .00756
74 0 .00823
75 0 .00891
76 0 .00959
77 0 .01057
78 0 .01157
79 0 .01257
80 0 .01358
81 0 .01461
82 0 .01603
83 0 .01747
84 0 .01893
85 0 .02042
86 0 .02194
87 0 .0237
88 0 .02551
89 0 .02735
90 0 .02923
91 0 .03115
92 0 .03303
93 0 .03495
94 0 .03692
95 0 .03893
96 0 .04098
97 0 .04188
98 0 .04279
99 0 .04371
100 0 1
*asmp for black females in year 1940; cols are type group gend marst
death 1 F single
1 0 .00865
2 0 .00116
3 0 .00094
4 0 .00072
5 0 .0005
6 0 .00028
7 0 .00027
8 0 .00026
9 0 .00024
10 0 .00023
11 0 .00022
12 0 .00024
13 0 .00026
14 0 .00028
15 0 .00029
16 0 .00031
17 0 .00033
18 0 .00035
19 0 .00037
20 0 .00039
21 0 .00041
22 0 .00042
23 0 .00043
24 0 .00044
25 0 .00045
26 0 .00046
27 0 .00048
28 0 .00049
29 0 .0005
30 0 .00051
31 0 .00053
32 0 .00054
33 0 .00055
34 0 .00057
35 0 .00058
36 0 .0006
37 0 .00061
38 0 .00063
39 0 .00065
40 0 .00066
41 0 .00068
42 0 .00071
43 0 .00073
44 0 .00076
45 0 .00079
46 0 .00081
47 0 .00087
48 0 .00093
49 0 .00099
50 0 .00104
51 0 .0011
52 0 .00118
53 0 .00126
54 0 .00134
55 0 .00142
56 0 .00151
57 0 .00166
58 0 .00181
59 0 .00197
60 0 .00212
61 0 .00228
62 0 .0025
63 0 .00272
64 0 .00295
65 0 .00317
66 0 .0034
67 0 .00379
68 0 .00418
69 0 .00458
70 0 .00497
71 0 .00537
72 0 .00598
73 0 .0066
74 0 .00721
75 0 .00784
76 0 .00846
77 0 .0094
78 0 .01035
79 0 .0113
80 0 .01227
81 0 .01324
82 0 .01451
83 0 .0158
84 0 .01711
85 0 .01844
86 0 .01979
87 0 .02134
88 0 .02292
89 0 .02454
90 0 .02618
91 0 .02785
92 0 .02957
93 0 .03132
94 0 .03311
95 0 .03493
96 0 .03679
97 0 .03812
98 0 .03948
99 0 .04085
100 0 1
