*asmp for black males in year 1958; cols are type group gend marst
death 1 M single
1 0 .00594
2 0 .00052
3 0 .00043
4 0 .00034
5 0 .00024
6 0 .00015
7 0 .00015
8 0 .00014
9 0 .00013
10 0 .00012
11 0 .00012
12 0 .00013
13 0 .00014
14 0 .00016
15 0 .00017
16 0 .00019
17 0 .0002
18 0 .00022
19 0 .00023
20 0 .00025
21 0 .00027
22 0 .00027
23 0 .00027
24 0 .00027
25 0 .00028
26 0 .00028
27 0 .00029
28 0 .00029
29 0 .0003
30 0 .00031
31 0 .00031
32 0 .00033
33 0 .00035
34 0 .00036
35 0 .00038
36 0 .00039
37 0 .00042
38 0 .00044
39 0 .00047
40 0 .0005
41 0 .00052
42 0 .00056
43 0 .00061
44 0 .00065
45 0 .00069
46 0 .00073
47 0 .0008
48 0 .00086
49 0 .00093
50 0 .001
51 0 .00106
52 0 .00116
53 0 .00127
54 0 .00137
55 0 .00147
56 0 .00157
57 0 .00173
58 0 .00189
59 0 .00205
60 0 .00221
61 0 .00237
62 0 .00261
63 0 .00286
64 0 .0031
65 0 .00334
66 0 .00358
67 0 .00397
68 0 .00436
69 0 .00475
70 0 .00514
71 0 .00554
72 0 .00616
73 0 .00678
74 0 .00741
75 0 .00804
76 0 .00868
77 0 .00963
78 0 .01059
79 0 .01156
80 0 .01255
81 0 .01354
82 0 .01495
83 0 .01637
84 0 .01782
85 0 .0193
86 0 .02079
87 0 .02258
88 0 .02441
89 0 .02628
90 0 .02818
91 0 .03013
92 0 .03209
93 0 .0341
94 0 .03616
95 0 .03827
96 0 .04042
97 0 .04143
98 0 .04246
99 0 .04349
100 0 1
*asmp for black females in year 1958; cols are type group gend marst
death 1 F single
1 0 .00432
2 0 .00041
3 0 .00033
4 0 .00026
5 0 .00019
6 0 .00011
7 0 .00011
8 0 .0001
9 0 .0001
10 0 .0001
11 0 .00009
12 0 .0001
13 0 .00011
14 0 .00012
15 0 .00013
16 0 .00014
17 0 .00015
18 0 .00016
19 0 .00017
20 0 .00018
21 0 .00019
22 0 .00019
23 0 .0002
24 0 .00021
25 0 .00021
26 0 .00022
27 0 .00023
28 0 .00023
29 0 .00024
30 0 .00025
31 0 .00026
32 0 .00027
33 0 .00028
34 0 .00029
35 0 .0003
36 0 .00031
37 0 .00032
38 0 .00034
39 0 .00035
40 0 .00037
41 0 .00039
42 0 .00041
43 0 .00044
44 0 .00046
45 0 .00049
46 0 .00052
47 0 .00056
48 0 .0006
49 0 .00065
50 0 .00069
51 0 .00074
52 0 .0008
53 0 .00087
54 0 .00093
55 0 .001
56 0 .00106
57 0 .00118
58 0 .0013
59 0 .00142
60 0 .00153
61 0 .00165
62 0 .00185
63 0 .00204
64 0 .00224
65 0 .00243
66 0 .00263
67 0 .00297
68 0 .00331
69 0 .00366
70 0 .004
71 0 .00435
72 0 .00491
73 0 .00547
74 0 .00603
75 0 .0066
76 0 .00717
77 0 .00807
78 0 .00898
79 0 .0099
80 0 .01083
81 0 .01177
82 0 .01305
83 0 .01435
84 0 .01566
85 0 .017
86 0 .01835
87 0 .01997
88 0 .02162
89 0 .02329
90 0 .025
91 0 .02674
92 0 .02857
93 0 .03044
94 0 .03235
95 0 .0343
96 0 .0363
97 0 .03777
98 0 .03927
99 0 .0408
100 0 1
