*asmp for white males in year 1925; cols are type group gend marst
death 1 M single
1 0 .00682
2 0 .00065
3 0 .00053
4 0 .00041
5 0 .0003
6 0 .00018
7 0 .00017
8 0 .00016
9 0 .00015
10 0 .00014
11 0 .00013
12 0 .00015
13 0 .00017
14 0 .00018
15 0 .0002
16 0 .00021
17 0 .00023
18 0 .00025
19 0 .00027
20 0 .00028
21 0 .0003
22 0 .00031
23 0 .00031
24 0 .00031
25 0 .00032
26 0 .00032
27 0 .00033
28 0 .00034
29 0 .00035
30 0 .00035
31 0 .00036
32 0 .00038
33 0 .0004
34 0 .00041
35 0 .00043
36 0 .00045
37 0 .00048
38 0 .0005
39 0 .00053
40 0 .00056
41 0 .00059
42 0 .00063
43 0 .00067
44 0 .00072
45 0 .00076
46 0 .0008
47 0 .00087
48 0 .00094
49 0 .00101
50 0 .00108
51 0 .00115
52 0 .00125
53 0 .00136
54 0 .00146
55 0 .00157
56 0 .00167
57 0 .00184
58 0 .002
59 0 .00217
60 0 .00233
61 0 .0025
62 0 .00275
63 0 .00299
64 0 .00324
65 0 .00349
66 0 .00374
67 0 .00413
68 0 .00453
69 0 .00493
70 0 .00533
71 0 .00574
72 0 .00637
73 0 .007
74 0 .00764
75 0 .00829
76 0 .00894
77 0 .0099
78 0 .01087
79 0 .01185
80 0 .01284
81 0 .01385
82 0 .01525
83 0 .01668
84 0 .01814
85 0 .01961
86 0 .02112
87 0 .0229
88 0 .02472
89 0 .02658
90 0 .02847
91 0 .03041
92 0 .03235
93 0 .03434
94 0 .03637
95 0 .03844
96 0 .04057
97 0 .04155
98 0 .04254
99 0 .04354
100 0 1
*asmp for white females in year 1925; cols are type group gend marst
death 1 F single
1 0 .00615
2 0 .00071
3 0 .00058
4 0 .00045
5 0 .00032
6 0 .00018
7 0 .00018
8 0 .00017
9 0 .00016
10 0 .00015
11 0 .00014
12 0 .00016
13 0 .00017
14 0 .00019
15 0 .0002
16 0 .00021
17 0 .00023
18 0 .00024
19 0 .00025
20 0 .00027
21 0 .00028
22 0 .00029
23 0 .0003
24 0 .00031
25 0 .00031
26 0 .00032
27 0 .00033
28 0 .00034
29 0 .00035
30 0 .00036
31 0 .00037
32 0 .00038
33 0 .00039
34 0 .00041
35 0 .00042
36 0 .00043
37 0 .00045
38 0 .00046
39 0 .00048
40 0 .0005
41 0 .00051
42 0 .00054
43 0 .00057
44 0 .00059
45 0 .00062
46 0 .00065
47 0 .0007
48 0 .00075
49 0 .0008
50 0 .00085
51 0 .0009
52 0 .00097
53 0 .00104
54 0 .00112
55 0 .00119
56 0 .00126
57 0 .0014
58 0 .00153
59 0 .00166
60 0 .0018
61 0 .00193
62 0 .00214
63 0 .00235
64 0 .00256
65 0 .00277
66 0 .00298
67 0 .00334
68 0 .00371
69 0 .00408
70 0 .00445
71 0 .00482
72 0 .0054
73 0 .00598
74 0 .00657
75 0 .00716
76 0 .00776
77 0 .00868
78 0 .0096
79 0 .01054
80 0 .01148
81 0 .01244
82 0 .01371
83 0 .015
84 0 .01631
85 0 .01764
86 0 .01898
87 0 .02057
88 0 .02218
89 0 .02382
90 0 .0255
91 0 .0272
92 0 .02898
93 0 .03079
94 0 .03264
95 0 .03453
96 0 .03646
97 0 .03787
98 0 .0393
99 0 .04075
100 0 1
