*asmp for white males in year 1892; cols are type group gend marst
death 1 M single
1 0 .01251
2 0 .00155
3 0 .00125
4 0 .00095
5 0 .00065
6 0 .00035
7 0 .00033
8 0 .00031
9 0 .00029
10 0 .00027
11 0 .00025
12 0 .00028
13 0 .0003
14 0 .00032
15 0 .00035
16 0 .00037
17 0 .0004
18 0 .00044
19 0 .00047
20 0 .0005
21 0 .00053
22 0 .00054
23 0 .00055
24 0 .00056
25 0 .00057
26 0 .00058
27 0 .0006
28 0 .00062
29 0 .00063
30 0 .00065
31 0 .00067
32 0 .00069
33 0 .00072
34 0 .00075
35 0 .00077
36 0 .0008
37 0 .00084
38 0 .00088
39 0 .00092
40 0 .00096
41 0 .00099
42 0 .00104
43 0 .00109
44 0 .00114
45 0 .00119
46 0 .00124
47 0 .00132
48 0 .00141
49 0 .00149
50 0 .00158
51 0 .00166
52 0 .00177
53 0 .00189
54 0 .002
55 0 .00212
56 0 .00223
57 0 .00243
58 0 .00262
59 0 .00282
60 0 .00301
61 0 .00321
62 0 .00349
63 0 .00376
64 0 .00404
65 0 .00432
66 0 .0046
67 0 .00504
68 0 .00548
69 0 .00593
70 0 .00637
71 0 .00682
72 0 .00752
73 0 .00823
74 0 .00894
75 0 .00966
76 0 .01038
77 0 .01139
78 0 .01241
79 0 .01345
80 0 .01449
81 0 .01555
82 0 .01698
83 0 .01844
84 0 .01992
85 0 .02142
86 0 .02296
87 0 .02471
88 0 .0265
89 0 .02833
90 0 .03019
91 0 .0321
92 0 .03391
93 0 .03575
94 0 .03764
95 0 .03956
96 0 .04153
97 0 .04233
98 0 .04313
99 0 .04394
100 0 1
*asmp for white females in year 1892; cols are type group gend marst
death 1 F single
1 0 .011
2 0 .00166
3 0 .00134
4 0 .00102
5 0 .0007
6 0 .00038
7 0 .00036
8 0 .00034
9 0 .00033
10 0 .00031
11 0 .0003
12 0 .00032
13 0 .00034
14 0 .00036
15 0 .00038
16 0 .0004
17 0 .00043
18 0 .00045
19 0 .00047
20 0 .00049
21 0 .00051
22 0 .00053
23 0 .00054
24 0 .00055
25 0 .00057
26 0 .00058
27 0 .00059
28 0 .00061
29 0 .00063
30 0 .00064
31 0 .00066
32 0 .00067
33 0 .00069
34 0 .0007
35 0 .00072
36 0 .00074
37 0 .00075
38 0 .00077
39 0 .00079
40 0 .00081
41 0 .00083
42 0 .00085
43 0 .00088
44 0 .00091
45 0 .00093
46 0 .00096
47 0 .00102
48 0 .00109
49 0 .00115
50 0 .00122
51 0 .00128
52 0 .00137
53 0 .00146
54 0 .00155
55 0 .00163
56 0 .00172
57 0 .00189
58 0 .00207
59 0 .00224
60 0 .00241
61 0 .00259
62 0 .00282
63 0 .00306
64 0 .00329
65 0 .00353
66 0 .00377
67 0 .00418
68 0 .0046
69 0 .00502
70 0 .00545
71 0 .00587
72 0 .00651
73 0 .00715
74 0 .00779
75 0 .00845
76 0 .0091
77 0 .01006
78 0 .01103
79 0 .01201
80 0 .013
81 0 .014
82 0 .01528
83 0 .01658
84 0 .0179
85 0 .01924
86 0 .0206
87 0 .02214
88 0 .02371
89 0 .02531
90 0 .02693
91 0 .02859
92 0 .03026
93 0 .03197
94 0 .0337
95 0 .03548
96 0 .03729
97 0 .03854
98 0 .03981
99 0 .04111
100 0 1
