*asmp for black males in year 1936; cols are type group gend marst
death 1 M single
1 0 .01026
2 0 .00117
3 0 .00095
4 0 .00072
5 0 .0005
6 0 .00028
7 0 .00027
8 0 .00025
9 0 .00024
10 0 .00022
11 0 .00021
12 0 .00023
13 0 .00025
14 0 .00027
15 0 .00029
16 0 .00031
17 0 .00034
18 0 .00036
19 0 .00039
20 0 .00042
21 0 .00044
22 0 .00045
23 0 .00046
24 0 .00047
25 0 .00047
26 0 .00048
27 0 .00049
28 0 .00051
29 0 .00052
30 0 .00053
31 0 .00055
32 0 .00057
33 0 .00059
34 0 .00062
35 0 .00064
36 0 .00066
37 0 .0007
38 0 .00073
39 0 .00077
40 0 .0008
41 0 .00084
42 0 .00089
43 0 .00093
44 0 .00098
45 0 .00103
46 0 .00107
47 0 .00115
48 0 .00123
49 0 .00131
50 0 .00139
51 0 .00147
52 0 .00158
53 0 .00169
54 0 .0018
55 0 .00191
56 0 .00202
57 0 .00221
58 0 .00239
59 0 .00258
60 0 .00276
61 0 .00295
62 0 .00321
63 0 .00348
64 0 .00375
65 0 .00402
66 0 .00428
67 0 .00471
68 0 .00513
69 0 .00556
70 0 .00599
71 0 .00642
72 0 .0071
73 0 .00778
74 0 .00847
75 0 .00916
76 0 .00985
77 0 .01084
78 0 .01185
79 0 .01286
80 0 .01388
81 0 .01492
82 0 .01634
83 0 .01779
84 0 .01926
85 0 .02075
86 0 .02227
87 0 .02403
88 0 .02583
89 0 .02767
90 0 .02954
91 0 .03146
92 0 .03332
93 0 .03521
94 0 .03715
95 0 .03913
96 0 .04116
97 0 .04203
98 0 .0429
99 0 .04378
100 0 1
*asmp for black females in year 1936; cols are type group gend marst
death 1 F single
1 0 .00955
2 0 .00135
3 0 .00109
4 0 .00083
5 0 .00057
6 0 .00032
7 0 .0003
8 0 .00029
9 0 .00028
10 0 .00026
11 0 .00025
12 0 .00027
13 0 .00029
14 0 .00031
15 0 .00033
16 0 .00035
17 0 .00037
18 0 .00039
19 0 .00041
20 0 .00043
21 0 .00045
22 0 .00047
23 0 .00048
24 0 .00049
25 0 .0005
26 0 .00051
27 0 .00053
28 0 .00054
29 0 .00055
30 0 .00057
31 0 .00058
32 0 .00059
33 0 .00061
34 0 .00062
35 0 .00064
36 0 .00065
37 0 .00067
38 0 .00069
39 0 .0007
40 0 .00072
41 0 .00074
42 0 .00076
43 0 .00079
44 0 .00082
45 0 .00084
46 0 .00087
47 0 .00093
48 0 .00099
49 0 .00105
50 0 .00111
51 0 .00117
52 0 .00125
53 0 .00134
54 0 .00142
55 0 .0015
56 0 .00159
57 0 .00175
58 0 .00191
59 0 .00207
60 0 .00223
61 0 .00239
62 0 .00262
63 0 .00285
64 0 .00308
65 0 .00331
66 0 .00354
67 0 .00394
68 0 .00434
69 0 .00474
70 0 .00515
71 0 .00556
72 0 .00618
73 0 .0068
74 0 .00743
75 0 .00806
76 0 .0087
77 0 .00964
78 0 .01059
79 0 .01156
80 0 .01253
81 0 .01352
82 0 .01479
83 0 .01608
84 0 .01739
85 0 .01872
86 0 .02007
87 0 .02161
88 0 .02319
89 0 .02479
90 0 .02643
91 0 .02809
92 0 .02979
93 0 .03153
94 0 .03329
95 0 .0351
96 0 .03694
97 0 .03824
98 0 .03957
99 0 .04091
100 0 1
