*asmp for black males in year 1932; cols are type group gend marst
death 1 M single
1 0 .01136
2 0 .00135
3 0 .00109
4 0 .00083
5 0 .00057
6 0 .00032
7 0 .0003
8 0 .00028
9 0 .00026
10 0 .00025
11 0 .00023
12 0 .00025
13 0 .00027
14 0 .0003
15 0 .00032
16 0 .00034
17 0 .00037
18 0 .0004
19 0 .00043
20 0 .00046
21 0 .00049
22 0 .0005
23 0 .0005
24 0 .00051
25 0 .00052
26 0 .00053
27 0 .00055
28 0 .00056
29 0 .00058
30 0 .00059
31 0 .00061
32 0 .00063
33 0 .00066
34 0 .00068
35 0 .00071
36 0 .00073
37 0 .00077
38 0 .0008
39 0 .00084
40 0 .00088
41 0 .00092
42 0 .00096
43 0 .00101
44 0 .00106
45 0 .00111
46 0 .00115
47 0 .00124
48 0 .00132
49 0 .0014
50 0 .00148
51 0 .00156
52 0 .00167
53 0 .00179
54 0 .0019
55 0 .00201
56 0 .00212
57 0 .00231
58 0 .0025
59 0 .0027
60 0 .00289
61 0 .00308
62 0 .00335
63 0 .00362
64 0 .00389
65 0 .00416
66 0 .00444
67 0 .00487
68 0 .0053
69 0 .00574
70 0 .00618
71 0 .00662
72 0 .00731
73 0 .008
74 0 .0087
75 0 .0094
76 0 .01011
77 0 .01111
78 0 .01212
79 0 .01315
80 0 .01418
81 0 .01523
82 0 .01665
83 0 .01811
84 0 .01958
85 0 .02108
86 0 .02261
87 0 .02436
88 0 .02616
89 0 .02799
90 0 .02986
91 0 .03177
92 0 .0336
93 0 .03548
94 0 .03739
95 0 .03934
96 0 .04134
97 0 .04217
98 0 .04301
99 0 .04386
100 0 1
*asmp for black females in year 1932; cols are type group gend marst
death 1 F single
1 0 .01051
2 0 .00156
3 0 .00126
4 0 .00096
5 0 .00066
6 0 .00036
7 0 .00034
8 0 .00033
9 0 .00031
10 0 .0003
11 0 .00028
12 0 .0003
13 0 .00032
14 0 .00034
15 0 .00036
16 0 .00038
17 0 .00041
18 0 .00043
19 0 .00045
20 0 .00047
21 0 .00049
22 0 .0005
23 0 .00052
24 0 .00053
25 0 .00054
26 0 .00055
27 0 .00057
28 0 .00058
29 0 .0006
30 0 .00061
31 0 .00063
32 0 .00064
33 0 .00066
34 0 .00067
35 0 .00069
36 0 .0007
37 0 .00072
38 0 .00074
39 0 .00076
40 0 .00078
41 0 .00079
42 0 .00082
43 0 .00085
44 0 .00087
45 0 .0009
46 0 .00092
47 0 .00099
48 0 .00105
49 0 .00111
50 0 .00118
51 0 .00124
52 0 .00133
53 0 .00141
54 0 .0015
55 0 .00158
56 0 .00167
57 0 .00184
58 0 .00201
59 0 .00218
60 0 .00235
61 0 .00251
62 0 .00275
63 0 .00298
64 0 .00321
65 0 .00344
66 0 .00368
67 0 .00409
68 0 .0045
69 0 .00491
70 0 .00533
71 0 .00575
72 0 .00638
73 0 .00701
74 0 .00765
75 0 .0083
76 0 .00894
77 0 .0099
78 0 .01086
79 0 .01183
80 0 .01282
81 0 .01381
82 0 .01509
83 0 .01638
84 0 .0177
85 0 .01903
86 0 .02038
87 0 .02193
88 0 .0235
89 0 .0251
90 0 .02673
91 0 .02839
92 0 .03007
93 0 .03178
94 0 .03353
95 0 .03532
96 0 .03714
97 0 .03841
98 0 .03971
99 0 .04102
100 0 1
