*asmp for black males in year 1979; cols are type group gend marst
death 1 M single
1 0 .00432
2 0 .00029
3 0 .00025
4 0 .0002
5 0 .00015
6 0 .0001
7 0 .0001
8 0 .00009
9 0 .00009
10 0 .00009
11 0 .00008
12 0 .00009
13 0 .0001
14 0 .00012
15 0 .00013
16 0 .00014
17 0 .00015
18 0 .00016
19 0 .00017
20 0 .00018
21 0 .0002
22 0 .0002
23 0 .0002
24 0 .0002
25 0 .0002
26 0 .0002
27 0 .00021
28 0 .00021
29 0 .00022
30 0 .00022
31 0 .00023
32 0 .00024
33 0 .00025
34 0 .00026
35 0 .00028
36 0 .00029
37 0 .00031
38 0 .00033
39 0 .00035
40 0 .00038
41 0 .0004
42 0 .00044
43 0 .00048
44 0 .00051
45 0 .00055
46 0 .00059
47 0 .00065
48 0 .00071
49 0 .00077
50 0 .00083
51 0 .0009
52 0 .00099
53 0 .00109
54 0 .00119
55 0 .00129
56 0 .00138
57 0 .00153
58 0 .00168
59 0 .00183
60 0 .00198
61 0 .00213
62 0 .00236
63 0 .00259
64 0 .00282
65 0 .00305
66 0 .00328
67 0 .00365
68 0 .00403
69 0 .0044
70 0 .00478
71 0 .00516
72 0 .00575
73 0 .00635
74 0 .00695
75 0 .00756
76 0 .00817
77 0 .00911
78 0 .01005
79 0 .01101
80 0 .01198
81 0 .01296
82 0 .01436
83 0 .01578
84 0 .01723
85 0 .0187
86 0 .02019
87 0 .022
88 0 .02384
89 0 .02573
90 0 .02765
91 0 .02962
92 0 .03164
93 0 .0337
94 0 .03581
95 0 .03797
96 0 .04019
97 0 .04125
98 0 .04233
99 0 .04343
100 0 1
*asmp for black females in year 1979; cols are type group gend marst
death 1 F single
1 0 .00208
2 0 .00011
3 0 .0001
4 0 .00008
5 0 .00006
6 0 .00004
7 0 .00004
8 0 .00004
9 0 .00004
10 0 .00004
11 0 .00003
12 0 .00004
13 0 .00004
14 0 .00005
15 0 .00005
16 0 .00006
17 0 .00006
18 0 .00006
19 0 .00007
20 0 .00007
21 0 .00008
22 0 .00008
23 0 .00009
24 0 .00009
25 0 .00009
26 0 .0001
27 0 .0001
28 0 .0001
29 0 .00011
30 0 .00011
31 0 .00012
32 0 .00013
33 0 .00013
34 0 .00014
35 0 .00015
36 0 .00016
37 0 .00017
38 0 .00018
39 0 .00019
40 0 .00021
41 0 .00022
42 0 .00024
43 0 .00026
44 0 .00029
45 0 .00031
46 0 .00033
47 0 .00037
48 0 .0004
49 0 .00043
50 0 .00047
51 0 .0005
52 0 .00055
53 0 .0006
54 0 .00066
55 0 .00071
56 0 .00076
57 0 .00085
58 0 .00095
59 0 .00104
60 0 .00113
61 0 .00122
62 0 .00139
63 0 .00156
64 0 .00173
65 0 .0019
66 0 .00207
67 0 .00236
68 0 .00266
69 0 .00297
70 0 .00327
71 0 .00357
72 0 .00408
73 0 .00459
74 0 .0051
75 0 .00562
76 0 .00614
77 0 .00701
78 0 .00788
79 0 .00876
80 0 .00965
81 0 .01055
82 0 .01183
83 0 .01313
84 0 .01445
85 0 .01579
86 0 .01714
87 0 .01881
88 0 .02051
89 0 .02224
90 0 .024
91 0 .0258
92 0 .02773
93 0 .0297
94 0 .03172
95 0 .03378
96 0 .0359
97 0 .0375
98 0 .03914
99 0 .0408
100 0 1
