*asmp for white males in year 2001; cols are type group gend marst
death 1 M single
1 0 .00104
2 0 .00003
3 0 .00003
4 0 .00003
5 0 .00002
6 0 .00002
7 0 .00002
8 0 .00002
9 0 .00002
10 0 .00002
11 0 .00002
12 0 .00002
13 0 .00003
14 0 .00003
15 0 .00003
16 0 .00004
17 0 .00004
18 0 .00004
19 0 .00005
20 0 .00005
21 0 .00005
22 0 .00005
23 0 .00005
24 0 .00005
25 0 .00005
26 0 .00005
27 0 .00005
28 0 .00005
29 0 .00005
30 0 .00005
31 0 .00005
32 0 .00006
33 0 .00006
34 0 .00007
35 0 .00007
36 0 .00007
37 0 .00008
38 0 .00009
39 0 .0001
40 0 .00011
41 0 .00012
42 0 .00014
43 0 .00016
44 0 .00018
45 0 .0002
46 0 .00022
47 0 .00025
48 0 .00029
49 0 .00032
50 0 .00035
51 0 .00039
52 0 .00045
53 0 .00051
54 0 .00057
55 0 .00064
56 0 .0007
57 0 .00079
58 0 .00089
59 0 .00098
60 0 .00107
61 0 .00117
62 0 .00133
63 0 .00149
64 0 .00165
65 0 .00182
66 0 .00198
67 0 .00225
68 0 .00253
69 0 .0028
70 0 .00308
71 0 .00336
72 0 .0038
73 0 .00425
74 0 .0047
75 0 .00516
76 0 .00562
77 0 .0064
78 0 .0072
79 0 .008
80 0 .00881
81 0 .00962
82 0 .01089
83 0 .01217
84 0 .01347
85 0 .01479
86 0 .01613
87 0 .01789
88 0 .01968
89 0 .0215
90 0 .02337
91 0 .02527
92 0 .02746
93 0 .02969
94 0 .03199
95 0 .03435
96 0 .03677
97 0 .03837
98 0 .04
99 0 .04166
100 0 1
*asmp for white females in year 2001; cols are type group gend marst
death 1 F single
1 0 .00084
2 0 .00004
3 0 .00004
4 0 .00003
5 0 .00002
6 0 .00002
7 0 .00002
8 0 .00001
9 0 .00001
10 0 .00001
11 0 .00001
12 0 .00001
13 0 .00002
14 0 .00002
15 0 .00002
16 0 .00002
17 0 .00002
18 0 .00003
19 0 .00003
20 0 .00003
21 0 .00003
22 0 .00003
23 0 .00003
24 0 .00003
25 0 .00004
26 0 .00004
27 0 .00004
28 0 .00004
29 0 .00004
30 0 .00004
31 0 .00005
32 0 .00005
33 0 .00005
34 0 .00006
35 0 .00006
36 0 .00006
37 0 .00007
38 0 .00007
39 0 .00008
40 0 .00009
41 0 .00009
42 0 .0001
43 0 .00011
44 0 .00012
45 0 .00013
46 0 .00014
47 0 .00016
48 0 .00018
49 0 .00019
50 0 .00021
51 0 .00022
52 0 .00025
53 0 .00027
54 0 .0003
55 0 .00032
56 0 .00035
57 0 .00039
58 0 .00044
59 0 .00048
60 0 .00052
61 0 .00057
62 0 .00066
63 0 .00075
64 0 .00084
65 0 .00094
66 0 .00103
67 0 .0012
68 0 .00137
69 0 .00154
70 0 .00171
71 0 .00188
72 0 .00219
73 0 .0025
74 0 .00281
75 0 .00313
76 0 .00344
77 0 .004
78 0 .00457
79 0 .00514
80 0 .00572
81 0 .0063
82 0 .0072
83 0 .00811
84 0 .00904
85 0 .00997
86 0 .01091
87 0 .01221
88 0 .01352
89 0 .01485
90 0 .0162
91 0 .01757
92 0 .01929
93 0 .02105
94 0 .02285
95 0 .02468
96 0 .02655
97 0 .02867
98 0 .03085
99 0 .03309
100 0 1
