*asmp for white males in year 1995; cols are type group gend marst
death 1 M single
1 0 .00139
2 0 .00005
3 0 .00004
4 0 .00004
5 0 .00003
6 0 .00003
7 0 .00003
8 0 .00003
9 0 .00003
10 0 .00002
11 0 .00002
12 0 .00003
13 0 .00003
14 0 .00004
15 0 .00004
16 0 .00005
17 0 .00005
18 0 .00006
19 0 .00006
20 0 .00006
21 0 .00007
22 0 .00007
23 0 .00007
24 0 .00007
25 0 .00007
26 0 .00006
27 0 .00007
28 0 .00007
29 0 .00007
30 0 .00007
31 0 .00007
32 0 .00008
33 0 .00008
34 0 .00009
35 0 .00009
36 0 .0001
37 0 .00011
38 0 .00012
39 0 .00013
40 0 .00014
41 0 .00015
42 0 .00018
43 0 .0002
44 0 .00023
45 0 .00025
46 0 .00028
47 0 .00032
48 0 .00036
49 0 .0004
50 0 .00044
51 0 .00048
52 0 .00055
53 0 .00062
54 0 .0007
55 0 .00077
56 0 .00084
57 0 .00095
58 0 .00106
59 0 .00117
60 0 .00128
61 0 .00139
62 0 .00157
63 0 .00176
64 0 .00194
65 0 .00212
66 0 .00231
67 0 .00261
68 0 .00292
69 0 .00323
70 0 .00354
71 0 .00385
72 0 .00434
73 0 .00485
74 0 .00535
75 0 .00585
76 0 .00636
77 0 .00722
78 0 .00808
79 0 .00895
80 0 .00983
81 0 .01072
82 0 .01207
83 0 .01343
84 0 .01482
85 0 .01623
86 0 .01767
87 0 .0195
88 0 .02136
89 0 .02327
90 0 .02521
91 0 .0272
92 0 .02938
93 0 .03161
94 0 .0339
95 0 .03624
96 0 .03866
97 0 .04002
98 0 .0414
99 0 .0428
100 0 1
*asmp for white females in year 1995; cols are type group gend marst
death 1 F single
1 0 .00084
2 0 .00004
3 0 .00004
4 0 .00003
5 0 .00002
6 0 .00002
7 0 .00002
8 0 .00001
9 0 .00001
10 0 .00001
11 0 .00001
12 0 .00001
13 0 .00002
14 0 .00002
15 0 .00002
16 0 .00002
17 0 .00002
18 0 .00003
19 0 .00003
20 0 .00003
21 0 .00003
22 0 .00003
23 0 .00003
24 0 .00003
25 0 .00004
26 0 .00004
27 0 .00004
28 0 .00004
29 0 .00004
30 0 .00004
31 0 .00005
32 0 .00005
33 0 .00005
34 0 .00006
35 0 .00006
36 0 .00006
37 0 .00007
38 0 .00007
39 0 .00008
40 0 .00009
41 0 .00009
42 0 .0001
43 0 .00011
44 0 .00012
45 0 .00013
46 0 .00014
47 0 .00016
48 0 .00018
49 0 .00019
50 0 .00021
51 0 .00022
52 0 .00025
53 0 .00027
54 0 .0003
55 0 .00032
56 0 .00035
57 0 .00039
58 0 .00044
59 0 .00048
60 0 .00052
61 0 .00057
62 0 .00066
63 0 .00075
64 0 .00084
65 0 .00094
66 0 .00103
67 0 .0012
68 0 .00137
69 0 .00154
70 0 .00171
71 0 .00188
72 0 .00219
73 0 .0025
74 0 .00281
75 0 .00313
76 0 .00344
77 0 .004
78 0 .00457
79 0 .00514
80 0 .00572
81 0 .0063
82 0 .0072
83 0 .00811
84 0 .00904
85 0 .00997
86 0 .01091
87 0 .01221
88 0 .01352
89 0 .01485
90 0 .0162
91 0 .01757
92 0 .01929
93 0 .02105
94 0 .02285
95 0 .02468
96 0 .02655
97 0 .02867
98 0 .03085
99 0 .03309
100 0 1
