*asmp for white males in year 1914; cols are type group gend marst
death 1 M single
1 0 .00822
2 0 .00085
3 0 .00069
4 0 .00054
5 0 .00038
6 0 .00022
7 0 .00021
8 0 .0002
9 0 .00019
10 0 .00018
11 0 .00016
12 0 .00018
13 0 .0002
14 0 .00022
15 0 .00023
16 0 .00025
17 0 .00027
18 0 .0003
19 0 .00032
20 0 .00034
21 0 .00036
22 0 .00037
23 0 .00037
24 0 .00038
25 0 .00038
26 0 .00039
27 0 .0004
28 0 .00041
29 0 .00042
30 0 .00043
31 0 .00044
32 0 .00046
33 0 .00048
34 0 .0005
35 0 .00052
36 0 .00054
37 0 .00057
38 0 .0006
39 0 .00063
40 0 .00066
41 0 .00069
42 0 .00074
43 0 .00078
44 0 .00083
45 0 .00087
46 0 .00092
47 0 .00099
48 0 .00106
49 0 .00114
50 0 .00121
51 0 .00128
52 0 .00139
53 0 .0015
54 0 .00161
55 0 .00171
56 0 .00182
57 0 .00199
58 0 .00217
59 0 .00234
60 0 .00252
61 0 .00269
62 0 .00295
63 0 .0032
64 0 .00346
65 0 .00371
66 0 .00397
67 0 .00438
68 0 .00479
69 0 .0052
70 0 .00561
71 0 .00603
72 0 .00668
73 0 .00733
74 0 .00799
75 0 .00866
76 0 .00933
77 0 .0103
78 0 .01128
79 0 .01228
80 0 .01328
81 0 .0143
82 0 .01571
83 0 .01715
84 0 .01861
85 0 .02009
86 0 .0216
87 0 .02337
88 0 .02518
89 0 .02703
90 0 .02892
91 0 .03085
92 0 .03275
93 0 .0347
94 0 .03669
95 0 .03873
96 0 .04081
97 0 .04174
98 0 .04268
99 0 .04363
100 0 1
*asmp for white females in year 1914; cols are type group gend marst
death 1 F single
1 0 .00736
2 0 .00092
3 0 .00075
4 0 .00058
5 0 .0004
6 0 .00023
7 0 .00022
8 0 .00021
9 0 .0002
10 0 .00019
11 0 .00018
12 0 .0002
13 0 .00021
14 0 .00023
15 0 .00024
16 0 .00026
17 0 .00028
18 0 .00029
19 0 .00031
20 0 .00033
21 0 .00034
22 0 .00035
23 0 .00036
24 0 .00037
25 0 .00038
26 0 .00039
27 0 .0004
28 0 .00041
29 0 .00042
30 0 .00043
31 0 .00045
32 0 .00046
33 0 .00047
34 0 .00048
35 0 .0005
36 0 .00051
37 0 .00053
38 0 .00054
39 0 .00056
40 0 .00058
41 0 .0006
42 0 .00062
43 0 .00065
44 0 .00068
45 0 .0007
46 0 .00073
47 0 .00078
48 0 .00084
49 0 .00089
50 0 .00095
51 0 .001
52 0 .00108
53 0 .00115
54 0 .00123
55 0 .00131
56 0 .00138
57 0 .00153
58 0 .00167
59 0 .00182
60 0 .00196
61 0 .00211
62 0 .00232
63 0 .00254
64 0 .00275
65 0 .00297
66 0 .00319
67 0 .00357
68 0 .00395
69 0 .00433
70 0 .00471
71 0 .0051
72 0 .00569
73 0 .00629
74 0 .0069
75 0 .0075
76 0 .00812
77 0 .00904
78 0 .00998
79 0 .01092
80 0 .01188
81 0 .01284
82 0 .01411
83 0 .0154
84 0 .01671
85 0 .01804
86 0 .01939
87 0 .02095
88 0 .02255
89 0 .02418
90 0 .02583
91 0 .02752
92 0 .02927
93 0 .03105
94 0 .03286
95 0 .03472
96 0 .03661
97 0 .03798
98 0 .03937
99 0 .04079
100 0 1
