*asmp for black males in year 1942; cols are type group gend marst
death 1 M single
1 0 .00822
2 0 .00085
3 0 .00069
4 0 .00054
5 0 .00038
6 0 .00022
7 0 .00021
8 0 .0002
9 0 .00019
10 0 .00018
11 0 .00016
12 0 .00018
13 0 .0002
14 0 .00022
15 0 .00023
16 0 .00025
17 0 .00027
18 0 .0003
19 0 .00032
20 0 .00034
21 0 .00036
22 0 .00037
23 0 .00037
24 0 .00038
25 0 .00038
26 0 .00039
27 0 .0004
28 0 .00041
29 0 .00042
30 0 .00043
31 0 .00044
32 0 .00046
33 0 .00048
34 0 .0005
35 0 .00052
36 0 .00054
37 0 .00057
38 0 .0006
39 0 .00063
40 0 .00066
41 0 .00069
42 0 .00074
43 0 .00078
44 0 .00083
45 0 .00087
46 0 .00092
47 0 .00099
48 0 .00106
49 0 .00114
50 0 .00121
51 0 .00128
52 0 .00139
53 0 .0015
54 0 .00161
55 0 .00171
56 0 .00182
57 0 .00199
58 0 .00217
59 0 .00234
60 0 .00252
61 0 .00269
62 0 .00295
63 0 .0032
64 0 .00346
65 0 .00371
66 0 .00397
67 0 .00438
68 0 .00479
69 0 .0052
70 0 .00561
71 0 .00603
72 0 .00668
73 0 .00733
74 0 .00799
75 0 .00866
76 0 .00933
77 0 .0103
78 0 .01128
79 0 .01228
80 0 .01328
81 0 .0143
82 0 .01571
83 0 .01715
84 0 .01861
85 0 .02009
86 0 .0216
87 0 .02337
88 0 .02518
89 0 .02703
90 0 .02892
91 0 .03085
92 0 .03275
93 0 .0347
94 0 .03669
95 0 .03873
96 0 .04081
97 0 .04174
98 0 .04268
99 0 .04363
100 0 1
*asmp for black females in year 1942; cols are type group gend marst
death 1 F single
1 0 .00777
2 0 .001
3 0 .00081
4 0 .00062
5 0 .00043
6 0 .00025
7 0 .00024
8 0 .00023
9 0 .00021
10 0 .0002
11 0 .00019
12 0 .00021
13 0 .00023
14 0 .00024
15 0 .00026
16 0 .00028
17 0 .0003
18 0 .00031
19 0 .00033
20 0 .00035
21 0 .00036
22 0 .00037
23 0 .00038
24 0 .00039
25 0 .0004
26 0 .00041
27 0 .00043
28 0 .00044
29 0 .00045
30 0 .00046
31 0 .00047
32 0 .00049
33 0 .0005
34 0 .00051
35 0 .00053
36 0 .00054
37 0 .00056
38 0 .00057
39 0 .00059
40 0 .00061
41 0 .00062
42 0 .00065
43 0 .00068
44 0 .0007
45 0 .00073
46 0 .00076
47 0 .00081
48 0 .00087
49 0 .00092
50 0 .00098
51 0 .00103
52 0 .00111
53 0 .00119
54 0 .00127
55 0 .00135
56 0 .00142
57 0 .00157
58 0 .00172
59 0 .00187
60 0 .00202
61 0 .00216
62 0 .00238
63 0 .0026
64 0 .00282
65 0 .00304
66 0 .00326
67 0 .00364
68 0 .00403
69 0 .00441
70 0 .0048
71 0 .00519
72 0 .00579
73 0 .00639
74 0 .007
75 0 .00762
76 0 .00823
77 0 .00916
78 0 .0101
79 0 .01105
80 0 .01201
81 0 .01298
82 0 .01425
83 0 .01554
84 0 .01685
85 0 .01817
86 0 .01952
87 0 .02108
88 0 .02268
89 0 .0243
90 0 .02595
91 0 .02763
92 0 .02937
93 0 .03114
94 0 .03294
95 0 .03479
96 0 .03667
97 0 .03803
98 0 .03941
99 0 .04081
100 0 1
