*asmp for white males in year 1899; cols are type group gend marst
death 1 M single
1 0 .01081
2 0 .00126
3 0 .00102
4 0 .00078
5 0 .00054
6 0 .0003
7 0 .00028
8 0 .00027
9 0 .00025
10 0 .00023
11 0 .00022
12 0 .00024
13 0 .00026
14 0 .00028
15 0 .0003
16 0 .00032
17 0 .00035
18 0 .00038
19 0 .00041
20 0 .00044
21 0 .00046
22 0 .00047
23 0 .00048
24 0 .00049
25 0 .0005
26 0 .00051
27 0 .00052
28 0 .00053
29 0 .00055
30 0 .00056
31 0 .00058
32 0 .0006
33 0 .00062
34 0 .00065
35 0 .00067
36 0 .0007
37 0 .00073
38 0 .00077
39 0 .0008
40 0 .00084
41 0 .00088
42 0 .00092
43 0 .00097
44 0 .00102
45 0 .00107
46 0 .00111
47 0 .00119
48 0 .00127
49 0 .00135
50 0 .00143
51 0 .00152
52 0 .00163
53 0 .00174
54 0 .00185
55 0 .00196
56 0 .00207
57 0 .00226
58 0 .00245
59 0 .00264
60 0 .00282
61 0 .00301
62 0 .00328
63 0 .00355
64 0 .00382
65 0 .00409
66 0 .00436
67 0 .00479
68 0 .00522
69 0 .00565
70 0 .00608
71 0 .00652
72 0 .0072
73 0 .00789
74 0 .00858
75 0 .00928
76 0 .00998
77 0 .01098
78 0 .01198
79 0 .013
80 0 .01403
81 0 .01507
82 0 .0165
83 0 .01794
84 0 .01942
85 0 .02091
86 0 .02244
87 0 .0242
88 0 .02599
89 0 .02783
90 0 .0297
91 0 .03161
92 0 .03346
93 0 .03534
94 0 .03727
95 0 .03924
96 0 .04125
97 0 .0421
98 0 .04295
99 0 .04382
100 0 1
*asmp for white females in year 1899; cols are type group gend marst
death 1 F single
1 0 .00955
2 0 .00135
3 0 .00109
4 0 .00083
5 0 .00057
6 0 .00032
7 0 .0003
8 0 .00029
9 0 .00028
10 0 .00026
11 0 .00025
12 0 .00027
13 0 .00029
14 0 .00031
15 0 .00033
16 0 .00035
17 0 .00037
18 0 .00039
19 0 .00041
20 0 .00043
21 0 .00045
22 0 .00047
23 0 .00048
24 0 .00049
25 0 .0005
26 0 .00051
27 0 .00053
28 0 .00054
29 0 .00055
30 0 .00057
31 0 .00058
32 0 .00059
33 0 .00061
34 0 .00062
35 0 .00064
36 0 .00065
37 0 .00067
38 0 .00069
39 0 .0007
40 0 .00072
41 0 .00074
42 0 .00076
43 0 .00079
44 0 .00082
45 0 .00084
46 0 .00087
47 0 .00093
48 0 .00099
49 0 .00105
50 0 .00111
51 0 .00117
52 0 .00125
53 0 .00134
54 0 .00142
55 0 .0015
56 0 .00159
57 0 .00175
58 0 .00191
59 0 .00207
60 0 .00223
61 0 .00239
62 0 .00262
63 0 .00285
64 0 .00308
65 0 .00331
66 0 .00354
67 0 .00394
68 0 .00434
69 0 .00474
70 0 .00515
71 0 .00556
72 0 .00618
73 0 .0068
74 0 .00743
75 0 .00806
76 0 .0087
77 0 .00964
78 0 .01059
79 0 .01156
80 0 .01253
81 0 .01352
82 0 .01479
83 0 .01608
84 0 .01739
85 0 .01872
86 0 .02007
87 0 .02161
88 0 .02319
89 0 .02479
90 0 .02643
91 0 .02809
92 0 .02979
93 0 .03153
94 0 .03329
95 0 .0351
96 0 .03694
97 0 .03824
98 0 .03957
99 0 .04091
100 0 1
