*asmp for white males in year 1941; cols are type group gend marst
death 1 M single
1 0 .00432
2 0 .00029
3 0 .00025
4 0 .0002
5 0 .00015
6 0 .0001
7 0 .0001
8 0 .00009
9 0 .00009
10 0 .00009
11 0 .00008
12 0 .00009
13 0 .0001
14 0 .00012
15 0 .00013
16 0 .00014
17 0 .00015
18 0 .00016
19 0 .00017
20 0 .00018
21 0 .0002
22 0 .0002
23 0 .0002
24 0 .0002
25 0 .0002
26 0 .0002
27 0 .00021
28 0 .00021
29 0 .00022
30 0 .00022
31 0 .00023
32 0 .00024
33 0 .00025
34 0 .00026
35 0 .00028
36 0 .00029
37 0 .00031
38 0 .00033
39 0 .00035
40 0 .00038
41 0 .0004
42 0 .00044
43 0 .00048
44 0 .00051
45 0 .00055
46 0 .00059
47 0 .00065
48 0 .00071
49 0 .00077
50 0 .00083
51 0 .0009
52 0 .00099
53 0 .00109
54 0 .00119
55 0 .00129
56 0 .00138
57 0 .00153
58 0 .00168
59 0 .00183
60 0 .00198
61 0 .00213
62 0 .00236
63 0 .00259
64 0 .00282
65 0 .00305
66 0 .00328
67 0 .00365
68 0 .00403
69 0 .0044
70 0 .00478
71 0 .00516
72 0 .00575
73 0 .00635
74 0 .00695
75 0 .00756
76 0 .00817
77 0 .00911
78 0 .01005
79 0 .01101
80 0 .01198
81 0 .01296
82 0 .01436
83 0 .01578
84 0 .01723
85 0 .0187
86 0 .02019
87 0 .022
88 0 .02384
89 0 .02573
90 0 .02765
91 0 .02962
92 0 .03164
93 0 .0337
94 0 .03581
95 0 .03797
96 0 .04019
97 0 .04125
98 0 .04233
99 0 .04343
100 0 1
*asmp for white females in year 1941; cols are type group gend marst
death 1 F single
1 0 .00364
2 0 .0003
3 0 .00025
4 0 .00019
5 0 .00014
6 0 .00009
7 0 .00009
8 0 .00008
9 0 .00008
10 0 .00007
11 0 .00007
12 0 .00008
13 0 .00009
14 0 .0001
15 0 .0001
16 0 .00011
17 0 .00012
18 0 .00013
19 0 .00014
20 0 .00015
21 0 .00015
22 0 .00016
23 0 .00017
24 0 .00017
25 0 .00018
26 0 .00018
27 0 .00019
28 0 .00019
29 0 .0002
30 0 .00021
31 0 .00021
32 0 .00022
33 0 .00023
34 0 .00024
35 0 .00025
36 0 .00026
37 0 .00028
38 0 .00029
39 0 .00031
40 0 .00032
41 0 .00034
42 0 .00036
43 0 .00039
44 0 .00042
45 0 .00044
46 0 .00047
47 0 .00051
48 0 .00055
49 0 .00059
50 0 .00063
51 0 .00067
52 0 .00073
53 0 .0008
54 0 .00086
55 0 .00092
56 0 .00099
57 0 .0011
58 0 .00121
59 0 .00132
60 0 .00143
61 0 .00154
62 0 .00173
63 0 .00192
64 0 .00211
65 0 .0023
66 0 .00249
67 0 .00282
68 0 .00316
69 0 .00349
70 0 .00383
71 0 .00417
72 0 .00471
73 0 .00527
74 0 .00582
75 0 .00638
76 0 .00694
77 0 .00783
78 0 .00874
79 0 .00965
80 0 .01058
81 0 .01151
82 0 .01279
83 0 .0141
84 0 .01542
85 0 .01676
86 0 .01812
87 0 .01975
88 0 .02141
89 0 .02311
90 0 .02483
91 0 .02659
92 0 .02845
93 0 .03034
94 0 .03228
95 0 .03426
96 0 .03628
97 0 .03778
98 0 .0393
99 0 .04086
100 0 1
