*asmp for black males in year 2012; cols are type group gend marst
death 1 M single
1 0 .00162
2 0 .00006
3 0 .00005
4 0 .00005
5 0 .00004
6 0 .00003
7 0 .00003
8 0 .00003
9 0 .00003
10 0 .00003
11 0 .00003
12 0 .00003
13 0 .00004
14 0 .00004
15 0 .00005
16 0 .00006
17 0 .00006
18 0 .00006
19 0 .00007
20 0 .00007
21 0 .00008
22 0 .00008
23 0 .00008
24 0 .00008
25 0 .00008
26 0 .00008
27 0 .00008
28 0 .00008
29 0 .00008
30 0 .00008
31 0 .00009
32 0 .00009
33 0 .0001
34 0 .0001
35 0 .00011
36 0 .00011
37 0 .00013
38 0 .00014
39 0 .00015
40 0 .00016
41 0 .00018
42 0 .0002
43 0 .00023
44 0 .00026
45 0 .00028
46 0 .00031
47 0 .00035
48 0 .0004
49 0 .00044
50 0 .00048
51 0 .00053
52 0 .0006
53 0 .00068
54 0 .00076
55 0 .00084
56 0 .00091
57 0 .00103
58 0 .00114
59 0 .00126
60 0 .00138
61 0 .00149
62 0 .00168
63 0 .00187
64 0 .00207
65 0 .00226
66 0 .00245
67 0 .00277
68 0 .00309
69 0 .00341
70 0 .00373
71 0 .00405
72 0 .00457
73 0 .00508
74 0 .00561
75 0 .00613
76 0 .00666
77 0 .00753
78 0 .00841
79 0 .00931
80 0 .01021
81 0 .01112
82 0 .01248
83 0 .01387
84 0 .01528
85 0 .01672
86 0 .01817
87 0 .02001
88 0 .02189
89 0 .0238
90 0 .02576
91 0 .02777
92 0 .02992
93 0 .03213
94 0 .0344
95 0 .03672
96 0 .03911
97 0 .0404
98 0 .04171
99 0 .04304
100 0 1
*asmp for black females in year 2012; cols are type group gend marst
death 1 F single
1 0 .00103
2 0 .00005
3 0 .00004
4 0 .00003
5 0 .00003
6 0 .00002
7 0 .00002
8 0 .00002
9 0 .00002
10 0 .00002
11 0 .00002
12 0 .00002
13 0 .00002
14 0 .00002
15 0 .00002
16 0 .00003
17 0 .00003
18 0 .00003
19 0 .00003
20 0 .00004
21 0 .00004
22 0 .00004
23 0 .00004
24 0 .00004
25 0 .00004
26 0 .00005
27 0 .00005
28 0 .00005
29 0 .00005
30 0 .00006
31 0 .00006
32 0 .00006
33 0 .00007
34 0 .00007
35 0 .00007
36 0 .00008
37 0 .00008
38 0 .00009
39 0 .0001
40 0 .00011
41 0 .00011
42 0 .00013
43 0 .00014
44 0 .00015
45 0 .00017
46 0 .00018
47 0 .0002
48 0 .00022
49 0 .00024
50 0 .00026
51 0 .00028
52 0 .00031
53 0 .00034
54 0 .00038
55 0 .00041
56 0 .00044
57 0 .00049
58 0 .00055
59 0 .0006
60 0 .00066
61 0 .00071
62 0 .00082
63 0 .00093
64 0 .00105
65 0 .00116
66 0 .00127
67 0 .00148
68 0 .00168
69 0 .00188
70 0 .00209
71 0 .0023
72 0 .00266
73 0 .00303
74 0 .00339
75 0 .00376
76 0 .00413
77 0 .00479
78 0 .00545
79 0 .00611
80 0 .00678
81 0 .00745
82 0 .00848
83 0 .00952
84 0 .01057
85 0 .01164
86 0 .01271
87 0 .01415
88 0 .0156
89 0 .01708
90 0 .01859
91 0 .02012
92 0 .02196
93 0 .02385
94 0 .02577
95 0 .02774
96 0 .02975
97 0 .0318
98 0 .0339
99 0 .03605
100 0 1
