*asmp for white males in year 1896; cols are type group gend marst
death 1 M single
1 0 .01136
2 0 .00135
3 0 .00109
4 0 .00083
5 0 .00057
6 0 .00032
7 0 .0003
8 0 .00028
9 0 .00026
10 0 .00025
11 0 .00023
12 0 .00025
13 0 .00027
14 0 .0003
15 0 .00032
16 0 .00034
17 0 .00037
18 0 .0004
19 0 .00043
20 0 .00046
21 0 .00049
22 0 .0005
23 0 .0005
24 0 .00051
25 0 .00052
26 0 .00053
27 0 .00055
28 0 .00056
29 0 .00058
30 0 .00059
31 0 .00061
32 0 .00063
33 0 .00066
34 0 .00068
35 0 .00071
36 0 .00073
37 0 .00077
38 0 .0008
39 0 .00084
40 0 .00088
41 0 .00092
42 0 .00096
43 0 .00101
44 0 .00106
45 0 .00111
46 0 .00115
47 0 .00124
48 0 .00132
49 0 .0014
50 0 .00148
51 0 .00156
52 0 .00167
53 0 .00179
54 0 .0019
55 0 .00201
56 0 .00212
57 0 .00231
58 0 .0025
59 0 .0027
60 0 .00289
61 0 .00308
62 0 .00335
63 0 .00362
64 0 .00389
65 0 .00416
66 0 .00444
67 0 .00487
68 0 .0053
69 0 .00574
70 0 .00618
71 0 .00662
72 0 .00731
73 0 .008
74 0 .0087
75 0 .0094
76 0 .01011
77 0 .01111
78 0 .01212
79 0 .01315
80 0 .01418
81 0 .01523
82 0 .01665
83 0 .01811
84 0 .01958
85 0 .02108
86 0 .02261
87 0 .02436
88 0 .02616
89 0 .02799
90 0 .02986
91 0 .03177
92 0 .0336
93 0 .03548
94 0 .03739
95 0 .03934
96 0 .04134
97 0 .04217
98 0 .04301
99 0 .04386
100 0 1
*asmp for white females in year 1896; cols are type group gend marst
death 1 F single
1 0 .01002
2 0 .00145
3 0 .00117
4 0 .00089
5 0 .00062
6 0 .00034
7 0 .00032
8 0 .00031
9 0 .00029
10 0 .00028
11 0 .00026
12 0 .00028
13 0 .00031
14 0 .00033
15 0 .00035
16 0 .00037
17 0 .00039
18 0 .00041
19 0 .00043
20 0 .00045
21 0 .00047
22 0 .00048
23 0 .0005
24 0 .00051
25 0 .00052
26 0 .00053
27 0 .00055
28 0 .00056
29 0 .00058
30 0 .00059
31 0 .0006
32 0 .00062
33 0 .00063
34 0 .00065
35 0 .00066
36 0 .00068
37 0 .0007
38 0 .00071
39 0 .00073
40 0 .00075
41 0 .00077
42 0 .00079
43 0 .00082
44 0 .00084
45 0 .00087
46 0 .0009
47 0 .00096
48 0 .00102
49 0 .00108
50 0 .00114
51 0 .0012
52 0 .00129
53 0 .00137
54 0 .00146
55 0 .00154
56 0 .00163
57 0 .00179
58 0 .00196
59 0 .00212
60 0 .00229
61 0 .00245
62 0 .00268
63 0 .00291
64 0 .00314
65 0 .00338
66 0 .00361
67 0 .00401
68 0 .00442
69 0 .00483
70 0 .00524
71 0 .00565
72 0 .00628
73 0 .00691
74 0 .00754
75 0 .00818
76 0 .00882
77 0 .00977
78 0 .01073
79 0 .0117
80 0 .01267
81 0 .01366
82 0 .01494
83 0 .01623
84 0 .01754
85 0 .01887
86 0 .02023
87 0 .02177
88 0 .02335
89 0 .02495
90 0 .02658
91 0 .02824
92 0 .02993
93 0 .03166
94 0 .03341
95 0 .03521
96 0 .03704
97 0 .03833
98 0 .03964
99 0 .04097
100 0 1
