*asmp for white males in year 2043; cols are type group gend marst
death 1 M single
1 0 .00046
2 0 .00001
3 0 .00001
4 0 .00001
5 0 .00001
6 0 .00001
7 0 .00001
8 0 .00001
9 0 .00001
10 0 .00001
11 0 .00001
12 0 .00001
13 0 .00001
14 0 .00001
15 0 .00001
16 0 .00002
17 0 .00002
18 0 .00002
19 0 .00002
20 0 .00002
21 0 .00002
22 0 .00002
23 0 .00002
24 0 .00002
25 0 .00002
26 0 .00002
27 0 .00002
28 0 .00002
29 0 .00002
30 0 .00002
31 0 .00002
32 0 .00002
33 0 .00003
34 0 .00003
35 0 .00003
36 0 .00003
37 0 .00003
38 0 .00004
39 0 .00004
40 0 .00005
41 0 .00005
42 0 .00006
43 0 .00007
44 0 .00008
45 0 .00008
46 0 .00009
47 0 .00011
48 0 .00012
49 0 .00014
50 0 .00015
51 0 .00017
52 0 .0002
53 0 .00022
54 0 .00025
55 0 .00028
56 0 .00031
57 0 .00035
58 0 .0004
59 0 .00044
60 0 .00048
61 0 .00052
62 0 .00061
63 0 .00069
64 0 .00078
65 0 .00086
66 0 .00094
67 0 .00109
68 0 .00124
69 0 .00139
70 0 .00154
71 0 .0017
72 0 .00195
73 0 .00221
74 0 .00247
75 0 .00272
76 0 .00298
77 0 .00346
78 0 .00395
79 0 .00443
80 0 .00492
81 0 .00541
82 0 .00624
83 0 .00707
84 0 .00791
85 0 .00876
86 0 .00962
87 0 .01086
88 0 .01213
89 0 .01341
90 0 .01471
91 0 .01603
92 0 .01782
93 0 .01964
94 0 .0215
95 0 .0234
96 0 .02535
97 0 .02756
98 0 .02983
99 0 .03216
100 0 1
*asmp for white females in year 2043; cols are type group gend marst
death 1 F single
1 0 .00043
2 0 .00002
3 0 .00002
4 0 .00001
5 0 .00001
6 0 .00001
7 0 .00001
8 0 .00001
9 0 .00001
10 0 .00001
11 0 .00001
12 0 .00001
13 0 .00001
14 0 .00001
15 0 .00001
16 0 .00001
17 0 .00001
18 0 .00001
19 0 .00001
20 0 .00001
21 0 .00001
22 0 .00002
23 0 .00002
24 0 .00002
25 0 .00002
26 0 .00002
27 0 .00002
28 0 .00002
29 0 .00002
30 0 .00002
31 0 .00002
32 0 .00002
33 0 .00002
34 0 .00003
35 0 .00003
36 0 .00003
37 0 .00003
38 0 .00003
39 0 .00004
40 0 .00004
41 0 .00004
42 0 .00005
43 0 .00005
44 0 .00006
45 0 .00006
46 0 .00007
47 0 .00007
48 0 .00008
49 0 .00009
50 0 .0001
51 0 .0001
52 0 .00012
53 0 .00013
54 0 .00014
55 0 .00015
56 0 .00016
57 0 .00018
58 0 .0002
59 0 .00022
60 0 .00024
61 0 .00026
62 0 .00031
63 0 .00036
64 0 .00041
65 0 .00046
66 0 .0005
67 0 .0006
68 0 .00069
69 0 .00078
70 0 .00088
71 0 .00097
72 0 .00115
73 0 .00133
74 0 .00151
75 0 .00169
76 0 .00187
77 0 .00222
78 0 .00256
79 0 .00291
80 0 .00326
81 0 .00361
82 0 .0042
83 0 .00479
84 0 .00539
85 0 .00599
86 0 .00659
87 0 .0075
88 0 .00841
89 0 .00933
90 0 .01026
91 0 .0112
92 0 .01251
93 0 .01384
94 0 .01519
95 0 .01655
96 0 .01794
97 0 .01994
98 0 .02198
99 0 .02406
100 0 1
