*asmp for white males in year 1938; cols are type group gend marst
death 1 M single
1 0 .00471
2 0 .00035
3 0 .00029
4 0 .00023
5 0 .00017
6 0 .00012
7 0 .00011
8 0 .00011
9 0 .0001
10 0 .00009
11 0 .00009
12 0 .0001
13 0 .00011
14 0 .00013
15 0 .00014
16 0 .00015
17 0 .00016
18 0 .00018
19 0 .00019
20 0 .0002
21 0 .00021
22 0 .00021
23 0 .00022
24 0 .00022
25 0 .00022
26 0 .00022
27 0 .00023
28 0 .00023
29 0 .00024
30 0 .00024
31 0 .00025
32 0 .00026
33 0 .00027
34 0 .00029
35 0 .0003
36 0 .00031
37 0 .00034
38 0 .00036
39 0 .00038
40 0 .00041
41 0 .00043
42 0 .00047
43 0 .00051
44 0 .00055
45 0 .00058
46 0 .00062
47 0 .00069
48 0 .00075
49 0 .00081
50 0 .00087
51 0 .00094
52 0 .00103
53 0 .00113
54 0 .00123
55 0 .00133
56 0 .00143
57 0 .00158
58 0 .00173
59 0 .00188
60 0 .00204
61 0 .00219
62 0 .00242
63 0 .00265
64 0 .00289
65 0 .00312
66 0 .00336
67 0 .00373
68 0 .00411
69 0 .00449
70 0 .00487
71 0 .00525
72 0 .00585
73 0 .00646
74 0 .00706
75 0 .00768
76 0 .00829
77 0 .00923
78 0 .01019
79 0 .01115
80 0 .01212
81 0 .0131
82 0 .0145
83 0 .01593
84 0 .01737
85 0 .01884
86 0 .02034
87 0 .02214
88 0 .02398
89 0 .02586
90 0 .02778
91 0 .02974
92 0 .03174
93 0 .03379
94 0 .03589
95 0 .03804
96 0 .04024
97 0 .04129
98 0 .04236
99 0 .04344
100 0 1
*asmp for white females in year 1938; cols are type group gend marst
death 1 F single
1 0 .00432
2 0 .00041
3 0 .00033
4 0 .00026
5 0 .00019
6 0 .00011
7 0 .00011
8 0 .0001
9 0 .0001
10 0 .0001
11 0 .00009
12 0 .0001
13 0 .00011
14 0 .00012
15 0 .00013
16 0 .00014
17 0 .00015
18 0 .00016
19 0 .00017
20 0 .00018
21 0 .00019
22 0 .00019
23 0 .0002
24 0 .00021
25 0 .00021
26 0 .00022
27 0 .00023
28 0 .00023
29 0 .00024
30 0 .00025
31 0 .00026
32 0 .00027
33 0 .00028
34 0 .00029
35 0 .0003
36 0 .00031
37 0 .00032
38 0 .00034
39 0 .00035
40 0 .00037
41 0 .00039
42 0 .00041
43 0 .00044
44 0 .00046
45 0 .00049
46 0 .00052
47 0 .00056
48 0 .0006
49 0 .00065
50 0 .00069
51 0 .00074
52 0 .0008
53 0 .00087
54 0 .00093
55 0 .001
56 0 .00106
57 0 .00118
58 0 .0013
59 0 .00142
60 0 .00153
61 0 .00165
62 0 .00185
63 0 .00204
64 0 .00224
65 0 .00243
66 0 .00263
67 0 .00297
68 0 .00331
69 0 .00366
70 0 .004
71 0 .00435
72 0 .00491
73 0 .00547
74 0 .00603
75 0 .0066
76 0 .00717
77 0 .00807
78 0 .00898
79 0 .0099
80 0 .01083
81 0 .01177
82 0 .01305
83 0 .01435
84 0 .01566
85 0 .017
86 0 .01835
87 0 .01997
88 0 .02162
89 0 .02329
90 0 .025
91 0 .02674
92 0 .02857
93 0 .03044
94 0 .03235
95 0 .0343
96 0 .0363
97 0 .03777
98 0 .03927
99 0 .0408
100 0 1
