*asmp for white males in year 1886; cols are type group gend marst
death 1 M single
1 0 .01498
2 0 .00198
3 0 .00159
4 0 .0012
5 0 .00081
6 0 .00043
7 0 .0004
8 0 .00038
9 0 .00036
10 0 .00033
11 0 .00031
12 0 .00034
13 0 .00036
14 0 .00039
15 0 .00041
16 0 .00044
17 0 .00047
18 0 .00051
19 0 .00055
20 0 .00059
21 0 .00063
22 0 .00064
23 0 .00065
24 0 .00066
25 0 .00068
26 0 .00069
27 0 .00071
28 0 .00073
29 0 .00075
30 0 .00077
31 0 .00079
32 0 .00082
33 0 .00085
34 0 .00088
35 0 .00091
36 0 .00094
37 0 .00099
38 0 .00103
39 0 .00108
40 0 .00112
41 0 .00117
42 0 .00122
43 0 .00127
44 0 .00132
45 0 .00137
46 0 .00142
47 0 .00152
48 0 .00161
49 0 .0017
50 0 .00179
51 0 .00189
52 0 .00201
53 0 .00213
54 0 .00224
55 0 .00236
56 0 .00248
57 0 .00269
58 0 .0029
59 0 .00311
60 0 .00332
61 0 .00353
62 0 .00383
63 0 .00412
64 0 .00441
65 0 .0047
66 0 .005
67 0 .00545
68 0 .00592
69 0 .00638
70 0 .00685
71 0 .00732
72 0 .00805
73 0 .0088
74 0 .00955
75 0 .0103
76 0 .01106
77 0 .0121
78 0 .01315
79 0 .01421
80 0 .01528
81 0 .01637
82 0 .01782
83 0 .0193
84 0 .0208
85 0 .02233
86 0 .02388
87 0 .02563
88 0 .02742
89 0 .02924
90 0 .03109
91 0 .03299
92 0 .03474
93 0 .03651
94 0 .03833
95 0 .04018
96 0 .04208
97 0 .04277
98 0 .04348
99 0 .04419
100 0 1
*asmp for white females in year 1886; cols are type group gend marst
death 1 F single
1 0 .01314
2 0 .00206
3 0 .00165
4 0 .00125
5 0 .00085
6 0 .00046
7 0 .00044
8 0 .00042
9 0 .0004
10 0 .00038
11 0 .00036
12 0 .00038
13 0 .00041
14 0 .00043
15 0 .00046
16 0 .00048
17 0 .00051
18 0 .00054
19 0 .00056
20 0 .00059
21 0 .00061
22 0 .00063
23 0 .00064
24 0 .00066
25 0 .00067
26 0 .00069
27 0 .00071
28 0 .00073
29 0 .00074
30 0 .00076
31 0 .00078
32 0 .0008
33 0 .00082
34 0 .00083
35 0 .00085
36 0 .00087
37 0 .00089
38 0 .00091
39 0 .00093
40 0 .00095
41 0 .00097
42 0 .00099
43 0 .00102
44 0 .00104
45 0 .00107
46 0 .0011
47 0 .00117
48 0 .00124
49 0 .00131
50 0 .00139
51 0 .00146
52 0 .00155
53 0 .00165
54 0 .00174
55 0 .00184
56 0 .00193
57 0 .00213
58 0 .00232
59 0 .00251
60 0 .0027
61 0 .0029
62 0 .00314
63 0 .00339
64 0 .00364
65 0 .0039
66 0 .00415
67 0 .00459
68 0 .00503
69 0 .00548
70 0 .00593
71 0 .00638
72 0 .00705
73 0 .00772
74 0 .0084
75 0 .00908
76 0 .00977
77 0 .01076
78 0 .01176
79 0 .01277
80 0 .01379
81 0 .01483
82 0 .01612
83 0 .01744
84 0 .01878
85 0 .02013
86 0 .02151
87 0 .02305
88 0 .02461
89 0 .02621
90 0 .02783
91 0 .02948
92 0 .03111
93 0 .03277
94 0 .03446
95 0 .03618
96 0 .03794
97 0 .03911
98 0 .04029
99 0 .04149
100 0 1
