*asmp for white males in year 1950; cols are type group gend marst
death 1 M single
1 0 .00317
2 0 .00017
3 0 .00015
4 0 .00012
5 0 .0001
6 0 .00007
7 0 .00007
8 0 .00007
9 0 .00006
10 0 .00006
11 0 .00006
12 0 .00007
13 0 .00008
14 0 .00009
15 0 .0001
16 0 .0001
17 0 .00011
18 0 .00012
19 0 .00013
20 0 .00014
21 0 .00015
22 0 .00015
23 0 .00015
24 0 .00015
25 0 .00015
26 0 .00015
27 0 .00015
28 0 .00016
29 0 .00016
30 0 .00016
31 0 .00017
32 0 .00018
33 0 .00019
34 0 .0002
35 0 .00021
36 0 .00022
37 0 .00023
38 0 .00025
39 0 .00027
40 0 .00029
41 0 .00031
42 0 .00035
43 0 .00038
44 0 .00042
45 0 .00045
46 0 .00049
47 0 .00054
48 0 .0006
49 0 .00066
50 0 .00071
51 0 .00077
52 0 .00086
53 0 .00095
54 0 .00104
55 0 .00113
56 0 .00123
57 0 .00137
58 0 .0015
59 0 .00164
60 0 .00178
61 0 .00192
62 0 .00214
63 0 .00236
64 0 .00258
65 0 .0028
66 0 .00302
67 0 .00338
68 0 .00374
69 0 .0041
70 0 .00446
71 0 .00482
72 0 .00539
73 0 .00597
74 0 .00655
75 0 .00713
76 0 .00772
77 0 .00864
78 0 .00957
79 0 .01051
80 0 .01146
81 0 .01243
82 0 .01382
83 0 .01524
84 0 .01668
85 0 .01815
86 0 .01964
87 0 .02146
88 0 .02332
89 0 .02523
90 0 .02717
91 0 .02915
92 0 .03121
93 0 .03332
94 0 .03548
95 0 .03769
96 0 .03996
97 0 .04108
98 0 .04222
99 0 .04337
100 0 1
*asmp for white females in year 1950; cols are type group gend marst
death 1 F single
1 0 .00208
2 0 .00011
3 0 .0001
4 0 .00008
5 0 .00006
6 0 .00004
7 0 .00004
8 0 .00004
9 0 .00004
10 0 .00004
11 0 .00003
12 0 .00004
13 0 .00004
14 0 .00005
15 0 .00005
16 0 .00006
17 0 .00006
18 0 .00006
19 0 .00007
20 0 .00007
21 0 .00008
22 0 .00008
23 0 .00009
24 0 .00009
25 0 .00009
26 0 .0001
27 0 .0001
28 0 .0001
29 0 .00011
30 0 .00011
31 0 .00012
32 0 .00013
33 0 .00013
34 0 .00014
35 0 .00015
36 0 .00016
37 0 .00017
38 0 .00018
39 0 .00019
40 0 .00021
41 0 .00022
42 0 .00024
43 0 .00026
44 0 .00029
45 0 .00031
46 0 .00033
47 0 .00037
48 0 .0004
49 0 .00043
50 0 .00047
51 0 .0005
52 0 .00055
53 0 .0006
54 0 .00066
55 0 .00071
56 0 .00076
57 0 .00085
58 0 .00095
59 0 .00104
60 0 .00113
61 0 .00122
62 0 .00139
63 0 .00156
64 0 .00173
65 0 .0019
66 0 .00207
67 0 .00236
68 0 .00266
69 0 .00297
70 0 .00327
71 0 .00357
72 0 .00408
73 0 .00459
74 0 .0051
75 0 .00562
76 0 .00614
77 0 .00701
78 0 .00788
79 0 .00876
80 0 .00965
81 0 .01055
82 0 .01183
83 0 .01313
84 0 .01445
85 0 .01579
86 0 .01714
87 0 .01881
88 0 .02051
89 0 .02224
90 0 .024
91 0 .0258
92 0 .02773
93 0 .0297
94 0 .03172
95 0 .03378
96 0 .0359
97 0 .0375
98 0 .03914
99 0 .0408
100 0 1
