*asmp for black males in year 2005; cols are type group gend marst
death 1 M single
1 0 .00217
2 0 .0001
3 0 .00008
4 0 .00007
5 0 .00006
6 0 .00005
7 0 .00004
8 0 .00004
9 0 .00004
10 0 .00004
11 0 .00004
12 0 .00005
13 0 .00005
14 0 .00006
15 0 .00007
16 0 .00007
17 0 .00008
18 0 .00009
19 0 .00009
20 0 .0001
21 0 .0001
22 0 .0001
23 0 .0001
24 0 .0001
25 0 .0001
26 0 .0001
27 0 .0001
28 0 .00011
29 0 .00011
30 0 .00011
31 0 .00011
32 0 .00012
33 0 .00013
34 0 .00014
35 0 .00014
36 0 .00015
37 0 .00017
38 0 .00018
39 0 .0002
40 0 .00021
41 0 .00023
42 0 .00026
43 0 .00029
44 0 .00032
45 0 .00035
46 0 .00038
47 0 .00043
48 0 .00048
49 0 .00053
50 0 .00058
51 0 .00063
52 0 .00071
53 0 .00079
54 0 .00088
55 0 .00096
56 0 .00105
57 0 .00117
58 0 .0013
59 0 .00143
60 0 .00155
61 0 .00168
62 0 .00188
63 0 .00209
64 0 .00229
65 0 .0025
66 0 .00271
67 0 .00304
68 0 .00338
69 0 .00372
70 0 .00406
71 0 .0044
72 0 .00494
73 0 .00549
74 0 .00604
75 0 .0066
76 0 .00715
77 0 .00805
78 0 .00896
79 0 .00988
80 0 .01081
81 0 .01175
82 0 .01314
83 0 .01455
84 0 .01598
85 0 .01744
86 0 .01892
87 0 .02076
88 0 .02264
89 0 .02456
90 0 .02652
91 0 .02853
92 0 .03064
93 0 .03281
94 0 .03503
95 0 .03731
96 0 .03965
97 0 .04084
98 0 .04205
99 0 .04328
100 0 1
*asmp for black females in year 2005; cols are type group gend marst
death 1 F single
1 0 .00128
2 0 .00006
3 0 .00005
4 0 .00004
5 0 .00003
6 0 .00002
7 0 .00002
8 0 .00002
9 0 .00002
10 0 .00002
11 0 .00002
12 0 .00002
13 0 .00002
14 0 .00003
15 0 .00003
16 0 .00003
17 0 .00004
18 0 .00004
19 0 .00004
20 0 .00004
21 0 .00005
22 0 .00005
23 0 .00005
24 0 .00005
25 0 .00006
26 0 .00006
27 0 .00006
28 0 .00006
29 0 .00007
30 0 .00007
31 0 .00007
32 0 .00008
33 0 .00008
34 0 .00009
35 0 .00009
36 0 .0001
37 0 .00011
38 0 .00011
39 0 .00012
40 0 .00013
41 0 .00014
42 0 .00016
43 0 .00018
44 0 .00019
45 0 .00021
46 0 .00022
47 0 .00025
48 0 .00027
49 0 .0003
50 0 .00032
51 0 .00035
52 0 .00038
53 0 .00042
54 0 .00046
55 0 .0005
56 0 .00054
57 0 .00061
58 0 .00067
59 0 .00074
60 0 .00081
61 0 .00087
62 0 .00101
63 0 .00114
64 0 .00127
65 0 .00141
66 0 .00154
67 0 .00178
68 0 .00202
69 0 .00226
70 0 .0025
71 0 .00274
72 0 .00316
73 0 .00358
74 0 .00401
75 0 .00443
76 0 .00486
77 0 .0056
78 0 .00635
79 0 .0071
80 0 .00786
81 0 .00863
82 0 .00977
83 0 .01093
84 0 .0121
85 0 .01329
86 0 .01449
87 0 .01604
88 0 .01761
89 0 .01922
90 0 .02085
91 0 .02252
92 0 .02444
93 0 .0264
94 0 .0284
95 0 .03045
96 0 .03255
97 0 .03445
98 0 .0364
99 0 .03839
100 0 1
