*asmp for black males in year 1968; cols are type group gend marst
death 1 M single
1 0 .00552
2 0 .00046
3 0 .00038
4 0 .0003
5 0 .00022
6 0 .00014
7 0 .00013
8 0 .00013
9 0 .00012
10 0 .00011
11 0 .00011
12 0 .00012
13 0 .00013
14 0 .00015
15 0 .00016
16 0 .00017
17 0 .00019
18 0 .0002
19 0 .00022
20 0 .00023
21 0 .00025
22 0 .00025
23 0 .00025
24 0 .00025
25 0 .00026
26 0 .00026
27 0 .00027
28 0 .00027
29 0 .00028
30 0 .00028
31 0 .00029
32 0 .00031
33 0 .00032
34 0 .00034
35 0 .00035
36 0 .00036
37 0 .00039
38 0 .00042
39 0 .00044
40 0 .00047
41 0 .00049
42 0 .00053
43 0 .00057
44 0 .00061
45 0 .00065
46 0 .00069
47 0 .00076
48 0 .00082
49 0 .00089
50 0 .00095
51 0 .00102
52 0 .00112
53 0 .00122
54 0 .00132
55 0 .00142
56 0 .00153
57 0 .00168
58 0 .00184
59 0 .002
60 0 .00216
61 0 .00231
62 0 .00255
63 0 .00279
64 0 .00303
65 0 .00327
66 0 .00351
67 0 .00389
68 0 .00428
69 0 .00467
70 0 .00505
71 0 .00545
72 0 .00606
73 0 .00667
74 0 .0073
75 0 .00792
76 0 .00855
77 0 .0095
78 0 .01046
79 0 .01143
80 0 .01241
81 0 .0134
82 0 .0148
83 0 .01623
84 0 .01768
85 0 .01915
86 0 .02065
87 0 .02244
88 0 .02427
89 0 .02614
90 0 .02805
91 0 .03
92 0 .03198
93 0 .034
94 0 .03607
95 0 .03819
96 0 .04036
97 0 .04139
98 0 .04242
99 0 .04347
100 0 1
*asmp for black females in year 1968; cols are type group gend marst
death 1 F single
1 0 .0033
2 0 .00025
3 0 .00021
4 0 .00016
5 0 .00012
6 0 .00008
7 0 .00007
8 0 .00007
9 0 .00007
10 0 .00007
11 0 .00006
12 0 .00007
13 0 .00008
14 0 .00009
15 0 .00009
16 0 .0001
17 0 .00011
18 0 .00012
19 0 .00012
20 0 .00013
21 0 .00014
22 0 .00014
23 0 .00015
24 0 .00015
25 0 .00016
26 0 .00016
27 0 .00017
28 0 .00017
29 0 .00018
30 0 .00019
31 0 .00019
32 0 .0002
33 0 .00021
34 0 .00022
35 0 .00023
36 0 .00024
37 0 .00025
38 0 .00027
39 0 .00028
40 0 .0003
41 0 .00031
42 0 .00034
43 0 .00036
44 0 .00039
45 0 .00042
46 0 .00044
47 0 .00048
48 0 .00052
49 0 .00056
50 0 .0006
51 0 .00064
52 0 .0007
53 0 .00076
54 0 .00082
55 0 .00088
56 0 .00095
57 0 .00105
58 0 .00116
59 0 .00127
60 0 .00138
61 0 .00148
62 0 .00167
63 0 .00186
64 0 .00204
65 0 .00223
66 0 .00242
67 0 .00275
68 0 .00308
69 0 .00341
70 0 .00374
71 0 .00407
72 0 .00461
73 0 .00516
74 0 .00571
75 0 .00626
76 0 .00681
77 0 .00771
78 0 .00861
79 0 .00952
80 0 .01044
81 0 .01137
82 0 .01266
83 0 .01396
84 0 .01528
85 0 .01663
86 0 .01799
87 0 .01963
88 0 .0213
89 0 .02301
90 0 .02474
91 0 .02651
92 0 .02838
93 0 .03029
94 0 .03224
95 0 .03424
96 0 .03628
97 0 .03779
98 0 .03933
99 0 .04089
100 0 1
