*asmp for white males in year 1909; cols are type group gend marst
death 1 M single
1 0 .00922
2 0 .001
3 0 .00081
4 0 .00063
5 0 .00044
6 0 .00025
7 0 .00024
8 0 .00022
9 0 .00021
10 0 .0002
11 0 .00019
12 0 .0002
13 0 .00022
14 0 .00024
15 0 .00026
16 0 .00028
17 0 .0003
18 0 .00033
19 0 .00035
20 0 .00038
21 0 .0004
22 0 .00041
23 0 .00041
24 0 .00042
25 0 .00043
26 0 .00043
27 0 .00044
28 0 .00046
29 0 .00047
30 0 .00048
31 0 .00049
32 0 .00051
33 0 .00053
34 0 .00056
35 0 .00058
36 0 .0006
37 0 .00063
38 0 .00066
39 0 .0007
40 0 .00073
41 0 .00076
42 0 .00081
43 0 .00086
44 0 .0009
45 0 .00095
46 0 .00099
47 0 .00107
48 0 .00115
49 0 .00122
50 0 .0013
51 0 .00138
52 0 .00148
53 0 .00159
54 0 .0017
55 0 .00181
56 0 .00192
57 0 .0021
58 0 .00228
59 0 .00246
60 0 .00264
61 0 .00282
62 0 .00308
63 0 .00334
64 0 .0036
65 0 .00386
66 0 .00413
67 0 .00454
68 0 .00496
69 0 .00538
70 0 .0058
71 0 .00623
72 0 .00689
73 0 .00756
74 0 .00823
75 0 .00891
76 0 .00959
77 0 .01057
78 0 .01157
79 0 .01257
80 0 .01358
81 0 .01461
82 0 .01603
83 0 .01747
84 0 .01893
85 0 .02042
86 0 .02194
87 0 .0237
88 0 .02551
89 0 .02735
90 0 .02923
91 0 .03115
92 0 .03303
93 0 .03495
94 0 .03692
95 0 .03893
96 0 .04098
97 0 .04188
98 0 .04279
99 0 .04371
100 0 1
*asmp for white females in year 1909; cols are type group gend marst
death 1 F single
1 0 .0082
2 0 .00108
3 0 .00088
4 0 .00067
5 0 .00047
6 0 .00026
7 0 .00025
8 0 .00024
9 0 .00023
10 0 .00022
11 0 .00021
12 0 .00022
13 0 .00024
14 0 .00026
15 0 .00028
16 0 .0003
17 0 .00031
18 0 .00033
19 0 .00035
20 0 .00037
21 0 .00039
22 0 .0004
23 0 .00041
24 0 .00042
25 0 .00043
26 0 .00044
27 0 .00045
28 0 .00046
29 0 .00047
30 0 .00049
31 0 .0005
32 0 .00051
33 0 .00053
34 0 .00054
35 0 .00055
36 0 .00057
37 0 .00058
38 0 .0006
39 0 .00062
40 0 .00063
41 0 .00065
42 0 .00068
43 0 .0007
44 0 .00073
45 0 .00076
46 0 .00078
47 0 .00084
48 0 .0009
49 0 .00095
50 0 .00101
51 0 .00107
52 0 .00115
53 0 .00123
54 0 .00131
55 0 .00139
56 0 .00146
57 0 .00162
58 0 .00177
59 0 .00192
60 0 .00207
61 0 .00222
62 0 .00244
63 0 .00266
64 0 .00288
65 0 .00311
66 0 .00333
67 0 .00372
68 0 .0041
69 0 .00449
70 0 .00489
71 0 .00528
72 0 .00589
73 0 .0065
74 0 .00711
75 0 .00773
76 0 .00835
77 0 .00928
78 0 .01022
79 0 .01117
80 0 .01214
81 0 .01311
82 0 .01438
83 0 .01567
84 0 .01698
85 0 .0183
86 0 .01965
87 0 .02121
88 0 .0228
89 0 .02441
90 0 .02606
91 0 .02774
92 0 .02946
93 0 .03122
94 0 .03302
95 0 .03486
96 0 .03673
97 0 .03807
98 0 .03944
99 0 .04082
100 0 1
