*asmp for white males in year 1936; cols are type group gend marst
death 1 M single
1 0 .00511
2 0 .0004
3 0 .00033
4 0 .00027
5 0 .0002
6 0 .00013
7 0 .00012
8 0 .00012
9 0 .00011
10 0 .0001
11 0 .0001
12 0 .00011
13 0 .00012
14 0 .00014
15 0 .00015
16 0 .00016
17 0 .00018
18 0 .00019
19 0 .0002
20 0 .00022
21 0 .00023
22 0 .00023
23 0 .00023
24 0 .00024
25 0 .00024
26 0 .00024
27 0 .00024
28 0 .00025
29 0 .00026
30 0 .00026
31 0 .00027
32 0 .00028
33 0 .0003
34 0 .00031
35 0 .00032
36 0 .00034
37 0 .00036
38 0 .00039
39 0 .00041
40 0 .00044
41 0 .00046
42 0 .0005
43 0 .00054
44 0 .00058
45 0 .00062
46 0 .00066
47 0 .00072
48 0 .00079
49 0 .00085
50 0 .00091
51 0 .00098
52 0 .00108
53 0 .00118
54 0 .00128
55 0 .00138
56 0 .00148
57 0 .00163
58 0 .00179
59 0 .00194
60 0 .0021
61 0 .00225
62 0 .00249
63 0 .00272
64 0 .00296
65 0 .0032
66 0 .00343
67 0 .00381
68 0 .00419
69 0 .00458
70 0 .00496
71 0 .00535
72 0 .00595
73 0 .00656
74 0 .00718
75 0 .0078
76 0 .00842
77 0 .00937
78 0 .01032
79 0 .01129
80 0 .01226
81 0 .01325
82 0 .01465
83 0 .01607
84 0 .01752
85 0 .01899
86 0 .02049
87 0 .02229
88 0 .02412
89 0 .026
90 0 .02791
91 0 .02987
92 0 .03186
93 0 .03389
94 0 .03598
95 0 .03811
96 0 .0403
97 0 .04134
98 0 .04239
99 0 .04345
100 0 1
*asmp for white females in year 1936; cols are type group gend marst
death 1 F single
1 0 .00467
2 0 .00046
3 0 .00038
4 0 .00029
5 0 .00021
6 0 .00013
7 0 .00012
8 0 .00012
9 0 .00011
10 0 .00011
11 0 .0001
12 0 .00011
13 0 .00012
14 0 .00013
15 0 .00014
16 0 .00015
17 0 .00016
18 0 .00017
19 0 .00018
20 0 .0002
21 0 .00021
22 0 .00021
23 0 .00022
24 0 .00023
25 0 .00023
26 0 .00024
27 0 .00025
28 0 .00025
29 0 .00026
30 0 .00027
31 0 .00028
32 0 .00029
33 0 .0003
34 0 .00031
35 0 .00032
36 0 .00033
37 0 .00035
38 0 .00036
39 0 .00038
40 0 .0004
41 0 .00041
42 0 .00044
43 0 .00046
44 0 .00049
45 0 .00052
46 0 .00054
47 0 .00059
48 0 .00063
49 0 .00068
50 0 .00072
51 0 .00077
52 0 .00083
53 0 .0009
54 0 .00097
55 0 .00104
56 0 .0011
57 0 .00122
58 0 .00134
59 0 .00147
60 0 .00159
61 0 .00171
62 0 .00191
63 0 .0021
64 0 .0023
65 0 .0025
66 0 .0027
67 0 .00305
68 0 .00339
69 0 .00374
70 0 .00409
71 0 .00445
72 0 .00501
73 0 .00557
74 0 .00614
75 0 .00671
76 0 .00729
77 0 .0082
78 0 .00911
79 0 .01003
80 0 .01096
81 0 .01191
82 0 .01318
83 0 .01448
84 0 .01579
85 0 .01713
86 0 .01848
87 0 .02009
88 0 .02173
89 0 .0234
90 0 .0251
91 0 .02683
92 0 .02865
93 0 .03051
94 0 .0324
95 0 .03434
96 0 .03632
97 0 .03778
98 0 .03927
99 0 .04078
100 0 1
