*asmp for black males in year 1974; cols are type group gend marst
death 1 M single
1 0 .00511
2 0 .0004
3 0 .00033
4 0 .00027
5 0 .0002
6 0 .00013
7 0 .00012
8 0 .00012
9 0 .00011
10 0 .0001
11 0 .0001
12 0 .00011
13 0 .00012
14 0 .00014
15 0 .00015
16 0 .00016
17 0 .00018
18 0 .00019
19 0 .0002
20 0 .00022
21 0 .00023
22 0 .00023
23 0 .00023
24 0 .00024
25 0 .00024
26 0 .00024
27 0 .00024
28 0 .00025
29 0 .00026
30 0 .00026
31 0 .00027
32 0 .00028
33 0 .0003
34 0 .00031
35 0 .00032
36 0 .00034
37 0 .00036
38 0 .00039
39 0 .00041
40 0 .00044
41 0 .00046
42 0 .0005
43 0 .00054
44 0 .00058
45 0 .00062
46 0 .00066
47 0 .00072
48 0 .00079
49 0 .00085
50 0 .00091
51 0 .00098
52 0 .00108
53 0 .00118
54 0 .00128
55 0 .00138
56 0 .00148
57 0 .00163
58 0 .00179
59 0 .00194
60 0 .0021
61 0 .00225
62 0 .00249
63 0 .00272
64 0 .00296
65 0 .0032
66 0 .00343
67 0 .00381
68 0 .00419
69 0 .00458
70 0 .00496
71 0 .00535
72 0 .00595
73 0 .00656
74 0 .00718
75 0 .0078
76 0 .00842
77 0 .00937
78 0 .01032
79 0 .01129
80 0 .01226
81 0 .01325
82 0 .01465
83 0 .01607
84 0 .01752
85 0 .01899
86 0 .02049
87 0 .02229
88 0 .02412
89 0 .026
90 0 .02791
91 0 .02987
92 0 .03186
93 0 .03389
94 0 .03598
95 0 .03811
96 0 .0403
97 0 .04134
98 0 .04239
99 0 .04345
100 0 1
*asmp for black females in year 1974; cols are type group gend marst
death 1 F single
1 0 .00236
2 0 .00014
3 0 .00012
4 0 .00009
5 0 .00007
6 0 .00005
7 0 .00005
8 0 .00005
9 0 .00004
10 0 .00004
11 0 .00004
12 0 .00004
13 0 .00005
14 0 .00006
15 0 .00006
16 0 .00007
17 0 .00007
18 0 .00008
19 0 .00008
20 0 .00009
21 0 .00009
22 0 .0001
23 0 .0001
24 0 .0001
25 0 .00011
26 0 .00011
27 0 .00012
28 0 .00012
29 0 .00013
30 0 .00013
31 0 .00013
32 0 .00014
33 0 .00015
34 0 .00016
35 0 .00017
36 0 .00018
37 0 .00019
38 0 .0002
39 0 .00022
40 0 .00023
41 0 .00024
42 0 .00027
43 0 .00029
44 0 .00031
45 0 .00034
46 0 .00036
47 0 .0004
48 0 .00043
49 0 .00047
50 0 .0005
51 0 .00054
52 0 .00059
53 0 .00065
54 0 .0007
55 0 .00076
56 0 .00081
57 0 .00091
58 0 .00101
59 0 .0011
60 0 .0012
61 0 .00129
62 0 .00147
63 0 .00164
64 0 .00182
65 0 .00199
66 0 .00217
67 0 .00248
68 0 .00279
69 0 .0031
70 0 .00341
71 0 .00372
72 0 .00424
73 0 .00477
74 0 .00529
75 0 .00582
76 0 .00635
77 0 .00723
78 0 .00812
79 0 .00901
80 0 .00991
81 0 .01083
82 0 .01211
83 0 .01342
84 0 .01474
85 0 .01609
86 0 .01746
87 0 .01912
88 0 .02081
89 0 .02254
90 0 .0243
91 0 .0261
92 0 .02801
93 0 .02997
94 0 .03197
95 0 .03402
96 0 .03611
97 0 .03768
98 0 .03928
99 0 .0409
100 0 1
