*asmp for black males in year 1894; cols are type group gend marst
death 1 M single
1 0 .01784
2 0 .00242
3 0 .00194
4 0 .00146
5 0 .00098
6 0 .00051
7 0 .00048
8 0 .00045
9 0 .00042
10 0 .0004
11 0 .00037
12 0 .0004
13 0 .00043
14 0 .00045
15 0 .00048
16 0 .00051
17 0 .00056
18 0 .0006
19 0 .00065
20 0 .00069
21 0 .00073
22 0 .00075
23 0 .00077
24 0 .00078
25 0 .0008
26 0 .00081
27 0 .00084
28 0 .00086
29 0 .00088
30 0 .00091
31 0 .00093
32 0 .00097
33 0 .001
34 0 .00104
35 0 .00108
36 0 .00111
37 0 .00116
38 0 .00121
39 0 .00126
40 0 .00132
41 0 .00137
42 0 .00142
43 0 .00148
44 0 .00153
45 0 .00159
46 0 .00164
47 0 .00174
48 0 .00185
49 0 .00195
50 0 .00205
51 0 .00215
52 0 .00227
53 0 .0024
54 0 .00252
55 0 .00265
56 0 .00277
57 0 .003
58 0 .00323
59 0 .00345
60 0 .00368
61 0 .00391
62 0 .00422
63 0 .00453
64 0 .00484
65 0 .00515
66 0 .00546
67 0 .00594
68 0 .00643
69 0 .00692
70 0 .00742
71 0 .00791
72 0 .00869
73 0 .00948
74 0 .01028
75 0 .01108
76 0 .01189
77 0 .01296
78 0 .01405
79 0 .01515
80 0 .01626
81 0 .01739
82 0 .01888
83 0 .02039
84 0 .02193
85 0 .02349
86 0 .02508
87 0 .02683
88 0 .02861
89 0 .03043
90 0 .03229
91 0 .03419
92 0 .03584
93 0 .03753
94 0 .03925
95 0 .04101
96 0 .0428
97 0 .04337
98 0 .04394
99 0 .04452
100 0 1
*asmp for black females in year 1894; cols are type group gend marst
death 1 F single
1 0 .01622
2 0 .00262
3 0 .0021
4 0 .00159
5 0 .00108
6 0 .00057
7 0 .00055
8 0 .00052
9 0 .0005
10 0 .00047
11 0 .00045
12 0 .00048
13 0 .00051
14 0 .00054
15 0 .00057
16 0 .0006
17 0 .00063
18 0 .00066
19 0 .00069
20 0 .00072
21 0 .00075
22 0 .00077
23 0 .00079
24 0 .00081
25 0 .00083
26 0 .00084
27 0 .00087
28 0 .00089
29 0 .00091
30 0 .00093
31 0 .00096
32 0 .00098
33 0 .001
34 0 .00102
35 0 .00104
36 0 .00106
37 0 .00108
38 0 .0011
39 0 .00112
40 0 .00114
41 0 .00116
42 0 .00119
43 0 .00122
44 0 .00124
45 0 .00127
46 0 .0013
47 0 .00138
48 0 .00146
49 0 .00154
50 0 .00162
51 0 .00171
52 0 .00181
53 0 .00192
54 0 .00203
55 0 .00213
56 0 .00224
57 0 .00246
58 0 .00268
59 0 .0029
60 0 .00312
61 0 .00334
62 0 .00361
63 0 .00388
64 0 .00415
65 0 .00442
66 0 .00469
67 0 .00518
68 0 .00566
69 0 .00615
70 0 .00664
71 0 .00713
72 0 .00785
73 0 .00856
74 0 .00929
75 0 .01002
76 0 .01075
77 0 .01179
78 0 .01284
79 0 .0139
80 0 .01498
81 0 .01607
82 0 .0174
83 0 .01875
84 0 .02013
85 0 .02152
86 0 .02294
87 0 .02448
88 0 .02604
89 0 .02763
90 0 .02925
91 0 .03091
92 0 .03247
93 0 .03406
94 0 .03567
95 0 .03732
96 0 .039
97 0 .04004
98 0 .04109
99 0 .04216
100 0 1
