*asmp for black males in year 1928; cols are type group gend marst
death 1 M single
1 0 .01194
2 0 .00145
3 0 .00117
4 0 .00089
5 0 .00061
6 0 .00033
7 0 .00031
8 0 .0003
9 0 .00028
10 0 .00026
11 0 .00024
12 0 .00026
13 0 .00029
14 0 .00031
15 0 .00033
16 0 .00036
17 0 .00039
18 0 .00042
19 0 .00045
20 0 .00048
21 0 .00051
22 0 .00052
23 0 .00053
24 0 .00054
25 0 .00055
26 0 .00056
27 0 .00057
28 0 .00059
29 0 .0006
30 0 .00062
31 0 .00064
32 0 .00066
33 0 .00069
34 0 .00071
35 0 .00074
36 0 .00077
37 0 .0008
38 0 .00084
39 0 .00088
40 0 .00092
41 0 .00095
42 0 .001
43 0 .00105
44 0 .0011
45 0 .00115
46 0 .00119
47 0 .00128
48 0 .00136
49 0 .00144
50 0 .00153
51 0 .00161
52 0 .00172
53 0 .00184
54 0 .00195
55 0 .00206
56 0 .00217
57 0 .00237
58 0 .00256
59 0 .00275
60 0 .00295
61 0 .00314
62 0 .00342
63 0 .00369
64 0 .00396
65 0 .00424
66 0 .00452
67 0 .00495
68 0 .00539
69 0 .00583
70 0 .00627
71 0 .00671
72 0 .00741
73 0 .00811
74 0 .00881
75 0 .00953
76 0 .01024
77 0 .01125
78 0 .01226
79 0 .01329
80 0 .01433
81 0 .01538
82 0 .01681
83 0 .01826
84 0 .01974
85 0 .02124
86 0 .02277
87 0 .02453
88 0 .02632
89 0 .02815
90 0 .03002
91 0 .03193
92 0 .03375
93 0 .03561
94 0 .03751
95 0 .03945
96 0 .04143
97 0 .04225
98 0 .04307
99 0 .0439
100 0 1
*asmp for black females in year 1928; cols are type group gend marst
death 1 F single
1 0 .011
2 0 .00166
3 0 .00134
4 0 .00102
5 0 .0007
6 0 .00038
7 0 .00036
8 0 .00034
9 0 .00033
10 0 .00031
11 0 .0003
12 0 .00032
13 0 .00034
14 0 .00036
15 0 .00038
16 0 .0004
17 0 .00043
18 0 .00045
19 0 .00047
20 0 .00049
21 0 .00051
22 0 .00053
23 0 .00054
24 0 .00055
25 0 .00057
26 0 .00058
27 0 .00059
28 0 .00061
29 0 .00063
30 0 .00064
31 0 .00066
32 0 .00067
33 0 .00069
34 0 .0007
35 0 .00072
36 0 .00074
37 0 .00075
38 0 .00077
39 0 .00079
40 0 .00081
41 0 .00083
42 0 .00085
43 0 .00088
44 0 .00091
45 0 .00093
46 0 .00096
47 0 .00102
48 0 .00109
49 0 .00115
50 0 .00122
51 0 .00128
52 0 .00137
53 0 .00146
54 0 .00155
55 0 .00163
56 0 .00172
57 0 .00189
58 0 .00207
59 0 .00224
60 0 .00241
61 0 .00259
62 0 .00282
63 0 .00306
64 0 .00329
65 0 .00353
66 0 .00377
67 0 .00418
68 0 .0046
69 0 .00502
70 0 .00545
71 0 .00587
72 0 .00651
73 0 .00715
74 0 .00779
75 0 .00845
76 0 .0091
77 0 .01006
78 0 .01103
79 0 .01201
80 0 .013
81 0 .014
82 0 .01528
83 0 .01658
84 0 .0179
85 0 .01924
86 0 .0206
87 0 .02214
88 0 .02371
89 0 .02531
90 0 .02693
91 0 .02859
92 0 .03026
93 0 .03197
94 0 .0337
95 0 .03548
96 0 .03729
97 0 .03854
98 0 .03981
99 0 .04111
100 0 1
