*asmp for white males in year 1930; cols are type group gend marst
death 1 M single
1 0 .00594
2 0 .00052
3 0 .00043
4 0 .00034
5 0 .00024
6 0 .00015
7 0 .00015
8 0 .00014
9 0 .00013
10 0 .00012
11 0 .00012
12 0 .00013
13 0 .00014
14 0 .00016
15 0 .00017
16 0 .00019
17 0 .0002
18 0 .00022
19 0 .00023
20 0 .00025
21 0 .00027
22 0 .00027
23 0 .00027
24 0 .00027
25 0 .00028
26 0 .00028
27 0 .00029
28 0 .00029
29 0 .0003
30 0 .00031
31 0 .00031
32 0 .00033
33 0 .00035
34 0 .00036
35 0 .00038
36 0 .00039
37 0 .00042
38 0 .00044
39 0 .00047
40 0 .0005
41 0 .00052
42 0 .00056
43 0 .00061
44 0 .00065
45 0 .00069
46 0 .00073
47 0 .0008
48 0 .00086
49 0 .00093
50 0 .001
51 0 .00106
52 0 .00116
53 0 .00127
54 0 .00137
55 0 .00147
56 0 .00157
57 0 .00173
58 0 .00189
59 0 .00205
60 0 .00221
61 0 .00237
62 0 .00261
63 0 .00286
64 0 .0031
65 0 .00334
66 0 .00358
67 0 .00397
68 0 .00436
69 0 .00475
70 0 .00514
71 0 .00554
72 0 .00616
73 0 .00678
74 0 .00741
75 0 .00804
76 0 .00868
77 0 .00963
78 0 .01059
79 0 .01156
80 0 .01255
81 0 .01354
82 0 .01495
83 0 .01637
84 0 .01782
85 0 .0193
86 0 .02079
87 0 .02258
88 0 .02441
89 0 .02628
90 0 .02818
91 0 .03013
92 0 .03209
93 0 .0341
94 0 .03616
95 0 .03827
96 0 .04042
97 0 .04143
98 0 .04246
99 0 .04349
100 0 1
*asmp for white females in year 1930; cols are type group gend marst
death 1 F single
1 0 .00539
2 0 .00058
3 0 .00048
4 0 .00037
5 0 .00026
6 0 .00015
7 0 .00015
8 0 .00014
9 0 .00014
10 0 .00013
11 0 .00012
12 0 .00013
13 0 .00015
14 0 .00016
15 0 .00017
16 0 .00018
17 0 .00019
18 0 .00021
19 0 .00022
20 0 .00023
21 0 .00024
22 0 .00025
23 0 .00026
24 0 .00026
25 0 .00027
26 0 .00028
27 0 .00029
28 0 .0003
29 0 .00031
30 0 .00031
31 0 .00032
32 0 .00033
33 0 .00035
34 0 .00036
35 0 .00037
36 0 .00038
37 0 .0004
38 0 .00041
39 0 .00043
40 0 .00045
41 0 .00046
42 0 .00049
43 0 .00052
44 0 .00054
45 0 .00057
46 0 .00059
47 0 .00064
48 0 .00069
49 0 .00074
50 0 .00078
51 0 .00083
52 0 .0009
53 0 .00097
54 0 .00104
55 0 .00111
56 0 .00118
57 0 .00131
58 0 .00144
59 0 .00156
60 0 .00169
61 0 .00182
62 0 .00202
63 0 .00223
64 0 .00243
65 0 .00263
66 0 .00284
67 0 .00319
68 0 .00355
69 0 .00391
70 0 .00427
71 0 .00463
72 0 .0052
73 0 .00578
74 0 .00636
75 0 .00694
76 0 .00752
77 0 .00843
78 0 .00935
79 0 .01028
80 0 .01122
81 0 .01217
82 0 .01344
83 0 .01473
84 0 .01605
85 0 .01738
86 0 .01873
87 0 .02032
88 0 .02195
89 0 .0236
90 0 .02529
91 0 .02701
92 0 .0288
93 0 .03064
94 0 .03251
95 0 .03442
96 0 .03638
97 0 .03781
98 0 .03927
99 0 .04076
100 0 1
