*asmp for white males in year 1922; cols are type group gend marst
death 1 M single
1 0 .00727
2 0 .00071
3 0 .00058
4 0 .00045
5 0 .00032
6 0 .00019
7 0 .00018
8 0 .00017
9 0 .00016
10 0 .00015
11 0 .00014
12 0 .00016
13 0 .00018
14 0 .00019
15 0 .00021
16 0 .00022
17 0 .00024
18 0 .00026
19 0 .00028
20 0 .0003
21 0 .00032
22 0 .00033
23 0 .00033
24 0 .00033
25 0 .00034
26 0 .00034
27 0 .00035
28 0 .00036
29 0 .00037
30 0 .00038
31 0 .00039
32 0 .0004
33 0 .00042
34 0 .00044
35 0 .00046
36 0 .00048
37 0 .00051
38 0 .00053
39 0 .00056
40 0 .00059
41 0 .00062
42 0 .00067
43 0 .00071
44 0 .00075
45 0 .0008
46 0 .00084
47 0 .00091
48 0 .00098
49 0 .00105
50 0 .00112
51 0 .00119
52 0 .0013
53 0 .0014
54 0 .00151
55 0 .00162
56 0 .00172
57 0 .00189
58 0 .00206
59 0 .00223
60 0 .0024
61 0 .00256
62 0 .00281
63 0 .00306
64 0 .00331
65 0 .00356
66 0 .00382
67 0 .00422
68 0 .00462
69 0 .00502
70 0 .00543
71 0 .00583
72 0 .00647
73 0 .00711
74 0 .00776
75 0 .00841
76 0 .00907
77 0 .01003
78 0 .01101
79 0 .01199
80 0 .01299
81 0 .014
82 0 .01541
83 0 .01684
84 0 .01829
85 0 .01977
86 0 .02128
87 0 .02306
88 0 .02487
89 0 .02673
90 0 .02862
91 0 .03055
92 0 .03248
93 0 .03445
94 0 .03647
95 0 .03854
96 0 .04065
97 0 .04161
98 0 .04259
99 0 .04357
100 0 1
*asmp for white females in year 1922; cols are type group gend marst
death 1 F single
1 0 .00654
2 0 .00078
3 0 .00063
4 0 .00049
5 0 .00034
6 0 .0002
7 0 .00019
8 0 .00018
9 0 .00017
10 0 .00016
11 0 .00016
12 0 .00017
13 0 .00018
14 0 .0002
15 0 .00021
16 0 .00023
17 0 .00024
18 0 .00026
19 0 .00027
20 0 .00029
21 0 .0003
22 0 .00031
23 0 .00032
24 0 .00033
25 0 .00034
26 0 .00034
27 0 .00035
28 0 .00036
29 0 .00037
30 0 .00038
31 0 .0004
32 0 .00041
33 0 .00042
34 0 .00043
35 0 .00044
36 0 .00046
37 0 .00047
38 0 .00049
39 0 .00051
40 0 .00052
41 0 .00054
42 0 .00057
43 0 .00059
44 0 .00062
45 0 .00065
46 0 .00067
47 0 .00073
48 0 .00078
49 0 .00083
50 0 .00088
51 0 .00093
52 0 .00101
53 0 .00108
54 0 .00115
55 0 .00123
56 0 .0013
57 0 .00144
58 0 .00158
59 0 .00172
60 0 .00185
61 0 .00199
62 0 .0022
63 0 .00241
64 0 .00262
65 0 .00284
66 0 .00305
67 0 .00342
68 0 .00379
69 0 .00416
70 0 .00454
71 0 .00491
72 0 .0055
73 0 .00609
74 0 .00668
75 0 .00728
76 0 .00788
77 0 .0088
78 0 .00973
79 0 .01067
80 0 .01162
81 0 .01257
82 0 .01385
83 0 .01514
84 0 .01644
85 0 .01777
86 0 .01912
87 0 .0207
88 0 .02231
89 0 .02394
90 0 .02561
91 0 .02731
92 0 .02907
93 0 .03087
94 0 .03271
95 0 .03459
96 0 .03651
97 0 .0379
98 0 .03932
99 0 .04076
100 0 1
