*asmp for white males in year 1978; cols are type group gend marst
death 1 M single
1 0 .00217
2 0 .0001
3 0 .00008
4 0 .00007
5 0 .00006
6 0 .00005
7 0 .00004
8 0 .00004
9 0 .00004
10 0 .00004
11 0 .00004
12 0 .00005
13 0 .00005
14 0 .00006
15 0 .00007
16 0 .00007
17 0 .00008
18 0 .00009
19 0 .00009
20 0 .0001
21 0 .0001
22 0 .0001
23 0 .0001
24 0 .0001
25 0 .0001
26 0 .0001
27 0 .0001
28 0 .00011
29 0 .00011
30 0 .00011
31 0 .00011
32 0 .00012
33 0 .00013
34 0 .00014
35 0 .00014
36 0 .00015
37 0 .00017
38 0 .00018
39 0 .0002
40 0 .00021
41 0 .00023
42 0 .00026
43 0 .00029
44 0 .00032
45 0 .00035
46 0 .00038
47 0 .00043
48 0 .00048
49 0 .00053
50 0 .00058
51 0 .00063
52 0 .00071
53 0 .00079
54 0 .00088
55 0 .00096
56 0 .00105
57 0 .00117
58 0 .0013
59 0 .00143
60 0 .00155
61 0 .00168
62 0 .00188
63 0 .00209
64 0 .00229
65 0 .0025
66 0 .00271
67 0 .00304
68 0 .00338
69 0 .00372
70 0 .00406
71 0 .0044
72 0 .00494
73 0 .00549
74 0 .00604
75 0 .0066
76 0 .00715
77 0 .00805
78 0 .00896
79 0 .00988
80 0 .01081
81 0 .01175
82 0 .01314
83 0 .01455
84 0 .01598
85 0 .01744
86 0 .01892
87 0 .02076
88 0 .02264
89 0 .02456
90 0 .02652
91 0 .02853
92 0 .03064
93 0 .03281
94 0 .03503
95 0 .03731
96 0 .03965
97 0 .04084
98 0 .04205
99 0 .04328
100 0 1
*asmp for white females in year 1978; cols are type group gend marst
death 1 F single
1 0 .00103
2 0 .00005
3 0 .00004
4 0 .00003
5 0 .00003
6 0 .00002
7 0 .00002
8 0 .00002
9 0 .00002
10 0 .00002
11 0 .00002
12 0 .00002
13 0 .00002
14 0 .00002
15 0 .00002
16 0 .00003
17 0 .00003
18 0 .00003
19 0 .00003
20 0 .00004
21 0 .00004
22 0 .00004
23 0 .00004
24 0 .00004
25 0 .00004
26 0 .00005
27 0 .00005
28 0 .00005
29 0 .00005
30 0 .00006
31 0 .00006
32 0 .00006
33 0 .00007
34 0 .00007
35 0 .00007
36 0 .00008
37 0 .00008
38 0 .00009
39 0 .0001
40 0 .00011
41 0 .00011
42 0 .00013
43 0 .00014
44 0 .00015
45 0 .00017
46 0 .00018
47 0 .0002
48 0 .00022
49 0 .00024
50 0 .00026
51 0 .00028
52 0 .00031
53 0 .00034
54 0 .00038
55 0 .00041
56 0 .00044
57 0 .00049
58 0 .00055
59 0 .0006
60 0 .00066
61 0 .00071
62 0 .00082
63 0 .00093
64 0 .00105
65 0 .00116
66 0 .00127
67 0 .00148
68 0 .00168
69 0 .00188
70 0 .00209
71 0 .0023
72 0 .00266
73 0 .00303
74 0 .00339
75 0 .00376
76 0 .00413
77 0 .00479
78 0 .00545
79 0 .00611
80 0 .00678
81 0 .00745
82 0 .00848
83 0 .00952
84 0 .01057
85 0 .01164
86 0 .01271
87 0 .01415
88 0 .0156
89 0 .01708
90 0 .01859
91 0 .02012
92 0 .02196
93 0 .02385
94 0 .02577
95 0 .02774
96 0 .02975
97 0 .0318
98 0 .0339
99 0 .03605
100 0 1
