*asmp for black males in year 2032; cols are type group gend marst
death 1 M single
1 0 .00091
2 0 .00003
3 0 .00003
4 0 .00002
5 0 .00002
6 0 .00002
7 0 .00002
8 0 .00002
9 0 .00002
10 0 .00002
11 0 .00002
12 0 .00002
13 0 .00002
14 0 .00003
15 0 .00003
16 0 .00003
17 0 .00003
18 0 .00004
19 0 .00004
20 0 .00004
21 0 .00004
22 0 .00004
23 0 .00004
24 0 .00004
25 0 .00004
26 0 .00004
27 0 .00004
28 0 .00004
29 0 .00005
30 0 .00005
31 0 .00005
32 0 .00005
33 0 .00005
34 0 .00006
35 0 .00006
36 0 .00006
37 0 .00007
38 0 .00008
39 0 .00009
40 0 .0001
41 0 .0001
42 0 .00012
43 0 .00014
44 0 .00016
45 0 .00018
46 0 .00019
47 0 .00022
48 0 .00025
49 0 .00028
50 0 .00031
51 0 .00035
52 0 .0004
53 0 .00046
54 0 .00052
55 0 .00057
56 0 .00063
57 0 .00072
58 0 .0008
59 0 .00089
60 0 .00097
61 0 .00106
62 0 .00121
63 0 .00136
64 0 .00151
65 0 .00166
66 0 .00181
67 0 .00206
68 0 .00232
69 0 .00258
70 0 .00283
71 0 .00309
72 0 .00351
73 0 .00393
74 0 .00435
75 0 .00478
76 0 .00521
77 0 .00595
78 0 .0067
79 0 .00746
80 0 .00822
81 0 .00899
82 0 .0102
83 0 .01143
84 0 .01267
85 0 .01393
86 0 .0152
87 0 .0169
88 0 .01863
89 0 .0204
90 0 .0222
91 0 .02403
92 0 .0262
93 0 .02842
94 0 .03069
95 0 .03303
96 0 .03543
97 0 .03717
98 0 .03895
99 0 .04076
100 0 1
*asmp for black females in year 2032; cols are type group gend marst
death 1 F single
1 0 .00068
2 0 .00003
3 0 .00003
4 0 .00002
5 0 .00002
6 0 .00001
7 0 .00001
8 0 .00001
9 0 .00001
10 0 .00001
11 0 .00001
12 0 .00001
13 0 .00001
14 0 .00001
15 0 .00002
16 0 .00002
17 0 .00002
18 0 .00002
19 0 .00002
20 0 .00002
21 0 .00002
22 0 .00003
23 0 .00003
24 0 .00003
25 0 .00003
26 0 .00003
27 0 .00003
28 0 .00003
29 0 .00003
30 0 .00004
31 0 .00004
32 0 .00004
33 0 .00004
34 0 .00004
35 0 .00005
36 0 .00005
37 0 .00005
38 0 .00006
39 0 .00006
40 0 .00007
41 0 .00007
42 0 .00008
43 0 .00009
44 0 .0001
45 0 .00011
46 0 .00011
47 0 .00013
48 0 .00014
49 0 .00015
50 0 .00016
51 0 .00018
52 0 .0002
53 0 .00022
54 0 .00024
55 0 .00026
56 0 .00028
57 0 .00031
58 0 .00034
59 0 .00038
60 0 .00041
61 0 .00044
62 0 .00052
63 0 .0006
64 0 .00067
65 0 .00075
66 0 .00082
67 0 .00096
68 0 .0011
69 0 .00125
70 0 .00139
71 0 .00153
72 0 .00179
73 0 .00205
74 0 .00231
75 0 .00258
76 0 .00284
77 0 .00332
78 0 .00381
79 0 .0043
80 0 .00479
81 0 .00528
82 0 .00607
83 0 .00687
84 0 .00767
85 0 .00849
86 0 .0093
87 0 .01046
88 0 .01163
89 0 .01282
90 0 .01402
91 0 .01524
92 0 .01683
93 0 .01844
94 0 .02009
95 0 .02177
96 0 .02348
97 0 .02561
98 0 .02779
99 0 .03002
100 0 1
