*asmp for white males in year 2049; cols are type group gend marst
death 1 M single
1 0 .00041
2 0 .00001
3 0 .00001
4 0 .00001
5 0 .00001
6 0 .00001
7 0 .00001
8 0 .00001
9 0 .00001
10 0 .00001
11 0 .00001
12 0 .00001
13 0 .00001
14 0 .00001
15 0 .00001
16 0 .00001
17 0 .00001
18 0 .00002
19 0 .00002
20 0 .00002
21 0 .00002
22 0 .00002
23 0 .00002
24 0 .00002
25 0 .00002
26 0 .00002
27 0 .00002
28 0 .00002
29 0 .00002
30 0 .00002
31 0 .00002
32 0 .00002
33 0 .00002
34 0 .00002
35 0 .00003
36 0 .00003
37 0 .00003
38 0 .00003
39 0 .00004
40 0 .00004
41 0 .00004
42 0 .00005
43 0 .00006
44 0 .00007
45 0 .00007
46 0 .00008
47 0 .0001
48 0 .00011
49 0 .00012
50 0 .00013
51 0 .00015
52 0 .00017
53 0 .0002
54 0 .00022
55 0 .00025
56 0 .00027
57 0 .00031
58 0 .00035
59 0 .00038
60 0 .00042
61 0 .00046
62 0 .00053
63 0 .00061
64 0 .00068
65 0 .00076
66 0 .00084
67 0 .00097
68 0 .00111
69 0 .00124
70 0 .00138
71 0 .00151
72 0 .00175
73 0 .00198
74 0 .00222
75 0 .00245
76 0 .00269
77 0 .00313
78 0 .00357
79 0 .00402
80 0 .00447
81 0 .00492
82 0 .00569
83 0 .00646
84 0 .00724
85 0 .00803
86 0 .00882
87 0 .01
88 0 .01118
89 0 .01239
90 0 .01361
91 0 .01484
92 0 .01655
93 0 .01828
94 0 .02006
95 0 .02186
96 0 .02371
97 0 .02592
98 0 .02819
99 0 .03051
100 0 1
*asmp for white females in year 2049; cols are type group gend marst
death 1 F single
1 0 .00043
2 0 .00002
3 0 .00002
4 0 .00001
5 0 .00001
6 0 .00001
7 0 .00001
8 0 .00001
9 0 .00001
10 0 .00001
11 0 .00001
12 0 .00001
13 0 .00001
14 0 .00001
15 0 .00001
16 0 .00001
17 0 .00001
18 0 .00001
19 0 .00001
20 0 .00001
21 0 .00001
22 0 .00002
23 0 .00002
24 0 .00002
25 0 .00002
26 0 .00002
27 0 .00002
28 0 .00002
29 0 .00002
30 0 .00002
31 0 .00002
32 0 .00002
33 0 .00002
34 0 .00003
35 0 .00003
36 0 .00003
37 0 .00003
38 0 .00003
39 0 .00004
40 0 .00004
41 0 .00004
42 0 .00005
43 0 .00005
44 0 .00006
45 0 .00006
46 0 .00007
47 0 .00007
48 0 .00008
49 0 .00009
50 0 .0001
51 0 .0001
52 0 .00012
53 0 .00013
54 0 .00014
55 0 .00015
56 0 .00016
57 0 .00018
58 0 .0002
59 0 .00022
60 0 .00024
61 0 .00026
62 0 .00031
63 0 .00036
64 0 .00041
65 0 .00046
66 0 .0005
67 0 .0006
68 0 .00069
69 0 .00078
70 0 .00088
71 0 .00097
72 0 .00115
73 0 .00133
74 0 .00151
75 0 .00169
76 0 .00187
77 0 .00222
78 0 .00256
79 0 .00291
80 0 .00326
81 0 .00361
82 0 .0042
83 0 .00479
84 0 .00539
85 0 .00599
86 0 .00659
87 0 .0075
88 0 .00841
89 0 .00933
90 0 .01026
91 0 .0112
92 0 .01251
93 0 .01384
94 0 .01519
95 0 .01655
96 0 .01794
97 0 .01994
98 0 .02198
99 0 .02406
100 0 1
