*asmp for black males in year 1904; cols are type group gend marst
death 1 M single
1 0 .01498
2 0 .00198
3 0 .00159
4 0 .0012
5 0 .00081
6 0 .00043
7 0 .0004
8 0 .00038
9 0 .00036
10 0 .00033
11 0 .00031
12 0 .00034
13 0 .00036
14 0 .00039
15 0 .00041
16 0 .00044
17 0 .00047
18 0 .00051
19 0 .00055
20 0 .00059
21 0 .00063
22 0 .00064
23 0 .00065
24 0 .00066
25 0 .00068
26 0 .00069
27 0 .00071
28 0 .00073
29 0 .00075
30 0 .00077
31 0 .00079
32 0 .00082
33 0 .00085
34 0 .00088
35 0 .00091
36 0 .00094
37 0 .00099
38 0 .00103
39 0 .00108
40 0 .00112
41 0 .00117
42 0 .00122
43 0 .00127
44 0 .00132
45 0 .00137
46 0 .00142
47 0 .00152
48 0 .00161
49 0 .0017
50 0 .00179
51 0 .00189
52 0 .00201
53 0 .00213
54 0 .00224
55 0 .00236
56 0 .00248
57 0 .00269
58 0 .0029
59 0 .00311
60 0 .00332
61 0 .00353
62 0 .00383
63 0 .00412
64 0 .00441
65 0 .0047
66 0 .005
67 0 .00545
68 0 .00592
69 0 .00638
70 0 .00685
71 0 .00732
72 0 .00805
73 0 .0088
74 0 .00955
75 0 .0103
76 0 .01106
77 0 .0121
78 0 .01315
79 0 .01421
80 0 .01528
81 0 .01637
82 0 .01782
83 0 .0193
84 0 .0208
85 0 .02233
86 0 .02388
87 0 .02563
88 0 .02742
89 0 .02924
90 0 .03109
91 0 .03299
92 0 .03474
93 0 .03651
94 0 .03833
95 0 .04018
96 0 .04208
97 0 .04277
98 0 .04348
99 0 .04419
100 0 1
*asmp for black females in year 1904; cols are type group gend marst
death 1 F single
1 0 .01372
2 0 .00216
3 0 .00174
4 0 .00132
5 0 .0009
6 0 .00048
7 0 .00046
8 0 .00044
9 0 .00042
10 0 .0004
11 0 .00038
12 0 .0004
13 0 .00043
14 0 .00045
15 0 .00048
16 0 .0005
17 0 .00053
18 0 .00056
19 0 .00059
20 0 .00061
21 0 .00064
22 0 .00065
23 0 .00067
24 0 .00069
25 0 .0007
26 0 .00072
27 0 .00074
28 0 .00076
29 0 .00078
30 0 .0008
31 0 .00081
32 0 .00083
33 0 .00085
34 0 .00087
35 0 .00089
36 0 .00091
37 0 .00093
38 0 .00094
39 0 .00096
40 0 .00098
41 0 .001
42 0 .00103
43 0 .00106
44 0 .00108
45 0 .00111
46 0 .00114
47 0 .00121
48 0 .00128
49 0 .00136
50 0 .00143
51 0 .0015
52 0 .0016
53 0 .0017
54 0 .0018
55 0 .00189
56 0 .00199
57 0 .00219
58 0 .00239
59 0 .00258
60 0 .00278
61 0 .00298
62 0 .00323
63 0 .00349
64 0 .00374
65 0 .004
66 0 .00425
67 0 .0047
68 0 .00515
69 0 .00561
70 0 .00607
71 0 .00653
72 0 .0072
73 0 .00788
74 0 .00857
75 0 .00926
76 0 .00995
77 0 .01095
78 0 .01196
79 0 .01298
80 0 .01402
81 0 .01506
82 0 .01636
83 0 .01769
84 0 .01903
85 0 .0204
86 0 .02178
87 0 .02332
88 0 .02488
89 0 .02648
90 0 .0281
91 0 .02975
92 0 .03136
93 0 .03301
94 0 .03469
95 0 .03639
96 0 .03814
97 0 .03928
98 0 .04044
99 0 .04162
100 0 1
