*asmp for black males in year 1895; cols are type group gend marst
death 1 M single
1 0 .01709
2 0 .0023
3 0 .00185
4 0 .00139
5 0 .00094
6 0 .00049
7 0 .00046
8 0 .00043
9 0 .00041
10 0 .00038
11 0 .00035
12 0 .00038
13 0 .00041
14 0 .00044
15 0 .00047
16 0 .00049
17 0 .00054
18 0 .00058
19 0 .00062
20 0 .00066
21 0 .00071
22 0 .00072
23 0 .00074
24 0 .00075
25 0 .00076
26 0 .00078
27 0 .0008
28 0 .00083
29 0 .00085
30 0 .00087
31 0 .0009
32 0 .00093
33 0 .00096
34 0 .001
35 0 .00103
36 0 .00107
37 0 .00112
38 0 .00117
39 0 .00122
40 0 .00127
41 0 .00132
42 0 .00137
43 0 .00142
44 0 .00148
45 0 .00153
46 0 .00159
47 0 .00168
48 0 .00178
49 0 .00188
50 0 .00198
51 0 .00208
52 0 .0022
53 0 .00233
54 0 .00245
55 0 .00257
56 0 .0027
57 0 .00292
58 0 .00314
59 0 .00336
60 0 .00359
61 0 .00381
62 0 .00411
63 0 .00442
64 0 .00472
65 0 .00503
66 0 .00534
67 0 .00581
68 0 .00629
69 0 .00678
70 0 .00726
71 0 .00775
72 0 .00852
73 0 .0093
74 0 .01008
75 0 .01087
76 0 .01166
77 0 .01273
78 0 .0138
79 0 .01489
80 0 .01599
81 0 .01711
82 0 .01859
83 0 .02009
84 0 .02162
85 0 .02317
86 0 .02475
87 0 .0265
88 0 .02828
89 0 .0301
90 0 .03196
91 0 .03386
92 0 .03554
93 0 .03725
94 0 .039
95 0 .04078
96 0 .0426
97 0 .04321
98 0 .04381
99 0 .04443
100 0 1
*asmp for black females in year 1895; cols are type group gend marst
death 1 F single
1 0 .01557
2 0 .0025
3 0 .00201
4 0 .00152
5 0 .00103
6 0 .00055
7 0 .00052
8 0 .0005
9 0 .00048
10 0 .00045
11 0 .00043
12 0 .00046
13 0 .00049
14 0 .00051
15 0 .00054
16 0 .00057
17 0 .0006
18 0 .00063
19 0 .00066
20 0 .00069
21 0 .00072
22 0 .00074
23 0 .00076
24 0 .00078
25 0 .00079
26 0 .00081
27 0 .00083
28 0 .00085
29 0 .00088
30 0 .0009
31 0 .00092
32 0 .00094
33 0 .00096
34 0 .00098
35 0 .001
36 0 .00102
37 0 .00104
38 0 .00106
39 0 .00108
40 0 .0011
41 0 .00112
42 0 .00115
43 0 .00117
44 0 .0012
45 0 .00123
46 0 .00125
47 0 .00133
48 0 .00141
49 0 .00149
50 0 .00157
51 0 .00165
52 0 .00176
53 0 .00186
54 0 .00197
55 0 .00207
56 0 .00217
57 0 .00239
58 0 .0026
59 0 .00282
60 0 .00303
61 0 .00325
62 0 .00351
63 0 .00378
64 0 .00404
65 0 .00431
66 0 .00458
67 0 .00505
68 0 .00553
69 0 .00601
70 0 .00649
71 0 .00698
72 0 .00768
73 0 .00839
74 0 .0091
75 0 .00982
76 0 .01055
77 0 .01157
78 0 .01261
79 0 .01366
80 0 .01473
81 0 .0158
82 0 .01713
83 0 .01848
84 0 .01984
85 0 .02123
86 0 .02264
87 0 .02417
88 0 .02574
89 0 .02733
90 0 .02895
91 0 .0306
92 0 .03218
93 0 .03378
94 0 .03542
95 0 .03708
96 0 .03878
97 0 .03984
98 0 .04092
99 0 .04202
100 0 1
