*asmp for black males in year 2017; cols are type group gend marst
death 1 M single
1 0 .00139
2 0 .00005
3 0 .00004
4 0 .00004
5 0 .00003
6 0 .00003
7 0 .00003
8 0 .00003
9 0 .00003
10 0 .00002
11 0 .00002
12 0 .00003
13 0 .00003
14 0 .00004
15 0 .00004
16 0 .00005
17 0 .00005
18 0 .00006
19 0 .00006
20 0 .00006
21 0 .00007
22 0 .00007
23 0 .00007
24 0 .00007
25 0 .00007
26 0 .00006
27 0 .00007
28 0 .00007
29 0 .00007
30 0 .00007
31 0 .00007
32 0 .00008
33 0 .00008
34 0 .00009
35 0 .00009
36 0 .0001
37 0 .00011
38 0 .00012
39 0 .00013
40 0 .00014
41 0 .00015
42 0 .00018
43 0 .0002
44 0 .00023
45 0 .00025
46 0 .00028
47 0 .00032
48 0 .00036
49 0 .0004
50 0 .00044
51 0 .00048
52 0 .00055
53 0 .00062
54 0 .0007
55 0 .00077
56 0 .00084
57 0 .00095
58 0 .00106
59 0 .00117
60 0 .00128
61 0 .00139
62 0 .00157
63 0 .00176
64 0 .00194
65 0 .00212
66 0 .00231
67 0 .00261
68 0 .00292
69 0 .00323
70 0 .00354
71 0 .00385
72 0 .00434
73 0 .00485
74 0 .00535
75 0 .00585
76 0 .00636
77 0 .00722
78 0 .00808
79 0 .00895
80 0 .00983
81 0 .01072
82 0 .01207
83 0 .01343
84 0 .01482
85 0 .01623
86 0 .01767
87 0 .0195
88 0 .02136
89 0 .02327
90 0 .02521
91 0 .0272
92 0 .02938
93 0 .03161
94 0 .0339
95 0 .03624
96 0 .03866
97 0 .04002
98 0 .0414
99 0 .0428
100 0 1
*asmp for black females in year 2017; cols are type group gend marst
death 1 F single
1 0 .00093
2 0 .00005
3 0 .00004
4 0 .00003
5 0 .00002
6 0 .00002
7 0 .00002
8 0 .00002
9 0 .00002
10 0 .00001
11 0 .00001
12 0 .00002
13 0 .00002
14 0 .00002
15 0 .00002
16 0 .00002
17 0 .00003
18 0 .00003
19 0 .00003
20 0 .00003
21 0 .00003
22 0 .00004
23 0 .00004
24 0 .00004
25 0 .00004
26 0 .00004
27 0 .00004
28 0 .00005
29 0 .00005
30 0 .00005
31 0 .00005
32 0 .00006
33 0 .00006
34 0 .00006
35 0 .00007
36 0 .00007
37 0 .00008
38 0 .00008
39 0 .00009
40 0 .0001
41 0 .0001
42 0 .00011
43 0 .00013
44 0 .00014
45 0 .00015
46 0 .00016
47 0 .00018
48 0 .0002
49 0 .00021
50 0 .00023
51 0 .00025
52 0 .00028
53 0 .00031
54 0 .00034
55 0 .00036
56 0 .00039
57 0 .00044
58 0 .00049
59 0 .00054
60 0 .00059
61 0 .00063
62 0 .00074
63 0 .00084
64 0 .00094
65 0 .00104
66 0 .00115
67 0 .00133
68 0 .00152
69 0 .00171
70 0 .00189
71 0 .00208
72 0 .00242
73 0 .00276
74 0 .00309
75 0 .00343
76 0 .00378
77 0 .00438
78 0 .005
79 0 .00561
80 0 .00623
81 0 .00686
82 0 .00782
83 0 .0088
84 0 .00978
85 0 .01078
86 0 .01179
87 0 .01315
88 0 .01454
89 0 .01594
90 0 .01737
91 0 .01882
92 0 .0206
93 0 .02243
94 0 .02429
95 0 .02619
96 0 .02813
97 0 .03023
98 0 .03238
99 0 .03458
100 0 1
