*asmp for black males in year 1884; cols are type group gend marst
death 1 M single
1 0 .02113
2 0 .00292
3 0 .00233
4 0 .00175
5 0 .00117
6 0 .0006
7 0 .00057
8 0 .00053
9 0 .0005
10 0 .00047
11 0 .00043
12 0 .00047
13 0 .0005
14 0 .00053
15 0 .00056
16 0 .0006
17 0 .00065
18 0 .0007
19 0 .00075
20 0 .0008
21 0 .00086
22 0 .00087
23 0 .00089
24 0 .00091
25 0 .00093
26 0 .00095
27 0 .00098
28 0 .00101
29 0 .00104
30 0 .00107
31 0 .0011
32 0 .00114
33 0 .00118
34 0 .00122
35 0 .00126
36 0 .0013
37 0 .00136
38 0 .00142
39 0 .00147
40 0 .00153
41 0 .00159
42 0 .00165
43 0 .00171
44 0 .00177
45 0 .00183
46 0 .00189
47 0 .002
48 0 .00211
49 0 .00222
50 0 .00233
51 0 .00245
52 0 .00258
53 0 .00271
54 0 .00284
55 0 .00297
56 0 .0031
57 0 .00335
58 0 .00359
59 0 .00384
60 0 .00409
61 0 .00434
62 0 .00467
63 0 .00499
64 0 .00532
65 0 .00565
66 0 .00599
67 0 .0065
68 0 .00702
69 0 .00754
70 0 .00807
71 0 .0086
72 0 .00943
73 0 .01027
74 0 .01112
75 0 .01198
76 0 .01285
77 0 .01397
78 0 .0151
79 0 .01625
80 0 .01742
81 0 .0186
82 0 .02013
83 0 .02168
84 0 .02326
85 0 .02487
86 0 .02651
87 0 .02826
88 0 .03004
89 0 .03186
90 0 .03371
91 0 .0356
92 0 .03715
93 0 .03872
94 0 .04032
95 0 .04195
96 0 .04361
97 0 .04402
98 0 .04444
99 0 .04486
100 0 1
*asmp for black females in year 1884; cols are type group gend marst
death 1 F single
1 0 .0191
2 0 .00314
3 0 .00251
4 0 .0019
5 0 .00128
6 0 .00067
7 0 .00064
8 0 .00061
9 0 .00058
10 0 .00056
11 0 .00053
12 0 .00056
13 0 .00059
14 0 .00063
15 0 .00066
16 0 .0007
17 0 .00073
18 0 .00077
19 0 .00081
20 0 .00084
21 0 .00088
22 0 .0009
23 0 .00092
24 0 .00094
25 0 .00096
26 0 .00098
27 0 .00101
28 0 .00104
29 0 .00106
30 0 .00109
31 0 .00112
32 0 .00114
33 0 .00116
34 0 .00119
35 0 .00121
36 0 .00123
37 0 .00125
38 0 .00128
39 0 .0013
40 0 .00132
41 0 .00134
42 0 .00137
43 0 .00139
44 0 .00142
45 0 .00145
46 0 .00148
47 0 .00157
48 0 .00166
49 0 .00175
50 0 .00184
51 0 .00194
52 0 .00205
53 0 .00217
54 0 .00228
55 0 .0024
56 0 .00252
57 0 .00276
58 0 .00301
59 0 .00325
60 0 .0035
61 0 .00375
62 0 .00404
63 0 .00433
64 0 .00462
65 0 .00491
66 0 .0052
67 0 .00572
68 0 .00625
69 0 .00678
70 0 .00731
71 0 .00784
72 0 .0086
73 0 .00936
74 0 .01014
75 0 .01091
76 0 .0117
77 0 .01279
78 0 .01389
79 0 .01501
80 0 .01614
81 0 .01728
82 0 .01866
83 0 .02005
84 0 .02146
85 0 .0229
86 0 .02437
87 0 .02591
88 0 .02747
89 0 .02907
90 0 .03069
91 0 .03235
92 0 .03384
93 0 .03535
94 0 .0369
95 0 .03846
96 0 .04006
97 0 .04097
98 0 .04188
99 0 .04281
100 0 1
