*asmp for white males in year 1948; cols are type group gend marst
death 1 M single
1 0 .00355
2 0 .00021
3 0 .00018
4 0 .00014
5 0 .00011
6 0 .00008
7 0 .00008
8 0 .00008
9 0 .00007
10 0 .00007
11 0 .00007
12 0 .00008
13 0 .00009
14 0 .0001
15 0 .00011
16 0 .00012
17 0 .00012
18 0 .00013
19 0 .00014
20 0 .00015
21 0 .00016
22 0 .00016
23 0 .00016
24 0 .00016
25 0 .00017
26 0 .00017
27 0 .00017
28 0 .00017
29 0 .00018
30 0 .00018
31 0 .00019
32 0 .0002
33 0 .00021
34 0 .00022
35 0 .00023
36 0 .00024
37 0 .00026
38 0 .00028
39 0 .0003
40 0 .00032
41 0 .00034
42 0 .00038
43 0 .00041
44 0 .00045
45 0 .00049
46 0 .00052
47 0 .00058
48 0 .00064
49 0 .0007
50 0 .00075
51 0 .00081
52 0 .00091
53 0 .001
54 0 .00109
55 0 .00119
56 0 .00128
57 0 .00142
58 0 .00157
59 0 .00171
60 0 .00185
61 0 .002
62 0 .00222
63 0 .00244
64 0 .00267
65 0 .00289
66 0 .00312
67 0 .00348
68 0 .00384
69 0 .00421
70 0 .00457
71 0 .00494
72 0 .00552
73 0 .00611
74 0 .00669
75 0 .00728
76 0 .00788
77 0 .00881
78 0 .00975
79 0 .01069
80 0 .01165
81 0 .01262
82 0 .01402
83 0 .01544
84 0 .01688
85 0 .01835
86 0 .01984
87 0 .02166
88 0 .02352
89 0 .02541
90 0 .02735
91 0 .02933
92 0 .03137
93 0 .03346
94 0 .0356
95 0 .0378
96 0 .04005
97 0 .04115
98 0 .04226
99 0 .04339
100 0 1
*asmp for white females in year 1948; cols are type group gend marst
death 1 F single
1 0 .00236
2 0 .00014
3 0 .00012
4 0 .00009
5 0 .00007
6 0 .00005
7 0 .00005
8 0 .00005
9 0 .00004
10 0 .00004
11 0 .00004
12 0 .00004
13 0 .00005
14 0 .00006
15 0 .00006
16 0 .00007
17 0 .00007
18 0 .00008
19 0 .00008
20 0 .00009
21 0 .00009
22 0 .0001
23 0 .0001
24 0 .0001
25 0 .00011
26 0 .00011
27 0 .00012
28 0 .00012
29 0 .00013
30 0 .00013
31 0 .00013
32 0 .00014
33 0 .00015
34 0 .00016
35 0 .00017
36 0 .00018
37 0 .00019
38 0 .0002
39 0 .00022
40 0 .00023
41 0 .00024
42 0 .00027
43 0 .00029
44 0 .00031
45 0 .00034
46 0 .00036
47 0 .0004
48 0 .00043
49 0 .00047
50 0 .0005
51 0 .00054
52 0 .00059
53 0 .00065
54 0 .0007
55 0 .00076
56 0 .00081
57 0 .00091
58 0 .00101
59 0 .0011
60 0 .0012
61 0 .00129
62 0 .00147
63 0 .00164
64 0 .00182
65 0 .00199
66 0 .00217
67 0 .00248
68 0 .00279
69 0 .0031
70 0 .00341
71 0 .00372
72 0 .00424
73 0 .00477
74 0 .00529
75 0 .00582
76 0 .00635
77 0 .00723
78 0 .00812
79 0 .00901
80 0 .00991
81 0 .01083
82 0 .01211
83 0 .01342
84 0 .01474
85 0 .01609
86 0 .01746
87 0 .01912
88 0 .02081
89 0 .02254
90 0 .0243
91 0 .0261
92 0 .02801
93 0 .02997
94 0 .03197
95 0 .03402
96 0 .03611
97 0 .03768
98 0 .03928
99 0 .0409
100 0 1
