*asmp for black males in year 1996; cols are type group gend marst
death 1 M single
1 0 .00355
2 0 .00021
3 0 .00018
4 0 .00014
5 0 .00011
6 0 .00008
7 0 .00008
8 0 .00008
9 0 .00007
10 0 .00007
11 0 .00007
12 0 .00008
13 0 .00009
14 0 .0001
15 0 .00011
16 0 .00012
17 0 .00012
18 0 .00013
19 0 .00014
20 0 .00015
21 0 .00016
22 0 .00016
23 0 .00016
24 0 .00016
25 0 .00017
26 0 .00017
27 0 .00017
28 0 .00017
29 0 .00018
30 0 .00018
31 0 .00019
32 0 .0002
33 0 .00021
34 0 .00022
35 0 .00023
36 0 .00024
37 0 .00026
38 0 .00028
39 0 .0003
40 0 .00032
41 0 .00034
42 0 .00038
43 0 .00041
44 0 .00045
45 0 .00049
46 0 .00052
47 0 .00058
48 0 .00064
49 0 .0007
50 0 .00075
51 0 .00081
52 0 .00091
53 0 .001
54 0 .00109
55 0 .00119
56 0 .00128
57 0 .00142
58 0 .00157
59 0 .00171
60 0 .00185
61 0 .002
62 0 .00222
63 0 .00244
64 0 .00267
65 0 .00289
66 0 .00312
67 0 .00348
68 0 .00384
69 0 .00421
70 0 .00457
71 0 .00494
72 0 .00552
73 0 .00611
74 0 .00669
75 0 .00728
76 0 .00788
77 0 .00881
78 0 .00975
79 0 .01069
80 0 .01165
81 0 .01262
82 0 .01402
83 0 .01544
84 0 .01688
85 0 .01835
86 0 .01984
87 0 .02166
88 0 .02352
89 0 .02541
90 0 .02735
91 0 .02933
92 0 .03137
93 0 .03346
94 0 .0356
95 0 .0378
96 0 .04005
97 0 .04115
98 0 .04226
99 0 .04339
100 0 1
*asmp for black females in year 1996; cols are type group gend marst
death 1 F single
1 0 .00163
2 0 .00008
3 0 .00007
4 0 .00006
5 0 .00004
6 0 .00003
7 0 .00003
8 0 .00003
9 0 .00003
10 0 .00003
11 0 .00003
12 0 .00003
13 0 .00003
14 0 .00004
15 0 .00004
16 0 .00004
17 0 .00005
18 0 .00005
19 0 .00005
20 0 .00006
21 0 .00006
22 0 .00006
23 0 .00006
24 0 .00007
25 0 .00007
26 0 .00007
27 0 .00008
28 0 .00008
29 0 .00008
30 0 .00009
31 0 .00009
32 0 .0001
33 0 .0001
34 0 .00011
35 0 .00012
36 0 .00012
37 0 .00013
38 0 .00014
39 0 .00016
40 0 .00017
41 0 .00018
42 0 .0002
43 0 .00022
44 0 .00024
45 0 .00026
46 0 .00028
47 0 .0003
48 0 .00033
49 0 .00036
50 0 .00039
51 0 .00042
52 0 .00047
53 0 .00051
54 0 .00056
55 0 .00061
56 0 .00065
57 0 .00073
58 0 .00081
59 0 .00089
60 0 .00097
61 0 .00105
62 0 .0012
63 0 .00135
64 0 .00151
65 0 .00166
66 0 .00181
67 0 .00209
68 0 .00236
69 0 .00263
70 0 .00291
71 0 .00318
72 0 .00365
73 0 .00413
74 0 .0046
75 0 .00508
76 0 .00556
77 0 .00638
78 0 .0072
79 0 .00803
80 0 .00887
81 0 .00972
82 0 .01095
83 0 .01219
84 0 .01346
85 0 .01474
86 0 .01604
87 0 .01767
88 0 .01933
89 0 .02102
90 0 .02275
91 0 .02451
92 0 .02645
93 0 .02843
94 0 .03047
95 0 .03254
96 0 .03467
97 0 .03641
98 0 .03818
99 0 .03999
100 0 1
