*asmp for black males in year 1967; cols are type group gend marst
death 1 M single
1 0 .00552
2 0 .00046
3 0 .00038
4 0 .0003
5 0 .00022
6 0 .00014
7 0 .00013
8 0 .00013
9 0 .00012
10 0 .00011
11 0 .00011
12 0 .00012
13 0 .00013
14 0 .00015
15 0 .00016
16 0 .00017
17 0 .00019
18 0 .0002
19 0 .00022
20 0 .00023
21 0 .00025
22 0 .00025
23 0 .00025
24 0 .00025
25 0 .00026
26 0 .00026
27 0 .00027
28 0 .00027
29 0 .00028
30 0 .00028
31 0 .00029
32 0 .00031
33 0 .00032
34 0 .00034
35 0 .00035
36 0 .00036
37 0 .00039
38 0 .00042
39 0 .00044
40 0 .00047
41 0 .00049
42 0 .00053
43 0 .00057
44 0 .00061
45 0 .00065
46 0 .00069
47 0 .00076
48 0 .00082
49 0 .00089
50 0 .00095
51 0 .00102
52 0 .00112
53 0 .00122
54 0 .00132
55 0 .00142
56 0 .00153
57 0 .00168
58 0 .00184
59 0 .002
60 0 .00216
61 0 .00231
62 0 .00255
63 0 .00279
64 0 .00303
65 0 .00327
66 0 .00351
67 0 .00389
68 0 .00428
69 0 .00467
70 0 .00505
71 0 .00545
72 0 .00606
73 0 .00667
74 0 .0073
75 0 .00792
76 0 .00855
77 0 .0095
78 0 .01046
79 0 .01143
80 0 .01241
81 0 .0134
82 0 .0148
83 0 .01623
84 0 .01768
85 0 .01915
86 0 .02065
87 0 .02244
88 0 .02427
89 0 .02614
90 0 .02805
91 0 .03
92 0 .03198
93 0 .034
94 0 .03607
95 0 .03819
96 0 .04036
97 0 .04139
98 0 .04242
99 0 .04347
100 0 1
*asmp for black females in year 1967; cols are type group gend marst
death 1 F single
1 0 .00364
2 0 .0003
3 0 .00025
4 0 .00019
5 0 .00014
6 0 .00009
7 0 .00009
8 0 .00008
9 0 .00008
10 0 .00007
11 0 .00007
12 0 .00008
13 0 .00009
14 0 .0001
15 0 .0001
16 0 .00011
17 0 .00012
18 0 .00013
19 0 .00014
20 0 .00015
21 0 .00015
22 0 .00016
23 0 .00017
24 0 .00017
25 0 .00018
26 0 .00018
27 0 .00019
28 0 .00019
29 0 .0002
30 0 .00021
31 0 .00021
32 0 .00022
33 0 .00023
34 0 .00024
35 0 .00025
36 0 .00026
37 0 .00028
38 0 .00029
39 0 .00031
40 0 .00032
41 0 .00034
42 0 .00036
43 0 .00039
44 0 .00042
45 0 .00044
46 0 .00047
47 0 .00051
48 0 .00055
49 0 .00059
50 0 .00063
51 0 .00067
52 0 .00073
53 0 .0008
54 0 .00086
55 0 .00092
56 0 .00099
57 0 .0011
58 0 .00121
59 0 .00132
60 0 .00143
61 0 .00154
62 0 .00173
63 0 .00192
64 0 .00211
65 0 .0023
66 0 .00249
67 0 .00282
68 0 .00316
69 0 .00349
70 0 .00383
71 0 .00417
72 0 .00471
73 0 .00527
74 0 .00582
75 0 .00638
76 0 .00694
77 0 .00783
78 0 .00874
79 0 .00965
80 0 .01058
81 0 .01151
82 0 .01279
83 0 .0141
84 0 .01542
85 0 .01676
86 0 .01812
87 0 .01975
88 0 .02141
89 0 .02311
90 0 .02483
91 0 .02659
92 0 .02845
93 0 .03034
94 0 .03228
95 0 .03426
96 0 .03628
97 0 .03778
98 0 .0393
99 0 .04086
100 0 1
