*asmp for black males in year 1889; cols are type group gend marst
death 1 M single
1 0 .01942
2 0 .00266
3 0 .00213
4 0 .0016
5 0 .00107
6 0 .00055
7 0 .00052
8 0 .00049
9 0 .00046
10 0 .00043
11 0 .0004
12 0 .00043
13 0 .00046
14 0 .00049
15 0 .00052
16 0 .00055
17 0 .0006
18 0 .00065
19 0 .0007
20 0 .00075
21 0 .00079
22 0 .00081
23 0 .00083
24 0 .00084
25 0 .00086
26 0 .00088
27 0 .00091
28 0 .00093
29 0 .00096
30 0 .00099
31 0 .00101
32 0 .00105
33 0 .00109
34 0 .00113
35 0 .00116
36 0 .0012
37 0 .00126
38 0 .00131
39 0 .00137
40 0 .00142
41 0 .00148
42 0 .00153
43 0 .00159
44 0 .00165
45 0 .0017
46 0 .00176
47 0 .00187
48 0 .00197
49 0 .00208
50 0 .00219
51 0 .00229
52 0 .00242
53 0 .00255
54 0 .00268
55 0 .0028
56 0 .00293
57 0 .00317
58 0 .0034
59 0 .00364
60 0 .00388
61 0 .00412
62 0 .00443
63 0 .00475
64 0 .00507
65 0 .00539
66 0 .00571
67 0 .00621
68 0 .00672
69 0 .00722
70 0 .00773
71 0 .00824
72 0 .00905
73 0 .00986
74 0 .01068
75 0 .01151
76 0 .01235
77 0 .01344
78 0 .01455
79 0 .01568
80 0 .01681
81 0 .01797
82 0 .01947
83 0 .02101
84 0 .02256
85 0 .02415
86 0 .02577
87 0 .02751
88 0 .02929
89 0 .03111
90 0 .03297
91 0 .03486
92 0 .03647
93 0 .0381
94 0 .03977
95 0 .04146
96 0 .04319
97 0 .04369
98 0 .04419
99 0 .04469
100 0 1
*asmp for black females in year 1889; cols are type group gend marst
death 1 F single
1 0 .01761
2 0 .00287
3 0 .0023
4 0 .00174
5 0 .00118
6 0 .00062
7 0 .00059
8 0 .00057
9 0 .00054
10 0 .00051
11 0 .00049
12 0 .00052
13 0 .00055
14 0 .00058
15 0 .00061
16 0 .00064
17 0 .00068
18 0 .00071
19 0 .00075
20 0 .00078
21 0 .00081
22 0 .00083
23 0 .00085
24 0 .00087
25 0 .00089
26 0 .00091
27 0 .00094
28 0 .00096
29 0 .00099
30 0 .00101
31 0 .00103
32 0 .00106
33 0 .00108
34 0 .0011
35 0 .00112
36 0 .00114
37 0 .00116
38 0 .00119
39 0 .00121
40 0 .00123
41 0 .00125
42 0 .00128
43 0 .0013
44 0 .00133
45 0 .00136
46 0 .00138
47 0 .00147
48 0 .00156
49 0 .00164
50 0 .00173
51 0 .00182
52 0 .00193
53 0 .00204
54 0 .00215
55 0 .00226
56 0 .00237
57 0 .0026
58 0 .00284
59 0 .00307
60 0 .0033
61 0 .00354
62 0 .00382
63 0 .0041
64 0 .00438
65 0 .00466
66 0 .00494
67 0 .00544
68 0 .00594
69 0 .00645
70 0 .00696
71 0 .00747
72 0 .00821
73 0 .00895
74 0 .00969
75 0 .01045
76 0 .01121
77 0 .01227
78 0 .01334
79 0 .01443
80 0 .01553
81 0 .01665
82 0 .018
83 0 .01937
84 0 .02077
85 0 .02218
86 0 .02362
87 0 .02516
88 0 .02672
89 0 .02832
90 0 .02994
91 0 .03159
92 0 .03312
93 0 .03468
94 0 .03626
95 0 .03787
96 0 .03951
97 0 .04049
98 0 .04147
99 0 .04247
100 0 1
