*asmp for white males in year 1957; cols are type group gend marst
death 1 M single
1 0 .00317
2 0 .00017
3 0 .00015
4 0 .00012
5 0 .0001
6 0 .00007
7 0 .00007
8 0 .00007
9 0 .00006
10 0 .00006
11 0 .00006
12 0 .00007
13 0 .00008
14 0 .00009
15 0 .0001
16 0 .0001
17 0 .00011
18 0 .00012
19 0 .00013
20 0 .00014
21 0 .00015
22 0 .00015
23 0 .00015
24 0 .00015
25 0 .00015
26 0 .00015
27 0 .00015
28 0 .00016
29 0 .00016
30 0 .00016
31 0 .00017
32 0 .00018
33 0 .00019
34 0 .0002
35 0 .00021
36 0 .00022
37 0 .00023
38 0 .00025
39 0 .00027
40 0 .00029
41 0 .00031
42 0 .00035
43 0 .00038
44 0 .00042
45 0 .00045
46 0 .00049
47 0 .00054
48 0 .0006
49 0 .00066
50 0 .00071
51 0 .00077
52 0 .00086
53 0 .00095
54 0 .00104
55 0 .00113
56 0 .00123
57 0 .00137
58 0 .0015
59 0 .00164
60 0 .00178
61 0 .00192
62 0 .00214
63 0 .00236
64 0 .00258
65 0 .0028
66 0 .00302
67 0 .00338
68 0 .00374
69 0 .0041
70 0 .00446
71 0 .00482
72 0 .00539
73 0 .00597
74 0 .00655
75 0 .00713
76 0 .00772
77 0 .00864
78 0 .00957
79 0 .01051
80 0 .01146
81 0 .01243
82 0 .01382
83 0 .01524
84 0 .01668
85 0 .01815
86 0 .01964
87 0 .02146
88 0 .02332
89 0 .02523
90 0 .02717
91 0 .02915
92 0 .03121
93 0 .03332
94 0 .03548
95 0 .03769
96 0 .03996
97 0 .04108
98 0 .04222
99 0 .04337
100 0 1
*asmp for white females in year 1957; cols are type group gend marst
death 1 F single
1 0 .00183
2 0 .00009
3 0 .00008
4 0 .00007
5 0 .00005
6 0 .00004
7 0 .00003
8 0 .00003
9 0 .00003
10 0 .00003
11 0 .00003
12 0 .00003
13 0 .00004
14 0 .00004
15 0 .00004
16 0 .00005
17 0 .00005
18 0 .00006
19 0 .00006
20 0 .00006
21 0 .00007
22 0 .00007
23 0 .00007
24 0 .00008
25 0 .00008
26 0 .00008
27 0 .00009
28 0 .00009
29 0 .0001
30 0 .0001
31 0 .0001
32 0 .00011
33 0 .00012
34 0 .00012
35 0 .00013
36 0 .00014
37 0 .00015
38 0 .00016
39 0 .00017
40 0 .00018
41 0 .0002
42 0 .00022
43 0 .00024
44 0 .00026
45 0 .00028
46 0 .0003
47 0 .00033
48 0 .00037
49 0 .0004
50 0 .00043
51 0 .00046
52 0 .00051
53 0 .00056
54 0 .00061
55 0 .00066
56 0 .00071
57 0 .0008
58 0 .00088
59 0 .00097
60 0 .00105
61 0 .00114
62 0 .0013
63 0 .00146
64 0 .00163
65 0 .00179
66 0 .00195
67 0 .00224
68 0 .00253
69 0 .00282
70 0 .00311
71 0 .0034
72 0 .00389
73 0 .00439
74 0 .00489
75 0 .00539
76 0 .00589
77 0 .00674
78 0 .0076
79 0 .00846
80 0 .00933
81 0 .01021
82 0 .01148
83 0 .01276
84 0 .01406
85 0 .01538
86 0 .01673
87 0 .01838
88 0 .02008
89 0 .0218
90 0 .02356
91 0 .02535
92 0 .02729
93 0 .02928
94 0 .03131
95 0 .03339
96 0 .03552
97 0 .03717
98 0 .03886
99 0 .04057
100 0 1
