*asmp for white males in year 1900; cols are type group gend marst
death 1 M single
1 0 .01026
2 0 .00117
3 0 .00095
4 0 .00072
5 0 .0005
6 0 .00028
7 0 .00027
8 0 .00025
9 0 .00024
10 0 .00022
11 0 .00021
12 0 .00023
13 0 .00025
14 0 .00027
15 0 .00029
16 0 .00031
17 0 .00034
18 0 .00036
19 0 .00039
20 0 .00042
21 0 .00044
22 0 .00045
23 0 .00046
24 0 .00047
25 0 .00047
26 0 .00048
27 0 .00049
28 0 .00051
29 0 .00052
30 0 .00053
31 0 .00055
32 0 .00057
33 0 .00059
34 0 .00062
35 0 .00064
36 0 .00066
37 0 .0007
38 0 .00073
39 0 .00077
40 0 .0008
41 0 .00084
42 0 .00089
43 0 .00093
44 0 .00098
45 0 .00103
46 0 .00107
47 0 .00115
48 0 .00123
49 0 .00131
50 0 .00139
51 0 .00147
52 0 .00158
53 0 .00169
54 0 .0018
55 0 .00191
56 0 .00202
57 0 .00221
58 0 .00239
59 0 .00258
60 0 .00276
61 0 .00295
62 0 .00321
63 0 .00348
64 0 .00375
65 0 .00402
66 0 .00428
67 0 .00471
68 0 .00513
69 0 .00556
70 0 .00599
71 0 .00642
72 0 .0071
73 0 .00778
74 0 .00847
75 0 .00916
76 0 .00985
77 0 .01084
78 0 .01185
79 0 .01286
80 0 .01388
81 0 .01492
82 0 .01634
83 0 .01779
84 0 .01926
85 0 .02075
86 0 .02227
87 0 .02403
88 0 .02583
89 0 .02767
90 0 .02954
91 0 .03146
92 0 .03332
93 0 .03521
94 0 .03715
95 0 .03913
96 0 .04116
97 0 .04203
98 0 .0429
99 0 .04378
100 0 1
*asmp for white females in year 1900; cols are type group gend marst
death 1 F single
1 0 .00909
2 0 .00125
3 0 .00101
4 0 .00077
5 0 .00054
6 0 .0003
7 0 .00029
8 0 .00027
9 0 .00026
10 0 .00025
11 0 .00023
12 0 .00025
13 0 .00027
14 0 .00029
15 0 .00031
16 0 .00033
17 0 .00035
18 0 .00037
19 0 .00039
20 0 .00041
21 0 .00043
22 0 .00044
23 0 .00046
24 0 .00047
25 0 .00048
26 0 .00049
27 0 .0005
28 0 .00052
29 0 .00053
30 0 .00054
31 0 .00055
32 0 .00057
33 0 .00058
34 0 .0006
35 0 .00061
36 0 .00062
37 0 .00064
38 0 .00066
39 0 .00067
40 0 .00069
41 0 .00071
42 0 .00073
43 0 .00076
44 0 .00079
45 0 .00081
46 0 .00084
47 0 .0009
48 0 .00096
49 0 .00102
50 0 .00108
51 0 .00114
52 0 .00122
53 0 .0013
54 0 .00138
55 0 .00146
56 0 .00155
57 0 .0017
58 0 .00186
59 0 .00202
60 0 .00218
61 0 .00234
62 0 .00256
63 0 .00279
64 0 .00301
65 0 .00324
66 0 .00347
67 0 .00386
68 0 .00426
69 0 .00466
70 0 .00506
71 0 .00546
72 0 .00608
73 0 .0067
74 0 .00732
75 0 .00795
76 0 .00858
77 0 .00952
78 0 .01047
79 0 .01143
80 0 .0124
81 0 .01338
82 0 .01465
83 0 .01594
84 0 .01724
85 0 .01857
86 0 .01992
87 0 .02147
88 0 .02305
89 0 .02466
90 0 .02629
91 0 .02796
92 0 .02967
93 0 .03141
94 0 .03319
95 0 .035
96 0 .03686
97 0 .03818
98 0 .03951
99 0 .04087
100 0 1
