*asmp for black males in year 1945; cols are type group gend marst
death 1 M single
1 0 .00774
2 0 .00078
3 0 .00064
4 0 .00049
5 0 .00035
6 0 .00021
7 0 .0002
8 0 .00019
9 0 .00018
10 0 .00016
11 0 .00015
12 0 .00017
13 0 .00019
14 0 .0002
15 0 .00022
16 0 .00024
17 0 .00026
18 0 .00028
19 0 .0003
20 0 .00032
21 0 .00034
22 0 .00034
23 0 .00035
24 0 .00035
25 0 .00036
26 0 .00036
27 0 .00037
28 0 .00038
29 0 .00039
30 0 .0004
31 0 .00041
32 0 .00043
33 0 .00045
34 0 .00047
35 0 .00049
36 0 .00051
37 0 .00054
38 0 .00057
39 0 .0006
40 0 .00063
41 0 .00066
42 0 .0007
43 0 .00075
44 0 .00079
45 0 .00083
46 0 .00088
47 0 .00095
48 0 .00102
49 0 .00109
50 0 .00117
51 0 .00124
52 0 .00135
53 0 .00145
54 0 .00156
55 0 .00166
56 0 .00177
57 0 .00194
58 0 .00211
59 0 .00228
60 0 .00246
61 0 .00263
62 0 .00288
63 0 .00313
64 0 .00339
65 0 .00364
66 0 .00389
67 0 .0043
68 0 .0047
69 0 .00511
70 0 .00552
71 0 .00593
72 0 .00658
73 0 .00722
74 0 .00788
75 0 .00854
76 0 .0092
77 0 .01017
78 0 .01115
79 0 .01214
80 0 .01314
81 0 .01415
82 0 .01556
83 0 .017
84 0 .01845
85 0 .01993
86 0 .02144
87 0 .02322
88 0 .02503
89 0 .02688
90 0 .02877
91 0 .0307
92 0 .03262
93 0 .03458
94 0 .03658
95 0 .03863
96 0 .04073
97 0 .04168
98 0 .04264
99 0 .0436
100 0 1
*asmp for black females in year 1945; cols are type group gend marst
death 1 F single
1 0 .00654
2 0 .00078
3 0 .00063
4 0 .00049
5 0 .00034
6 0 .0002
7 0 .00019
8 0 .00018
9 0 .00017
10 0 .00016
11 0 .00016
12 0 .00017
13 0 .00018
14 0 .0002
15 0 .00021
16 0 .00023
17 0 .00024
18 0 .00026
19 0 .00027
20 0 .00029
21 0 .0003
22 0 .00031
23 0 .00032
24 0 .00033
25 0 .00034
26 0 .00034
27 0 .00035
28 0 .00036
29 0 .00037
30 0 .00038
31 0 .0004
32 0 .00041
33 0 .00042
34 0 .00043
35 0 .00044
36 0 .00046
37 0 .00047
38 0 .00049
39 0 .00051
40 0 .00052
41 0 .00054
42 0 .00057
43 0 .00059
44 0 .00062
45 0 .00065
46 0 .00067
47 0 .00073
48 0 .00078
49 0 .00083
50 0 .00088
51 0 .00093
52 0 .00101
53 0 .00108
54 0 .00115
55 0 .00123
56 0 .0013
57 0 .00144
58 0 .00158
59 0 .00172
60 0 .00185
61 0 .00199
62 0 .0022
63 0 .00241
64 0 .00262
65 0 .00284
66 0 .00305
67 0 .00342
68 0 .00379
69 0 .00416
70 0 .00454
71 0 .00491
72 0 .0055
73 0 .00609
74 0 .00668
75 0 .00728
76 0 .00788
77 0 .0088
78 0 .00973
79 0 .01067
80 0 .01162
81 0 .01257
82 0 .01385
83 0 .01514
84 0 .01644
85 0 .01777
86 0 .01912
87 0 .0207
88 0 .02231
89 0 .02394
90 0 .02561
91 0 .02731
92 0 .02907
93 0 .03087
94 0 .03271
95 0 .03459
96 0 .03651
97 0 .0379
98 0 .03932
99 0 .04076
100 0 1
