*asmp for white males in year 1894; cols are type group gend marst
death 1 M single
1 0 .01194
2 0 .00145
3 0 .00117
4 0 .00089
5 0 .00061
6 0 .00033
7 0 .00031
8 0 .0003
9 0 .00028
10 0 .00026
11 0 .00024
12 0 .00026
13 0 .00029
14 0 .00031
15 0 .00033
16 0 .00036
17 0 .00039
18 0 .00042
19 0 .00045
20 0 .00048
21 0 .00051
22 0 .00052
23 0 .00053
24 0 .00054
25 0 .00055
26 0 .00056
27 0 .00057
28 0 .00059
29 0 .0006
30 0 .00062
31 0 .00064
32 0 .00066
33 0 .00069
34 0 .00071
35 0 .00074
36 0 .00077
37 0 .0008
38 0 .00084
39 0 .00088
40 0 .00092
41 0 .00095
42 0 .001
43 0 .00105
44 0 .0011
45 0 .00115
46 0 .00119
47 0 .00128
48 0 .00136
49 0 .00144
50 0 .00153
51 0 .00161
52 0 .00172
53 0 .00184
54 0 .00195
55 0 .00206
56 0 .00217
57 0 .00237
58 0 .00256
59 0 .00275
60 0 .00295
61 0 .00314
62 0 .00342
63 0 .00369
64 0 .00396
65 0 .00424
66 0 .00452
67 0 .00495
68 0 .00539
69 0 .00583
70 0 .00627
71 0 .00671
72 0 .00741
73 0 .00811
74 0 .00881
75 0 .00953
76 0 .01024
77 0 .01125
78 0 .01226
79 0 .01329
80 0 .01433
81 0 .01538
82 0 .01681
83 0 .01826
84 0 .01974
85 0 .02124
86 0 .02277
87 0 .02453
88 0 .02632
89 0 .02815
90 0 .03002
91 0 .03193
92 0 .03375
93 0 .03561
94 0 .03751
95 0 .03945
96 0 .04143
97 0 .04225
98 0 .04307
99 0 .0439
100 0 1
*asmp for white females in year 1894; cols are type group gend marst
death 1 F single
1 0 .01051
2 0 .00156
3 0 .00126
4 0 .00096
5 0 .00066
6 0 .00036
7 0 .00034
8 0 .00033
9 0 .00031
10 0 .0003
11 0 .00028
12 0 .0003
13 0 .00032
14 0 .00034
15 0 .00036
16 0 .00038
17 0 .00041
18 0 .00043
19 0 .00045
20 0 .00047
21 0 .00049
22 0 .0005
23 0 .00052
24 0 .00053
25 0 .00054
26 0 .00055
27 0 .00057
28 0 .00058
29 0 .0006
30 0 .00061
31 0 .00063
32 0 .00064
33 0 .00066
34 0 .00067
35 0 .00069
36 0 .0007
37 0 .00072
38 0 .00074
39 0 .00076
40 0 .00078
41 0 .00079
42 0 .00082
43 0 .00085
44 0 .00087
45 0 .0009
46 0 .00092
47 0 .00099
48 0 .00105
49 0 .00111
50 0 .00118
51 0 .00124
52 0 .00133
53 0 .00141
54 0 .0015
55 0 .00158
56 0 .00167
57 0 .00184
58 0 .00201
59 0 .00218
60 0 .00235
61 0 .00251
62 0 .00275
63 0 .00298
64 0 .00321
65 0 .00344
66 0 .00368
67 0 .00409
68 0 .0045
69 0 .00491
70 0 .00533
71 0 .00575
72 0 .00638
73 0 .00701
74 0 .00765
75 0 .0083
76 0 .00894
77 0 .0099
78 0 .01086
79 0 .01183
80 0 .01282
81 0 .01381
82 0 .01509
83 0 .01638
84 0 .0177
85 0 .01903
86 0 .02038
87 0 .02193
88 0 .0235
89 0 .0251
90 0 .02673
91 0 .02839
92 0 .03007
93 0 .03178
94 0 .03353
95 0 .03532
96 0 .03714
97 0 .03841
98 0 .03971
99 0 .04102
100 0 1
