*asmp for white males in year 2055; cols are type group gend marst
death 1 M single
1 0 .00041
2 0 .00001
3 0 .00001
4 0 .00001
5 0 .00001
6 0 .00001
7 0 .00001
8 0 .00001
9 0 .00001
10 0 .00001
11 0 .00001
12 0 .00001
13 0 .00001
14 0 .00001
15 0 .00001
16 0 .00001
17 0 .00001
18 0 .00002
19 0 .00002
20 0 .00002
21 0 .00002
22 0 .00002
23 0 .00002
24 0 .00002
25 0 .00002
26 0 .00002
27 0 .00002
28 0 .00002
29 0 .00002
30 0 .00002
31 0 .00002
32 0 .00002
33 0 .00002
34 0 .00002
35 0 .00003
36 0 .00003
37 0 .00003
38 0 .00003
39 0 .00004
40 0 .00004
41 0 .00004
42 0 .00005
43 0 .00006
44 0 .00007
45 0 .00007
46 0 .00008
47 0 .0001
48 0 .00011
49 0 .00012
50 0 .00013
51 0 .00015
52 0 .00017
53 0 .0002
54 0 .00022
55 0 .00025
56 0 .00027
57 0 .00031
58 0 .00035
59 0 .00038
60 0 .00042
61 0 .00046
62 0 .00053
63 0 .00061
64 0 .00068
65 0 .00076
66 0 .00084
67 0 .00097
68 0 .00111
69 0 .00124
70 0 .00138
71 0 .00151
72 0 .00175
73 0 .00198
74 0 .00222
75 0 .00245
76 0 .00269
77 0 .00313
78 0 .00357
79 0 .00402
80 0 .00447
81 0 .00492
82 0 .00569
83 0 .00646
84 0 .00724
85 0 .00803
86 0 .00882
87 0 .01
88 0 .01118
89 0 .01239
90 0 .01361
91 0 .01484
92 0 .01655
93 0 .01828
94 0 .02006
95 0 .02186
96 0 .02371
97 0 .02592
98 0 .02819
99 0 .03051
100 0 1
*asmp for white females in year 2055; cols are type group gend marst
death 1 F single
1 0 .00038
2 0 .00002
3 0 .00002
4 0 .00001
5 0 .00001
6 0 .00001
7 0 .00001
8 0 .00001
9 0 .00001
10 0 .00001
11 0 .00001
12 0 .00001
13 0 .00001
14 0 .00001
15 0 .00001
16 0 .00001
17 0 .00001
18 0 .00001
19 0 .00001
20 0 .00001
21 0 .00001
22 0 .00001
23 0 .00001
24 0 .00001
25 0 .00001
26 0 .00002
27 0 .00002
28 0 .00002
29 0 .00002
30 0 .00002
31 0 .00002
32 0 .00002
33 0 .00002
34 0 .00002
35 0 .00002
36 0 .00003
37 0 .00003
38 0 .00003
39 0 .00003
40 0 .00003
41 0 .00004
42 0 .00004
43 0 .00005
44 0 .00005
45 0 .00005
46 0 .00006
47 0 .00006
48 0 .00007
49 0 .00008
50 0 .00008
51 0 .00009
52 0 .0001
53 0 .00011
54 0 .00012
55 0 .00013
56 0 .00014
57 0 .00016
58 0 .00018
59 0 .00019
60 0 .00021
61 0 .00023
62 0 .00027
63 0 .00031
64 0 .00036
65 0 .0004
66 0 .00044
67 0 .00052
68 0 .00061
69 0 .00069
70 0 .00078
71 0 .00086
72 0 .00102
73 0 .00118
74 0 .00135
75 0 .00151
76 0 .00167
77 0 .00199
78 0 .0023
79 0 .00262
80 0 .00294
81 0 .00326
82 0 .0038
83 0 .00435
84 0 .0049
85 0 .00545
86 0 .00601
87 0 .00685
88 0 .00771
89 0 .00857
90 0 .00943
91 0 .01031
92 0 .01155
93 0 .01281
94 0 .01408
95 0 .01537
96 0 .01668
97 0 .01862
98 0 .0206
99 0 .02263
100 0 1
