*asmp for black males in year 1907; cols are type group gend marst
death 1 M single
1 0 .01368
2 0 .00178
3 0 .00143
4 0 .00108
5 0 .00073
6 0 .00039
7 0 .00037
8 0 .00035
9 0 .00033
10 0 .00031
11 0 .00028
12 0 .00031
13 0 .00033
14 0 .00035
15 0 .00038
16 0 .0004
17 0 .00044
18 0 .00047
19 0 .00051
20 0 .00054
21 0 .00058
22 0 .00059
23 0 .0006
24 0 .00061
25 0 .00062
26 0 .00063
27 0 .00065
28 0 .00067
29 0 .00069
30 0 .0007
31 0 .00072
32 0 .00075
33 0 .00078
34 0 .00081
35 0 .00084
36 0 .00087
37 0 .00091
38 0 .00095
39 0 .00099
40 0 .00103
41 0 .00108
42 0 .00113
43 0 .00118
44 0 .00123
45 0 .00127
46 0 .00132
47 0 .00141
48 0 .0015
49 0 .00159
50 0 .00168
51 0 .00177
52 0 .00188
53 0 .002
54 0 .00212
55 0 .00223
56 0 .00235
57 0 .00255
58 0 .00275
59 0 .00296
60 0 .00316
61 0 .00336
62 0 .00365
63 0 .00393
64 0 .00421
65 0 .0045
66 0 .00478
67 0 .00523
68 0 .00568
69 0 .00613
70 0 .00659
71 0 .00705
72 0 .00776
73 0 .00849
74 0 .00922
75 0 .00995
76 0 .01069
77 0 .01171
78 0 .01274
79 0 .01379
80 0 .01484
81 0 .01591
82 0 .01735
83 0 .01881
84 0 .0203
85 0 .02182
86 0 .02336
87 0 .02511
88 0 .02689
89 0 .02871
90 0 .03057
91 0 .03247
92 0 .03425
93 0 .03607
94 0 .03792
95 0 .03981
96 0 .04175
97 0 .04251
98 0 .04327
99 0 .04404
100 0 1
*asmp for black females in year 1907; cols are type group gend marst
death 1 F single
1 0 .01258
2 0 .00195
3 0 .00157
4 0 .00119
5 0 .00081
6 0 .00044
7 0 .00042
8 0 .0004
9 0 .00038
10 0 .00036
11 0 .00034
12 0 .00037
13 0 .00039
14 0 .00041
15 0 .00044
16 0 .00046
17 0 .00049
18 0 .00051
19 0 .00054
20 0 .00056
21 0 .00059
22 0 .0006
23 0 .00062
24 0 .00063
25 0 .00065
26 0 .00066
27 0 .00068
28 0 .0007
29 0 .00071
30 0 .00073
31 0 .00075
32 0 .00077
33 0 .00078
34 0 .0008
35 0 .00082
36 0 .00084
37 0 .00085
38 0 .00087
39 0 .00089
40 0 .00091
41 0 .00093
42 0 .00096
43 0 .00098
44 0 .00101
45 0 .00103
46 0 .00106
47 0 .00113
48 0 .0012
49 0 .00127
50 0 .00134
51 0 .00141
52 0 .00151
53 0 .0016
54 0 .00169
55 0 .00179
56 0 .00188
57 0 .00207
58 0 .00225
59 0 .00244
60 0 .00263
61 0 .00282
62 0 .00306
63 0 .00331
64 0 .00355
65 0 .0038
66 0 .00405
67 0 .00448
68 0 .00492
69 0 .00536
70 0 .00581
71 0 .00625
72 0 .00691
73 0 .00757
74 0 .00824
75 0 .00892
76 0 .00959
77 0 .01058
78 0 .01157
79 0 .01257
80 0 .01359
81 0 .01461
82 0 .01591
83 0 .01722
84 0 .01855
85 0 .0199
86 0 .02127
87 0 .02281
88 0 .02438
89 0 .02597
90 0 .02759
91 0 .02925
92 0 .03089
93 0 .03256
94 0 .03426
95 0 .03599
96 0 .03776
97 0 .03896
98 0 .04017
99 0 .04139
100 0 1
