*asmp for black males in year 2009; cols are type group gend marst
death 1 M single
1 0 .00189
2 0 .00008
3 0 .00007
4 0 .00006
5 0 .00005
6 0 .00004
7 0 .00004
8 0 .00004
9 0 .00004
10 0 .00003
11 0 .00003
12 0 .00004
13 0 .00005
14 0 .00005
15 0 .00006
16 0 .00006
17 0 .00007
18 0 .00007
19 0 .00008
20 0 .00008
21 0 .00009
22 0 .00009
23 0 .00009
24 0 .00009
25 0 .00009
26 0 .00009
27 0 .00009
28 0 .00009
29 0 .0001
30 0 .0001
31 0 .0001
32 0 .00011
33 0 .00011
34 0 .00012
35 0 .00012
36 0 .00013
37 0 .00014
38 0 .00016
39 0 .00017
40 0 .00019
41 0 .0002
42 0 .00023
43 0 .00026
44 0 .00029
45 0 .00032
46 0 .00034
47 0 .00039
48 0 .00044
49 0 .00048
50 0 .00053
51 0 .00058
52 0 .00066
53 0 .00074
54 0 .00082
55 0 .0009
56 0 .00098
57 0 .0011
58 0 .00122
59 0 .00134
60 0 .00147
61 0 .00159
62 0 .00178
63 0 .00198
64 0 .00218
65 0 .00238
66 0 .00258
67 0 .00291
68 0 .00324
69 0 .00357
70 0 .0039
71 0 .00423
72 0 .00476
73 0 .00529
74 0 .00583
75 0 .00637
76 0 .00691
77 0 .0078
78 0 .0087
79 0 .00961
80 0 .01052
81 0 .01145
82 0 .01283
83 0 .01423
84 0 .01565
85 0 .0171
86 0 .01857
87 0 .02041
88 0 .02229
89 0 .02421
90 0 .02617
91 0 .02818
92 0 .03031
93 0 .0325
94 0 .03474
95 0 .03704
96 0 .03941
97 0 .04065
98 0 .0419
99 0 .04317
100 0 1
*asmp for black females in year 2009; cols are type group gend marst
death 1 F single
1 0 .00103
2 0 .00005
3 0 .00004
4 0 .00003
5 0 .00003
6 0 .00002
7 0 .00002
8 0 .00002
9 0 .00002
10 0 .00002
11 0 .00002
12 0 .00002
13 0 .00002
14 0 .00002
15 0 .00002
16 0 .00003
17 0 .00003
18 0 .00003
19 0 .00003
20 0 .00004
21 0 .00004
22 0 .00004
23 0 .00004
24 0 .00004
25 0 .00004
26 0 .00005
27 0 .00005
28 0 .00005
29 0 .00005
30 0 .00006
31 0 .00006
32 0 .00006
33 0 .00007
34 0 .00007
35 0 .00007
36 0 .00008
37 0 .00008
38 0 .00009
39 0 .0001
40 0 .00011
41 0 .00011
42 0 .00013
43 0 .00014
44 0 .00015
45 0 .00017
46 0 .00018
47 0 .0002
48 0 .00022
49 0 .00024
50 0 .00026
51 0 .00028
52 0 .00031
53 0 .00034
54 0 .00038
55 0 .00041
56 0 .00044
57 0 .00049
58 0 .00055
59 0 .0006
60 0 .00066
61 0 .00071
62 0 .00082
63 0 .00093
64 0 .00105
65 0 .00116
66 0 .00127
67 0 .00148
68 0 .00168
69 0 .00188
70 0 .00209
71 0 .0023
72 0 .00266
73 0 .00303
74 0 .00339
75 0 .00376
76 0 .00413
77 0 .00479
78 0 .00545
79 0 .00611
80 0 .00678
81 0 .00745
82 0 .00848
83 0 .00952
84 0 .01057
85 0 .01164
86 0 .01271
87 0 .01415
88 0 .0156
89 0 .01708
90 0 .01859
91 0 .02012
92 0 .02196
93 0 .02385
94 0 .02577
95 0 .02774
96 0 .02975
97 0 .0318
98 0 .0339
99 0 .03605
100 0 1
