*asmp for black males in year 1982; cols are type group gend marst
death 1 M single
1 0 .00393
2 0 .00024
3 0 .00021
4 0 .00017
5 0 .00013
6 0 .00009
7 0 .00009
8 0 .00008
9 0 .00008
10 0 .00008
11 0 .00007
12 0 .00008
13 0 .00009
14 0 .00011
15 0 .00012
16 0 .00013
17 0 .00014
18 0 .00015
19 0 .00016
20 0 .00017
21 0 .00018
22 0 .00018
23 0 .00018
24 0 .00018
25 0 .00018
26 0 .00018
27 0 .00019
28 0 .00019
29 0 .0002
30 0 .0002
31 0 .0002
32 0 .00022
33 0 .00023
34 0 .00024
35 0 .00025
36 0 .00026
37 0 .00028
38 0 .00031
39 0 .00033
40 0 .00035
41 0 .00037
42 0 .00041
43 0 .00044
44 0 .00048
45 0 .00052
46 0 .00056
47 0 .00062
48 0 .00067
49 0 .00073
50 0 .00079
51 0 .00085
52 0 .00095
53 0 .00105
54 0 .00114
55 0 .00124
56 0 .00133
57 0 .00148
58 0 .00163
59 0 .00177
60 0 .00192
61 0 .00207
62 0 .00229
63 0 .00252
64 0 .00275
65 0 .00298
66 0 .0032
67 0 .00357
68 0 .00394
69 0 .00431
70 0 .00468
71 0 .00506
72 0 .00565
73 0 .00624
74 0 .00683
75 0 .00743
76 0 .00804
77 0 .00897
78 0 .00991
79 0 .01087
80 0 .01183
81 0 .0128
82 0 .0142
83 0 .01563
84 0 .01707
85 0 .01854
86 0 .02004
87 0 .02185
88 0 .0237
89 0 .02559
90 0 .02752
91 0 .02949
92 0 .03152
93 0 .03359
94 0 .03572
95 0 .0379
96 0 .04013
97 0 .04121
98 0 .0423
99 0 .04341
100 0 1
*asmp for black females in year 1982; cols are type group gend marst
death 1 F single
1 0 .00163
2 0 .00008
3 0 .00007
4 0 .00006
5 0 .00004
6 0 .00003
7 0 .00003
8 0 .00003
9 0 .00003
10 0 .00003
11 0 .00003
12 0 .00003
13 0 .00003
14 0 .00004
15 0 .00004
16 0 .00004
17 0 .00005
18 0 .00005
19 0 .00005
20 0 .00006
21 0 .00006
22 0 .00006
23 0 .00006
24 0 .00007
25 0 .00007
26 0 .00007
27 0 .00008
28 0 .00008
29 0 .00008
30 0 .00009
31 0 .00009
32 0 .0001
33 0 .0001
34 0 .00011
35 0 .00012
36 0 .00012
37 0 .00013
38 0 .00014
39 0 .00016
40 0 .00017
41 0 .00018
42 0 .0002
43 0 .00022
44 0 .00024
45 0 .00026
46 0 .00028
47 0 .0003
48 0 .00033
49 0 .00036
50 0 .00039
51 0 .00042
52 0 .00047
53 0 .00051
54 0 .00056
55 0 .00061
56 0 .00065
57 0 .00073
58 0 .00081
59 0 .00089
60 0 .00097
61 0 .00105
62 0 .0012
63 0 .00135
64 0 .00151
65 0 .00166
66 0 .00181
67 0 .00209
68 0 .00236
69 0 .00263
70 0 .00291
71 0 .00318
72 0 .00365
73 0 .00413
74 0 .0046
75 0 .00508
76 0 .00556
77 0 .00638
78 0 .0072
79 0 .00803
80 0 .00887
81 0 .00972
82 0 .01095
83 0 .01219
84 0 .01346
85 0 .01474
86 0 .01604
87 0 .01767
88 0 .01933
89 0 .02102
90 0 .02275
91 0 .02451
92 0 .02645
93 0 .02843
94 0 .03047
95 0 .03254
96 0 .03467
97 0 .03641
98 0 .03818
99 0 .03999
100 0 1
