*asmp for white males in year 1939; cols are type group gend marst
death 1 M single
1 0 .00432
2 0 .00029
3 0 .00025
4 0 .0002
5 0 .00015
6 0 .0001
7 0 .0001
8 0 .00009
9 0 .00009
10 0 .00009
11 0 .00008
12 0 .00009
13 0 .0001
14 0 .00012
15 0 .00013
16 0 .00014
17 0 .00015
18 0 .00016
19 0 .00017
20 0 .00018
21 0 .0002
22 0 .0002
23 0 .0002
24 0 .0002
25 0 .0002
26 0 .0002
27 0 .00021
28 0 .00021
29 0 .00022
30 0 .00022
31 0 .00023
32 0 .00024
33 0 .00025
34 0 .00026
35 0 .00028
36 0 .00029
37 0 .00031
38 0 .00033
39 0 .00035
40 0 .00038
41 0 .0004
42 0 .00044
43 0 .00048
44 0 .00051
45 0 .00055
46 0 .00059
47 0 .00065
48 0 .00071
49 0 .00077
50 0 .00083
51 0 .0009
52 0 .00099
53 0 .00109
54 0 .00119
55 0 .00129
56 0 .00138
57 0 .00153
58 0 .00168
59 0 .00183
60 0 .00198
61 0 .00213
62 0 .00236
63 0 .00259
64 0 .00282
65 0 .00305
66 0 .00328
67 0 .00365
68 0 .00403
69 0 .0044
70 0 .00478
71 0 .00516
72 0 .00575
73 0 .00635
74 0 .00695
75 0 .00756
76 0 .00817
77 0 .00911
78 0 .01005
79 0 .01101
80 0 .01198
81 0 .01296
82 0 .01436
83 0 .01578
84 0 .01723
85 0 .0187
86 0 .02019
87 0 .022
88 0 .02384
89 0 .02573
90 0 .02765
91 0 .02962
92 0 .03164
93 0 .0337
94 0 .03581
95 0 .03797
96 0 .04019
97 0 .04125
98 0 .04233
99 0 .04343
100 0 1
*asmp for white females in year 1939; cols are type group gend marst
death 1 F single
1 0 .00397
2 0 .00035
3 0 .00029
4 0 .00023
5 0 .00016
6 0 .0001
7 0 .0001
8 0 .00009
9 0 .00009
10 0 .00008
11 0 .00008
12 0 .00009
13 0 .0001
14 0 .00011
15 0 .00012
16 0 .00013
17 0 .00014
18 0 .00014
19 0 .00015
20 0 .00016
21 0 .00017
22 0 .00018
23 0 .00018
24 0 .00019
25 0 .00019
26 0 .0002
27 0 .00021
28 0 .00021
29 0 .00022
30 0 .00023
31 0 .00023
32 0 .00024
33 0 .00025
34 0 .00026
35 0 .00027
36 0 .00028
37 0 .0003
38 0 .00032
39 0 .00033
40 0 .00035
41 0 .00036
42 0 .00039
43 0 .00041
44 0 .00044
45 0 .00047
46 0 .00049
47 0 .00053
48 0 .00058
49 0 .00062
50 0 .00066
51 0 .0007
52 0 .00077
53 0 .00083
54 0 .0009
55 0 .00096
56 0 .00102
57 0 .00114
58 0 .00125
59 0 .00137
60 0 .00148
61 0 .0016
62 0 .00179
63 0 .00198
64 0 .00217
65 0 .00237
66 0 .00256
67 0 .0029
68 0 .00324
69 0 .00358
70 0 .00392
71 0 .00426
72 0 .00481
73 0 .00537
74 0 .00593
75 0 .00649
76 0 .00706
77 0 .00796
78 0 .00886
79 0 .00978
80 0 .01071
81 0 .01164
82 0 .01292
83 0 .01422
84 0 .01554
85 0 .01688
86 0 .01824
87 0 .01986
88 0 .02152
89 0 .0232
90 0 .02492
91 0 .02667
92 0 .02851
93 0 .03039
94 0 .03232
95 0 .03428
96 0 .03629
97 0 .03778
98 0 .03929
99 0 .04082
100 0 1
