*asmp for white males in year 2029; cols are type group gend marst
death 1 M single
1 0 .00064
2 0 .00002
3 0 .00002
4 0 .00002
5 0 .00001
6 0 .00001
7 0 .00001
8 0 .00001
9 0 .00001
10 0 .00001
11 0 .00001
12 0 .00001
13 0 .00002
14 0 .00002
15 0 .00002
16 0 .00002
17 0 .00002
18 0 .00003
19 0 .00003
20 0 .00003
21 0 .00003
22 0 .00003
23 0 .00003
24 0 .00003
25 0 .00003
26 0 .00003
27 0 .00003
28 0 .00003
29 0 .00003
30 0 .00003
31 0 .00003
32 0 .00004
33 0 .00004
34 0 .00004
35 0 .00004
36 0 .00004
37 0 .00005
38 0 .00006
39 0 .00006
40 0 .00007
41 0 .00007
42 0 .00008
43 0 .0001
44 0 .00011
45 0 .00012
46 0 .00014
47 0 .00016
48 0 .00018
49 0 .0002
50 0 .00022
51 0 .00024
52 0 .00028
53 0 .00033
54 0 .00037
55 0 .00041
56 0 .00045
57 0 .00051
58 0 .00057
59 0 .00064
60 0 .0007
61 0 .00076
62 0 .00087
63 0 .00099
64 0 .0011
65 0 .00122
66 0 .00133
67 0 .00153
68 0 .00173
69 0 .00193
70 0 .00213
71 0 .00233
72 0 .00267
73 0 .003
74 0 .00333
75 0 .00367
76 0 .00401
77 0 .00462
78 0 .00523
79 0 .00585
80 0 .00647
81 0 .00709
82 0 .00811
83 0 .00914
84 0 .01018
85 0 .01123
86 0 .01229
87 0 .01378
88 0 .01528
89 0 .01682
90 0 .01838
91 0 .01996
92 0 .02198
93 0 .02405
94 0 .02617
95 0 .02834
96 0 .03056
97 0 .03265
98 0 .03478
99 0 .03697
100 0 1
*asmp for white females in year 2029; cols are type group gend marst
death 1 F single
1 0 .00055
2 0 .00003
3 0 .00002
4 0 .00002
5 0 .00001
6 0 .00001
7 0 .00001
8 0 .00001
9 0 .00001
10 0 .00001
11 0 .00001
12 0 .00001
13 0 .00001
14 0 .00001
15 0 .00001
16 0 .00001
17 0 .00001
18 0 .00002
19 0 .00002
20 0 .00002
21 0 .00002
22 0 .00002
23 0 .00002
24 0 .00002
25 0 .00002
26 0 .00002
27 0 .00002
28 0 .00003
29 0 .00003
30 0 .00003
31 0 .00003
32 0 .00003
33 0 .00003
34 0 .00003
35 0 .00004
36 0 .00004
37 0 .00004
38 0 .00005
39 0 .00005
40 0 .00005
41 0 .00006
42 0 .00006
43 0 .00007
44 0 .00008
45 0 .00008
46 0 .00009
47 0 .0001
48 0 .00011
49 0 .00012
50 0 .00013
51 0 .00014
52 0 .00015
53 0 .00017
54 0 .00018
55 0 .0002
56 0 .00021
57 0 .00024
58 0 .00027
59 0 .00029
60 0 .00032
61 0 .00034
62 0 .00041
63 0 .00047
64 0 .00053
65 0 .00059
66 0 .00065
67 0 .00076
68 0 .00088
69 0 .001
70 0 .00111
71 0 .00123
72 0 .00145
73 0 .00166
74 0 .00188
75 0 .0021
76 0 .00232
77 0 .00273
78 0 .00314
79 0 .00356
80 0 .00397
81 0 .00439
82 0 .00508
83 0 .00577
84 0 .00646
85 0 .00717
86 0 .00787
87 0 .0089
88 0 .00994
89 0 .01099
90 0 .01205
91 0 .01312
92 0 .01457
93 0 .01604
94 0 .01754
95 0 .01906
96 0 .02061
97 0 .02269
98 0 .02482
99 0 .027
100 0 1
