*asmp for white males in year 1947; cols are type group gend marst
death 1 M single
1 0 .00355
2 0 .00021
3 0 .00018
4 0 .00014
5 0 .00011
6 0 .00008
7 0 .00008
8 0 .00008
9 0 .00007
10 0 .00007
11 0 .00007
12 0 .00008
13 0 .00009
14 0 .0001
15 0 .00011
16 0 .00012
17 0 .00012
18 0 .00013
19 0 .00014
20 0 .00015
21 0 .00016
22 0 .00016
23 0 .00016
24 0 .00016
25 0 .00017
26 0 .00017
27 0 .00017
28 0 .00017
29 0 .00018
30 0 .00018
31 0 .00019
32 0 .0002
33 0 .00021
34 0 .00022
35 0 .00023
36 0 .00024
37 0 .00026
38 0 .00028
39 0 .0003
40 0 .00032
41 0 .00034
42 0 .00038
43 0 .00041
44 0 .00045
45 0 .00049
46 0 .00052
47 0 .00058
48 0 .00064
49 0 .0007
50 0 .00075
51 0 .00081
52 0 .00091
53 0 .001
54 0 .00109
55 0 .00119
56 0 .00128
57 0 .00142
58 0 .00157
59 0 .00171
60 0 .00185
61 0 .002
62 0 .00222
63 0 .00244
64 0 .00267
65 0 .00289
66 0 .00312
67 0 .00348
68 0 .00384
69 0 .00421
70 0 .00457
71 0 .00494
72 0 .00552
73 0 .00611
74 0 .00669
75 0 .00728
76 0 .00788
77 0 .00881
78 0 .00975
79 0 .01069
80 0 .01165
81 0 .01262
82 0 .01402
83 0 .01544
84 0 .01688
85 0 .01835
86 0 .01984
87 0 .02166
88 0 .02352
89 0 .02541
90 0 .02735
91 0 .02933
92 0 .03137
93 0 .03346
94 0 .0356
95 0 .0378
96 0 .04005
97 0 .04115
98 0 .04226
99 0 .04339
100 0 1
*asmp for white females in year 1947; cols are type group gend marst
death 1 F single
1 0 .00265
2 0 .00017
3 0 .00014
4 0 .00011
5 0 .00009
6 0 .00006
7 0 .00006
8 0 .00005
9 0 .00005
10 0 .00005
11 0 .00005
12 0 .00005
13 0 .00006
14 0 .00006
15 0 .00007
16 0 .00008
17 0 .00008
18 0 .00009
19 0 .00009
20 0 .0001
21 0 .00011
22 0 .00011
23 0 .00011
24 0 .00012
25 0 .00012
26 0 .00013
27 0 .00013
28 0 .00014
29 0 .00014
30 0 .00015
31 0 .00015
32 0 .00016
33 0 .00017
34 0 .00018
35 0 .00019
36 0 .0002
37 0 .00021
38 0 .00022
39 0 .00024
40 0 .00025
41 0 .00027
42 0 .00029
43 0 .00031
44 0 .00034
45 0 .00036
46 0 .00039
47 0 .00043
48 0 .00046
49 0 .0005
50 0 .00054
51 0 .00057
52 0 .00063
53 0 .00069
54 0 .00075
55 0 .0008
56 0 .00086
57 0 .00096
58 0 .00106
59 0 .00116
60 0 .00126
61 0 .00137
62 0 .00155
63 0 .00173
64 0 .00191
65 0 .00209
66 0 .00227
67 0 .00258
68 0 .0029
69 0 .00322
70 0 .00354
71 0 .00386
72 0 .00439
73 0 .00492
74 0 .00546
75 0 .006
76 0 .00654
77 0 .00743
78 0 .00832
79 0 .00923
80 0 .01014
81 0 .01107
82 0 .01236
83 0 .01367
84 0 .015
85 0 .01635
86 0 .01772
87 0 .01938
88 0 .02107
89 0 .02279
90 0 .02455
91 0 .02634
92 0 .02824
93 0 .03018
94 0 .03216
95 0 .03419
96 0 .03627
97 0 .03781
98 0 .03938
99 0 .04097
100 0 1
