*asmp for white males in year 1927; cols are type group gend marst
death 1 M single
1 0 .00637
2 0 .00058
3 0 .00048
4 0 .00037
5 0 .00027
6 0 .00017
7 0 .00016
8 0 .00015
9 0 .00014
10 0 .00013
11 0 .00013
12 0 .00014
13 0 .00015
14 0 .00017
15 0 .00018
16 0 .0002
17 0 .00022
18 0 .00023
19 0 .00025
20 0 .00027
21 0 .00028
22 0 .00029
23 0 .00029
24 0 .00029
25 0 .0003
26 0 .0003
27 0 .00031
28 0 .00031
29 0 .00032
30 0 .00033
31 0 .00034
32 0 .00035
33 0 .00037
34 0 .00039
35 0 .0004
36 0 .00042
37 0 .00045
38 0 .00047
39 0 .0005
40 0 .00053
41 0 .00056
42 0 .0006
43 0 .00064
44 0 .00068
45 0 .00072
46 0 .00077
47 0 .00083
48 0 .0009
49 0 .00097
50 0 .00104
51 0 .00111
52 0 .00121
53 0 .00131
54 0 .00142
55 0 .00152
56 0 .00162
57 0 .00179
58 0 .00195
59 0 .00211
60 0 .00227
61 0 .00244
62 0 .00268
63 0 .00293
64 0 .00317
65 0 .00342
66 0 .00366
67 0 .00405
68 0 .00445
69 0 .00484
70 0 .00524
71 0 .00564
72 0 .00626
73 0 .00689
74 0 .00753
75 0 .00817
76 0 .00881
77 0 .00976
78 0 .01073
79 0 .01171
80 0 .0127
81 0 .0137
82 0 .0151
83 0 .01653
84 0 .01798
85 0 .01946
86 0 .02096
87 0 .02274
88 0 .02457
89 0 .02643
90 0 .02833
91 0 .03027
92 0 .03223
93 0 .03422
94 0 .03627
95 0 .03836
96 0 .0405
97 0 .04149
98 0 .0425
99 0 .04352
100 0 1
*asmp for white females in year 1927; cols are type group gend marst
death 1 F single
1 0 .00577
2 0 .00065
3 0 .00053
4 0 .00041
5 0 .00029
6 0 .00017
7 0 .00016
8 0 .00015
9 0 .00015
10 0 .00014
11 0 .00013
12 0 .00015
13 0 .00016
14 0 .00017
15 0 .00018
16 0 .0002
17 0 .00021
18 0 .00022
19 0 .00024
20 0 .00025
21 0 .00026
22 0 .00027
23 0 .00028
24 0 .00028
25 0 .00029
26 0 .0003
27 0 .00031
28 0 .00032
29 0 .00033
30 0 .00034
31 0 .00035
32 0 .00036
33 0 .00037
34 0 .00038
35 0 .00039
36 0 .00041
37 0 .00042
38 0 .00044
39 0 .00046
40 0 .00047
41 0 .00049
42 0 .00051
43 0 .00054
44 0 .00057
45 0 .00059
46 0 .00062
47 0 .00067
48 0 .00072
49 0 .00077
50 0 .00082
51 0 .00087
52 0 .00094
53 0 .00101
54 0 .00108
55 0 .00115
56 0 .00122
57 0 .00135
58 0 .00148
59 0 .00161
60 0 .00175
61 0 .00188
62 0 .00208
63 0 .00229
64 0 .00249
65 0 .0027
66 0 .00291
67 0 .00327
68 0 .00363
69 0 .00399
70 0 .00436
71 0 .00472
72 0 .0053
73 0 .00588
74 0 .00646
75 0 .00705
76 0 .00764
77 0 .00856
78 0 .00948
79 0 .01041
80 0 .01135
81 0 .0123
82 0 .01358
83 0 .01487
84 0 .01618
85 0 .01751
86 0 .01886
87 0 .02045
88 0 .02207
89 0 .02371
90 0 .02539
91 0 .02711
92 0 .02889
93 0 .03071
94 0 .03257
95 0 .03448
96 0 .03642
97 0 .03784
98 0 .03929
99 0 .04075
100 0 1
