*asmp for white males in year 1913; cols are type group gend marst
death 1 M single
1 0 .00872
2 0 .00093
3 0 .00075
4 0 .00058
5 0 .00041
6 0 .00024
7 0 .00022
8 0 .00021
9 0 .0002
10 0 .00019
11 0 .00017
12 0 .00019
13 0 .00021
14 0 .00023
15 0 .00025
16 0 .00027
17 0 .00029
18 0 .00031
19 0 .00033
20 0 .00036
21 0 .00038
22 0 .00039
23 0 .00039
24 0 .0004
25 0 .0004
26 0 .00041
27 0 .00042
28 0 .00043
29 0 .00044
30 0 .00045
31 0 .00046
32 0 .00049
33 0 .00051
34 0 .00053
35 0 .00055
36 0 .00057
37 0 .0006
38 0 .00063
39 0 .00066
40 0 .0007
41 0 .00073
42 0 .00077
43 0 .00082
44 0 .00086
45 0 .00091
46 0 .00095
47 0 .00103
48 0 .0011
49 0 .00118
50 0 .00125
51 0 .00133
52 0 .00144
53 0 .00155
54 0 .00165
55 0 .00176
56 0 .00187
57 0 .00205
58 0 .00222
59 0 .0024
60 0 .00258
61 0 .00276
62 0 .00301
63 0 .00327
64 0 .00353
65 0 .00379
66 0 .00405
67 0 .00446
68 0 .00488
69 0 .00529
70 0 .00571
71 0 .00613
72 0 .00678
73 0 .00745
74 0 .00811
75 0 .00878
76 0 .00946
77 0 .01044
78 0 .01143
79 0 .01242
80 0 .01344
81 0 .01446
82 0 .01587
83 0 .01731
84 0 .01877
85 0 .02026
86 0 .02177
87 0 .02354
88 0 .02535
89 0 .02719
90 0 .02908
91 0 .031
92 0 .03289
93 0 .03483
94 0 .0368
95 0 .03883
96 0 .0409
97 0 .04181
98 0 .04274
99 0 .04367
100 0 1
*asmp for white females in year 1913; cols are type group gend marst
death 1 F single
1 0 .00777
2 0 .001
3 0 .00081
4 0 .00062
5 0 .00043
6 0 .00025
7 0 .00024
8 0 .00023
9 0 .00021
10 0 .0002
11 0 .00019
12 0 .00021
13 0 .00023
14 0 .00024
15 0 .00026
16 0 .00028
17 0 .0003
18 0 .00031
19 0 .00033
20 0 .00035
21 0 .00036
22 0 .00037
23 0 .00038
24 0 .00039
25 0 .0004
26 0 .00041
27 0 .00043
28 0 .00044
29 0 .00045
30 0 .00046
31 0 .00047
32 0 .00049
33 0 .0005
34 0 .00051
35 0 .00053
36 0 .00054
37 0 .00056
38 0 .00057
39 0 .00059
40 0 .00061
41 0 .00062
42 0 .00065
43 0 .00068
44 0 .0007
45 0 .00073
46 0 .00076
47 0 .00081
48 0 .00087
49 0 .00092
50 0 .00098
51 0 .00103
52 0 .00111
53 0 .00119
54 0 .00127
55 0 .00135
56 0 .00142
57 0 .00157
58 0 .00172
59 0 .00187
60 0 .00202
61 0 .00216
62 0 .00238
63 0 .0026
64 0 .00282
65 0 .00304
66 0 .00326
67 0 .00364
68 0 .00403
69 0 .00441
70 0 .0048
71 0 .00519
72 0 .00579
73 0 .00639
74 0 .007
75 0 .00762
76 0 .00823
77 0 .00916
78 0 .0101
79 0 .01105
80 0 .01201
81 0 .01298
82 0 .01425
83 0 .01554
84 0 .01685
85 0 .01817
86 0 .01952
87 0 .02108
88 0 .02268
89 0 .0243
90 0 .02595
91 0 .02763
92 0 .02937
93 0 .03114
94 0 .03294
95 0 .03479
96 0 .03667
97 0 .03803
98 0 .03941
99 0 .04081
100 0 1
