*asmp for black males in year 1948; cols are type group gend marst
death 1 M single
1 0 .00682
2 0 .00065
3 0 .00053
4 0 .00041
5 0 .0003
6 0 .00018
7 0 .00017
8 0 .00016
9 0 .00015
10 0 .00014
11 0 .00013
12 0 .00015
13 0 .00017
14 0 .00018
15 0 .0002
16 0 .00021
17 0 .00023
18 0 .00025
19 0 .00027
20 0 .00028
21 0 .0003
22 0 .00031
23 0 .00031
24 0 .00031
25 0 .00032
26 0 .00032
27 0 .00033
28 0 .00034
29 0 .00035
30 0 .00035
31 0 .00036
32 0 .00038
33 0 .0004
34 0 .00041
35 0 .00043
36 0 .00045
37 0 .00048
38 0 .0005
39 0 .00053
40 0 .00056
41 0 .00059
42 0 .00063
43 0 .00067
44 0 .00072
45 0 .00076
46 0 .0008
47 0 .00087
48 0 .00094
49 0 .00101
50 0 .00108
51 0 .00115
52 0 .00125
53 0 .00136
54 0 .00146
55 0 .00157
56 0 .00167
57 0 .00184
58 0 .002
59 0 .00217
60 0 .00233
61 0 .0025
62 0 .00275
63 0 .00299
64 0 .00324
65 0 .00349
66 0 .00374
67 0 .00413
68 0 .00453
69 0 .00493
70 0 .00533
71 0 .00574
72 0 .00637
73 0 .007
74 0 .00764
75 0 .00829
76 0 .00894
77 0 .0099
78 0 .01087
79 0 .01185
80 0 .01284
81 0 .01385
82 0 .01525
83 0 .01668
84 0 .01814
85 0 .01961
86 0 .02112
87 0 .0229
88 0 .02472
89 0 .02658
90 0 .02847
91 0 .03041
92 0 .03235
93 0 .03434
94 0 .03637
95 0 .03844
96 0 .04057
97 0 .04155
98 0 .04254
99 0 .04354
100 0 1
*asmp for black females in year 1948; cols are type group gend marst
death 1 F single
1 0 .00577
2 0 .00065
3 0 .00053
4 0 .00041
5 0 .00029
6 0 .00017
7 0 .00016
8 0 .00015
9 0 .00015
10 0 .00014
11 0 .00013
12 0 .00015
13 0 .00016
14 0 .00017
15 0 .00018
16 0 .0002
17 0 .00021
18 0 .00022
19 0 .00024
20 0 .00025
21 0 .00026
22 0 .00027
23 0 .00028
24 0 .00028
25 0 .00029
26 0 .0003
27 0 .00031
28 0 .00032
29 0 .00033
30 0 .00034
31 0 .00035
32 0 .00036
33 0 .00037
34 0 .00038
35 0 .00039
36 0 .00041
37 0 .00042
38 0 .00044
39 0 .00046
40 0 .00047
41 0 .00049
42 0 .00051
43 0 .00054
44 0 .00057
45 0 .00059
46 0 .00062
47 0 .00067
48 0 .00072
49 0 .00077
50 0 .00082
51 0 .00087
52 0 .00094
53 0 .00101
54 0 .00108
55 0 .00115
56 0 .00122
57 0 .00135
58 0 .00148
59 0 .00161
60 0 .00175
61 0 .00188
62 0 .00208
63 0 .00229
64 0 .00249
65 0 .0027
66 0 .00291
67 0 .00327
68 0 .00363
69 0 .00399
70 0 .00436
71 0 .00472
72 0 .0053
73 0 .00588
74 0 .00646
75 0 .00705
76 0 .00764
77 0 .00856
78 0 .00948
79 0 .01041
80 0 .01135
81 0 .0123
82 0 .01358
83 0 .01487
84 0 .01618
85 0 .01751
86 0 .01886
87 0 .02045
88 0 .02207
89 0 .02371
90 0 .02539
91 0 .02711
92 0 .02889
93 0 .03071
94 0 .03257
95 0 .03448
96 0 .03642
97 0 .03784
98 0 .03929
99 0 .04075
100 0 1
