*asmp for black males in year 1900; cols are type group gend marst
death 1 M single
1 0 .01636
2 0 .00219
3 0 .00176
4 0 .00132
5 0 .00089
6 0 .00047
7 0 .00044
8 0 .00042
9 0 .00039
10 0 .00036
11 0 .00034
12 0 .00037
13 0 .00039
14 0 .00042
15 0 .00045
16 0 .00047
17 0 .00051
18 0 .00056
19 0 .0006
20 0 .00064
21 0 .00068
22 0 .00069
23 0 .00071
24 0 .00072
25 0 .00073
26 0 .00075
27 0 .00077
28 0 .00079
29 0 .00081
30 0 .00084
31 0 .00086
32 0 .00089
33 0 .00093
34 0 .00096
35 0 .00099
36 0 .00102
37 0 .00107
38 0 .00112
39 0 .00117
40 0 .00122
41 0 .00126
42 0 .00132
43 0 .00137
44 0 .00142
45 0 .00148
46 0 .00153
47 0 .00163
48 0 .00172
49 0 .00182
50 0 .00192
51 0 .00202
52 0 .00214
53 0 .00226
54 0 .00238
55 0 .0025
56 0 .00262
57 0 .00284
58 0 .00306
59 0 .00328
60 0 .0035
61 0 .00372
62 0 .00402
63 0 .00432
64 0 .00462
65 0 .00492
66 0 .00522
67 0 .00569
68 0 .00617
69 0 .00664
70 0 .00712
71 0 .00761
72 0 .00836
73 0 .00913
74 0 .0099
75 0 .01068
76 0 .01146
77 0 .01251
78 0 .01358
79 0 .01466
80 0 .01575
81 0 .01686
82 0 .01833
83 0 .01982
84 0 .02134
85 0 .02288
86 0 .02446
87 0 .02621
88 0 .02799
89 0 .02981
90 0 .03167
91 0 .03356
92 0 .03527
93 0 .037
94 0 .03877
95 0 .04058
96 0 .04243
97 0 .04306
98 0 .0437
99 0 .04435
100 0 1
*asmp for black females in year 1900; cols are type group gend marst
death 1 F single
1 0 .01493
2 0 .00238
3 0 .00191
4 0 .00145
5 0 .00098
6 0 .00052
7 0 .0005
8 0 .00048
9 0 .00046
10 0 .00043
11 0 .00041
12 0 .00044
13 0 .00047
14 0 .00049
15 0 .00052
16 0 .00055
17 0 .00058
18 0 .00061
19 0 .00064
20 0 .00066
21 0 .00069
22 0 .00071
23 0 .00073
24 0 .00074
25 0 .00076
26 0 .00078
27 0 .0008
28 0 .00082
29 0 .00084
30 0 .00086
31 0 .00088
32 0 .0009
33 0 .00092
34 0 .00094
35 0 .00096
36 0 .00098
37 0 .001
38 0 .00102
39 0 .00104
40 0 .00106
41 0 .00108
42 0 .00111
43 0 .00113
44 0 .00116
45 0 .00119
46 0 .00121
47 0 .00129
48 0 .00137
49 0 .00145
50 0 .00153
51 0 .0016
52 0 .0017
53 0 .00181
54 0 .00191
55 0 .00201
56 0 .00211
57 0 .00232
58 0 .00253
59 0 .00274
60 0 .00294
61 0 .00315
62 0 .00341
63 0 .00368
64 0 .00394
65 0 .0042
66 0 .00447
67 0 .00493
68 0 .0054
69 0 .00587
70 0 .00634
71 0 .00682
72 0 .00751
73 0 .00821
74 0 .00891
75 0 .00962
76 0 .01034
77 0 .01136
78 0 .01239
79 0 .01343
80 0 .01448
81 0 .01554
82 0 .01686
83 0 .0182
84 0 .01956
85 0 .02093
86 0 .02233
87 0 .02387
88 0 .02544
89 0 .02703
90 0 .02865
91 0 .0303
92 0 .03189
93 0 .03351
94 0 .03516
95 0 .03684
96 0 .03855
97 0 .03964
98 0 .04075
99 0 .04188
100 0 1
