*asmp for white males in year 1964; cols are type group gend marst
death 1 M single
1 0 .00281
2 0 .00014
3 0 .00012
4 0 .0001
5 0 .00008
6 0 .00006
7 0 .00006
8 0 .00006
9 0 .00006
10 0 .00005
11 0 .00005
12 0 .00006
13 0 .00007
14 0 .00008
15 0 .00009
16 0 .00009
17 0 .0001
18 0 .00011
19 0 .00012
20 0 .00012
21 0 .00013
22 0 .00013
23 0 .00013
24 0 .00013
25 0 .00013
26 0 .00013
27 0 .00014
28 0 .00014
29 0 .00014
30 0 .00015
31 0 .00015
32 0 .00016
33 0 .00017
34 0 .00018
35 0 .00018
36 0 .00019
37 0 .00021
38 0 .00023
39 0 .00025
40 0 .00027
41 0 .00028
42 0 .00032
43 0 .00035
44 0 .00038
45 0 .00042
46 0 .00045
47 0 .00051
48 0 .00056
49 0 .00061
50 0 .00067
51 0 .00072
52 0 .00081
53 0 .0009
54 0 .00099
55 0 .00108
56 0 .00117
57 0 .0013
58 0 .00144
59 0 .00157
60 0 .00171
61 0 .00185
62 0 .00206
63 0 .00227
64 0 .00249
65 0 .00271
66 0 .00292
67 0 .00327
68 0 .00362
69 0 .00398
70 0 .00433
71 0 .00469
72 0 .00525
73 0 .00582
74 0 .00639
75 0 .00696
76 0 .00754
77 0 .00846
78 0 .00938
79 0 .01032
80 0 .01126
81 0 .01222
82 0 .01361
83 0 .01503
84 0 .01647
85 0 .01793
86 0 .01942
87 0 .02125
88 0 .02311
89 0 .02502
90 0 .02697
91 0 .02896
92 0 .03104
93 0 .03316
94 0 .03534
95 0 .03757
96 0 .03987
97 0 .04101
98 0 .04217
99 0 .04334
100 0 1
*asmp for white females in year 1964; cols are type group gend marst
death 1 F single
1 0 .00143
2 0 .00007
3 0 .00006
4 0 .00005
5 0 .00004
6 0 .00003
7 0 .00003
8 0 .00003
9 0 .00002
10 0 .00002
11 0 .00002
12 0 .00002
13 0 .00003
14 0 .00003
15 0 .00003
16 0 .00004
17 0 .00004
18 0 .00004
19 0 .00005
20 0 .00005
21 0 .00005
22 0 .00005
23 0 .00006
24 0 .00006
25 0 .00006
26 0 .00006
27 0 .00007
28 0 .00007
29 0 .00007
30 0 .00008
31 0 .00008
32 0 .00009
33 0 .00009
34 0 .0001
35 0 .0001
36 0 .00011
37 0 .00012
38 0 .00013
39 0 .00014
40 0 .00015
41 0 .00016
42 0 .00018
43 0 .00019
44 0 .00021
45 0 .00023
46 0 .00025
47 0 .00028
48 0 .0003
49 0 .00033
50 0 .00036
51 0 .00038
52 0 .00043
53 0 .00047
54 0 .00051
55 0 .00055
56 0 .0006
57 0 .00067
58 0 .00074
59 0 .00082
60 0 .00089
61 0 .00096
62 0 .00111
63 0 .00125
64 0 .00139
65 0 .00154
66 0 .00168
67 0 .00194
68 0 .00219
69 0 .00245
70 0 .00271
71 0 .00297
72 0 .00342
73 0 .00387
74 0 .00432
75 0 .00478
76 0 .00523
77 0 .00602
78 0 .00681
79 0 .0076
80 0 .00841
81 0 .00922
82 0 .01041
83 0 .01162
84 0 .01285
85 0 .01409
86 0 .01535
87 0 .01695
88 0 .01858
89 0 .02023
90 0 .02192
91 0 .02365
92 0 .02558
93 0 .02757
94 0 .02959
95 0 .03167
96 0 .03379
97 0 .03561
98 0 .03746
99 0 .03935
100 0 1
