*asmp for black males in year 1955; cols are type group gend marst
death 1 M single
1 0 .00637
2 0 .00058
3 0 .00048
4 0 .00037
5 0 .00027
6 0 .00017
7 0 .00016
8 0 .00015
9 0 .00014
10 0 .00013
11 0 .00013
12 0 .00014
13 0 .00015
14 0 .00017
15 0 .00018
16 0 .0002
17 0 .00022
18 0 .00023
19 0 .00025
20 0 .00027
21 0 .00028
22 0 .00029
23 0 .00029
24 0 .00029
25 0 .0003
26 0 .0003
27 0 .00031
28 0 .00031
29 0 .00032
30 0 .00033
31 0 .00034
32 0 .00035
33 0 .00037
34 0 .00039
35 0 .0004
36 0 .00042
37 0 .00045
38 0 .00047
39 0 .0005
40 0 .00053
41 0 .00056
42 0 .0006
43 0 .00064
44 0 .00068
45 0 .00072
46 0 .00077
47 0 .00083
48 0 .0009
49 0 .00097
50 0 .00104
51 0 .00111
52 0 .00121
53 0 .00131
54 0 .00142
55 0 .00152
56 0 .00162
57 0 .00179
58 0 .00195
59 0 .00211
60 0 .00227
61 0 .00244
62 0 .00268
63 0 .00293
64 0 .00317
65 0 .00342
66 0 .00366
67 0 .00405
68 0 .00445
69 0 .00484
70 0 .00524
71 0 .00564
72 0 .00626
73 0 .00689
74 0 .00753
75 0 .00817
76 0 .00881
77 0 .00976
78 0 .01073
79 0 .01171
80 0 .0127
81 0 .0137
82 0 .0151
83 0 .01653
84 0 .01798
85 0 .01946
86 0 .02096
87 0 .02274
88 0 .02457
89 0 .02643
90 0 .02833
91 0 .03027
92 0 .03223
93 0 .03422
94 0 .03627
95 0 .03836
96 0 .0405
97 0 .04149
98 0 .0425
99 0 .04352
100 0 1
*asmp for black females in year 1955; cols are type group gend marst
death 1 F single
1 0 .00503
2 0 .00052
3 0 .00043
4 0 .00033
5 0 .00024
6 0 .00014
7 0 .00013
8 0 .00013
9 0 .00012
10 0 .00012
11 0 .00011
12 0 .00012
13 0 .00013
14 0 .00015
15 0 .00016
16 0 .00017
17 0 .00018
18 0 .00019
19 0 .0002
20 0 .00021
21 0 .00022
22 0 .00023
23 0 .00024
24 0 .00024
25 0 .00025
26 0 .00026
27 0 .00027
28 0 .00028
29 0 .00028
30 0 .00029
31 0 .0003
32 0 .00031
33 0 .00032
34 0 .00033
35 0 .00034
36 0 .00036
37 0 .00037
38 0 .00039
39 0 .0004
40 0 .00042
41 0 .00044
42 0 .00046
43 0 .00049
44 0 .00052
45 0 .00054
46 0 .00057
47 0 .00061
48 0 .00066
49 0 .00071
50 0 .00075
51 0 .0008
52 0 .00087
53 0 .00094
54 0 .001
55 0 .00107
56 0 .00114
57 0 .00127
58 0 .00139
59 0 .00151
60 0 .00164
61 0 .00176
62 0 .00196
63 0 .00216
64 0 .00236
65 0 .00257
66 0 .00277
67 0 .00312
68 0 .00347
69 0 .00383
70 0 .00418
71 0 .00454
72 0 .0051
73 0 .00567
74 0 .00625
75 0 .00683
76 0 .00741
77 0 .00831
78 0 .00923
79 0 .01015
80 0 .01109
81 0 .01203
82 0 .01331
83 0 .0146
84 0 .01592
85 0 .01725
86 0 .0186
87 0 .0202
88 0 .02183
89 0 .0235
90 0 .02519
91 0 .02691
92 0 .02872
93 0 .03057
94 0 .03245
95 0 .03438
96 0 .03635
97 0 .03779
98 0 .03927
99 0 .04076
100 0 1
