*asmp for black males in year 2014; cols are type group gend marst
death 1 M single
1 0 .00139
2 0 .00005
3 0 .00004
4 0 .00004
5 0 .00003
6 0 .00003
7 0 .00003
8 0 .00003
9 0 .00003
10 0 .00002
11 0 .00002
12 0 .00003
13 0 .00003
14 0 .00004
15 0 .00004
16 0 .00005
17 0 .00005
18 0 .00006
19 0 .00006
20 0 .00006
21 0 .00007
22 0 .00007
23 0 .00007
24 0 .00007
25 0 .00007
26 0 .00006
27 0 .00007
28 0 .00007
29 0 .00007
30 0 .00007
31 0 .00007
32 0 .00008
33 0 .00008
34 0 .00009
35 0 .00009
36 0 .0001
37 0 .00011
38 0 .00012
39 0 .00013
40 0 .00014
41 0 .00015
42 0 .00018
43 0 .0002
44 0 .00023
45 0 .00025
46 0 .00028
47 0 .00032
48 0 .00036
49 0 .0004
50 0 .00044
51 0 .00048
52 0 .00055
53 0 .00062
54 0 .0007
55 0 .00077
56 0 .00084
57 0 .00095
58 0 .00106
59 0 .00117
60 0 .00128
61 0 .00139
62 0 .00157
63 0 .00176
64 0 .00194
65 0 .00212
66 0 .00231
67 0 .00261
68 0 .00292
69 0 .00323
70 0 .00354
71 0 .00385
72 0 .00434
73 0 .00485
74 0 .00535
75 0 .00585
76 0 .00636
77 0 .00722
78 0 .00808
79 0 .00895
80 0 .00983
81 0 .01072
82 0 .01207
83 0 .01343
84 0 .01482
85 0 .01623
86 0 .01767
87 0 .0195
88 0 .02136
89 0 .02327
90 0 .02521
91 0 .0272
92 0 .02938
93 0 .03161
94 0 .0339
95 0 .03624
96 0 .03866
97 0 .04002
98 0 .0414
99 0 .0428
100 0 1
*asmp for black females in year 2014; cols are type group gend marst
death 1 F single
1 0 .00103
2 0 .00005
3 0 .00004
4 0 .00003
5 0 .00003
6 0 .00002
7 0 .00002
8 0 .00002
9 0 .00002
10 0 .00002
11 0 .00002
12 0 .00002
13 0 .00002
14 0 .00002
15 0 .00002
16 0 .00003
17 0 .00003
18 0 .00003
19 0 .00003
20 0 .00004
21 0 .00004
22 0 .00004
23 0 .00004
24 0 .00004
25 0 .00004
26 0 .00005
27 0 .00005
28 0 .00005
29 0 .00005
30 0 .00006
31 0 .00006
32 0 .00006
33 0 .00007
34 0 .00007
35 0 .00007
36 0 .00008
37 0 .00008
38 0 .00009
39 0 .0001
40 0 .00011
41 0 .00011
42 0 .00013
43 0 .00014
44 0 .00015
45 0 .00017
46 0 .00018
47 0 .0002
48 0 .00022
49 0 .00024
50 0 .00026
51 0 .00028
52 0 .00031
53 0 .00034
54 0 .00038
55 0 .00041
56 0 .00044
57 0 .00049
58 0 .00055
59 0 .0006
60 0 .00066
61 0 .00071
62 0 .00082
63 0 .00093
64 0 .00105
65 0 .00116
66 0 .00127
67 0 .00148
68 0 .00168
69 0 .00188
70 0 .00209
71 0 .0023
72 0 .00266
73 0 .00303
74 0 .00339
75 0 .00376
76 0 .00413
77 0 .00479
78 0 .00545
79 0 .00611
80 0 .00678
81 0 .00745
82 0 .00848
83 0 .00952
84 0 .01057
85 0 .01164
86 0 .01271
87 0 .01415
88 0 .0156
89 0 .01708
90 0 .01859
91 0 .02012
92 0 .02196
93 0 .02385
94 0 .02577
95 0 .02774
96 0 .02975
97 0 .0318
98 0 .0339
99 0 .03605
100 0 1
