*asmp for white males in year 1882; cols are type group gend marst
death 1 M single
1 0 .01636
2 0 .00219
3 0 .00176
4 0 .00132
5 0 .00089
6 0 .00047
7 0 .00044
8 0 .00042
9 0 .00039
10 0 .00036
11 0 .00034
12 0 .00037
13 0 .00039
14 0 .00042
15 0 .00045
16 0 .00047
17 0 .00051
18 0 .00056
19 0 .0006
20 0 .00064
21 0 .00068
22 0 .00069
23 0 .00071
24 0 .00072
25 0 .00073
26 0 .00075
27 0 .00077
28 0 .00079
29 0 .00081
30 0 .00084
31 0 .00086
32 0 .00089
33 0 .00093
34 0 .00096
35 0 .00099
36 0 .00102
37 0 .00107
38 0 .00112
39 0 .00117
40 0 .00122
41 0 .00126
42 0 .00132
43 0 .00137
44 0 .00142
45 0 .00148
46 0 .00153
47 0 .00163
48 0 .00172
49 0 .00182
50 0 .00192
51 0 .00202
52 0 .00214
53 0 .00226
54 0 .00238
55 0 .0025
56 0 .00262
57 0 .00284
58 0 .00306
59 0 .00328
60 0 .0035
61 0 .00372
62 0 .00402
63 0 .00432
64 0 .00462
65 0 .00492
66 0 .00522
67 0 .00569
68 0 .00617
69 0 .00664
70 0 .00712
71 0 .00761
72 0 .00836
73 0 .00913
74 0 .0099
75 0 .01068
76 0 .01146
77 0 .01251
78 0 .01358
79 0 .01466
80 0 .01575
81 0 .01686
82 0 .01833
83 0 .01982
84 0 .02134
85 0 .02288
86 0 .02446
87 0 .02621
88 0 .02799
89 0 .02981
90 0 .03167
91 0 .03356
92 0 .03527
93 0 .037
94 0 .03877
95 0 .04058
96 0 .04243
97 0 .04306
98 0 .0437
99 0 .04435
100 0 1
*asmp for white females in year 1882; cols are type group gend marst
death 1 F single
1 0 .01432
2 0 .00227
3 0 .00183
4 0 .00138
5 0 .00094
6 0 .0005
7 0 .00048
8 0 .00046
9 0 .00044
10 0 .00041
11 0 .00039
12 0 .00042
13 0 .00045
14 0 .00047
15 0 .0005
16 0 .00053
17 0 .00055
18 0 .00058
19 0 .00061
20 0 .00064
21 0 .00067
22 0 .00068
23 0 .0007
24 0 .00072
25 0 .00073
26 0 .00075
27 0 .00077
28 0 .00079
29 0 .00081
30 0 .00083
31 0 .00085
32 0 .00087
33 0 .00089
34 0 .00091
35 0 .00092
36 0 .00094
37 0 .00096
38 0 .00098
39 0 .001
40 0 .00102
41 0 .00104
42 0 .00107
43 0 .00109
44 0 .00112
45 0 .00115
46 0 .00117
47 0 .00125
48 0 .00133
49 0 .0014
50 0 .00148
51 0 .00155
52 0 .00165
53 0 .00175
54 0 .00185
55 0 .00195
56 0 .00205
57 0 .00225
58 0 .00246
59 0 .00266
60 0 .00286
61 0 .00307
62 0 .00332
63 0 .00358
64 0 .00384
65 0 .0041
66 0 .00436
67 0 .00481
68 0 .00527
69 0 .00574
70 0 .0062
71 0 .00667
72 0 .00735
73 0 .00804
74 0 .00874
75 0 .00944
76 0 .01014
77 0 .01115
78 0 .01217
79 0 .0132
80 0 .01424
81 0 .0153
82 0 .01661
83 0 .01794
84 0 .01929
85 0 .02066
86 0 .02205
87 0 .02359
88 0 .02515
89 0 .02674
90 0 .02836
91 0 .03002
92 0 .03162
93 0 .03325
94 0 .03491
95 0 .03661
96 0 .03834
97 0 .03946
98 0 .04059
99 0 .04174
100 0 1
