*asmp for black males in year 1880; cols are type group gend marst
death 1 M single
1 0 .02203
2 0 .00306
3 0 .00244
4 0 .00183
5 0 .00123
6 0 .00062
7 0 .00059
8 0 .00055
9 0 .00052
10 0 .00048
11 0 .00045
12 0 .00048
13 0 .00052
14 0 .00055
15 0 .00059
16 0 .00062
17 0 .00067
18 0 .00073
19 0 .00078
20 0 .00084
21 0 .00089
22 0 .00091
23 0 .00093
24 0 .00095
25 0 .00097
26 0 .00099
27 0 .00102
28 0 .00105
29 0 .00108
30 0 .00111
31 0 .00114
32 0 .00118
33 0 .00122
34 0 .00127
35 0 .00131
36 0 .00135
37 0 .00141
38 0 .00147
39 0 .00153
40 0 .00159
41 0 .00165
42 0 .00171
43 0 .00177
44 0 .00183
45 0 .00189
46 0 .00195
47 0 .00207
48 0 .00218
49 0 .0023
50 0 .00241
51 0 .00253
52 0 .00266
53 0 .00279
54 0 .00292
55 0 .00306
56 0 .00319
57 0 .00344
58 0 .00369
59 0 .00395
60 0 .0042
61 0 .00446
62 0 .00479
63 0 .00512
64 0 .00546
65 0 .0058
66 0 .00613
67 0 .00666
68 0 .00719
69 0 .00772
70 0 .00825
71 0 .00879
72 0 .00964
73 0 .0105
74 0 .01136
75 0 .01224
76 0 .01312
77 0 .01426
78 0 .01541
79 0 .01657
80 0 .01775
81 0 .01895
82 0 .02049
83 0 .02206
84 0 .02365
85 0 .02528
86 0 .02694
87 0 .02868
88 0 .03046
89 0 .03227
90 0 .03413
91 0 .03602
92 0 .03753
93 0 .03906
94 0 .04062
95 0 .04221
96 0 .04383
97 0 .0442
98 0 .04457
99 0 .04494
100 0 1
*asmp for black females in year 1880; cols are type group gend marst
death 1 F single
1 0 .01988
2 0 .00328
3 0 .00263
4 0 .00198
5 0 .00134
6 0 .0007
7 0 .00067
8 0 .00064
9 0 .00061
10 0 .00058
11 0 .00055
12 0 .00058
13 0 .00062
14 0 .00065
15 0 .00069
16 0 .00072
17 0 .00076
18 0 .0008
19 0 .00084
20 0 .00087
21 0 .00091
22 0 .00093
23 0 .00096
24 0 .00098
25 0 .001
26 0 .00102
27 0 .00105
28 0 .00108
29 0 .00111
30 0 .00113
31 0 .00116
32 0 .00118
33 0 .00121
34 0 .00123
35 0 .00126
36 0 .00128
37 0 .0013
38 0 .00132
39 0 .00135
40 0 .00137
41 0 .00139
42 0 .00142
43 0 .00144
44 0 .00147
45 0 .0015
46 0 .00152
47 0 .00162
48 0 .00171
49 0 .00181
50 0 .0019
51 0 .002
52 0 .00212
53 0 .00223
54 0 .00235
55 0 .00247
56 0 .00259
57 0 .00284
58 0 .0031
59 0 .00335
60 0 .0036
61 0 .00386
62 0 .00415
63 0 .00445
64 0 .00475
65 0 .00504
66 0 .00534
67 0 .00587
68 0 .00641
69 0 .00695
70 0 .00749
71 0 .00803
72 0 .0088
73 0 .00958
74 0 .01036
75 0 .01116
76 0 .01195
77 0 .01306
78 0 .01418
79 0 .01531
80 0 .01645
81 0 .01761
82 0 .019
83 0 .0204
84 0 .02183
85 0 .02328
86 0 .02475
87 0 .02629
88 0 .02786
89 0 .02946
90 0 .03108
91 0 .03274
92 0 .03421
93 0 .0357
94 0 .03722
95 0 .03877
96 0 .04034
97 0 .04121
98 0 .04209
99 0 .04298
100 0 1
