*asmp for white males in year 1944; cols are type group gend marst
death 1 M single
1 0 .00393
2 0 .00024
3 0 .00021
4 0 .00017
5 0 .00013
6 0 .00009
7 0 .00009
8 0 .00008
9 0 .00008
10 0 .00008
11 0 .00007
12 0 .00008
13 0 .00009
14 0 .00011
15 0 .00012
16 0 .00013
17 0 .00014
18 0 .00015
19 0 .00016
20 0 .00017
21 0 .00018
22 0 .00018
23 0 .00018
24 0 .00018
25 0 .00018
26 0 .00018
27 0 .00019
28 0 .00019
29 0 .0002
30 0 .0002
31 0 .0002
32 0 .00022
33 0 .00023
34 0 .00024
35 0 .00025
36 0 .00026
37 0 .00028
38 0 .00031
39 0 .00033
40 0 .00035
41 0 .00037
42 0 .00041
43 0 .00044
44 0 .00048
45 0 .00052
46 0 .00056
47 0 .00062
48 0 .00067
49 0 .00073
50 0 .00079
51 0 .00085
52 0 .00095
53 0 .00105
54 0 .00114
55 0 .00124
56 0 .00133
57 0 .00148
58 0 .00163
59 0 .00177
60 0 .00192
61 0 .00207
62 0 .00229
63 0 .00252
64 0 .00275
65 0 .00298
66 0 .0032
67 0 .00357
68 0 .00394
69 0 .00431
70 0 .00468
71 0 .00506
72 0 .00565
73 0 .00624
74 0 .00683
75 0 .00743
76 0 .00804
77 0 .00897
78 0 .00991
79 0 .01087
80 0 .01183
81 0 .0128
82 0 .0142
83 0 .01563
84 0 .01707
85 0 .01854
86 0 .02004
87 0 .02185
88 0 .0237
89 0 .02559
90 0 .02752
91 0 .02949
92 0 .03152
93 0 .03359
94 0 .03572
95 0 .0379
96 0 .04013
97 0 .04121
98 0 .0423
99 0 .04341
100 0 1
*asmp for white females in year 1944; cols are type group gend marst
death 1 F single
1 0 .0033
2 0 .00025
3 0 .00021
4 0 .00016
5 0 .00012
6 0 .00008
7 0 .00007
8 0 .00007
9 0 .00007
10 0 .00007
11 0 .00006
12 0 .00007
13 0 .00008
14 0 .00009
15 0 .00009
16 0 .0001
17 0 .00011
18 0 .00012
19 0 .00012
20 0 .00013
21 0 .00014
22 0 .00014
23 0 .00015
24 0 .00015
25 0 .00016
26 0 .00016
27 0 .00017
28 0 .00017
29 0 .00018
30 0 .00019
31 0 .00019
32 0 .0002
33 0 .00021
34 0 .00022
35 0 .00023
36 0 .00024
37 0 .00025
38 0 .00027
39 0 .00028
40 0 .0003
41 0 .00031
42 0 .00034
43 0 .00036
44 0 .00039
45 0 .00042
46 0 .00044
47 0 .00048
48 0 .00052
49 0 .00056
50 0 .0006
51 0 .00064
52 0 .0007
53 0 .00076
54 0 .00082
55 0 .00088
56 0 .00095
57 0 .00105
58 0 .00116
59 0 .00127
60 0 .00138
61 0 .00148
62 0 .00167
63 0 .00186
64 0 .00204
65 0 .00223
66 0 .00242
67 0 .00275
68 0 .00308
69 0 .00341
70 0 .00374
71 0 .00407
72 0 .00461
73 0 .00516
74 0 .00571
75 0 .00626
76 0 .00681
77 0 .00771
78 0 .00861
79 0 .00952
80 0 .01044
81 0 .01137
82 0 .01266
83 0 .01396
84 0 .01528
85 0 .01663
86 0 .01799
87 0 .01963
88 0 .0213
89 0 .02301
90 0 .02474
91 0 .02651
92 0 .02838
93 0 .03029
94 0 .03224
95 0 .03424
96 0 .03628
97 0 .03779
98 0 .03933
99 0 .04089
100 0 1
