*asmp for black males in year 1977; cols are type group gend marst
death 1 M single
1 0 .00471
2 0 .00035
3 0 .00029
4 0 .00023
5 0 .00017
6 0 .00012
7 0 .00011
8 0 .00011
9 0 .0001
10 0 .00009
11 0 .00009
12 0 .0001
13 0 .00011
14 0 .00013
15 0 .00014
16 0 .00015
17 0 .00016
18 0 .00018
19 0 .00019
20 0 .0002
21 0 .00021
22 0 .00021
23 0 .00022
24 0 .00022
25 0 .00022
26 0 .00022
27 0 .00023
28 0 .00023
29 0 .00024
30 0 .00024
31 0 .00025
32 0 .00026
33 0 .00027
34 0 .00029
35 0 .0003
36 0 .00031
37 0 .00034
38 0 .00036
39 0 .00038
40 0 .00041
41 0 .00043
42 0 .00047
43 0 .00051
44 0 .00055
45 0 .00058
46 0 .00062
47 0 .00069
48 0 .00075
49 0 .00081
50 0 .00087
51 0 .00094
52 0 .00103
53 0 .00113
54 0 .00123
55 0 .00133
56 0 .00143
57 0 .00158
58 0 .00173
59 0 .00188
60 0 .00204
61 0 .00219
62 0 .00242
63 0 .00265
64 0 .00289
65 0 .00312
66 0 .00336
67 0 .00373
68 0 .00411
69 0 .00449
70 0 .00487
71 0 .00525
72 0 .00585
73 0 .00646
74 0 .00706
75 0 .00768
76 0 .00829
77 0 .00923
78 0 .01019
79 0 .01115
80 0 .01212
81 0 .0131
82 0 .0145
83 0 .01593
84 0 .01737
85 0 .01884
86 0 .02034
87 0 .02214
88 0 .02398
89 0 .02586
90 0 .02778
91 0 .02974
92 0 .03174
93 0 .03379
94 0 .03589
95 0 .03804
96 0 .04024
97 0 .04129
98 0 .04236
99 0 .04344
100 0 1
*asmp for black females in year 1977; cols are type group gend marst
death 1 F single
1 0 .00208
2 0 .00011
3 0 .0001
4 0 .00008
5 0 .00006
6 0 .00004
7 0 .00004
8 0 .00004
9 0 .00004
10 0 .00004
11 0 .00003
12 0 .00004
13 0 .00004
14 0 .00005
15 0 .00005
16 0 .00006
17 0 .00006
18 0 .00006
19 0 .00007
20 0 .00007
21 0 .00008
22 0 .00008
23 0 .00009
24 0 .00009
25 0 .00009
26 0 .0001
27 0 .0001
28 0 .0001
29 0 .00011
30 0 .00011
31 0 .00012
32 0 .00013
33 0 .00013
34 0 .00014
35 0 .00015
36 0 .00016
37 0 .00017
38 0 .00018
39 0 .00019
40 0 .00021
41 0 .00022
42 0 .00024
43 0 .00026
44 0 .00029
45 0 .00031
46 0 .00033
47 0 .00037
48 0 .0004
49 0 .00043
50 0 .00047
51 0 .0005
52 0 .00055
53 0 .0006
54 0 .00066
55 0 .00071
56 0 .00076
57 0 .00085
58 0 .00095
59 0 .00104
60 0 .00113
61 0 .00122
62 0 .00139
63 0 .00156
64 0 .00173
65 0 .0019
66 0 .00207
67 0 .00236
68 0 .00266
69 0 .00297
70 0 .00327
71 0 .00357
72 0 .00408
73 0 .00459
74 0 .0051
75 0 .00562
76 0 .00614
77 0 .00701
78 0 .00788
79 0 .00876
80 0 .00965
81 0 .01055
82 0 .01183
83 0 .01313
84 0 .01445
85 0 .01579
86 0 .01714
87 0 .01881
88 0 .02051
89 0 .02224
90 0 .024
91 0 .0258
92 0 .02773
93 0 .0297
94 0 .03172
95 0 .03378
96 0 .0359
97 0 .0375
98 0 .03914
99 0 .0408
100 0 1
