*asmp for white males in year 1962; cols are type group gend marst
death 1 M single
1 0 .00317
2 0 .00017
3 0 .00015
4 0 .00012
5 0 .0001
6 0 .00007
7 0 .00007
8 0 .00007
9 0 .00006
10 0 .00006
11 0 .00006
12 0 .00007
13 0 .00008
14 0 .00009
15 0 .0001
16 0 .0001
17 0 .00011
18 0 .00012
19 0 .00013
20 0 .00014
21 0 .00015
22 0 .00015
23 0 .00015
24 0 .00015
25 0 .00015
26 0 .00015
27 0 .00015
28 0 .00016
29 0 .00016
30 0 .00016
31 0 .00017
32 0 .00018
33 0 .00019
34 0 .0002
35 0 .00021
36 0 .00022
37 0 .00023
38 0 .00025
39 0 .00027
40 0 .00029
41 0 .00031
42 0 .00035
43 0 .00038
44 0 .00042
45 0 .00045
46 0 .00049
47 0 .00054
48 0 .0006
49 0 .00066
50 0 .00071
51 0 .00077
52 0 .00086
53 0 .00095
54 0 .00104
55 0 .00113
56 0 .00123
57 0 .00137
58 0 .0015
59 0 .00164
60 0 .00178
61 0 .00192
62 0 .00214
63 0 .00236
64 0 .00258
65 0 .0028
66 0 .00302
67 0 .00338
68 0 .00374
69 0 .0041
70 0 .00446
71 0 .00482
72 0 .00539
73 0 .00597
74 0 .00655
75 0 .00713
76 0 .00772
77 0 .00864
78 0 .00957
79 0 .01051
80 0 .01146
81 0 .01243
82 0 .01382
83 0 .01524
84 0 .01668
85 0 .01815
86 0 .01964
87 0 .02146
88 0 .02332
89 0 .02523
90 0 .02717
91 0 .02915
92 0 .03121
93 0 .03332
94 0 .03548
95 0 .03769
96 0 .03996
97 0 .04108
98 0 .04222
99 0 .04337
100 0 1
*asmp for white females in year 1962; cols are type group gend marst
death 1 F single
1 0 .00143
2 0 .00007
3 0 .00006
4 0 .00005
5 0 .00004
6 0 .00003
7 0 .00003
8 0 .00003
9 0 .00002
10 0 .00002
11 0 .00002
12 0 .00002
13 0 .00003
14 0 .00003
15 0 .00003
16 0 .00004
17 0 .00004
18 0 .00004
19 0 .00005
20 0 .00005
21 0 .00005
22 0 .00005
23 0 .00006
24 0 .00006
25 0 .00006
26 0 .00006
27 0 .00007
28 0 .00007
29 0 .00007
30 0 .00008
31 0 .00008
32 0 .00009
33 0 .00009
34 0 .0001
35 0 .0001
36 0 .00011
37 0 .00012
38 0 .00013
39 0 .00014
40 0 .00015
41 0 .00016
42 0 .00018
43 0 .00019
44 0 .00021
45 0 .00023
46 0 .00025
47 0 .00028
48 0 .0003
49 0 .00033
50 0 .00036
51 0 .00038
52 0 .00043
53 0 .00047
54 0 .00051
55 0 .00055
56 0 .0006
57 0 .00067
58 0 .00074
59 0 .00082
60 0 .00089
61 0 .00096
62 0 .00111
63 0 .00125
64 0 .00139
65 0 .00154
66 0 .00168
67 0 .00194
68 0 .00219
69 0 .00245
70 0 .00271
71 0 .00297
72 0 .00342
73 0 .00387
74 0 .00432
75 0 .00478
76 0 .00523
77 0 .00602
78 0 .00681
79 0 .0076
80 0 .00841
81 0 .00922
82 0 .01041
83 0 .01162
84 0 .01285
85 0 .01409
86 0 .01535
87 0 .01695
88 0 .01858
89 0 .02023
90 0 .02192
91 0 .02365
92 0 .02558
93 0 .02757
94 0 .02959
95 0 .03167
96 0 .03379
97 0 .03561
98 0 .03746
99 0 .03935
100 0 1
