*asmp for black males in year 1946; cols are type group gend marst
death 1 M single
1 0 .00727
2 0 .00071
3 0 .00058
4 0 .00045
5 0 .00032
6 0 .00019
7 0 .00018
8 0 .00017
9 0 .00016
10 0 .00015
11 0 .00014
12 0 .00016
13 0 .00018
14 0 .00019
15 0 .00021
16 0 .00022
17 0 .00024
18 0 .00026
19 0 .00028
20 0 .0003
21 0 .00032
22 0 .00033
23 0 .00033
24 0 .00033
25 0 .00034
26 0 .00034
27 0 .00035
28 0 .00036
29 0 .00037
30 0 .00038
31 0 .00039
32 0 .0004
33 0 .00042
34 0 .00044
35 0 .00046
36 0 .00048
37 0 .00051
38 0 .00053
39 0 .00056
40 0 .00059
41 0 .00062
42 0 .00067
43 0 .00071
44 0 .00075
45 0 .0008
46 0 .00084
47 0 .00091
48 0 .00098
49 0 .00105
50 0 .00112
51 0 .00119
52 0 .0013
53 0 .0014
54 0 .00151
55 0 .00162
56 0 .00172
57 0 .00189
58 0 .00206
59 0 .00223
60 0 .0024
61 0 .00256
62 0 .00281
63 0 .00306
64 0 .00331
65 0 .00356
66 0 .00382
67 0 .00422
68 0 .00462
69 0 .00502
70 0 .00543
71 0 .00583
72 0 .00647
73 0 .00711
74 0 .00776
75 0 .00841
76 0 .00907
77 0 .01003
78 0 .01101
79 0 .01199
80 0 .01299
81 0 .014
82 0 .01541
83 0 .01684
84 0 .01829
85 0 .01977
86 0 .02128
87 0 .02306
88 0 .02487
89 0 .02673
90 0 .02862
91 0 .03055
92 0 .03248
93 0 .03445
94 0 .03647
95 0 .03854
96 0 .04065
97 0 .04161
98 0 .04259
99 0 .04357
100 0 1
*asmp for black females in year 1946; cols are type group gend marst
death 1 F single
1 0 .00615
2 0 .00071
3 0 .00058
4 0 .00045
5 0 .00032
6 0 .00018
7 0 .00018
8 0 .00017
9 0 .00016
10 0 .00015
11 0 .00014
12 0 .00016
13 0 .00017
14 0 .00019
15 0 .0002
16 0 .00021
17 0 .00023
18 0 .00024
19 0 .00025
20 0 .00027
21 0 .00028
22 0 .00029
23 0 .0003
24 0 .00031
25 0 .00031
26 0 .00032
27 0 .00033
28 0 .00034
29 0 .00035
30 0 .00036
31 0 .00037
32 0 .00038
33 0 .00039
34 0 .00041
35 0 .00042
36 0 .00043
37 0 .00045
38 0 .00046
39 0 .00048
40 0 .0005
41 0 .00051
42 0 .00054
43 0 .00057
44 0 .00059
45 0 .00062
46 0 .00065
47 0 .0007
48 0 .00075
49 0 .0008
50 0 .00085
51 0 .0009
52 0 .00097
53 0 .00104
54 0 .00112
55 0 .00119
56 0 .00126
57 0 .0014
58 0 .00153
59 0 .00166
60 0 .0018
61 0 .00193
62 0 .00214
63 0 .00235
64 0 .00256
65 0 .00277
66 0 .00298
67 0 .00334
68 0 .00371
69 0 .00408
70 0 .00445
71 0 .00482
72 0 .0054
73 0 .00598
74 0 .00657
75 0 .00716
76 0 .00776
77 0 .00868
78 0 .0096
79 0 .01054
80 0 .01148
81 0 .01244
82 0 .01371
83 0 .015
84 0 .01631
85 0 .01764
86 0 .01898
87 0 .02057
88 0 .02218
89 0 .02382
90 0 .0255
91 0 .0272
92 0 .02898
93 0 .03079
94 0 .03264
95 0 .03453
96 0 .03646
97 0 .03787
98 0 .0393
99 0 .04075
100 0 1
