*asmp for white males in year 1890; cols are type group gend marst
death 1 M single
1 0 .01309
2 0 .00166
3 0 .00134
4 0 .00101
5 0 .00069
6 0 .00037
7 0 .00035
8 0 .00033
9 0 .00031
10 0 .00029
11 0 .00027
12 0 .00029
13 0 .00032
14 0 .00034
15 0 .00036
16 0 .00039
17 0 .00042
18 0 .00045
19 0 .00049
20 0 .00052
21 0 .00055
22 0 .00056
23 0 .00057
24 0 .00058
25 0 .0006
26 0 .00061
27 0 .00062
28 0 .00064
29 0 .00066
30 0 .00068
31 0 .00069
32 0 .00072
33 0 .00075
34 0 .00078
35 0 .0008
36 0 .00083
37 0 .00087
38 0 .00091
39 0 .00095
40 0 .00099
41 0 .00104
42 0 .00108
43 0 .00113
44 0 .00118
45 0 .00123
46 0 .00128
47 0 .00137
48 0 .00145
49 0 .00154
50 0 .00163
51 0 .00171
52 0 .00183
53 0 .00194
54 0 .00206
55 0 .00217
56 0 .00229
57 0 .00249
58 0 .00269
59 0 .00289
60 0 .00309
61 0 .00329
62 0 .00357
63 0 .00385
64 0 .00413
65 0 .00441
66 0 .00469
67 0 .00514
68 0 .00558
69 0 .00603
70 0 .00648
71 0 .00693
72 0 .00764
73 0 .00836
74 0 .00908
75 0 .00981
76 0 .01054
77 0 .01155
78 0 .01258
79 0 .01362
80 0 .01467
81 0 .01573
82 0 .01717
83 0 .01863
84 0 .02011
85 0 .02162
86 0 .02316
87 0 .02491
88 0 .0267
89 0 .02852
90 0 .03038
91 0 .03229
92 0 .03408
93 0 .03591
94 0 .03778
95 0 .03969
96 0 .04164
97 0 .04242
98 0 .0432
99 0 .04399
100 0 1
*asmp for white females in year 1890; cols are type group gend marst
death 1 F single
1 0 .01151
2 0 .00176
3 0 .00141
4 0 .00107
5 0 .00073
6 0 .0004
7 0 .00038
8 0 .00036
9 0 .00034
10 0 .00033
11 0 .00031
12 0 .00033
13 0 .00036
14 0 .00038
15 0 .0004
16 0 .00042
17 0 .00045
18 0 .00047
19 0 .00049
20 0 .00051
21 0 .00054
22 0 .00055
23 0 .00056
24 0 .00058
25 0 .00059
26 0 .0006
27 0 .00062
28 0 .00064
29 0 .00065
30 0 .00067
31 0 .00069
32 0 .0007
33 0 .00072
34 0 .00074
35 0 .00075
36 0 .00077
37 0 .00079
38 0 .0008
39 0 .00082
40 0 .00084
41 0 .00086
42 0 .00089
43 0 .00091
44 0 .00094
45 0 .00096
46 0 .00099
47 0 .00106
48 0 .00112
49 0 .00119
50 0 .00126
51 0 .00132
52 0 .00141
53 0 .0015
54 0 .00159
55 0 .00168
56 0 .00177
57 0 .00195
58 0 .00213
59 0 .0023
60 0 .00248
61 0 .00266
62 0 .0029
63 0 .00314
64 0 .00338
65 0 .00362
66 0 .00386
67 0 .00428
68 0 .00471
69 0 .00513
70 0 .00556
71 0 .00599
72 0 .00664
73 0 .00728
74 0 .00794
75 0 .0086
76 0 .00926
77 0 .01022
78 0 .0112
79 0 .01219
80 0 .01319
81 0 .0142
82 0 .01548
83 0 .01678
84 0 .0181
85 0 .01945
86 0 .02081
87 0 .02235
88 0 .02392
89 0 .02551
90 0 .02714
91 0 .02879
92 0 .03045
93 0 .03215
94 0 .03387
95 0 .03563
96 0 .03743
97 0 .03867
98 0 .03992
99 0 .04119
100 0 1
