*asmp for black males in year 1957; cols are type group gend marst
death 1 M single
1 0 .00594
2 0 .00052
3 0 .00043
4 0 .00034
5 0 .00024
6 0 .00015
7 0 .00015
8 0 .00014
9 0 .00013
10 0 .00012
11 0 .00012
12 0 .00013
13 0 .00014
14 0 .00016
15 0 .00017
16 0 .00019
17 0 .0002
18 0 .00022
19 0 .00023
20 0 .00025
21 0 .00027
22 0 .00027
23 0 .00027
24 0 .00027
25 0 .00028
26 0 .00028
27 0 .00029
28 0 .00029
29 0 .0003
30 0 .00031
31 0 .00031
32 0 .00033
33 0 .00035
34 0 .00036
35 0 .00038
36 0 .00039
37 0 .00042
38 0 .00044
39 0 .00047
40 0 .0005
41 0 .00052
42 0 .00056
43 0 .00061
44 0 .00065
45 0 .00069
46 0 .00073
47 0 .0008
48 0 .00086
49 0 .00093
50 0 .001
51 0 .00106
52 0 .00116
53 0 .00127
54 0 .00137
55 0 .00147
56 0 .00157
57 0 .00173
58 0 .00189
59 0 .00205
60 0 .00221
61 0 .00237
62 0 .00261
63 0 .00286
64 0 .0031
65 0 .00334
66 0 .00358
67 0 .00397
68 0 .00436
69 0 .00475
70 0 .00514
71 0 .00554
72 0 .00616
73 0 .00678
74 0 .00741
75 0 .00804
76 0 .00868
77 0 .00963
78 0 .01059
79 0 .01156
80 0 .01255
81 0 .01354
82 0 .01495
83 0 .01637
84 0 .01782
85 0 .0193
86 0 .02079
87 0 .02258
88 0 .02441
89 0 .02628
90 0 .02818
91 0 .03013
92 0 .03209
93 0 .0341
94 0 .03616
95 0 .03827
96 0 .04042
97 0 .04143
98 0 .04246
99 0 .04349
100 0 1
*asmp for black females in year 1957; cols are type group gend marst
death 1 F single
1 0 .00467
2 0 .00046
3 0 .00038
4 0 .00029
5 0 .00021
6 0 .00013
7 0 .00012
8 0 .00012
9 0 .00011
10 0 .00011
11 0 .0001
12 0 .00011
13 0 .00012
14 0 .00013
15 0 .00014
16 0 .00015
17 0 .00016
18 0 .00017
19 0 .00018
20 0 .0002
21 0 .00021
22 0 .00021
23 0 .00022
24 0 .00023
25 0 .00023
26 0 .00024
27 0 .00025
28 0 .00025
29 0 .00026
30 0 .00027
31 0 .00028
32 0 .00029
33 0 .0003
34 0 .00031
35 0 .00032
36 0 .00033
37 0 .00035
38 0 .00036
39 0 .00038
40 0 .0004
41 0 .00041
42 0 .00044
43 0 .00046
44 0 .00049
45 0 .00052
46 0 .00054
47 0 .00059
48 0 .00063
49 0 .00068
50 0 .00072
51 0 .00077
52 0 .00083
53 0 .0009
54 0 .00097
55 0 .00104
56 0 .0011
57 0 .00122
58 0 .00134
59 0 .00147
60 0 .00159
61 0 .00171
62 0 .00191
63 0 .0021
64 0 .0023
65 0 .0025
66 0 .0027
67 0 .00305
68 0 .00339
69 0 .00374
70 0 .00409
71 0 .00445
72 0 .00501
73 0 .00557
74 0 .00614
75 0 .00671
76 0 .00729
77 0 .0082
78 0 .00911
79 0 .01003
80 0 .01096
81 0 .01191
82 0 .01318
83 0 .01448
84 0 .01579
85 0 .01713
86 0 .01848
87 0 .02009
88 0 .02173
89 0 .0234
90 0 .0251
91 0 .02683
92 0 .02865
93 0 .03051
94 0 .0324
95 0 .03434
96 0 .03632
97 0 .03778
98 0 .03927
99 0 .04078
100 0 1
