*asmp for black males in year 1965; cols are type group gend marst
death 1 M single
1 0 .00511
2 0 .0004
3 0 .00033
4 0 .00027
5 0 .0002
6 0 .00013
7 0 .00012
8 0 .00012
9 0 .00011
10 0 .0001
11 0 .0001
12 0 .00011
13 0 .00012
14 0 .00014
15 0 .00015
16 0 .00016
17 0 .00018
18 0 .00019
19 0 .0002
20 0 .00022
21 0 .00023
22 0 .00023
23 0 .00023
24 0 .00024
25 0 .00024
26 0 .00024
27 0 .00024
28 0 .00025
29 0 .00026
30 0 .00026
31 0 .00027
32 0 .00028
33 0 .0003
34 0 .00031
35 0 .00032
36 0 .00034
37 0 .00036
38 0 .00039
39 0 .00041
40 0 .00044
41 0 .00046
42 0 .0005
43 0 .00054
44 0 .00058
45 0 .00062
46 0 .00066
47 0 .00072
48 0 .00079
49 0 .00085
50 0 .00091
51 0 .00098
52 0 .00108
53 0 .00118
54 0 .00128
55 0 .00138
56 0 .00148
57 0 .00163
58 0 .00179
59 0 .00194
60 0 .0021
61 0 .00225
62 0 .00249
63 0 .00272
64 0 .00296
65 0 .0032
66 0 .00343
67 0 .00381
68 0 .00419
69 0 .00458
70 0 .00496
71 0 .00535
72 0 .00595
73 0 .00656
74 0 .00718
75 0 .0078
76 0 .00842
77 0 .00937
78 0 .01032
79 0 .01129
80 0 .01226
81 0 .01325
82 0 .01465
83 0 .01607
84 0 .01752
85 0 .01899
86 0 .02049
87 0 .02229
88 0 .02412
89 0 .026
90 0 .02791
91 0 .02987
92 0 .03186
93 0 .03389
94 0 .03598
95 0 .03811
96 0 .0403
97 0 .04134
98 0 .04239
99 0 .04345
100 0 1
*asmp for black females in year 1965; cols are type group gend marst
death 1 F single
1 0 .00364
2 0 .0003
3 0 .00025
4 0 .00019
5 0 .00014
6 0 .00009
7 0 .00009
8 0 .00008
9 0 .00008
10 0 .00007
11 0 .00007
12 0 .00008
13 0 .00009
14 0 .0001
15 0 .0001
16 0 .00011
17 0 .00012
18 0 .00013
19 0 .00014
20 0 .00015
21 0 .00015
22 0 .00016
23 0 .00017
24 0 .00017
25 0 .00018
26 0 .00018
27 0 .00019
28 0 .00019
29 0 .0002
30 0 .00021
31 0 .00021
32 0 .00022
33 0 .00023
34 0 .00024
35 0 .00025
36 0 .00026
37 0 .00028
38 0 .00029
39 0 .00031
40 0 .00032
41 0 .00034
42 0 .00036
43 0 .00039
44 0 .00042
45 0 .00044
46 0 .00047
47 0 .00051
48 0 .00055
49 0 .00059
50 0 .00063
51 0 .00067
52 0 .00073
53 0 .0008
54 0 .00086
55 0 .00092
56 0 .00099
57 0 .0011
58 0 .00121
59 0 .00132
60 0 .00143
61 0 .00154
62 0 .00173
63 0 .00192
64 0 .00211
65 0 .0023
66 0 .00249
67 0 .00282
68 0 .00316
69 0 .00349
70 0 .00383
71 0 .00417
72 0 .00471
73 0 .00527
74 0 .00582
75 0 .00638
76 0 .00694
77 0 .00783
78 0 .00874
79 0 .00965
80 0 .01058
81 0 .01151
82 0 .01279
83 0 .0141
84 0 .01542
85 0 .01676
86 0 .01812
87 0 .01975
88 0 .02141
89 0 .02311
90 0 .02483
91 0 .02659
92 0 .02845
93 0 .03034
94 0 .03228
95 0 .03426
96 0 .03628
97 0 .03778
98 0 .0393
99 0 .04086
100 0 1
