*asmp for black males in year 1973; cols are type group gend marst
death 1 M single
1 0 .00552
2 0 .00046
3 0 .00038
4 0 .0003
5 0 .00022
6 0 .00014
7 0 .00013
8 0 .00013
9 0 .00012
10 0 .00011
11 0 .00011
12 0 .00012
13 0 .00013
14 0 .00015
15 0 .00016
16 0 .00017
17 0 .00019
18 0 .0002
19 0 .00022
20 0 .00023
21 0 .00025
22 0 .00025
23 0 .00025
24 0 .00025
25 0 .00026
26 0 .00026
27 0 .00027
28 0 .00027
29 0 .00028
30 0 .00028
31 0 .00029
32 0 .00031
33 0 .00032
34 0 .00034
35 0 .00035
36 0 .00036
37 0 .00039
38 0 .00042
39 0 .00044
40 0 .00047
41 0 .00049
42 0 .00053
43 0 .00057
44 0 .00061
45 0 .00065
46 0 .00069
47 0 .00076
48 0 .00082
49 0 .00089
50 0 .00095
51 0 .00102
52 0 .00112
53 0 .00122
54 0 .00132
55 0 .00142
56 0 .00153
57 0 .00168
58 0 .00184
59 0 .002
60 0 .00216
61 0 .00231
62 0 .00255
63 0 .00279
64 0 .00303
65 0 .00327
66 0 .00351
67 0 .00389
68 0 .00428
69 0 .00467
70 0 .00505
71 0 .00545
72 0 .00606
73 0 .00667
74 0 .0073
75 0 .00792
76 0 .00855
77 0 .0095
78 0 .01046
79 0 .01143
80 0 .01241
81 0 .0134
82 0 .0148
83 0 .01623
84 0 .01768
85 0 .01915
86 0 .02065
87 0 .02244
88 0 .02427
89 0 .02614
90 0 .02805
91 0 .03
92 0 .03198
93 0 .034
94 0 .03607
95 0 .03819
96 0 .04036
97 0 .04139
98 0 .04242
99 0 .04347
100 0 1
*asmp for black females in year 1973; cols are type group gend marst
death 1 F single
1 0 .00265
2 0 .00017
3 0 .00014
4 0 .00011
5 0 .00009
6 0 .00006
7 0 .00006
8 0 .00005
9 0 .00005
10 0 .00005
11 0 .00005
12 0 .00005
13 0 .00006
14 0 .00006
15 0 .00007
16 0 .00008
17 0 .00008
18 0 .00009
19 0 .00009
20 0 .0001
21 0 .00011
22 0 .00011
23 0 .00011
24 0 .00012
25 0 .00012
26 0 .00013
27 0 .00013
28 0 .00014
29 0 .00014
30 0 .00015
31 0 .00015
32 0 .00016
33 0 .00017
34 0 .00018
35 0 .00019
36 0 .0002
37 0 .00021
38 0 .00022
39 0 .00024
40 0 .00025
41 0 .00027
42 0 .00029
43 0 .00031
44 0 .00034
45 0 .00036
46 0 .00039
47 0 .00043
48 0 .00046
49 0 .0005
50 0 .00054
51 0 .00057
52 0 .00063
53 0 .00069
54 0 .00075
55 0 .0008
56 0 .00086
57 0 .00096
58 0 .00106
59 0 .00116
60 0 .00126
61 0 .00137
62 0 .00155
63 0 .00173
64 0 .00191
65 0 .00209
66 0 .00227
67 0 .00258
68 0 .0029
69 0 .00322
70 0 .00354
71 0 .00386
72 0 .00439
73 0 .00492
74 0 .00546
75 0 .006
76 0 .00654
77 0 .00743
78 0 .00832
79 0 .00923
80 0 .01014
81 0 .01107
82 0 .01236
83 0 .01367
84 0 .015
85 0 .01635
86 0 .01772
87 0 .01938
88 0 .02107
89 0 .02279
90 0 .02455
91 0 .02634
92 0 .02824
93 0 .03018
94 0 .03216
95 0 .03419
96 0 .03627
97 0 .03781
98 0 .03938
99 0 .04097
100 0 1
