*asmp for black males in year 1902; cols are type group gend marst
death 1 M single
1 0 .01566
2 0 .00208
3 0 .00167
4 0 .00126
5 0 .00085
6 0 .00045
7 0 .00042
8 0 .0004
9 0 .00037
10 0 .00035
11 0 .00032
12 0 .00035
13 0 .00038
14 0 .0004
15 0 .00043
16 0 .00046
17 0 .00049
18 0 .00053
19 0 .00057
20 0 .00061
21 0 .00065
22 0 .00066
23 0 .00068
24 0 .00069
25 0 .0007
26 0 .00072
27 0 .00074
28 0 .00076
29 0 .00078
30 0 .0008
31 0 .00082
32 0 .00086
33 0 .00089
34 0 .00092
35 0 .00095
36 0 .00098
37 0 .00103
38 0 .00108
39 0 .00112
40 0 .00117
41 0 .00122
42 0 .00127
43 0 .00132
44 0 .00137
45 0 .00142
46 0 .00148
47 0 .00157
48 0 .00167
49 0 .00176
50 0 .00186
51 0 .00195
52 0 .00207
53 0 .00219
54 0 .00231
55 0 .00243
56 0 .00255
57 0 .00277
58 0 .00298
59 0 .00319
60 0 .00341
61 0 .00362
62 0 .00392
63 0 .00421
64 0 .00451
65 0 .00481
66 0 .00511
67 0 .00557
68 0 .00604
69 0 .00651
70 0 .00698
71 0 .00746
72 0 .00821
73 0 .00896
74 0 .00972
75 0 .01048
76 0 .01126
77 0 .0123
78 0 .01336
79 0 .01443
80 0 .01551
81 0 .01661
82 0 .01807
83 0 .01955
84 0 .02106
85 0 .0226
86 0 .02416
87 0 .02591
88 0 .02769
89 0 .02951
90 0 .03137
91 0 .03327
92 0 .03499
93 0 .03675
94 0 .03854
95 0 .04038
96 0 .04225
97 0 .04291
98 0 .04359
99 0 .04427
100 0 1
*asmp for black females in year 1902; cols are type group gend marst
death 1 F single
1 0 .01432
2 0 .00227
3 0 .00183
4 0 .00138
5 0 .00094
6 0 .0005
7 0 .00048
8 0 .00046
9 0 .00044
10 0 .00041
11 0 .00039
12 0 .00042
13 0 .00045
14 0 .00047
15 0 .0005
16 0 .00053
17 0 .00055
18 0 .00058
19 0 .00061
20 0 .00064
21 0 .00067
22 0 .00068
23 0 .0007
24 0 .00072
25 0 .00073
26 0 .00075
27 0 .00077
28 0 .00079
29 0 .00081
30 0 .00083
31 0 .00085
32 0 .00087
33 0 .00089
34 0 .00091
35 0 .00092
36 0 .00094
37 0 .00096
38 0 .00098
39 0 .001
40 0 .00102
41 0 .00104
42 0 .00107
43 0 .00109
44 0 .00112
45 0 .00115
46 0 .00117
47 0 .00125
48 0 .00133
49 0 .0014
50 0 .00148
51 0 .00155
52 0 .00165
53 0 .00175
54 0 .00185
55 0 .00195
56 0 .00205
57 0 .00225
58 0 .00246
59 0 .00266
60 0 .00286
61 0 .00307
62 0 .00332
63 0 .00358
64 0 .00384
65 0 .0041
66 0 .00436
67 0 .00481
68 0 .00527
69 0 .00574
70 0 .0062
71 0 .00667
72 0 .00735
73 0 .00804
74 0 .00874
75 0 .00944
76 0 .01014
77 0 .01115
78 0 .01217
79 0 .0132
80 0 .01424
81 0 .0153
82 0 .01661
83 0 .01794
84 0 .01929
85 0 .02066
86 0 .02205
87 0 .02359
88 0 .02515
89 0 .02674
90 0 .02836
91 0 .03002
92 0 .03162
93 0 .03325
94 0 .03491
95 0 .03661
96 0 .03834
97 0 .03946
98 0 .04059
99 0 .04174
100 0 1
