*asmp for black males in year 2053; cols are type group gend marst
death 1 M single
1 0 .00057
2 0 .00002
3 0 .00002
4 0 .00001
5 0 .00001
6 0 .00001
7 0 .00001
8 0 .00001
9 0 .00001
10 0 .00001
11 0 .00001
12 0 .00001
13 0 .00001
14 0 .00002
15 0 .00002
16 0 .00002
17 0 .00002
18 0 .00002
19 0 .00002
20 0 .00003
21 0 .00003
22 0 .00003
23 0 .00003
24 0 .00003
25 0 .00003
26 0 .00003
27 0 .00003
28 0 .00003
29 0 .00003
30 0 .00003
31 0 .00003
32 0 .00003
33 0 .00003
34 0 .00004
35 0 .00004
36 0 .00004
37 0 .00004
38 0 .00005
39 0 .00005
40 0 .00006
41 0 .00006
42 0 .00008
43 0 .00009
44 0 .0001
45 0 .00011
46 0 .00012
47 0 .00014
48 0 .00016
49 0 .00018
50 0 .0002
51 0 .00021
52 0 .00025
53 0 .00029
54 0 .00033
55 0 .00036
56 0 .0004
57 0 .00045
58 0 .00051
59 0 .00056
60 0 .00062
61 0 .00067
62 0 .00078
63 0 .00088
64 0 .00098
65 0 .00109
66 0 .00119
67 0 .00137
68 0 .00156
69 0 .00174
70 0 .00192
71 0 .0021
72 0 .00241
73 0 .00272
74 0 .00302
75 0 .00333
76 0 .00364
77 0 .0042
78 0 .00477
79 0 .00534
80 0 .00592
81 0 .0065
82 0 .00745
83 0 .00841
84 0 .00938
85 0 .01036
86 0 .01135
87 0 .01275
88 0 .01418
89 0 .01563
90 0 .0171
91 0 .0186
92 0 .02054
93 0 .02254
94 0 .02457
95 0 .02666
96 0 .0288
97 0 .03095
98 0 .03316
99 0 .03542
100 0 1
*asmp for black females in year 2053; cols are type group gend marst
death 1 F single
1 0 .00055
2 0 .00003
3 0 .00002
4 0 .00002
5 0 .00001
6 0 .00001
7 0 .00001
8 0 .00001
9 0 .00001
10 0 .00001
11 0 .00001
12 0 .00001
13 0 .00001
14 0 .00001
15 0 .00001
16 0 .00001
17 0 .00001
18 0 .00002
19 0 .00002
20 0 .00002
21 0 .00002
22 0 .00002
23 0 .00002
24 0 .00002
25 0 .00002
26 0 .00002
27 0 .00002
28 0 .00003
29 0 .00003
30 0 .00003
31 0 .00003
32 0 .00003
33 0 .00003
34 0 .00003
35 0 .00004
36 0 .00004
37 0 .00004
38 0 .00005
39 0 .00005
40 0 .00005
41 0 .00006
42 0 .00006
43 0 .00007
44 0 .00008
45 0 .00008
46 0 .00009
47 0 .0001
48 0 .00011
49 0 .00012
50 0 .00013
51 0 .00014
52 0 .00015
53 0 .00017
54 0 .00018
55 0 .0002
56 0 .00021
57 0 .00024
58 0 .00027
59 0 .00029
60 0 .00032
61 0 .00034
62 0 .00041
63 0 .00047
64 0 .00053
65 0 .00059
66 0 .00065
67 0 .00076
68 0 .00088
69 0 .001
70 0 .00111
71 0 .00123
72 0 .00145
73 0 .00166
74 0 .00188
75 0 .0021
76 0 .00232
77 0 .00273
78 0 .00314
79 0 .00356
80 0 .00397
81 0 .00439
82 0 .00508
83 0 .00577
84 0 .00646
85 0 .00717
86 0 .00787
87 0 .0089
88 0 .00994
89 0 .01099
90 0 .01205
91 0 .01312
92 0 .01457
93 0 .01604
94 0 .01754
95 0 .01906
96 0 .02061
97 0 .02269
98 0 .02482
99 0 .027
100 0 1
