*asmp for white males in year 1887; cols are type group gend marst
death 1 M single
1 0 .01432
2 0 .00187
3 0 .00151
4 0 .00114
5 0 .00077
6 0 .00041
7 0 .00039
8 0 .00036
9 0 .00034
10 0 .00032
11 0 .0003
12 0 .00032
13 0 .00035
14 0 .00037
15 0 .00039
16 0 .00042
17 0 .00046
18 0 .00049
19 0 .00053
20 0 .00056
21 0 .0006
22 0 .00061
23 0 .00062
24 0 .00064
25 0 .00065
26 0 .00066
27 0 .00068
28 0 .0007
29 0 .00072
30 0 .00074
31 0 .00075
32 0 .00078
33 0 .00081
34 0 .00084
35 0 .00087
36 0 .0009
37 0 .00095
38 0 .00099
39 0 .00103
40 0 .00108
41 0 .00112
42 0 .00117
43 0 .00122
44 0 .00127
45 0 .00132
46 0 .00137
47 0 .00146
48 0 .00155
49 0 .00165
50 0 .00174
51 0 .00183
52 0 .00194
53 0 .00206
54 0 .00218
55 0 .0023
56 0 .00242
57 0 .00262
58 0 .00283
59 0 .00303
60 0 .00324
61 0 .00345
62 0 .00373
63 0 .00402
64 0 .00431
65 0 .0046
66 0 .00489
67 0 .00534
68 0 .0058
69 0 .00626
70 0 .00672
71 0 .00718
72 0 .00791
73 0 .00864
74 0 .00938
75 0 .01013
76 0 .01088
77 0 .0119
78 0 .01294
79 0 .014
80 0 .01506
81 0 .01614
82 0 .01758
83 0 .01906
84 0 .02055
85 0 .02207
86 0 .02362
87 0 .02537
88 0 .02715
89 0 .02897
90 0 .03083
91 0 .03273
92 0 .03449
93 0 .03629
94 0 .03813
95 0 .04
96 0 .04191
97 0 .04264
98 0 .04337
99 0 .04411
100 0 1
*asmp for white females in year 1887; cols are type group gend marst
death 1 F single
1 0 .01258
2 0 .00195
3 0 .00157
4 0 .00119
5 0 .00081
6 0 .00044
7 0 .00042
8 0 .0004
9 0 .00038
10 0 .00036
11 0 .00034
12 0 .00037
13 0 .00039
14 0 .00041
15 0 .00044
16 0 .00046
17 0 .00049
18 0 .00051
19 0 .00054
20 0 .00056
21 0 .00059
22 0 .0006
23 0 .00062
24 0 .00063
25 0 .00065
26 0 .00066
27 0 .00068
28 0 .0007
29 0 .00071
30 0 .00073
31 0 .00075
32 0 .00077
33 0 .00078
34 0 .0008
35 0 .00082
36 0 .00084
37 0 .00085
38 0 .00087
39 0 .00089
40 0 .00091
41 0 .00093
42 0 .00096
43 0 .00098
44 0 .00101
45 0 .00103
46 0 .00106
47 0 .00113
48 0 .0012
49 0 .00127
50 0 .00134
51 0 .00141
52 0 .00151
53 0 .0016
54 0 .00169
55 0 .00179
56 0 .00188
57 0 .00207
58 0 .00225
59 0 .00244
60 0 .00263
61 0 .00282
62 0 .00306
63 0 .00331
64 0 .00355
65 0 .0038
66 0 .00405
67 0 .00448
68 0 .00492
69 0 .00536
70 0 .00581
71 0 .00625
72 0 .00691
73 0 .00757
74 0 .00824
75 0 .00892
76 0 .00959
77 0 .01058
78 0 .01157
79 0 .01257
80 0 .01359
81 0 .01461
82 0 .01591
83 0 .01722
84 0 .01855
85 0 .0199
86 0 .02127
87 0 .02281
88 0 .02438
89 0 .02597
90 0 .02759
91 0 .02925
92 0 .03089
93 0 .03256
94 0 .03426
95 0 .03599
96 0 .03776
97 0 .03896
98 0 .04017
99 0 .04139
100 0 1
