*marriage rate file for white in year 2049, quadruple divorce
marriage_queues 2
marriage_eval preference
marriage_peak_age 24
marriage_agedif_max 240
*marriage rates ~ 60% start marriage search btwn 15 and median age, then prop by 35, then prop by 45
marriage 1 F single
15 0 0.000
30 0 0.00332
45 0 0.01472
100 0 0.0005
marriage 1 M single
16 0 0.000
32 0 0.00266
45 0 0.01005
100 0 0.0005
marriage 1 F widowed
15 0 0.000
100 0 0.00436
marriage 1 M widowed
15 0 0.000
100 0 0.00536
marriage 1 F divorced
15 0 0.000
100 0 0.00436
marriage 1 M divorced
15 0 0.000
100 0 0.00536
divorce 1 F married
1 0 0.00317
2 0 0.00205
3 0 0.00243
4 0 0.0025
5 0 0.00268
6 0 0.00265
7 0 0.00237
8 0 0.00227
9 0 0.00211
10 0 0.00218
11 0 0.00211
12 0 0.00201
13 0 0.0018
14 0 0.00179
15 0 0.00163
16 0 0.00171
17 0 0.00154
18 0 0.00154
19 0 0.00149
20 0 0.00141
21 0 0.00139
22 0 0.00128
23 0 0.00129
24 0 0.00121
25 0 0.00117
26 0 0.00119
27 0 0.00102
28 0 0.00096
29 0 0.00085
30 0 0.00088
31 0 0.00077
32 0 0.00066
33 0 0.00063
34 0 0.00062
35 0 0.00055
36 0 0.00043
37 0 0.0004
38 0 0.00045
39 0 0.00037
40 0 0.00035
41 0 0.00034
42 0 0.00035
43 0 0.0003
44 0 0.00024
45 0 0.00021
46 0 0.0002
47 0 0.00021
48 0 0.00018
49 0 0.00017
50 0 0.00019
51 0 0.00016
52 0 0.00017
53 0 0.00013
54 0 0.00012
55 0 0.00015
56 0 0.00006
57 0 0.00012
58 0 0.00009
59 0 0.00003
60 0 0.00079
100 0 0
divorce 1 M married
1 0 0.00317
2 0 0.00205
3 0 0.00243
4 0 0.0025
5 0 0.00268
6 0 0.00265
7 0 0.00237
8 0 0.00227
9 0 0.00211
10 0 0.00218
11 0 0.00211
12 0 0.00201
13 0 0.0018
14 0 0.00179
15 0 0.00163
16 0 0.00171
17 0 0.00154
18 0 0.00154
19 0 0.00149
20 0 0.00141
21 0 0.00139
22 0 0.00128
23 0 0.00129
24 0 0.00121
25 0 0.00117
26 0 0.00119
27 0 0.00102
28 0 0.00096
29 0 0.00085
30 0 0.00088
31 0 0.00077
32 0 0.00066
33 0 0.00063
34 0 0.00062
35 0 0.00055
36 0 0.00043
37 0 0.0004
38 0 0.00045
39 0 0.00037
40 0 0.00035
41 0 0.00034
42 0 0.00035
43 0 0.0003
44 0 0.00024
45 0 0.00021
46 0 0.0002
47 0 0.00021
48 0 0.00018
49 0 0.00017
50 0 0.00019
51 0 0.00016
52 0 0.00017
53 0 0.00013
54 0 0.00012
55 0 0.00015
56 0 0.00006
57 0 0.00012
58 0 0.00009
59 0 0.00003
60 0 0.00079
100 0 0
