*marriage rate file for black in year 1923
marriage_queues 2
marriage_eval preference
marriage_peak_age 36
marriage_agedif_max 240
*marriage rates ~ 60% start marriage search btwn 15 and median age, then prop by 35, then prop by 45
marriage 1 F single
15 0 0.000
21 0 0.00958
45 0 0.01269
100 0 0.0005
marriage 1 M single
16 0 0.000
24 0 0.00621
45 0 0.0105
100 0 0.0005
marriage 1 F widowed
15 0 0.000
100 0 0.00249
marriage 1 M widowed
15 0 0.000
100 0 0.00381
marriage 1 F divorced
15 0 0.000
100 0 0.00249
marriage 1 M divorced
15 0 0.000
100 0 0.00381
divorce 1 F married
1 0 0.00051
2 0 0.00032
3 0 0.00034
4 0 0.00043
5 0 0.00048
6 0 0.00047
7 0 0.00048
8 0 0.00057
9 0 0.00049
10 0 0.00044
11 0 0.00042
12 0 0.0004
13 0 0.00039
14 0 0.00039
15 0 0.00033
16 0 0.00034
17 0 0.00027
18 0 0.00034
19 0 0.00037
20 0 0.00033
21 0 0.00037
22 0 0.00035
23 0 0.00029
24 0 0.00024
25 0 0.00028
26 0 0.00028
27 0 0.00029
28 0 0.00026
29 0 0.00025
30 0 0.00022
31 0 0.00021
32 0 0.00024
33 0 0.0002
34 0 0.00019
35 0 0.00016
36 0 0.00022
37 0 0.00021
38 0 0.00012
39 0 0.00019
40 0 0.00017
41 0 0.00014
42 0 0.00015
43 0 0.00011
44 0 0.00013
45 0 0.0001
46 0 0.00013
47 0 0.00013
48 0 0.00012
49 0 0.00013
50 0 0.00021
51 0 0.00008
52 0 0.0001
53 0 0.00009
54 0 0.00005
55 0 0.00004
56 0 0.0001
57 0 0.00009
58 0 0.00006
59 0 0.00011
60 0 0.00034
100 0 0
divorce 1 M married
1 0 0.00051
2 0 0.00032
3 0 0.00034
4 0 0.00043
5 0 0.00048
6 0 0.00047
7 0 0.00048
8 0 0.00057
9 0 0.00049
10 0 0.00044
11 0 0.00042
12 0 0.0004
13 0 0.00039
14 0 0.00039
15 0 0.00033
16 0 0.00034
17 0 0.00027
18 0 0.00034
19 0 0.00037
20 0 0.00033
21 0 0.00037
22 0 0.00035
23 0 0.00029
24 0 0.00024
25 0 0.00028
26 0 0.00028
27 0 0.00029
28 0 0.00026
29 0 0.00025
30 0 0.00022
31 0 0.00021
32 0 0.00024
33 0 0.0002
34 0 0.00019
35 0 0.00016
36 0 0.00022
37 0 0.00021
38 0 0.00012
39 0 0.00019
40 0 0.00017
41 0 0.00014
42 0 0.00015
43 0 0.00011
44 0 0.00013
45 0 0.0001
46 0 0.00013
47 0 0.00013
48 0 0.00012
49 0 0.00013
50 0 0.00021
51 0 0.00008
52 0 0.0001
53 0 0.00009
54 0 0.00005
55 0 0.00004
56 0 0.0001
57 0 0.00009
58 0 0.00006
59 0 0.00011
60 0 0.00034
100 0 0
