*marriage rate file for white in year 1976, constant divorce
marriage_queues 2
marriage_eval preference
marriage_peak_age 24
marriage_agedif_max 240
*marriage rates ~ 60% start marriage search btwn 15 and median age, then prop by 35, then prop by 45
marriage 1 F single
15 0 0.000
23 0 0.00828
45 0 0.01179
100 0 0.0005
marriage 1 M single
16 0 0.000
25 0 0.0064
45 0 0.01209
100 0 0.0005
marriage 1 F widowed
15 0 0.000
100 0 0.00436
marriage 1 M widowed
15 0 0.000
100 0 0.00536
marriage 1 F divorced
15 0 0.000
100 0 0.00436
marriage 1 M divorced
15 0 0.000
100 0 0.00536
divorce 1 F married
1 0 0.00156
2 0 0.00101
3 0 0.0012
4 0 0.00123
5 0 0.00132
6 0 0.00131
7 0 0.00117
8 0 0.00112
9 0 0.00104
10 0 0.00108
11 0 0.00104
12 0 0.00099
13 0 0.00089
14 0 0.00088
15 0 0.0008
16 0 0.00084
17 0 0.00076
18 0 0.00076
19 0 0.00074
20 0 0.0007
21 0 0.00069
22 0 0.00063
23 0 0.00064
24 0 0.0006
25 0 0.00058
26 0 0.00059
27 0 0.00051
28 0 0.00048
29 0 0.00042
30 0 0.00044
31 0 0.00038
32 0 0.00033
33 0 0.00031
34 0 0.00031
35 0 0.00027
36 0 0.00021
37 0 0.0002
38 0 0.00022
39 0 0.00018
40 0 0.00017
41 0 0.00017
42 0 0.00017
43 0 0.00015
44 0 0.00012
45 0 0.00011
46 0 0.0001
47 0 0.0001
48 0 0.00009
49 0 0.00008
50 0 0.0001
51 0 0.00008
52 0 0.00008
53 0 0.00006
54 0 0.00006
55 0 0.00007
56 0 0.00003
57 0 0.00006
58 0 0.00005
59 0 0.00001
60 0 0.00039
100 0 0
divorce 1 M married
1 0 0.00156
2 0 0.00101
3 0 0.0012
4 0 0.00123
5 0 0.00132
6 0 0.00131
7 0 0.00117
8 0 0.00112
9 0 0.00104
10 0 0.00108
11 0 0.00104
12 0 0.00099
13 0 0.00089
14 0 0.00088
15 0 0.0008
16 0 0.00084
17 0 0.00076
18 0 0.00076
19 0 0.00074
20 0 0.0007
21 0 0.00069
22 0 0.00063
23 0 0.00064
24 0 0.0006
25 0 0.00058
26 0 0.00059
27 0 0.00051
28 0 0.00048
29 0 0.00042
30 0 0.00044
31 0 0.00038
32 0 0.00033
33 0 0.00031
34 0 0.00031
35 0 0.00027
36 0 0.00021
37 0 0.0002
38 0 0.00022
39 0 0.00018
40 0 0.00017
41 0 0.00017
42 0 0.00017
43 0 0.00015
44 0 0.00012
45 0 0.00011
46 0 0.0001
47 0 0.0001
48 0 0.00009
49 0 0.00008
50 0 0.0001
51 0 0.00008
52 0 0.00008
53 0 0.00006
54 0 0.00006
55 0 0.00007
56 0 0.00003
57 0 0.00006
58 0 0.00005
59 0 0.00001
60 0 0.00039
100 0 0
