*marriage rate file for black in year 1976, quadruple divorce
marriage_queues 2
marriage_eval preference
marriage_peak_age 12
marriage_agedif_max 240
*marriage rates ~ 60% start marriage search btwn 15 and median age, then prop by 35, then prop by 45
marriage 1 F single
15 0 0.000
24 0 0.0064
45 0 0.01126
100 0 0.0005
marriage 1 M single
16 0 0.000
25 0 0.00552
45 0 0.01047
100 0 0.0005
marriage 1 F widowed
15 0 0.000
100 0 0.00249
marriage 1 M widowed
15 0 0.000
100 0 0.00381
marriage 1 F divorced
15 0 0.000
100 0 0.00249
marriage 1 M divorced
15 0 0.000
100 0 0.00381
divorce 1 F married
1 0 0.00171
2 0 0.00105
3 0 0.00112
4 0 0.00143
5 0 0.0016
6 0 0.00157
7 0 0.0016
8 0 0.00189
9 0 0.00163
10 0 0.00145
11 0 0.00138
12 0 0.00134
13 0 0.00129
14 0 0.00129
15 0 0.00109
16 0 0.00111
17 0 0.00089
18 0 0.00113
19 0 0.00122
20 0 0.00109
21 0 0.00124
22 0 0.00117
23 0 0.00096
24 0 0.0008
25 0 0.00093
26 0 0.00092
27 0 0.00096
28 0 0.00086
29 0 0.00081
30 0 0.00074
31 0 0.0007
32 0 0.0008
33 0 0.00065
34 0 0.00063
35 0 0.00052
36 0 0.00072
37 0 0.0007
38 0 0.00041
39 0 0.00065
40 0 0.00056
41 0 0.00048
42 0 0.00051
43 0 0.00037
44 0 0.00042
45 0 0.00032
46 0 0.00043
47 0 0.00044
48 0 0.00039
49 0 0.00045
50 0 0.00068
51 0 0.00028
52 0 0.00034
53 0 0.0003
54 0 0.00018
55 0 0.00013
56 0 0.00032
57 0 0.0003
58 0 0.00019
59 0 0.00036
60 0 0.00112
100 0 0
divorce 1 M married
1 0 0.00171
2 0 0.00105
3 0 0.00112
4 0 0.00143
5 0 0.0016
6 0 0.00157
7 0 0.0016
8 0 0.00189
9 0 0.00163
10 0 0.00145
11 0 0.00138
12 0 0.00134
13 0 0.00129
14 0 0.00129
15 0 0.00109
16 0 0.00111
17 0 0.00089
18 0 0.00113
19 0 0.00122
20 0 0.00109
21 0 0.00124
22 0 0.00117
23 0 0.00096
24 0 0.0008
25 0 0.00093
26 0 0.00092
27 0 0.00096
28 0 0.00086
29 0 0.00081
30 0 0.00074
31 0 0.0007
32 0 0.0008
33 0 0.00065
34 0 0.00063
35 0 0.00052
36 0 0.00072
37 0 0.0007
38 0 0.00041
39 0 0.00065
40 0 0.00056
41 0 0.00048
42 0 0.00051
43 0 0.00037
44 0 0.00042
45 0 0.00032
46 0 0.00043
47 0 0.00044
48 0 0.00039
49 0 0.00045
50 0 0.00068
51 0 0.00028
52 0 0.00034
53 0 0.0003
54 0 0.00018
55 0 0.00013
56 0 0.00032
57 0 0.0003
58 0 0.00019
59 0 0.00036
60 0 0.00112
100 0 0
