*marriage rate file for white in year 2050
marriage_queues 2
marriage_eval preference
marriage_peak_age 24
marriage_agedif_max 240
*marriage rates ~ 60% start marriage search btwn 15 and median age, then prop by 35, then prop by 45
marriage 1 F single
15 0 0.000
30 0 0.00332
45 0 0.01465
100 0 0.0005
marriage 1 M single
16 0 0.000
32 0 0.00266
45 0 0.00995
100 0 0.0005
marriage 1 F widowed
15 0 0.000
100 0 0.00436
marriage 1 M widowed
15 0 0.000
100 0 0.00536
marriage 1 F divorced
15 0 0.000
100 0 0.00436
marriage 1 M divorced
15 0 0.000
100 0 0.00536
divorce 1 F married
1 0 0.00083
2 0 0.00054
3 0 0.00064
4 0 0.00066
5 0 0.0007
6 0 0.0007
7 0 0.00062
8 0 0.0006
9 0 0.00055
10 0 0.00057
11 0 0.00056
12 0 0.00053
13 0 0.00048
14 0 0.00047
15 0 0.00043
16 0 0.00045
17 0 0.00041
18 0 0.00041
19 0 0.00039
20 0 0.00037
21 0 0.00037
22 0 0.00034
23 0 0.00034
24 0 0.00032
25 0 0.00031
26 0 0.00031
27 0 0.00027
28 0 0.00025
29 0 0.00023
30 0 0.00023
31 0 0.0002
32 0 0.00018
33 0 0.00017
34 0 0.00016
35 0 0.00015
36 0 0.00011
37 0 0.00011
38 0 0.00012
39 0 0.0001
40 0 0.00009
41 0 0.00009
42 0 0.00009
43 0 0.00008
44 0 0.00006
45 0 0.00006
46 0 0.00005
47 0 0.00006
48 0 0.00005
49 0 0.00004
50 0 0.00005
51 0 0.00004
52 0 0.00005
53 0 0.00003
54 0 0.00003
55 0 0.00004
56 0 0.00001
57 0 0.00003
58 0 0.00002
59 0 0.00001
60 0 0.00021
100 0 0
divorce 1 M married
1 0 0.00083
2 0 0.00054
3 0 0.00064
4 0 0.00066
5 0 0.0007
6 0 0.0007
7 0 0.00062
8 0 0.0006
9 0 0.00055
10 0 0.00057
11 0 0.00056
12 0 0.00053
13 0 0.00048
14 0 0.00047
15 0 0.00043
16 0 0.00045
17 0 0.00041
18 0 0.00041
19 0 0.00039
20 0 0.00037
21 0 0.00037
22 0 0.00034
23 0 0.00034
24 0 0.00032
25 0 0.00031
26 0 0.00031
27 0 0.00027
28 0 0.00025
29 0 0.00023
30 0 0.00023
31 0 0.0002
32 0 0.00018
33 0 0.00017
34 0 0.00016
35 0 0.00015
36 0 0.00011
37 0 0.00011
38 0 0.00012
39 0 0.0001
40 0 0.00009
41 0 0.00009
42 0 0.00009
43 0 0.00008
44 0 0.00006
45 0 0.00006
46 0 0.00005
47 0 0.00006
48 0 0.00005
49 0 0.00004
50 0 0.00005
51 0 0.00004
52 0 0.00005
53 0 0.00003
54 0 0.00003
55 0 0.00004
56 0 0.00001
57 0 0.00003
58 0 0.00002
59 0 0.00001
60 0 0.00021
100 0 0
