*marriage rate file for black in year 2042
marriage_queues 2
marriage_eval preference
marriage_peak_age 10
marriage_agedif_max 240
*marriage rates ~ 60% start marriage search btwn 15 and median age, then prop by 35, then prop by 45
marriage 1 F single
15 0 0.000
33 0 0.00199
45 0 0.00648
100 0 0.0005
marriage 1 M single
16 0 0.000
34 0 0.00165
45 0 0.00648
100 0 0.0005
marriage 1 F widowed
15 0 0.000
100 0 0.00249
marriage 1 M widowed
15 0 0.000
100 0 0.00381
marriage 1 F divorced
15 0 0.000
100 0 0.00249
marriage 1 M divorced
15 0 0.000
100 0 0.00381
divorce 1 F married
1 0 0.00095
2 0 0.00059
3 0 0.00062
4 0 0.0008
5 0 0.00089
6 0 0.00087
7 0 0.00089
8 0 0.00105
9 0 0.00091
10 0 0.00081
11 0 0.00077
12 0 0.00075
13 0 0.00072
14 0 0.00072
15 0 0.00061
16 0 0.00062
17 0 0.0005
18 0 0.00063
19 0 0.00068
20 0 0.00061
21 0 0.00069
22 0 0.00065
23 0 0.00054
24 0 0.00045
25 0 0.00052
26 0 0.00051
27 0 0.00054
28 0 0.00048
29 0 0.00045
30 0 0.00041
31 0 0.00039
32 0 0.00045
33 0 0.00036
34 0 0.00035
35 0 0.00029
36 0 0.0004
37 0 0.00039
38 0 0.00023
39 0 0.00036
40 0 0.00031
41 0 0.00027
42 0 0.00028
43 0 0.0002
44 0 0.00023
45 0 0.00018
46 0 0.00024
47 0 0.00024
48 0 0.00022
49 0 0.00025
50 0 0.00038
51 0 0.00016
52 0 0.00019
53 0 0.00017
54 0 0.0001
55 0 0.00007
56 0 0.00018
57 0 0.00017
58 0 0.00011
59 0 0.0002
60 0 0.00062
100 0 0
divorce 1 M married
1 0 0.00095
2 0 0.00059
3 0 0.00062
4 0 0.0008
5 0 0.00089
6 0 0.00087
7 0 0.00089
8 0 0.00105
9 0 0.00091
10 0 0.00081
11 0 0.00077
12 0 0.00075
13 0 0.00072
14 0 0.00072
15 0 0.00061
16 0 0.00062
17 0 0.0005
18 0 0.00063
19 0 0.00068
20 0 0.00061
21 0 0.00069
22 0 0.00065
23 0 0.00054
24 0 0.00045
25 0 0.00052
26 0 0.00051
27 0 0.00054
28 0 0.00048
29 0 0.00045
30 0 0.00041
31 0 0.00039
32 0 0.00045
33 0 0.00036
34 0 0.00035
35 0 0.00029
36 0 0.0004
37 0 0.00039
38 0 0.00023
39 0 0.00036
40 0 0.00031
41 0 0.00027
42 0 0.00028
43 0 0.0002
44 0 0.00023
45 0 0.00018
46 0 0.00024
47 0 0.00024
48 0 0.00022
49 0 0.00025
50 0 0.00038
51 0 0.00016
52 0 0.00019
53 0 0.00017
54 0 0.0001
55 0 0.00007
56 0 0.00018
57 0 0.00017
58 0 0.00011
59 0 0.0002
60 0 0.00062
100 0 0
