*marriage rate file for black in year 1939
marriage_queues 2
marriage_eval preference
marriage_peak_age 25
marriage_agedif_max 240
*marriage rates ~ 60% start marriage search btwn 15 and median age, then prop by 35, then prop by 45
marriage 1 F single
15 0 0.000
22 0 0.00822
45 0 0.0119
100 0 0.0005
marriage 1 M single
16 0 0.000
24 0 0.00621
45 0 0.0096
100 0 0.0005
marriage 1 F widowed
15 0 0.000
100 0 0.00249
marriage 1 M widowed
15 0 0.000
100 0 0.00381
marriage 1 F divorced
15 0 0.000
100 0 0.00249
marriage 1 M divorced
15 0 0.000
100 0 0.00381
divorce 1 F married
1 0 0.00065
2 0 0.0004
3 0 0.00043
4 0 0.00055
5 0 0.00061
6 0 0.0006
7 0 0.00061
8 0 0.00072
9 0 0.00062
10 0 0.00055
11 0 0.00053
12 0 0.00051
13 0 0.00049
14 0 0.00049
15 0 0.00042
16 0 0.00042
17 0 0.00034
18 0 0.00043
19 0 0.00047
20 0 0.00041
21 0 0.00047
22 0 0.00045
23 0 0.00037
24 0 0.00031
25 0 0.00036
26 0 0.00035
27 0 0.00037
28 0 0.00033
29 0 0.00031
30 0 0.00028
31 0 0.00027
32 0 0.0003
33 0 0.00025
34 0 0.00024
35 0 0.0002
36 0 0.00027
37 0 0.00027
38 0 0.00016
39 0 0.00025
40 0 0.00021
41 0 0.00018
42 0 0.00019
43 0 0.00014
44 0 0.00016
45 0 0.00012
46 0 0.00016
47 0 0.00017
48 0 0.00015
49 0 0.00017
50 0 0.00026
51 0 0.00011
52 0 0.00013
53 0 0.00011
54 0 0.00007
55 0 0.00005
56 0 0.00012
57 0 0.00012
58 0 0.00007
59 0 0.00014
60 0 0.00043
100 0 0
divorce 1 M married
1 0 0.00065
2 0 0.0004
3 0 0.00043
4 0 0.00055
5 0 0.00061
6 0 0.0006
7 0 0.00061
8 0 0.00072
9 0 0.00062
10 0 0.00055
11 0 0.00053
12 0 0.00051
13 0 0.00049
14 0 0.00049
15 0 0.00042
16 0 0.00042
17 0 0.00034
18 0 0.00043
19 0 0.00047
20 0 0.00041
21 0 0.00047
22 0 0.00045
23 0 0.00037
24 0 0.00031
25 0 0.00036
26 0 0.00035
27 0 0.00037
28 0 0.00033
29 0 0.00031
30 0 0.00028
31 0 0.00027
32 0 0.0003
33 0 0.00025
34 0 0.00024
35 0 0.0002
36 0 0.00027
37 0 0.00027
38 0 0.00016
39 0 0.00025
40 0 0.00021
41 0 0.00018
42 0 0.00019
43 0 0.00014
44 0 0.00016
45 0 0.00012
46 0 0.00016
47 0 0.00017
48 0 0.00015
49 0 0.00017
50 0 0.00026
51 0 0.00011
52 0 0.00013
53 0 0.00011
54 0 0.00007
55 0 0.00005
56 0 0.00012
57 0 0.00012
58 0 0.00007
59 0 0.00014
60 0 0.00043
100 0 0
