*marriage rate file for white in year 1940, constant divorce
marriage_queues 2
marriage_eval preference
marriage_peak_age 24
marriage_agedif_max 240
*marriage rates ~ 60% start marriage search btwn 15 and median age, then prop by 35, then prop by 45
marriage 1 F single
15 0 0.000
23 0 0.00828
45 0 0.00998
100 0 0.0005
marriage 1 M single
16 0 0.000
25 0 0.0064
45 0 0.00915
100 0 0.0005
marriage 1 F widowed
15 0 0.000
100 0 0.00436
marriage 1 M widowed
15 0 0.000
100 0 0.00536
marriage 1 F divorced
15 0 0.000
100 0 0.00436
marriage 1 M divorced
15 0 0.000
100 0 0.00536
divorce 1 F married
1 0 0.00063
2 0 0.00041
3 0 0.00048
4 0 0.0005
5 0 0.00053
6 0 0.00052
7 0 0.00047
8 0 0.00045
9 0 0.00042
10 0 0.00043
11 0 0.00042
12 0 0.0004
13 0 0.00036
14 0 0.00036
15 0 0.00032
16 0 0.00034
17 0 0.00031
18 0 0.00031
19 0 0.0003
20 0 0.00028
21 0 0.00028
22 0 0.00025
23 0 0.00026
24 0 0.00024
25 0 0.00023
26 0 0.00024
27 0 0.0002
28 0 0.00019
29 0 0.00017
30 0 0.00018
31 0 0.00015
32 0 0.00013
33 0 0.00012
34 0 0.00012
35 0 0.00011
36 0 0.00009
37 0 0.00008
38 0 0.00009
39 0 0.00007
40 0 0.00007
41 0 0.00007
42 0 0.00007
43 0 0.00006
44 0 0.00005
45 0 0.00004
46 0 0.00004
47 0 0.00004
48 0 0.00004
49 0 0.00003
50 0 0.00004
51 0 0.00003
52 0 0.00003
53 0 0.00003
54 0 0.00002
55 0 0.00003
56 0 0.00001
57 0 0.00002
58 0 0.00002
59 0 0.00001
60 0 0.00016
100 0 0
divorce 1 M married
1 0 0.00063
2 0 0.00041
3 0 0.00048
4 0 0.0005
5 0 0.00053
6 0 0.00052
7 0 0.00047
8 0 0.00045
9 0 0.00042
10 0 0.00043
11 0 0.00042
12 0 0.0004
13 0 0.00036
14 0 0.00036
15 0 0.00032
16 0 0.00034
17 0 0.00031
18 0 0.00031
19 0 0.0003
20 0 0.00028
21 0 0.00028
22 0 0.00025
23 0 0.00026
24 0 0.00024
25 0 0.00023
26 0 0.00024
27 0 0.0002
28 0 0.00019
29 0 0.00017
30 0 0.00018
31 0 0.00015
32 0 0.00013
33 0 0.00012
34 0 0.00012
35 0 0.00011
36 0 0.00009
37 0 0.00008
38 0 0.00009
39 0 0.00007
40 0 0.00007
41 0 0.00007
42 0 0.00007
43 0 0.00006
44 0 0.00005
45 0 0.00004
46 0 0.00004
47 0 0.00004
48 0 0.00004
49 0 0.00003
50 0 0.00004
51 0 0.00003
52 0 0.00003
53 0 0.00003
54 0 0.00002
55 0 0.00003
56 0 0.00001
57 0 0.00002
58 0 0.00002
59 0 0.00001
60 0 0.00016
100 0 0
