*marriage rate file for black in year 2034, quadruple divorce
marriage_queues 2
marriage_eval preference
marriage_peak_age 12
marriage_agedif_max 240
*marriage rates ~ 60% start marriage search btwn 15 and median age, then prop by 35, then prop by 45
marriage 1 F single
15 0 0.000
32 0 0.00211
45 0 0.00692
100 0 0.0005
marriage 1 M single
16 0 0.000
33 0 0.00175
45 0 0.00692
100 0 0.0005
marriage 1 F widowed
15 0 0.000
100 0 0.00249
marriage 1 M widowed
15 0 0.000
100 0 0.00381
marriage 1 F divorced
15 0 0.000
100 0 0.00249
marriage 1 M divorced
15 0 0.000
100 0 0.00381
divorce 1 F married
1 0 0.00216
2 0 0.00133
3 0 0.00141
4 0 0.00181
5 0 0.00202
6 0 0.00198
7 0 0.00202
8 0 0.00239
9 0 0.00206
10 0 0.00183
11 0 0.00175
12 0 0.00169
13 0 0.00162
14 0 0.00162
15 0 0.00138
16 0 0.0014
17 0 0.00112
18 0 0.00142
19 0 0.00154
20 0 0.00137
21 0 0.00156
22 0 0.00147
23 0 0.00121
24 0 0.00101
25 0 0.00118
26 0 0.00116
27 0 0.00121
28 0 0.00109
29 0 0.00103
30 0 0.00094
31 0 0.00088
32 0 0.00101
33 0 0.00082
34 0 0.00079
35 0 0.00066
36 0 0.0009
37 0 0.00088
38 0 0.00052
39 0 0.00081
40 0 0.0007
41 0 0.0006
42 0 0.00064
43 0 0.00046
44 0 0.00053
45 0 0.0004
46 0 0.00054
47 0 0.00055
48 0 0.00049
49 0 0.00056
50 0 0.00086
51 0 0.00035
52 0 0.00043
53 0 0.00038
54 0 0.00023
55 0 0.00017
56 0 0.00041
57 0 0.00038
58 0 0.00024
59 0 0.00045
60 0 0.00141
100 0 0
divorce 1 M married
1 0 0.00216
2 0 0.00133
3 0 0.00141
4 0 0.00181
5 0 0.00202
6 0 0.00198
7 0 0.00202
8 0 0.00239
9 0 0.00206
10 0 0.00183
11 0 0.00175
12 0 0.00169
13 0 0.00162
14 0 0.00162
15 0 0.00138
16 0 0.0014
17 0 0.00112
18 0 0.00142
19 0 0.00154
20 0 0.00137
21 0 0.00156
22 0 0.00147
23 0 0.00121
24 0 0.00101
25 0 0.00118
26 0 0.00116
27 0 0.00121
28 0 0.00109
29 0 0.00103
30 0 0.00094
31 0 0.00088
32 0 0.00101
33 0 0.00082
34 0 0.00079
35 0 0.00066
36 0 0.0009
37 0 0.00088
38 0 0.00052
39 0 0.00081
40 0 0.0007
41 0 0.0006
42 0 0.00064
43 0 0.00046
44 0 0.00053
45 0 0.0004
46 0 0.00054
47 0 0.00055
48 0 0.00049
49 0 0.00056
50 0 0.00086
51 0 0.00035
52 0 0.00043
53 0 0.00038
54 0 0.00023
55 0 0.00017
56 0 0.00041
57 0 0.00038
58 0 0.00024
59 0 0.00045
60 0 0.00141
100 0 0
