*marriage rate file for black in year 1903, constant divorce
marriage_queues 2
marriage_eval preference
marriage_peak_age 40
marriage_agedif_max 240
*marriage rates ~ 60% start marriage search btwn 15 and median age, then prop by 35, then prop by 45
marriage 1 F single
15 0 0.000
22 0 0.00822
45 0 0.01332
100 0 0.0005
marriage 1 M single
16 0 0.000
25 0 0.00552
45 0 0.01165
100 0 0.0005
marriage 1 F widowed
15 0 0.000
100 0 0.00249
marriage 1 M widowed
15 0 0.000
100 0 0.00381
marriage 1 F divorced
15 0 0.000
100 0 0.00249
marriage 1 M divorced
15 0 0.000
100 0 0.00381
divorce 1 F married
1 0 0.00027
2 0 0.00017
3 0 0.00018
4 0 0.00023
5 0 0.00026
6 0 0.00025
7 0 0.00026
8 0 0.0003
9 0 0.00026
10 0 0.00023
11 0 0.00022
12 0 0.00022
13 0 0.00021
14 0 0.00021
15 0 0.00018
16 0 0.00018
17 0 0.00014
18 0 0.00018
19 0 0.0002
20 0 0.00017
21 0 0.0002
22 0 0.00019
23 0 0.00015
24 0 0.00013
25 0 0.00015
26 0 0.00015
27 0 0.00015
28 0 0.00014
29 0 0.00013
30 0 0.00012
31 0 0.00011
32 0 0.00013
33 0 0.0001
34 0 0.0001
35 0 0.00008
36 0 0.00012
37 0 0.00011
38 0 0.00007
39 0 0.0001
40 0 0.00009
41 0 0.00008
42 0 0.00008
43 0 0.00006
44 0 0.00007
45 0 0.00005
46 0 0.00007
47 0 0.00007
48 0 0.00006
49 0 0.00007
50 0 0.00011
51 0 0.00005
52 0 0.00005
53 0 0.00005
54 0 0.00003
55 0 0.00002
56 0 0.00005
57 0 0.00005
58 0 0.00003
59 0 0.00006
60 0 0.00018
100 0 0
divorce 1 M married
1 0 0.00027
2 0 0.00017
3 0 0.00018
4 0 0.00023
5 0 0.00026
6 0 0.00025
7 0 0.00026
8 0 0.0003
9 0 0.00026
10 0 0.00023
11 0 0.00022
12 0 0.00022
13 0 0.00021
14 0 0.00021
15 0 0.00018
16 0 0.00018
17 0 0.00014
18 0 0.00018
19 0 0.0002
20 0 0.00017
21 0 0.0002
22 0 0.00019
23 0 0.00015
24 0 0.00013
25 0 0.00015
26 0 0.00015
27 0 0.00015
28 0 0.00014
29 0 0.00013
30 0 0.00012
31 0 0.00011
32 0 0.00013
33 0 0.0001
34 0 0.0001
35 0 0.00008
36 0 0.00012
37 0 0.00011
38 0 0.00007
39 0 0.0001
40 0 0.00009
41 0 0.00008
42 0 0.00008
43 0 0.00006
44 0 0.00007
45 0 0.00005
46 0 0.00007
47 0 0.00007
48 0 0.00006
49 0 0.00007
50 0 0.00011
51 0 0.00005
52 0 0.00005
53 0 0.00005
54 0 0.00003
55 0 0.00002
56 0 0.00005
57 0 0.00005
58 0 0.00003
59 0 0.00006
60 0 0.00018
100 0 0
