*marriage rate file for white in year 2051, quadruple divorce
marriage_queues 2
marriage_eval preference
marriage_peak_age 24
marriage_agedif_max 240
*marriage rates ~ 60% start marriage search btwn 15 and median age, then prop by 35, then prop by 45
marriage 1 F single
15 0 0.000
30 0 0.00332
45 0 0.01459
100 0 0.0005
marriage 1 M single
16 0 0.000
32 0 0.00266
45 0 0.00986
100 0 0.0005
marriage 1 F widowed
15 0 0.000
100 0 0.00436
marriage 1 M widowed
15 0 0.000
100 0 0.00536
marriage 1 F divorced
15 0 0.000
100 0 0.00436
marriage 1 M divorced
15 0 0.000
100 0 0.00536
divorce 1 F married
1 0 0.00334
2 0 0.00216
3 0 0.00255
4 0 0.00263
5 0 0.00282
6 0 0.00279
7 0 0.0025
8 0 0.00239
9 0 0.00222
10 0 0.00229
11 0 0.00222
12 0 0.00211
13 0 0.0019
14 0 0.00188
15 0 0.00171
16 0 0.0018
17 0 0.00162
18 0 0.00162
19 0 0.00157
20 0 0.00149
21 0 0.00147
22 0 0.00134
23 0 0.00136
24 0 0.00127
25 0 0.00123
26 0 0.00125
27 0 0.00108
28 0 0.00101
29 0 0.00089
30 0 0.00093
31 0 0.00081
32 0 0.0007
33 0 0.00066
34 0 0.00065
35 0 0.00058
36 0 0.00045
37 0 0.00042
38 0 0.00048
39 0 0.00039
40 0 0.00037
41 0 0.00035
42 0 0.00037
43 0 0.00032
44 0 0.00026
45 0 0.00022
46 0 0.00021
47 0 0.00022
48 0 0.00019
49 0 0.00018
50 0 0.0002
51 0 0.00017
52 0 0.00018
53 0 0.00014
54 0 0.00012
55 0 0.00016
56 0 0.00006
57 0 0.00012
58 0 0.0001
59 0 0.00003
60 0 0.00083
100 0 0
divorce 1 M married
1 0 0.00334
2 0 0.00216
3 0 0.00255
4 0 0.00263
5 0 0.00282
6 0 0.00279
7 0 0.0025
8 0 0.00239
9 0 0.00222
10 0 0.00229
11 0 0.00222
12 0 0.00211
13 0 0.0019
14 0 0.00188
15 0 0.00171
16 0 0.0018
17 0 0.00162
18 0 0.00162
19 0 0.00157
20 0 0.00149
21 0 0.00147
22 0 0.00134
23 0 0.00136
24 0 0.00127
25 0 0.00123
26 0 0.00125
27 0 0.00108
28 0 0.00101
29 0 0.00089
30 0 0.00093
31 0 0.00081
32 0 0.0007
33 0 0.00066
34 0 0.00065
35 0 0.00058
36 0 0.00045
37 0 0.00042
38 0 0.00048
39 0 0.00039
40 0 0.00037
41 0 0.00035
42 0 0.00037
43 0 0.00032
44 0 0.00026
45 0 0.00022
46 0 0.00021
47 0 0.00022
48 0 0.00019
49 0 0.00018
50 0 0.0002
51 0 0.00017
52 0 0.00018
53 0 0.00014
54 0 0.00012
55 0 0.00016
56 0 0.00006
57 0 0.00012
58 0 0.0001
59 0 0.00003
60 0 0.00083
100 0 0
