*marriage rate file for white in year 2038, quadruple divorce
marriage_queues 2
marriage_eval preference
marriage_peak_age 24
marriage_agedif_max 240
*marriage rates ~ 60% start marriage search btwn 15 and median age, then prop by 35, then prop by 45
marriage 1 F single
15 0 0.000
29 0 0.00355
45 0 0.01436
100 0 0.0005
marriage 1 M single
16 0 0.000
31 0 0.00283
45 0 0.01035
100 0 0.0005
marriage 1 F widowed
15 0 0.000
100 0 0.00436
marriage 1 M widowed
15 0 0.000
100 0 0.00536
marriage 1 F divorced
15 0 0.000
100 0 0.00436
marriage 1 M divorced
15 0 0.000
100 0 0.00536
divorce 1 F married
1 0 0.00227
2 0 0.00147
3 0 0.00174
4 0 0.00179
5 0 0.00192
6 0 0.00189
7 0 0.0017
8 0 0.00162
9 0 0.00151
10 0 0.00156
11 0 0.00151
12 0 0.00144
13 0 0.00129
14 0 0.00128
15 0 0.00116
16 0 0.00122
17 0 0.00111
18 0 0.00111
19 0 0.00107
20 0 0.00101
21 0 0.001
22 0 0.00091
23 0 0.00093
24 0 0.00087
25 0 0.00084
26 0 0.00085
27 0 0.00073
28 0 0.00069
29 0 0.00061
30 0 0.00063
31 0 0.00055
32 0 0.00047
33 0 0.00045
34 0 0.00044
35 0 0.00039
36 0 0.00031
37 0 0.00029
38 0 0.00032
39 0 0.00027
40 0 0.00025
41 0 0.00024
42 0 0.00025
43 0 0.00022
44 0 0.00017
45 0 0.00015
46 0 0.00014
47 0 0.00015
48 0 0.00013
49 0 0.00012
50 0 0.00014
51 0 0.00011
52 0 0.00012
53 0 0.00009
54 0 0.00008
55 0 0.00011
56 0 0.00004
57 0 0.00008
58 0 0.00007
59 0 0.00002
60 0 0.00057
100 0 0
divorce 1 M married
1 0 0.00227
2 0 0.00147
3 0 0.00174
4 0 0.00179
5 0 0.00192
6 0 0.00189
7 0 0.0017
8 0 0.00162
9 0 0.00151
10 0 0.00156
11 0 0.00151
12 0 0.00144
13 0 0.00129
14 0 0.00128
15 0 0.00116
16 0 0.00122
17 0 0.00111
18 0 0.00111
19 0 0.00107
20 0 0.00101
21 0 0.001
22 0 0.00091
23 0 0.00093
24 0 0.00087
25 0 0.00084
26 0 0.00085
27 0 0.00073
28 0 0.00069
29 0 0.00061
30 0 0.00063
31 0 0.00055
32 0 0.00047
33 0 0.00045
34 0 0.00044
35 0 0.00039
36 0 0.00031
37 0 0.00029
38 0 0.00032
39 0 0.00027
40 0 0.00025
41 0 0.00024
42 0 0.00025
43 0 0.00022
44 0 0.00017
45 0 0.00015
46 0 0.00014
47 0 0.00015
48 0 0.00013
49 0 0.00012
50 0 0.00014
51 0 0.00011
52 0 0.00012
53 0 0.00009
54 0 0.00008
55 0 0.00011
56 0 0.00004
57 0 0.00008
58 0 0.00007
59 0 0.00002
60 0 0.00057
100 0 0
