*marriage rate file for black in year 1983, quadruple divorce
marriage_queues 2
marriage_eval preference
marriage_peak_age 12
marriage_agedif_max 240
*marriage rates ~ 60% start marriage search btwn 15 and median age, then prop by 35, then prop by 45
marriage 1 F single
15 0 0.000
26 0 0.00524
45 0 0.01186
100 0 0.0005
marriage 1 M single
16 0 0.000
27 0 0.00452
45 0 0.01129
100 0 0.0005
marriage 1 F widowed
15 0 0.000
100 0 0.00249
marriage 1 M widowed
15 0 0.000
100 0 0.00381
marriage 1 F divorced
15 0 0.000
100 0 0.00249
marriage 1 M divorced
15 0 0.000
100 0 0.00381
divorce 1 F married
1 0 0.00173
2 0 0.00106
3 0 0.00112
4 0 0.00144
5 0 0.00161
6 0 0.00158
7 0 0.00162
8 0 0.00191
9 0 0.00165
10 0 0.00146
11 0 0.00139
12 0 0.00135
13 0 0.0013
14 0 0.0013
15 0 0.0011
16 0 0.00112
17 0 0.0009
18 0 0.00113
19 0 0.00123
20 0 0.00109
21 0 0.00125
22 0 0.00118
23 0 0.00097
24 0 0.00081
25 0 0.00094
26 0 0.00093
27 0 0.00097
28 0 0.00087
29 0 0.00082
30 0 0.00075
31 0 0.0007
32 0 0.0008
33 0 0.00066
34 0 0.00064
35 0 0.00053
36 0 0.00072
37 0 0.0007
38 0 0.00042
39 0 0.00065
40 0 0.00056
41 0 0.00048
42 0 0.00051
43 0 0.00037
44 0 0.00042
45 0 0.00032
46 0 0.00043
47 0 0.00044
48 0 0.00039
49 0 0.00045
50 0 0.00069
51 0 0.00028
52 0 0.00034
53 0 0.0003
54 0 0.00018
55 0 0.00013
56 0 0.00032
57 0 0.00031
58 0 0.00019
59 0 0.00036
60 0 0.00113
100 0 0
divorce 1 M married
1 0 0.00173
2 0 0.00106
3 0 0.00112
4 0 0.00144
5 0 0.00161
6 0 0.00158
7 0 0.00162
8 0 0.00191
9 0 0.00165
10 0 0.00146
11 0 0.00139
12 0 0.00135
13 0 0.0013
14 0 0.0013
15 0 0.0011
16 0 0.00112
17 0 0.0009
18 0 0.00113
19 0 0.00123
20 0 0.00109
21 0 0.00125
22 0 0.00118
23 0 0.00097
24 0 0.00081
25 0 0.00094
26 0 0.00093
27 0 0.00097
28 0 0.00087
29 0 0.00082
30 0 0.00075
31 0 0.0007
32 0 0.0008
33 0 0.00066
34 0 0.00064
35 0 0.00053
36 0 0.00072
37 0 0.0007
38 0 0.00042
39 0 0.00065
40 0 0.00056
41 0 0.00048
42 0 0.00051
43 0 0.00037
44 0 0.00042
45 0 0.00032
46 0 0.00043
47 0 0.00044
48 0 0.00039
49 0 0.00045
50 0 0.00069
51 0 0.00028
52 0 0.00034
53 0 0.0003
54 0 0.00018
55 0 0.00013
56 0 0.00032
57 0 0.00031
58 0 0.00019
59 0 0.00036
60 0 0.00113
100 0 0
