*marriage rate file for black in year 1998, quadruple divorce
marriage_queues 2
marriage_eval preference
marriage_peak_age -7
marriage_agedif_max 240
*marriage rates ~ 60% start marriage search btwn 15 and median age, then prop by 35, then prop by 45
marriage 1 F single
15 0 0.000
28 0 0.00354
45 0 0.00969
100 0 0.0005
marriage 1 M single
16 0 0.000
27 0 0.00355
45 0 0.00962
100 0 0.0005
marriage 1 F widowed
15 0 0.000
100 0 0.00249
marriage 1 M widowed
15 0 0.000
100 0 0.00381
marriage 1 F divorced
15 0 0.000
100 0 0.00249
marriage 1 M divorced
15 0 0.000
100 0 0.00381
divorce 1 F married
1 0 0.00145
2 0 0.00089
3 0 0.00094
4 0 0.00121
5 0 0.00135
6 0 0.00133
7 0 0.00136
8 0 0.0016
9 0 0.00138
10 0 0.00123
11 0 0.00117
12 0 0.00113
13 0 0.00109
14 0 0.00109
15 0 0.00093
16 0 0.00094
17 0 0.00075
18 0 0.00095
19 0 0.00103
20 0 0.00092
21 0 0.00105
22 0 0.00099
23 0 0.00081
24 0 0.00068
25 0 0.00079
26 0 0.00078
27 0 0.00081
28 0 0.00073
29 0 0.00069
30 0 0.00063
31 0 0.00059
32 0 0.00067
33 0 0.00055
34 0 0.00053
35 0 0.00044
36 0 0.00061
37 0 0.00059
38 0 0.00035
39 0 0.00055
40 0 0.00047
41 0 0.0004
42 0 0.00043
43 0 0.00031
44 0 0.00035
45 0 0.00027
46 0 0.00036
47 0 0.00037
48 0 0.00033
49 0 0.00038
50 0 0.00058
51 0 0.00024
52 0 0.00029
53 0 0.00025
54 0 0.00015
55 0 0.00011
56 0 0.00027
57 0 0.00026
58 0 0.00016
59 0 0.0003
60 0 0.00095
100 0 0
divorce 1 M married
1 0 0.00145
2 0 0.00089
3 0 0.00094
4 0 0.00121
5 0 0.00135
6 0 0.00133
7 0 0.00136
8 0 0.0016
9 0 0.00138
10 0 0.00123
11 0 0.00117
12 0 0.00113
13 0 0.00109
14 0 0.00109
15 0 0.00093
16 0 0.00094
17 0 0.00075
18 0 0.00095
19 0 0.00103
20 0 0.00092
21 0 0.00105
22 0 0.00099
23 0 0.00081
24 0 0.00068
25 0 0.00079
26 0 0.00078
27 0 0.00081
28 0 0.00073
29 0 0.00069
30 0 0.00063
31 0 0.00059
32 0 0.00067
33 0 0.00055
34 0 0.00053
35 0 0.00044
36 0 0.00061
37 0 0.00059
38 0 0.00035
39 0 0.00055
40 0 0.00047
41 0 0.0004
42 0 0.00043
43 0 0.00031
44 0 0.00035
45 0 0.00027
46 0 0.00036
47 0 0.00037
48 0 0.00033
49 0 0.00038
50 0 0.00058
51 0 0.00024
52 0 0.00029
53 0 0.00025
54 0 0.00015
55 0 0.00011
56 0 0.00027
57 0 0.00026
58 0 0.00016
59 0 0.0003
60 0 0.00095
100 0 0
