*marriage rate file for white in year 2046, quadruple divorce
marriage_queues 2
marriage_eval preference
marriage_peak_age 24
marriage_agedif_max 240
*marriage rates ~ 60% start marriage search btwn 15 and median age, then prop by 35, then prop by 45
marriage 1 F single
15 0 0.000
30 0 0.00332
45 0 0.01491
100 0 0.0005
marriage 1 M single
16 0 0.000
32 0 0.00266
45 0 0.01033
100 0 0.0005
marriage 1 F widowed
15 0 0.000
100 0 0.00436
marriage 1 M widowed
15 0 0.000
100 0 0.00536
marriage 1 F divorced
15 0 0.000
100 0 0.00436
marriage 1 M divorced
15 0 0.000
100 0 0.00536
divorce 1 F married
1 0 0.00292
2 0 0.00189
3 0 0.00224
4 0 0.0023
5 0 0.00247
6 0 0.00244
7 0 0.00219
8 0 0.00209
9 0 0.00194
10 0 0.00201
11 0 0.00195
12 0 0.00185
13 0 0.00166
14 0 0.00165
15 0 0.0015
16 0 0.00158
17 0 0.00142
18 0 0.00142
19 0 0.00137
20 0 0.0013
21 0 0.00129
22 0 0.00118
23 0 0.00119
24 0 0.00112
25 0 0.00108
26 0 0.00109
27 0 0.00094
28 0 0.00089
29 0 0.00079
30 0 0.00081
31 0 0.00071
32 0 0.00061
33 0 0.00058
34 0 0.00057
35 0 0.00051
36 0 0.0004
37 0 0.00037
38 0 0.00042
39 0 0.00034
40 0 0.00033
41 0 0.00031
42 0 0.00032
43 0 0.00028
44 0 0.00022
45 0 0.0002
46 0 0.00018
47 0 0.00019
48 0 0.00016
49 0 0.00015
50 0 0.00018
51 0 0.00015
52 0 0.00016
53 0 0.00012
54 0 0.00011
55 0 0.00014
56 0 0.00005
57 0 0.00011
58 0 0.00009
59 0 0.00002
60 0 0.00073
100 0 0
divorce 1 M married
1 0 0.00292
2 0 0.00189
3 0 0.00224
4 0 0.0023
5 0 0.00247
6 0 0.00244
7 0 0.00219
8 0 0.00209
9 0 0.00194
10 0 0.00201
11 0 0.00195
12 0 0.00185
13 0 0.00166
14 0 0.00165
15 0 0.0015
16 0 0.00158
17 0 0.00142
18 0 0.00142
19 0 0.00137
20 0 0.0013
21 0 0.00129
22 0 0.00118
23 0 0.00119
24 0 0.00112
25 0 0.00108
26 0 0.00109
27 0 0.00094
28 0 0.00089
29 0 0.00079
30 0 0.00081
31 0 0.00071
32 0 0.00061
33 0 0.00058
34 0 0.00057
35 0 0.00051
36 0 0.0004
37 0 0.00037
38 0 0.00042
39 0 0.00034
40 0 0.00033
41 0 0.00031
42 0 0.00032
43 0 0.00028
44 0 0.00022
45 0 0.0002
46 0 0.00018
47 0 0.00019
48 0 0.00016
49 0 0.00015
50 0 0.00018
51 0 0.00015
52 0 0.00016
53 0 0.00012
54 0 0.00011
55 0 0.00014
56 0 0.00005
57 0 0.00011
58 0 0.00009
59 0 0.00002
60 0 0.00073
100 0 0
