*marriage rate file for white in year 1973, constant divorce
marriage_queues 2
marriage_eval preference
marriage_peak_age 24
marriage_agedif_max 240
*marriage rates ~ 60% start marriage search btwn 15 and median age, then prop by 35, then prop by 45
marriage 1 F single
15 0 0.000
22 0 0.00946
45 0 0.01085
100 0 0.0005
marriage 1 M single
16 0 0.000
24 0 0.00719
45 0 0.0113
100 0 0.0005
marriage 1 F widowed
15 0 0.000
100 0 0.00436
marriage 1 M widowed
15 0 0.000
100 0 0.00536
marriage 1 F divorced
15 0 0.000
100 0 0.00436
marriage 1 M divorced
15 0 0.000
100 0 0.00536
divorce 1 F married
1 0 0.00137
2 0 0.00089
3 0 0.00105
4 0 0.00108
5 0 0.00116
6 0 0.00114
7 0 0.00102
8 0 0.00098
9 0 0.00091
10 0 0.00094
11 0 0.00091
12 0 0.00087
13 0 0.00078
14 0 0.00077
15 0 0.0007
16 0 0.00074
17 0 0.00067
18 0 0.00067
19 0 0.00064
20 0 0.00061
21 0 0.0006
22 0 0.00055
23 0 0.00056
24 0 0.00052
25 0 0.00051
26 0 0.00051
27 0 0.00044
28 0 0.00042
29 0 0.00037
30 0 0.00038
31 0 0.00034
32 0 0.00029
33 0 0.00027
34 0 0.00027
35 0 0.00024
36 0 0.00019
37 0 0.00017
38 0 0.0002
39 0 0.00016
40 0 0.00015
41 0 0.00015
42 0 0.00015
43 0 0.00013
44 0 0.00011
45 0 0.00009
46 0 0.00009
47 0 0.00009
48 0 0.00008
49 0 0.00007
50 0 0.00008
51 0 0.00007
52 0 0.00007
53 0 0.00006
54 0 0.00005
55 0 0.00006
56 0 0.00002
57 0 0.00005
58 0 0.00004
59 0 0.00001
60 0 0.00034
100 0 0
divorce 1 M married
1 0 0.00137
2 0 0.00089
3 0 0.00105
4 0 0.00108
5 0 0.00116
6 0 0.00114
7 0 0.00102
8 0 0.00098
9 0 0.00091
10 0 0.00094
11 0 0.00091
12 0 0.00087
13 0 0.00078
14 0 0.00077
15 0 0.0007
16 0 0.00074
17 0 0.00067
18 0 0.00067
19 0 0.00064
20 0 0.00061
21 0 0.0006
22 0 0.00055
23 0 0.00056
24 0 0.00052
25 0 0.00051
26 0 0.00051
27 0 0.00044
28 0 0.00042
29 0 0.00037
30 0 0.00038
31 0 0.00034
32 0 0.00029
33 0 0.00027
34 0 0.00027
35 0 0.00024
36 0 0.00019
37 0 0.00017
38 0 0.0002
39 0 0.00016
40 0 0.00015
41 0 0.00015
42 0 0.00015
43 0 0.00013
44 0 0.00011
45 0 0.00009
46 0 0.00009
47 0 0.00009
48 0 0.00008
49 0 0.00007
50 0 0.00008
51 0 0.00007
52 0 0.00007
53 0 0.00006
54 0 0.00005
55 0 0.00006
56 0 0.00002
57 0 0.00005
58 0 0.00004
59 0 0.00001
60 0 0.00034
100 0 0
