*marriage rate file for black in year 2052, quadruple divorce
marriage_queues 2
marriage_eval preference
marriage_peak_age 0
marriage_agedif_max 240
*marriage rates ~ 60% start marriage search btwn 15 and median age, then prop by 35, then prop by 45
marriage 1 F single
15 0 0.000
34 0 0.00189
45 0 0.00533
100 0 0.0005
marriage 1 M single
16 0 0.000
34 0 0.00165
45 0 0.00533
100 0 0.0005
marriage 1 F widowed
15 0 0.000
100 0 0.00249
marriage 1 M widowed
15 0 0.000
100 0 0.00381
marriage 1 F divorced
15 0 0.000
100 0 0.00249
marriage 1 M divorced
15 0 0.000
100 0 0.00381
divorce 1 F married
1 0 0.00375
2 0 0.0023
3 0 0.00244
4 0 0.00314
5 0 0.0035
6 0 0.00344
7 0 0.00351
8 0 0.00416
9 0 0.00358
10 0 0.00318
11 0 0.00303
12 0 0.00293
13 0 0.00281
14 0 0.00281
15 0 0.00239
16 0 0.00243
17 0 0.00194
18 0 0.00246
19 0 0.00267
20 0 0.00237
21 0 0.00271
22 0 0.00255
23 0 0.00209
24 0 0.00175
25 0 0.00204
26 0 0.002
27 0 0.0021
28 0 0.00188
29 0 0.00177
30 0 0.00162
31 0 0.00151
32 0 0.00174
33 0 0.00142
34 0 0.00137
35 0 0.00114
36 0 0.00156
37 0 0.00152
38 0 0.00089
39 0 0.0014
40 0 0.00122
41 0 0.00104
42 0 0.00111
43 0 0.0008
44 0 0.00091
45 0 0.00069
46 0 0.00093
47 0 0.00095
48 0 0.00085
49 0 0.00097
50 0 0.00149
51 0 0.00061
52 0 0.00073
53 0 0.00065
54 0 0.00039
55 0 0.00029
56 0 0.0007
57 0 0.00066
58 0 0.00042
59 0 0.00078
60 0 0.00244
100 0 0
divorce 1 M married
1 0 0.00375
2 0 0.0023
3 0 0.00244
4 0 0.00314
5 0 0.0035
6 0 0.00344
7 0 0.00351
8 0 0.00416
9 0 0.00358
10 0 0.00318
11 0 0.00303
12 0 0.00293
13 0 0.00281
14 0 0.00281
15 0 0.00239
16 0 0.00243
17 0 0.00194
18 0 0.00246
19 0 0.00267
20 0 0.00237
21 0 0.00271
22 0 0.00255
23 0 0.00209
24 0 0.00175
25 0 0.00204
26 0 0.002
27 0 0.0021
28 0 0.00188
29 0 0.00177
30 0 0.00162
31 0 0.00151
32 0 0.00174
33 0 0.00142
34 0 0.00137
35 0 0.00114
36 0 0.00156
37 0 0.00152
38 0 0.00089
39 0 0.0014
40 0 0.00122
41 0 0.00104
42 0 0.00111
43 0 0.0008
44 0 0.00091
45 0 0.00069
46 0 0.00093
47 0 0.00095
48 0 0.00085
49 0 0.00097
50 0 0.00149
51 0 0.00061
52 0 0.00073
53 0 0.00065
54 0 0.00039
55 0 0.00029
56 0 0.0007
57 0 0.00066
58 0 0.00042
59 0 0.00078
60 0 0.00244
100 0 0
