*marriage rate file for black in year 2033, quadruple divorce
marriage_queues 2
marriage_eval preference
marriage_peak_age 12
marriage_agedif_max 240
*marriage rates ~ 60% start marriage search btwn 15 and median age, then prop by 35, then prop by 45
marriage 1 F single
15 0 0.000
32 0 0.00211
45 0 0.00705
100 0 0.0005
marriage 1 M single
16 0 0.000
33 0 0.00175
45 0 0.00705
100 0 0.0005
marriage 1 F widowed
15 0 0.000
100 0 0.00249
marriage 1 M widowed
15 0 0.000
100 0 0.00381
marriage 1 F divorced
15 0 0.000
100 0 0.00249
marriage 1 M divorced
15 0 0.000
100 0 0.00381
divorce 1 F married
1 0 0.00211
2 0 0.0013
3 0 0.00137
4 0 0.00176
5 0 0.00197
6 0 0.00193
7 0 0.00197
8 0 0.00233
9 0 0.00201
10 0 0.00179
11 0 0.0017
12 0 0.00165
13 0 0.00158
14 0 0.00158
15 0 0.00135
16 0 0.00137
17 0 0.00109
18 0 0.00139
19 0 0.0015
20 0 0.00134
21 0 0.00152
22 0 0.00144
23 0 0.00118
24 0 0.00099
25 0 0.00115
26 0 0.00113
27 0 0.00118
28 0 0.00106
29 0 0.001
30 0 0.00091
31 0 0.00085
32 0 0.00098
33 0 0.0008
34 0 0.00078
35 0 0.00064
36 0 0.00088
37 0 0.00086
38 0 0.00051
39 0 0.00079
40 0 0.00069
41 0 0.00059
42 0 0.00063
43 0 0.00045
44 0 0.00051
45 0 0.00039
46 0 0.00053
47 0 0.00054
48 0 0.00048
49 0 0.00055
50 0 0.00084
51 0 0.00034
52 0 0.00042
53 0 0.00037
54 0 0.00022
55 0 0.00016
56 0 0.0004
57 0 0.00037
58 0 0.00024
59 0 0.00044
60 0 0.00137
100 0 0
divorce 1 M married
1 0 0.00211
2 0 0.0013
3 0 0.00137
4 0 0.00176
5 0 0.00197
6 0 0.00193
7 0 0.00197
8 0 0.00233
9 0 0.00201
10 0 0.00179
11 0 0.0017
12 0 0.00165
13 0 0.00158
14 0 0.00158
15 0 0.00135
16 0 0.00137
17 0 0.00109
18 0 0.00139
19 0 0.0015
20 0 0.00134
21 0 0.00152
22 0 0.00144
23 0 0.00118
24 0 0.00099
25 0 0.00115
26 0 0.00113
27 0 0.00118
28 0 0.00106
29 0 0.001
30 0 0.00091
31 0 0.00085
32 0 0.00098
33 0 0.0008
34 0 0.00078
35 0 0.00064
36 0 0.00088
37 0 0.00086
38 0 0.00051
39 0 0.00079
40 0 0.00069
41 0 0.00059
42 0 0.00063
43 0 0.00045
44 0 0.00051
45 0 0.00039
46 0 0.00053
47 0 0.00054
48 0 0.00048
49 0 0.00055
50 0 0.00084
51 0 0.00034
52 0 0.00042
53 0 0.00037
54 0 0.00022
55 0 0.00016
56 0 0.0004
57 0 0.00037
58 0 0.00024
59 0 0.00044
60 0 0.00137
100 0 0
