*marriage rate file for white in year 2000, quadruple divorce
marriage_queues 2
marriage_eval preference
marriage_peak_age 12
marriage_agedif_max 240
*marriage rates ~ 60% start marriage search btwn 15 and median age, then prop by 35, then prop by 45
marriage 1 F single
15 0 0.000
25 0 0.00497
45 0 0.01305
100 0 0.0005
marriage 1 M single
16 0 0.000
26 0 0.00425
45 0 0.01226
100 0 0.0005
marriage 1 F widowed
15 0 0.000
100 0 0.00436
marriage 1 M widowed
15 0 0.000
100 0 0.00536
marriage 1 F divorced
15 0 0.000
100 0 0.00436
marriage 1 M divorced
15 0 0.000
100 0 0.00536
divorce 1 F married
1 0 0.00126
2 0 0.00082
3 0 0.00096
4 0 0.00099
5 0 0.00106
6 0 0.00105
7 0 0.00094
8 0 0.0009
9 0 0.00084
10 0 0.00087
11 0 0.00084
12 0 0.0008
13 0 0.00072
14 0 0.00071
15 0 0.00065
16 0 0.00068
17 0 0.00062
18 0 0.00062
19 0 0.00059
20 0 0.00056
21 0 0.00056
22 0 0.00051
23 0 0.00052
24 0 0.00048
25 0 0.00047
26 0 0.00047
27 0 0.00041
28 0 0.00038
29 0 0.00034
30 0 0.00035
31 0 0.00031
32 0 0.00026
33 0 0.00025
34 0 0.00025
35 0 0.00022
36 0 0.00017
37 0 0.00016
38 0 0.00018
39 0 0.00015
40 0 0.00014
41 0 0.00013
42 0 0.00014
43 0 0.00012
44 0 0.0001
45 0 0.00009
46 0 0.00008
47 0 0.00008
48 0 0.00007
49 0 0.00007
50 0 0.00008
51 0 0.00006
52 0 0.00007
53 0 0.00005
54 0 0.00005
55 0 0.00006
56 0 0.00002
57 0 0.00005
58 0 0.00004
59 0 0.00001
60 0 0.00032
100 0 0
divorce 1 M married
1 0 0.00126
2 0 0.00082
3 0 0.00096
4 0 0.00099
5 0 0.00106
6 0 0.00105
7 0 0.00094
8 0 0.0009
9 0 0.00084
10 0 0.00087
11 0 0.00084
12 0 0.0008
13 0 0.00072
14 0 0.00071
15 0 0.00065
16 0 0.00068
17 0 0.00062
18 0 0.00062
19 0 0.00059
20 0 0.00056
21 0 0.00056
22 0 0.00051
23 0 0.00052
24 0 0.00048
25 0 0.00047
26 0 0.00047
27 0 0.00041
28 0 0.00038
29 0 0.00034
30 0 0.00035
31 0 0.00031
32 0 0.00026
33 0 0.00025
34 0 0.00025
35 0 0.00022
36 0 0.00017
37 0 0.00016
38 0 0.00018
39 0 0.00015
40 0 0.00014
41 0 0.00013
42 0 0.00014
43 0 0.00012
44 0 0.0001
45 0 0.00009
46 0 0.00008
47 0 0.00008
48 0 0.00007
49 0 0.00007
50 0 0.00008
51 0 0.00006
52 0 0.00007
53 0 0.00005
54 0 0.00005
55 0 0.00006
56 0 0.00002
57 0 0.00005
58 0 0.00004
59 0 0.00001
60 0 0.00032
100 0 0
