*marriage rate file for black in year 1948, constant divorce
marriage_queues 2
marriage_eval preference
marriage_peak_age 34
marriage_agedif_max 240
*marriage rates ~ 60% start marriage search btwn 15 and median age, then prop by 35, then prop by 45
marriage 1 F single
15 0 0.000
20 0 0.01149
45 0 0.01128
100 0 0.0005
marriage 1 M single
16 0 0.000
23 0 0.00709
45 0 0.00981
100 0 0.0005
marriage 1 F widowed
15 0 0.000
100 0 0.00249
marriage 1 M widowed
15 0 0.000
100 0 0.00381
marriage 1 F divorced
15 0 0.000
100 0 0.00249
marriage 1 M divorced
15 0 0.000
100 0 0.00381
divorce 1 F married
1 0 0.00096
2 0 0.00059
3 0 0.00063
4 0 0.00081
5 0 0.0009
6 0 0.00088
7 0 0.0009
8 0 0.00106
9 0 0.00092
10 0 0.00082
11 0 0.00078
12 0 0.00076
13 0 0.00072
14 0 0.00072
15 0 0.00062
16 0 0.00063
17 0 0.0005
18 0 0.00063
19 0 0.00069
20 0 0.00061
21 0 0.0007
22 0 0.00066
23 0 0.00054
24 0 0.00045
25 0 0.00053
26 0 0.00052
27 0 0.00054
28 0 0.00048
29 0 0.00046
30 0 0.00042
31 0 0.00039
32 0 0.00045
33 0 0.00037
34 0 0.00036
35 0 0.00029
36 0 0.0004
37 0 0.00039
38 0 0.00023
39 0 0.00036
40 0 0.00031
41 0 0.00027
42 0 0.00029
43 0 0.00021
44 0 0.00024
45 0 0.00018
46 0 0.00024
47 0 0.00025
48 0 0.00022
49 0 0.00025
50 0 0.00039
51 0 0.00016
52 0 0.00019
53 0 0.00017
54 0 0.0001
55 0 0.00008
56 0 0.00018
57 0 0.00017
58 0 0.00011
59 0 0.0002
60 0 0.00063
100 0 0
divorce 1 M married
1 0 0.00096
2 0 0.00059
3 0 0.00063
4 0 0.00081
5 0 0.0009
6 0 0.00088
7 0 0.0009
8 0 0.00106
9 0 0.00092
10 0 0.00082
11 0 0.00078
12 0 0.00076
13 0 0.00072
14 0 0.00072
15 0 0.00062
16 0 0.00063
17 0 0.0005
18 0 0.00063
19 0 0.00069
20 0 0.00061
21 0 0.0007
22 0 0.00066
23 0 0.00054
24 0 0.00045
25 0 0.00053
26 0 0.00052
27 0 0.00054
28 0 0.00048
29 0 0.00046
30 0 0.00042
31 0 0.00039
32 0 0.00045
33 0 0.00037
34 0 0.00036
35 0 0.00029
36 0 0.0004
37 0 0.00039
38 0 0.00023
39 0 0.00036
40 0 0.00031
41 0 0.00027
42 0 0.00029
43 0 0.00021
44 0 0.00024
45 0 0.00018
46 0 0.00024
47 0 0.00025
48 0 0.00022
49 0 0.00025
50 0 0.00039
51 0 0.00016
52 0 0.00019
53 0 0.00017
54 0 0.0001
55 0 0.00008
56 0 0.00018
57 0 0.00017
58 0 0.00011
59 0 0.0002
60 0 0.00063
100 0 0
