*marriage rate file for black in year 2060, double divorce
marriage_queues 2
marriage_eval preference
marriage_peak_age 0
marriage_agedif_max 240
*marriage rates ~ 60% start marriage search btwn 15 and median age, then prop by 35, then prop by 45
marriage 1 F single
15 0 0.000
34 0 0.00189
45 0 0.00452
100 0 0.0005
marriage 1 M single
16 0 0.000
34 0 0.00165
45 0 0.00452
100 0 0.0005
marriage 1 F widowed
15 0 0.000
100 0 0.00249
marriage 1 M widowed
15 0 0.000
100 0 0.00381
marriage 1 F divorced
15 0 0.000
100 0 0.00249
marriage 1 M divorced
15 0 0.000
100 0 0.00381
divorce 1 F married
1 0 0.00222
2 0 0.00136
3 0 0.00144
4 0 0.00185
5 0 0.00206
6 0 0.00203
7 0 0.00207
8 0 0.00245
9 0 0.00211
10 0 0.00188
11 0 0.00179
12 0 0.00174
13 0 0.00166
14 0 0.00166
15 0 0.00141
16 0 0.00144
17 0 0.00115
18 0 0.00146
19 0 0.00158
20 0 0.0014
21 0 0.0016
22 0 0.00151
23 0 0.00124
24 0 0.00104
25 0 0.00121
26 0 0.00119
27 0 0.00124
28 0 0.00111
29 0 0.00105
30 0 0.00096
31 0 0.0009
32 0 0.00103
33 0 0.00084
34 0 0.00081
35 0 0.00067
36 0 0.00093
37 0 0.0009
38 0 0.00053
39 0 0.00083
40 0 0.00072
41 0 0.00062
42 0 0.00066
43 0 0.00047
44 0 0.00054
45 0 0.00041
46 0 0.00055
47 0 0.00056
48 0 0.00051
49 0 0.00058
50 0 0.00088
51 0 0.00036
52 0 0.00044
53 0 0.00039
54 0 0.00023
55 0 0.00017
56 0 0.00042
57 0 0.00039
58 0 0.00025
59 0 0.00046
60 0 0.00144
100 0 0
divorce 1 M married
1 0 0.00222
2 0 0.00136
3 0 0.00144
4 0 0.00185
5 0 0.00206
6 0 0.00203
7 0 0.00207
8 0 0.00245
9 0 0.00211
10 0 0.00188
11 0 0.00179
12 0 0.00174
13 0 0.00166
14 0 0.00166
15 0 0.00141
16 0 0.00144
17 0 0.00115
18 0 0.00146
19 0 0.00158
20 0 0.0014
21 0 0.0016
22 0 0.00151
23 0 0.00124
24 0 0.00104
25 0 0.00121
26 0 0.00119
27 0 0.00124
28 0 0.00111
29 0 0.00105
30 0 0.00096
31 0 0.0009
32 0 0.00103
33 0 0.00084
34 0 0.00081
35 0 0.00067
36 0 0.00093
37 0 0.0009
38 0 0.00053
39 0 0.00083
40 0 0.00072
41 0 0.00062
42 0 0.00066
43 0 0.00047
44 0 0.00054
45 0 0.00041
46 0 0.00055
47 0 0.00056
48 0 0.00051
49 0 0.00058
50 0 0.00088
51 0 0.00036
52 0 0.00044
53 0 0.00039
54 0 0.00023
55 0 0.00017
56 0 0.00042
57 0 0.00039
58 0 0.00025
59 0 0.00046
60 0 0.00144
100 0 0
