*marriage rate file for black in year 2051, quadruple divorce
marriage_queues 2
marriage_eval preference
marriage_peak_age 0
marriage_agedif_max 240
*marriage rates ~ 60% start marriage search btwn 15 and median age, then prop by 35, then prop by 45
marriage 1 F single
15 0 0.000
34 0 0.00189
45 0 0.00544
100 0 0.0005
marriage 1 M single
16 0 0.000
34 0 0.00165
45 0 0.00544
100 0 0.0005
marriage 1 F widowed
15 0 0.000
100 0 0.00249
marriage 1 M widowed
15 0 0.000
100 0 0.00381
marriage 1 F divorced
15 0 0.000
100 0 0.00249
marriage 1 M divorced
15 0 0.000
100 0 0.00381
divorce 1 F married
1 0 0.00366
2 0 0.00225
3 0 0.00238
4 0 0.00306
5 0 0.00341
6 0 0.00335
7 0 0.00343
8 0 0.00406
9 0 0.00349
10 0 0.0031
11 0 0.00295
12 0 0.00286
13 0 0.00275
14 0 0.00275
15 0 0.00233
16 0 0.00237
17 0 0.00189
18 0 0.0024
19 0 0.0026
20 0 0.00231
21 0 0.00264
22 0 0.00249
23 0 0.00204
24 0 0.00171
25 0 0.00199
26 0 0.00196
27 0 0.00205
28 0 0.00183
29 0 0.00173
30 0 0.00158
31 0 0.00148
32 0 0.0017
33 0 0.00138
34 0 0.00134
35 0 0.00111
36 0 0.00152
37 0 0.00148
38 0 0.00087
39 0 0.00137
40 0 0.00119
41 0 0.00102
42 0 0.00108
43 0 0.00078
44 0 0.00089
45 0 0.00067
46 0 0.00091
47 0 0.00092
48 0 0.00083
49 0 0.00095
50 0 0.00145
51 0 0.00059
52 0 0.00072
53 0 0.00063
54 0 0.00038
55 0 0.00028
56 0 0.00068
57 0 0.00065
58 0 0.00041
59 0 0.00076
60 0 0.00238
100 0 0
divorce 1 M married
1 0 0.00366
2 0 0.00225
3 0 0.00238
4 0 0.00306
5 0 0.00341
6 0 0.00335
7 0 0.00343
8 0 0.00406
9 0 0.00349
10 0 0.0031
11 0 0.00295
12 0 0.00286
13 0 0.00275
14 0 0.00275
15 0 0.00233
16 0 0.00237
17 0 0.00189
18 0 0.0024
19 0 0.0026
20 0 0.00231
21 0 0.00264
22 0 0.00249
23 0 0.00204
24 0 0.00171
25 0 0.00199
26 0 0.00196
27 0 0.00205
28 0 0.00183
29 0 0.00173
30 0 0.00158
31 0 0.00148
32 0 0.0017
33 0 0.00138
34 0 0.00134
35 0 0.00111
36 0 0.00152
37 0 0.00148
38 0 0.00087
39 0 0.00137
40 0 0.00119
41 0 0.00102
42 0 0.00108
43 0 0.00078
44 0 0.00089
45 0 0.00067
46 0 0.00091
47 0 0.00092
48 0 0.00083
49 0 0.00095
50 0 0.00145
51 0 0.00059
52 0 0.00072
53 0 0.00063
54 0 0.00038
55 0 0.00028
56 0 0.00068
57 0 0.00065
58 0 0.00041
59 0 0.00076
60 0 0.00238
100 0 0
