*marriage rate file for black in year 1958, double divorce
marriage_queues 2
marriage_eval preference
marriage_peak_age 26
marriage_agedif_max 240
*marriage rates ~ 60% start marriage search btwn 15 and median age, then prop by 35, then prop by 45
marriage 1 F single
15 0 0.000
22 0 0.00822
45 0 0.01124
100 0 0.0005
marriage 1 M single
16 0 0.000
24 0 0.00621
45 0 0.01007
100 0 0.0005
marriage 1 F widowed
15 0 0.000
100 0 0.00249
marriage 1 M widowed
15 0 0.000
100 0 0.00381
marriage 1 F divorced
15 0 0.000
100 0 0.00249
marriage 1 M divorced
15 0 0.000
100 0 0.00381
divorce 1 F married
1 0 0.00072
2 0 0.00045
3 0 0.00047
4 0 0.0006
5 0 0.00067
6 0 0.00066
7 0 0.00068
8 0 0.0008
9 0 0.00069
10 0 0.00061
11 0 0.00058
12 0 0.00057
13 0 0.00054
14 0 0.00054
15 0 0.00046
16 0 0.00047
17 0 0.00037
18 0 0.00047
19 0 0.00051
20 0 0.00046
21 0 0.00052
22 0 0.00049
23 0 0.0004
24 0 0.00034
25 0 0.00039
26 0 0.00039
27 0 0.00041
28 0 0.00036
29 0 0.00034
30 0 0.00031
31 0 0.00029
32 0 0.00034
33 0 0.00027
34 0 0.00027
35 0 0.00022
36 0 0.0003
37 0 0.00029
38 0 0.00017
39 0 0.00027
40 0 0.00024
41 0 0.0002
42 0 0.00022
43 0 0.00015
44 0 0.00018
45 0 0.00013
46 0 0.00018
47 0 0.00018
48 0 0.00017
49 0 0.00019
50 0 0.00029
51 0 0.00012
52 0 0.00014
53 0 0.00013
54 0 0.00008
55 0 0.00006
56 0 0.00014
57 0 0.00013
58 0 0.00008
59 0 0.00015
60 0 0.00047
100 0 0
divorce 1 M married
1 0 0.00072
2 0 0.00045
3 0 0.00047
4 0 0.0006
5 0 0.00067
6 0 0.00066
7 0 0.00068
8 0 0.0008
9 0 0.00069
10 0 0.00061
11 0 0.00058
12 0 0.00057
13 0 0.00054
14 0 0.00054
15 0 0.00046
16 0 0.00047
17 0 0.00037
18 0 0.00047
19 0 0.00051
20 0 0.00046
21 0 0.00052
22 0 0.00049
23 0 0.0004
24 0 0.00034
25 0 0.00039
26 0 0.00039
27 0 0.00041
28 0 0.00036
29 0 0.00034
30 0 0.00031
31 0 0.00029
32 0 0.00034
33 0 0.00027
34 0 0.00027
35 0 0.00022
36 0 0.0003
37 0 0.00029
38 0 0.00017
39 0 0.00027
40 0 0.00024
41 0 0.0002
42 0 0.00022
43 0 0.00015
44 0 0.00018
45 0 0.00013
46 0 0.00018
47 0 0.00018
48 0 0.00017
49 0 0.00019
50 0 0.00029
51 0 0.00012
52 0 0.00014
53 0 0.00013
54 0 0.00008
55 0 0.00006
56 0 0.00014
57 0 0.00013
58 0 0.00008
59 0 0.00015
60 0 0.00047
100 0 0
