*marriage rate file for black in year 2029, quadruple divorce
marriage_queues 2
marriage_eval preference
marriage_peak_age 12
marriage_agedif_max 240
*marriage rates ~ 60% start marriage search btwn 15 and median age, then prop by 35, then prop by 45
marriage 1 F single
15 0 0.000
32 0 0.00211
45 0 0.00761
100 0 0.0005
marriage 1 M single
16 0 0.000
33 0 0.00175
45 0 0.00761
100 0 0.0005
marriage 1 F widowed
15 0 0.000
100 0 0.00249
marriage 1 M widowed
15 0 0.000
100 0 0.00381
marriage 1 F divorced
15 0 0.000
100 0 0.00249
marriage 1 M divorced
15 0 0.000
100 0 0.00381
divorce 1 F married
1 0 0.0019
2 0 0.00117
3 0 0.00123
4 0 0.00159
5 0 0.00177
6 0 0.00174
7 0 0.00178
8 0 0.0021
9 0 0.00181
10 0 0.00161
11 0 0.00153
12 0 0.00149
13 0 0.00142
14 0 0.00142
15 0 0.00121
16 0 0.00123
17 0 0.00098
18 0 0.00125
19 0 0.00135
20 0 0.0012
21 0 0.00137
22 0 0.00129
23 0 0.00106
24 0 0.00089
25 0 0.00103
26 0 0.00102
27 0 0.00106
28 0 0.00095
29 0 0.0009
30 0 0.00082
31 0 0.00077
32 0 0.00088
33 0 0.00072
34 0 0.0007
35 0 0.00058
36 0 0.00079
37 0 0.00077
38 0 0.00046
39 0 0.00071
40 0 0.00062
41 0 0.00053
42 0 0.00056
43 0 0.00041
44 0 0.00046
45 0 0.00035
46 0 0.00047
47 0 0.00048
48 0 0.00043
49 0 0.00049
50 0 0.00076
51 0 0.00031
52 0 0.00037
53 0 0.00033
54 0 0.0002
55 0 0.00015
56 0 0.00036
57 0 0.00034
58 0 0.00021
59 0 0.0004
60 0 0.00124
100 0 0
divorce 1 M married
1 0 0.0019
2 0 0.00117
3 0 0.00123
4 0 0.00159
5 0 0.00177
6 0 0.00174
7 0 0.00178
8 0 0.0021
9 0 0.00181
10 0 0.00161
11 0 0.00153
12 0 0.00149
13 0 0.00142
14 0 0.00142
15 0 0.00121
16 0 0.00123
17 0 0.00098
18 0 0.00125
19 0 0.00135
20 0 0.0012
21 0 0.00137
22 0 0.00129
23 0 0.00106
24 0 0.00089
25 0 0.00103
26 0 0.00102
27 0 0.00106
28 0 0.00095
29 0 0.0009
30 0 0.00082
31 0 0.00077
32 0 0.00088
33 0 0.00072
34 0 0.0007
35 0 0.00058
36 0 0.00079
37 0 0.00077
38 0 0.00046
39 0 0.00071
40 0 0.00062
41 0 0.00053
42 0 0.00056
43 0 0.00041
44 0 0.00046
45 0 0.00035
46 0 0.00047
47 0 0.00048
48 0 0.00043
49 0 0.00049
50 0 0.00076
51 0 0.00031
52 0 0.00037
53 0 0.00033
54 0 0.0002
55 0 0.00015
56 0 0.00036
57 0 0.00034
58 0 0.00021
59 0 0.0004
60 0 0.00124
100 0 0
