*marriage rate file for black in year 2058, quadruple divorce
marriage_queues 2
marriage_eval preference
marriage_peak_age 0
marriage_agedif_max 240
*marriage rates ~ 60% start marriage search btwn 15 and median age, then prop by 35, then prop by 45
marriage 1 F single
15 0 0.000
34 0 0.00189
45 0 0.00471
100 0 0.0005
marriage 1 M single
16 0 0.000
34 0 0.00165
45 0 0.00471
100 0 0.0005
marriage 1 F widowed
15 0 0.000
100 0 0.00249
marriage 1 M widowed
15 0 0.000
100 0 0.00381
marriage 1 F divorced
15 0 0.000
100 0 0.00249
marriage 1 M divorced
15 0 0.000
100 0 0.00381
divorce 1 F married
1 0 0.0043
2 0 0.00264
3 0 0.00279
4 0 0.00359
5 0 0.00401
6 0 0.00394
7 0 0.00403
8 0 0.00477
9 0 0.0041
10 0 0.00364
11 0 0.00347
12 0 0.00336
13 0 0.00322
14 0 0.00322
15 0 0.00273
16 0 0.00278
17 0 0.00222
18 0 0.00281
19 0 0.00305
20 0 0.00272
21 0 0.0031
22 0 0.00292
23 0 0.0024
24 0 0.00201
25 0 0.00233
26 0 0.00229
27 0 0.0024
28 0 0.00215
29 0 0.00203
30 0 0.00185
31 0 0.00173
32 0 0.00199
33 0 0.00162
34 0 0.00157
35 0 0.0013
36 0 0.00178
37 0 0.00174
38 0 0.00102
39 0 0.00161
40 0 0.00139
41 0 0.00119
42 0 0.00127
43 0 0.00091
44 0 0.00104
45 0 0.00079
46 0 0.00107
47 0 0.00108
48 0 0.00097
49 0 0.00111
50 0 0.0017
51 0 0.0007
52 0 0.00084
53 0 0.00074
54 0 0.00045
55 0 0.00033
56 0 0.0008
57 0 0.00076
58 0 0.00048
59 0 0.00089
60 0 0.00279
100 0 0
divorce 1 M married
1 0 0.0043
2 0 0.00264
3 0 0.00279
4 0 0.00359
5 0 0.00401
6 0 0.00394
7 0 0.00403
8 0 0.00477
9 0 0.0041
10 0 0.00364
11 0 0.00347
12 0 0.00336
13 0 0.00322
14 0 0.00322
15 0 0.00273
16 0 0.00278
17 0 0.00222
18 0 0.00281
19 0 0.00305
20 0 0.00272
21 0 0.0031
22 0 0.00292
23 0 0.0024
24 0 0.00201
25 0 0.00233
26 0 0.00229
27 0 0.0024
28 0 0.00215
29 0 0.00203
30 0 0.00185
31 0 0.00173
32 0 0.00199
33 0 0.00162
34 0 0.00157
35 0 0.0013
36 0 0.00178
37 0 0.00174
38 0 0.00102
39 0 0.00161
40 0 0.00139
41 0 0.00119
42 0 0.00127
43 0 0.00091
44 0 0.00104
45 0 0.00079
46 0 0.00107
47 0 0.00108
48 0 0.00097
49 0 0.00111
50 0 0.0017
51 0 0.0007
52 0 0.00084
53 0 0.00074
54 0 0.00045
55 0 0.00033
56 0 0.0008
57 0 0.00076
58 0 0.00048
59 0 0.00089
60 0 0.00279
100 0 0
