*marriage rate file for black in year 2025, quadruple divorce
marriage_queues 2
marriage_eval preference
marriage_peak_age 12
marriage_agedif_max 240
*marriage rates ~ 60% start marriage search btwn 15 and median age, then prop by 35, then prop by 45
marriage 1 F single
15 0 0.000
32 0 0.00211
45 0 0.00821
100 0 0.0005
marriage 1 M single
16 0 0.000
33 0 0.00175
45 0 0.00821
100 0 0.0005
marriage 1 F widowed
15 0 0.000
100 0 0.00249
marriage 1 M widowed
15 0 0.000
100 0 0.00381
marriage 1 F divorced
15 0 0.000
100 0 0.00249
marriage 1 M divorced
15 0 0.000
100 0 0.00381
divorce 1 F married
1 0 0.00168
2 0 0.00104
3 0 0.0011
4 0 0.00141
5 0 0.00157
6 0 0.00154
7 0 0.00158
8 0 0.00186
9 0 0.0016
10 0 0.00143
11 0 0.00136
12 0 0.00132
13 0 0.00127
14 0 0.00127
15 0 0.00107
16 0 0.00109
17 0 0.00087
18 0 0.00111
19 0 0.0012
20 0 0.00107
21 0 0.00122
22 0 0.00115
23 0 0.00094
24 0 0.00079
25 0 0.00092
26 0 0.0009
27 0 0.00095
28 0 0.00085
29 0 0.0008
30 0 0.00073
31 0 0.00068
32 0 0.00078
33 0 0.00064
34 0 0.00062
35 0 0.00051
36 0 0.0007
37 0 0.00068
38 0 0.0004
39 0 0.00063
40 0 0.00055
41 0 0.00047
42 0 0.0005
43 0 0.00036
44 0 0.00041
45 0 0.00031
46 0 0.00042
47 0 0.00043
48 0 0.00039
49 0 0.00044
50 0 0.00067
51 0 0.00028
52 0 0.00033
53 0 0.00029
54 0 0.00018
55 0 0.00013
56 0 0.00032
57 0 0.0003
58 0 0.00019
59 0 0.00035
60 0 0.0011
100 0 0
divorce 1 M married
1 0 0.00168
2 0 0.00104
3 0 0.0011
4 0 0.00141
5 0 0.00157
6 0 0.00154
7 0 0.00158
8 0 0.00186
9 0 0.0016
10 0 0.00143
11 0 0.00136
12 0 0.00132
13 0 0.00127
14 0 0.00127
15 0 0.00107
16 0 0.00109
17 0 0.00087
18 0 0.00111
19 0 0.0012
20 0 0.00107
21 0 0.00122
22 0 0.00115
23 0 0.00094
24 0 0.00079
25 0 0.00092
26 0 0.0009
27 0 0.00095
28 0 0.00085
29 0 0.0008
30 0 0.00073
31 0 0.00068
32 0 0.00078
33 0 0.00064
34 0 0.00062
35 0 0.00051
36 0 0.0007
37 0 0.00068
38 0 0.0004
39 0 0.00063
40 0 0.00055
41 0 0.00047
42 0 0.0005
43 0 0.00036
44 0 0.00041
45 0 0.00031
46 0 0.00042
47 0 0.00043
48 0 0.00039
49 0 0.00044
50 0 0.00067
51 0 0.00028
52 0 0.00033
53 0 0.00029
54 0 0.00018
55 0 0.00013
56 0 0.00032
57 0 0.0003
58 0 0.00019
59 0 0.00035
60 0 0.0011
100 0 0
