*marriage rate file for black in year 1885
marriage_queues 2
marriage_eval preference
marriage_peak_age 36
marriage_agedif_max 240
*marriage rates ~ 60% start marriage search btwn 15 and median age, then prop by 35, then prop by 45
marriage 1 F single
15 0 0.000
22 0 0.00822
45 0 0.01332
100 0 0.0005
marriage 1 M single
16 0 0.000
25 0 0.00552
45 0 0.01165
100 0 0.0005
marriage 1 F widowed
15 0 0.000
100 0 0.00249
marriage 1 M widowed
15 0 0.000
100 0 0.00381
marriage 1 F divorced
15 0 0.000
100 0 0.00249
marriage 1 M divorced
15 0 0.000
100 0 0.00381
divorce 1 F married
1 0 0.00014
2 0 0.00008
3 0 0.00009
4 0 0.00011
5 0 0.00013
6 0 0.00013
7 0 0.00013
8 0 0.00015
9 0 0.00013
10 0 0.00012
11 0 0.00011
12 0 0.00011
13 0 0.0001
14 0 0.0001
15 0 0.00009
16 0 0.00009
17 0 0.00007
18 0 0.00009
19 0 0.0001
20 0 0.00009
21 0 0.0001
22 0 0.00009
23 0 0.00008
24 0 0.00006
25 0 0.00008
26 0 0.00007
27 0 0.00008
28 0 0.00007
29 0 0.00007
30 0 0.00006
31 0 0.00006
32 0 0.00006
33 0 0.00005
34 0 0.00005
35 0 0.00004
36 0 0.00006
37 0 0.00006
38 0 0.00003
39 0 0.00005
40 0 0.00004
41 0 0.00004
42 0 0.00004
43 0 0.00003
44 0 0.00003
45 0 0.00003
46 0 0.00003
47 0 0.00004
48 0 0.00003
49 0 0.00004
50 0 0.00005
51 0 0.00002
52 0 0.00003
53 0 0.00002
54 0 0.00001
55 0 0.00001
56 0 0.00003
57 0 0.00002
58 0 0.00002
59 0 0.00003
60 0 0.00009
100 0 0
divorce 1 M married
1 0 0.00014
2 0 0.00008
3 0 0.00009
4 0 0.00011
5 0 0.00013
6 0 0.00013
7 0 0.00013
8 0 0.00015
9 0 0.00013
10 0 0.00012
11 0 0.00011
12 0 0.00011
13 0 0.0001
14 0 0.0001
15 0 0.00009
16 0 0.00009
17 0 0.00007
18 0 0.00009
19 0 0.0001
20 0 0.00009
21 0 0.0001
22 0 0.00009
23 0 0.00008
24 0 0.00006
25 0 0.00008
26 0 0.00007
27 0 0.00008
28 0 0.00007
29 0 0.00007
30 0 0.00006
31 0 0.00006
32 0 0.00006
33 0 0.00005
34 0 0.00005
35 0 0.00004
36 0 0.00006
37 0 0.00006
38 0 0.00003
39 0 0.00005
40 0 0.00004
41 0 0.00004
42 0 0.00004
43 0 0.00003
44 0 0.00003
45 0 0.00003
46 0 0.00003
47 0 0.00004
48 0 0.00003
49 0 0.00004
50 0 0.00005
51 0 0.00002
52 0 0.00003
53 0 0.00002
54 0 0.00001
55 0 0.00001
56 0 0.00003
57 0 0.00002
58 0 0.00002
59 0 0.00003
60 0 0.00009
100 0 0
