*marriage rate file for black in year 1978, constant divorce
marriage_queues 2
marriage_eval preference
marriage_peak_age 12
marriage_agedif_max 240
*marriage rates ~ 60% start marriage search btwn 15 and median age, then prop by 35, then prop by 45
marriage 1 F single
15 0 0.000
25 0 0.00576
45 0 0.01172
100 0 0.0005
marriage 1 M single
16 0 0.000
26 0 0.00497
45 0 0.01102
100 0 0.0005
marriage 1 F widowed
15 0 0.000
100 0 0.00249
marriage 1 M widowed
15 0 0.000
100 0 0.00381
marriage 1 F divorced
15 0 0.000
100 0 0.00249
marriage 1 M divorced
15 0 0.000
100 0 0.00381
divorce 1 F married
1 0 0.00175
2 0 0.00108
3 0 0.00114
4 0 0.00147
5 0 0.00164
6 0 0.00161
7 0 0.00164
8 0 0.00194
9 0 0.00167
10 0 0.00149
11 0 0.00142
12 0 0.00137
13 0 0.00132
14 0 0.00132
15 0 0.00112
16 0 0.00114
17 0 0.00091
18 0 0.00115
19 0 0.00125
20 0 0.00111
21 0 0.00127
22 0 0.0012
23 0 0.00098
24 0 0.00082
25 0 0.00096
26 0 0.00094
27 0 0.00099
28 0 0.00088
29 0 0.00083
30 0 0.00076
31 0 0.00071
32 0 0.00082
33 0 0.00067
34 0 0.00065
35 0 0.00054
36 0 0.00073
37 0 0.00071
38 0 0.00042
39 0 0.00066
40 0 0.00057
41 0 0.00049
42 0 0.00052
43 0 0.00038
44 0 0.00043
45 0 0.00033
46 0 0.00044
47 0 0.00045
48 0 0.0004
49 0 0.00046
50 0 0.0007
51 0 0.00029
52 0 0.00035
53 0 0.00031
54 0 0.00019
55 0 0.00014
56 0 0.00033
57 0 0.00031
58 0 0.0002
59 0 0.00037
60 0 0.00114
100 0 0
divorce 1 M married
1 0 0.00175
2 0 0.00108
3 0 0.00114
4 0 0.00147
5 0 0.00164
6 0 0.00161
7 0 0.00164
8 0 0.00194
9 0 0.00167
10 0 0.00149
11 0 0.00142
12 0 0.00137
13 0 0.00132
14 0 0.00132
15 0 0.00112
16 0 0.00114
17 0 0.00091
18 0 0.00115
19 0 0.00125
20 0 0.00111
21 0 0.00127
22 0 0.0012
23 0 0.00098
24 0 0.00082
25 0 0.00096
26 0 0.00094
27 0 0.00099
28 0 0.00088
29 0 0.00083
30 0 0.00076
31 0 0.00071
32 0 0.00082
33 0 0.00067
34 0 0.00065
35 0 0.00054
36 0 0.00073
37 0 0.00071
38 0 0.00042
39 0 0.00066
40 0 0.00057
41 0 0.00049
42 0 0.00052
43 0 0.00038
44 0 0.00043
45 0 0.00033
46 0 0.00044
47 0 0.00045
48 0 0.0004
49 0 0.00046
50 0 0.0007
51 0 0.00029
52 0 0.00035
53 0 0.00031
54 0 0.00019
55 0 0.00014
56 0 0.00033
57 0 0.00031
58 0 0.0002
59 0 0.00037
60 0 0.00114
100 0 0
