*marriage rate file for black in year 2060, quadruple divorce
marriage_queues 2
marriage_eval preference
marriage_peak_age 0
marriage_agedif_max 240
*marriage rates ~ 60% start marriage search btwn 15 and median age, then prop by 35, then prop by 45
marriage 1 F single
15 0 0.000
34 0 0.00189
45 0 0.00452
100 0 0.0005
marriage 1 M single
16 0 0.000
34 0 0.00165
45 0 0.00452
100 0 0.0005
marriage 1 F widowed
15 0 0.000
100 0 0.00249
marriage 1 M widowed
15 0 0.000
100 0 0.00381
marriage 1 F divorced
15 0 0.000
100 0 0.00249
marriage 1 M divorced
15 0 0.000
100 0 0.00381
divorce 1 F married
1 0 0.00449
2 0 0.00275
3 0 0.00291
4 0 0.00375
5 0 0.00418
6 0 0.00411
7 0 0.0042
8 0 0.00497
9 0 0.00427
10 0 0.0038
11 0 0.00361
12 0 0.0035
13 0 0.00336
14 0 0.00336
15 0 0.00285
16 0 0.0029
17 0 0.00231
18 0 0.00293
19 0 0.00318
20 0 0.00283
21 0 0.00323
22 0 0.00304
23 0 0.0025
24 0 0.00209
25 0 0.00243
26 0 0.00239
27 0 0.0025
28 0 0.00224
29 0 0.00211
30 0 0.00193
31 0 0.0018
32 0 0.00207
33 0 0.00169
34 0 0.00164
35 0 0.00135
36 0 0.00186
37 0 0.00181
38 0 0.00107
39 0 0.00167
40 0 0.00145
41 0 0.00124
42 0 0.00132
43 0 0.00095
44 0 0.00108
45 0 0.00082
46 0 0.00111
47 0 0.00113
48 0 0.00101
49 0 0.00116
50 0 0.00178
51 0 0.00073
52 0 0.00088
53 0 0.00077
54 0 0.00047
55 0 0.00034
56 0 0.00083
57 0 0.00079
58 0 0.0005
59 0 0.00093
60 0 0.00291
100 0 0
divorce 1 M married
1 0 0.00449
2 0 0.00275
3 0 0.00291
4 0 0.00375
5 0 0.00418
6 0 0.00411
7 0 0.0042
8 0 0.00497
9 0 0.00427
10 0 0.0038
11 0 0.00361
12 0 0.0035
13 0 0.00336
14 0 0.00336
15 0 0.00285
16 0 0.0029
17 0 0.00231
18 0 0.00293
19 0 0.00318
20 0 0.00283
21 0 0.00323
22 0 0.00304
23 0 0.0025
24 0 0.00209
25 0 0.00243
26 0 0.00239
27 0 0.0025
28 0 0.00224
29 0 0.00211
30 0 0.00193
31 0 0.0018
32 0 0.00207
33 0 0.00169
34 0 0.00164
35 0 0.00135
36 0 0.00186
37 0 0.00181
38 0 0.00107
39 0 0.00167
40 0 0.00145
41 0 0.00124
42 0 0.00132
43 0 0.00095
44 0 0.00108
45 0 0.00082
46 0 0.00111
47 0 0.00113
48 0 0.00101
49 0 0.00116
50 0 0.00178
51 0 0.00073
52 0 0.00088
53 0 0.00077
54 0 0.00047
55 0 0.00034
56 0 0.00083
57 0 0.00079
58 0 0.0005
59 0 0.00093
60 0 0.00291
100 0 0
