*marriage rate file for black in year 2015, double divorce
marriage_queues 2
marriage_eval preference
marriage_peak_age 12
marriage_agedif_max 240
*marriage rates ~ 60% start marriage search btwn 15 and median age, then prop by 35, then prop by 45
marriage 1 F single
15 0 0.000
31 0 0.00224
45 0 0.00924
100 0 0.0005
marriage 1 M single
16 0 0.000
32 0 0.00186
45 0 0.00924
100 0 0.0005
marriage 1 F widowed
15 0 0.000
100 0 0.00249
marriage 1 M widowed
15 0 0.000
100 0 0.00381
marriage 1 F divorced
15 0 0.000
100 0 0.00249
marriage 1 M divorced
15 0 0.000
100 0 0.00381
divorce 1 F married
1 0 0.00115
2 0 0.00071
3 0 0.00075
4 0 0.00097
5 0 0.00108
6 0 0.00106
7 0 0.00108
8 0 0.00128
9 0 0.0011
10 0 0.00098
11 0 0.00093
12 0 0.0009
13 0 0.00087
14 0 0.00087
15 0 0.00074
16 0 0.00075
17 0 0.0006
18 0 0.00076
19 0 0.00082
20 0 0.00073
21 0 0.00084
22 0 0.00079
23 0 0.00065
24 0 0.00054
25 0 0.00063
26 0 0.00062
27 0 0.00065
28 0 0.00058
29 0 0.00055
30 0 0.0005
31 0 0.00047
32 0 0.00054
33 0 0.00044
34 0 0.00043
35 0 0.00035
36 0 0.00048
37 0 0.00047
38 0 0.00028
39 0 0.00044
40 0 0.00038
41 0 0.00032
42 0 0.00034
43 0 0.00025
44 0 0.00028
45 0 0.00021
46 0 0.00029
47 0 0.00029
48 0 0.00026
49 0 0.0003
50 0 0.00046
51 0 0.00019
52 0 0.00023
53 0 0.0002
54 0 0.00012
55 0 0.00009
56 0 0.00022
57 0 0.00021
58 0 0.00013
59 0 0.00024
60 0 0.00075
100 0 0
divorce 1 M married
1 0 0.00115
2 0 0.00071
3 0 0.00075
4 0 0.00097
5 0 0.00108
6 0 0.00106
7 0 0.00108
8 0 0.00128
9 0 0.0011
10 0 0.00098
11 0 0.00093
12 0 0.0009
13 0 0.00087
14 0 0.00087
15 0 0.00074
16 0 0.00075
17 0 0.0006
18 0 0.00076
19 0 0.00082
20 0 0.00073
21 0 0.00084
22 0 0.00079
23 0 0.00065
24 0 0.00054
25 0 0.00063
26 0 0.00062
27 0 0.00065
28 0 0.00058
29 0 0.00055
30 0 0.0005
31 0 0.00047
32 0 0.00054
33 0 0.00044
34 0 0.00043
35 0 0.00035
36 0 0.00048
37 0 0.00047
38 0 0.00028
39 0 0.00044
40 0 0.00038
41 0 0.00032
42 0 0.00034
43 0 0.00025
44 0 0.00028
45 0 0.00021
46 0 0.00029
47 0 0.00029
48 0 0.00026
49 0 0.0003
50 0 0.00046
51 0 0.00019
52 0 0.00023
53 0 0.0002
54 0 0.00012
55 0 0.00009
56 0 0.00022
57 0 0.00021
58 0 0.00013
59 0 0.00024
60 0 0.00075
100 0 0
