*marriage rate file for black in year 2059, quadruple divorce
marriage_queues 2
marriage_eval preference
marriage_peak_age 0
marriage_agedif_max 240
*marriage rates ~ 60% start marriage search btwn 15 and median age, then prop by 35, then prop by 45
marriage 1 F single
15 0 0.000
34 0 0.00189
45 0 0.00462
100 0 0.0005
marriage 1 M single
16 0 0.000
34 0 0.00165
45 0 0.00462
100 0 0.0005
marriage 1 F widowed
15 0 0.000
100 0 0.00249
marriage 1 M widowed
15 0 0.000
100 0 0.00381
marriage 1 F divorced
15 0 0.000
100 0 0.00249
marriage 1 M divorced
15 0 0.000
100 0 0.00381
divorce 1 F married
1 0 0.00439
2 0 0.00269
3 0 0.00285
4 0 0.00367
5 0 0.00409
6 0 0.00402
7 0 0.00411
8 0 0.00487
9 0 0.00419
10 0 0.00372
11 0 0.00354
12 0 0.00343
13 0 0.00329
14 0 0.00329
15 0 0.00279
16 0 0.00284
17 0 0.00226
18 0 0.00287
19 0 0.00312
20 0 0.00277
21 0 0.00317
22 0 0.00298
23 0 0.00245
24 0 0.00205
25 0 0.00238
26 0 0.00234
27 0 0.00245
28 0 0.00219
29 0 0.00207
30 0 0.00189
31 0 0.00177
32 0 0.00203
33 0 0.00165
34 0 0.0016
35 0 0.00133
36 0 0.00182
37 0 0.00177
38 0 0.00104
39 0 0.00164
40 0 0.00142
41 0 0.00121
42 0 0.00129
43 0 0.00093
44 0 0.00106
45 0 0.00081
46 0 0.00109
47 0 0.00111
48 0 0.00099
49 0 0.00113
50 0 0.00174
51 0 0.00071
52 0 0.00086
53 0 0.00076
54 0 0.00046
55 0 0.00034
56 0 0.00082
57 0 0.00077
58 0 0.00049
59 0 0.00091
60 0 0.00285
100 0 0
divorce 1 M married
1 0 0.00439
2 0 0.00269
3 0 0.00285
4 0 0.00367
5 0 0.00409
6 0 0.00402
7 0 0.00411
8 0 0.00487
9 0 0.00419
10 0 0.00372
11 0 0.00354
12 0 0.00343
13 0 0.00329
14 0 0.00329
15 0 0.00279
16 0 0.00284
17 0 0.00226
18 0 0.00287
19 0 0.00312
20 0 0.00277
21 0 0.00317
22 0 0.00298
23 0 0.00245
24 0 0.00205
25 0 0.00238
26 0 0.00234
27 0 0.00245
28 0 0.00219
29 0 0.00207
30 0 0.00189
31 0 0.00177
32 0 0.00203
33 0 0.00165
34 0 0.0016
35 0 0.00133
36 0 0.00182
37 0 0.00177
38 0 0.00104
39 0 0.00164
40 0 0.00142
41 0 0.00121
42 0 0.00129
43 0 0.00093
44 0 0.00106
45 0 0.00081
46 0 0.00109
47 0 0.00111
48 0 0.00099
49 0 0.00113
50 0 0.00174
51 0 0.00071
52 0 0.00086
53 0 0.00076
54 0 0.00046
55 0 0.00034
56 0 0.00082
57 0 0.00077
58 0 0.00049
59 0 0.00091
60 0 0.00285
100 0 0
