*marriage rate file for black in year 1915, constant divorce
marriage_queues 2
marriage_eval preference
marriage_peak_age 42
marriage_agedif_max 240
*marriage rates ~ 60% start marriage search btwn 15 and median age, then prop by 35, then prop by 45
marriage 1 F single
15 0 0.000
21 0 0.00958
45 0 0.01332
100 0 0.0005
marriage 1 M single
16 0 0.000
25 0 0.00552
45 0 0.01132
100 0 0.0005
marriage 1 F widowed
15 0 0.000
100 0 0.00249
marriage 1 M widowed
15 0 0.000
100 0 0.00381
marriage 1 F divorced
15 0 0.000
100 0 0.00249
marriage 1 M divorced
15 0 0.000
100 0 0.00381
divorce 1 F married
1 0 0.00034
2 0 0.00021
3 0 0.00022
4 0 0.00029
5 0 0.00032
6 0 0.00031
7 0 0.00032
8 0 0.00038
9 0 0.00033
10 0 0.00029
11 0 0.00028
12 0 0.00027
13 0 0.00026
14 0 0.00026
15 0 0.00022
16 0 0.00022
17 0 0.00018
18 0 0.00023
19 0 0.00024
20 0 0.00022
21 0 0.00025
22 0 0.00023
23 0 0.00019
24 0 0.00016
25 0 0.00019
26 0 0.00018
27 0 0.00019
28 0 0.00017
29 0 0.00016
30 0 0.00015
31 0 0.00014
32 0 0.00016
33 0 0.00013
34 0 0.00013
35 0 0.00011
36 0 0.00014
37 0 0.00014
38 0 0.00008
39 0 0.00013
40 0 0.00011
41 0 0.0001
42 0 0.0001
43 0 0.00007
44 0 0.00008
45 0 0.00006
46 0 0.00009
47 0 0.00009
48 0 0.00008
49 0 0.00009
50 0 0.00014
51 0 0.00006
52 0 0.00007
53 0 0.00006
54 0 0.00004
55 0 0.00003
56 0 0.00006
57 0 0.00006
58 0 0.00004
59 0 0.00007
60 0 0.00022
100 0 0
divorce 1 M married
1 0 0.00034
2 0 0.00021
3 0 0.00022
4 0 0.00029
5 0 0.00032
6 0 0.00031
7 0 0.00032
8 0 0.00038
9 0 0.00033
10 0 0.00029
11 0 0.00028
12 0 0.00027
13 0 0.00026
14 0 0.00026
15 0 0.00022
16 0 0.00022
17 0 0.00018
18 0 0.00023
19 0 0.00024
20 0 0.00022
21 0 0.00025
22 0 0.00023
23 0 0.00019
24 0 0.00016
25 0 0.00019
26 0 0.00018
27 0 0.00019
28 0 0.00017
29 0 0.00016
30 0 0.00015
31 0 0.00014
32 0 0.00016
33 0 0.00013
34 0 0.00013
35 0 0.00011
36 0 0.00014
37 0 0.00014
38 0 0.00008
39 0 0.00013
40 0 0.00011
41 0 0.0001
42 0 0.0001
43 0 0.00007
44 0 0.00008
45 0 0.00006
46 0 0.00009
47 0 0.00009
48 0 0.00008
49 0 0.00009
50 0 0.00014
51 0 0.00006
52 0 0.00007
53 0 0.00006
54 0 0.00004
55 0 0.00003
56 0 0.00006
57 0 0.00006
58 0 0.00004
59 0 0.00007
60 0 0.00022
100 0 0
