*marriage rate file for black in year 2003, quadruple divorce
marriage_queues 2
marriage_eval preference
marriage_peak_age -5
marriage_agedif_max 240
*marriage rates ~ 60% start marriage search btwn 15 and median age, then prop by 35, then prop by 45
marriage 1 F single
15 0 0.000
29 0 0.00256
45 0 0.00922
100 0 0.0005
marriage 1 M single
16 0 0.000
28 0 0.00247
45 0 0.00922
100 0 0.0005
marriage 1 F widowed
15 0 0.000
100 0 0.00249
marriage 1 M widowed
15 0 0.000
100 0 0.00381
marriage 1 F divorced
15 0 0.000
100 0 0.00249
marriage 1 M divorced
15 0 0.000
100 0 0.00381
divorce 1 F married
1 0 0.00131
2 0 0.00081
3 0 0.00085
4 0 0.0011
5 0 0.00122
6 0 0.0012
7 0 0.00123
8 0 0.00145
9 0 0.00125
10 0 0.00111
11 0 0.00106
12 0 0.00103
13 0 0.00098
14 0 0.00098
15 0 0.00084
16 0 0.00085
17 0 0.00068
18 0 0.00086
19 0 0.00093
20 0 0.00083
21 0 0.00095
22 0 0.00089
23 0 0.00073
24 0 0.00062
25 0 0.00072
26 0 0.0007
27 0 0.00074
28 0 0.00066
29 0 0.00062
30 0 0.00057
31 0 0.00053
32 0 0.00061
33 0 0.0005
34 0 0.00048
35 0 0.0004
36 0 0.00055
37 0 0.00053
38 0 0.00032
39 0 0.00049
40 0 0.00043
41 0 0.00037
42 0 0.00039
43 0 0.00028
44 0 0.00032
45 0 0.00024
46 0 0.00033
47 0 0.00033
48 0 0.0003
49 0 0.00034
50 0 0.00052
51 0 0.00021
52 0 0.00026
53 0 0.00023
54 0 0.00014
55 0 0.0001
56 0 0.00025
57 0 0.00023
58 0 0.00015
59 0 0.00027
60 0 0.00085
100 0 0
divorce 1 M married
1 0 0.00131
2 0 0.00081
3 0 0.00085
4 0 0.0011
5 0 0.00122
6 0 0.0012
7 0 0.00123
8 0 0.00145
9 0 0.00125
10 0 0.00111
11 0 0.00106
12 0 0.00103
13 0 0.00098
14 0 0.00098
15 0 0.00084
16 0 0.00085
17 0 0.00068
18 0 0.00086
19 0 0.00093
20 0 0.00083
21 0 0.00095
22 0 0.00089
23 0 0.00073
24 0 0.00062
25 0 0.00072
26 0 0.0007
27 0 0.00074
28 0 0.00066
29 0 0.00062
30 0 0.00057
31 0 0.00053
32 0 0.00061
33 0 0.0005
34 0 0.00048
35 0 0.0004
36 0 0.00055
37 0 0.00053
38 0 0.00032
39 0 0.00049
40 0 0.00043
41 0 0.00037
42 0 0.00039
43 0 0.00028
44 0 0.00032
45 0 0.00024
46 0 0.00033
47 0 0.00033
48 0 0.0003
49 0 0.00034
50 0 0.00052
51 0 0.00021
52 0 0.00026
53 0 0.00023
54 0 0.00014
55 0 0.0001
56 0 0.00025
57 0 0.00023
58 0 0.00015
59 0 0.00027
60 0 0.00085
100 0 0
