*marriage rate file for white in year 2037, quadruple divorce
marriage_queues 2
marriage_eval preference
marriage_peak_age 24
marriage_agedif_max 240
*marriage rates ~ 60% start marriage search btwn 15 and median age, then prop by 35, then prop by 45
marriage 1 F single
15 0 0.000
29 0 0.00355
45 0 0.01443
100 0 0.0005
marriage 1 M single
16 0 0.000
31 0 0.00283
45 0 0.01046
100 0 0.0005
marriage 1 F widowed
15 0 0.000
100 0 0.00436
marriage 1 M widowed
15 0 0.000
100 0 0.00536
marriage 1 F divorced
15 0 0.000
100 0 0.00436
marriage 1 M divorced
15 0 0.000
100 0 0.00536
divorce 1 F married
1 0 0.00218
2 0 0.00142
3 0 0.00167
4 0 0.00172
5 0 0.00185
6 0 0.00182
7 0 0.00164
8 0 0.00157
9 0 0.00145
10 0 0.0015
11 0 0.00146
12 0 0.00138
13 0 0.00124
14 0 0.00123
15 0 0.00112
16 0 0.00118
17 0 0.00107
18 0 0.00107
19 0 0.00103
20 0 0.00098
21 0 0.00096
22 0 0.00088
23 0 0.00089
24 0 0.00084
25 0 0.00081
26 0 0.00082
27 0 0.00071
28 0 0.00066
29 0 0.00059
30 0 0.00061
31 0 0.00053
32 0 0.00046
33 0 0.00043
34 0 0.00043
35 0 0.00038
36 0 0.0003
37 0 0.00028
38 0 0.00031
39 0 0.00026
40 0 0.00024
41 0 0.00023
42 0 0.00024
43 0 0.00021
44 0 0.00017
45 0 0.00015
46 0 0.00014
47 0 0.00015
48 0 0.00012
49 0 0.00012
50 0 0.00013
51 0 0.00011
52 0 0.00012
53 0 0.00009
54 0 0.00008
55 0 0.0001
56 0 0.00004
57 0 0.00008
58 0 0.00006
59 0 0.00002
60 0 0.00055
100 0 0
divorce 1 M married
1 0 0.00218
2 0 0.00142
3 0 0.00167
4 0 0.00172
5 0 0.00185
6 0 0.00182
7 0 0.00164
8 0 0.00157
9 0 0.00145
10 0 0.0015
11 0 0.00146
12 0 0.00138
13 0 0.00124
14 0 0.00123
15 0 0.00112
16 0 0.00118
17 0 0.00107
18 0 0.00107
19 0 0.00103
20 0 0.00098
21 0 0.00096
22 0 0.00088
23 0 0.00089
24 0 0.00084
25 0 0.00081
26 0 0.00082
27 0 0.00071
28 0 0.00066
29 0 0.00059
30 0 0.00061
31 0 0.00053
32 0 0.00046
33 0 0.00043
34 0 0.00043
35 0 0.00038
36 0 0.0003
37 0 0.00028
38 0 0.00031
39 0 0.00026
40 0 0.00024
41 0 0.00023
42 0 0.00024
43 0 0.00021
44 0 0.00017
45 0 0.00015
46 0 0.00014
47 0 0.00015
48 0 0.00012
49 0 0.00012
50 0 0.00013
51 0 0.00011
52 0 0.00012
53 0 0.00009
54 0 0.00008
55 0 0.0001
56 0 0.00004
57 0 0.00008
58 0 0.00006
59 0 0.00002
60 0 0.00055
100 0 0
