*marriage rate file for white in year 2050, quadruple divorce
marriage_queues 2
marriage_eval preference
marriage_peak_age 24
marriage_agedif_max 240
*marriage rates ~ 60% start marriage search btwn 15 and median age, then prop by 35, then prop by 45
marriage 1 F single
15 0 0.000
30 0 0.00332
45 0 0.01465
100 0 0.0005
marriage 1 M single
16 0 0.000
32 0 0.00266
45 0 0.00995
100 0 0.0005
marriage 1 F widowed
15 0 0.000
100 0 0.00436
marriage 1 M widowed
15 0 0.000
100 0 0.00536
marriage 1 F divorced
15 0 0.000
100 0 0.00436
marriage 1 M divorced
15 0 0.000
100 0 0.00536
divorce 1 F married
1 0 0.00326
2 0 0.00211
3 0 0.00249
4 0 0.00256
5 0 0.00275
6 0 0.00272
7 0 0.00243
8 0 0.00233
9 0 0.00216
10 0 0.00224
11 0 0.00217
12 0 0.00206
13 0 0.00185
14 0 0.00183
15 0 0.00167
16 0 0.00175
17 0 0.00158
18 0 0.00158
19 0 0.00153
20 0 0.00145
21 0 0.00143
22 0 0.00131
23 0 0.00133
24 0 0.00124
25 0 0.0012
26 0 0.00122
27 0 0.00105
28 0 0.00099
29 0 0.00087
30 0 0.0009
31 0 0.00079
32 0 0.00068
33 0 0.00064
34 0 0.00063
35 0 0.00056
36 0 0.00044
37 0 0.00041
38 0 0.00046
39 0 0.00038
40 0 0.00036
41 0 0.00034
42 0 0.00036
43 0 0.00031
44 0 0.00025
45 0 0.00022
46 0 0.0002
47 0 0.00022
48 0 0.00018
49 0 0.00017
50 0 0.0002
51 0 0.00016
52 0 0.00017
53 0 0.00013
54 0 0.00012
55 0 0.00015
56 0 0.00006
57 0 0.00012
58 0 0.0001
59 0 0.00003
60 0 0.00081
100 0 0
divorce 1 M married
1 0 0.00326
2 0 0.00211
3 0 0.00249
4 0 0.00256
5 0 0.00275
6 0 0.00272
7 0 0.00243
8 0 0.00233
9 0 0.00216
10 0 0.00224
11 0 0.00217
12 0 0.00206
13 0 0.00185
14 0 0.00183
15 0 0.00167
16 0 0.00175
17 0 0.00158
18 0 0.00158
19 0 0.00153
20 0 0.00145
21 0 0.00143
22 0 0.00131
23 0 0.00133
24 0 0.00124
25 0 0.0012
26 0 0.00122
27 0 0.00105
28 0 0.00099
29 0 0.00087
30 0 0.0009
31 0 0.00079
32 0 0.00068
33 0 0.00064
34 0 0.00063
35 0 0.00056
36 0 0.00044
37 0 0.00041
38 0 0.00046
39 0 0.00038
40 0 0.00036
41 0 0.00034
42 0 0.00036
43 0 0.00031
44 0 0.00025
45 0 0.00022
46 0 0.0002
47 0 0.00022
48 0 0.00018
49 0 0.00017
50 0 0.0002
51 0 0.00016
52 0 0.00017
53 0 0.00013
54 0 0.00012
55 0 0.00015
56 0 0.00006
57 0 0.00012
58 0 0.0001
59 0 0.00003
60 0 0.00081
100 0 0
