*marriage rate file for white in year 2027, quadruple divorce
marriage_queues 2
marriage_eval preference
marriage_peak_age 24
marriage_agedif_max 240
*marriage rates ~ 60% start marriage search btwn 15 and median age, then prop by 35, then prop by 45
marriage 1 F single
15 0 0.000
28 0 0.00382
45 0 0.01414
100 0 0.0005
marriage 1 M single
16 0 0.000
30 0 0.00304
45 0 0.01082
100 0 0.0005
marriage 1 F widowed
15 0 0.000
100 0 0.00436
marriage 1 M widowed
15 0 0.000
100 0 0.00536
marriage 1 F divorced
15 0 0.000
100 0 0.00436
marriage 1 M divorced
15 0 0.000
100 0 0.00536
divorce 1 F married
1 0 0.00163
2 0 0.00106
3 0 0.00125
4 0 0.00129
5 0 0.00138
6 0 0.00136
7 0 0.00122
8 0 0.00117
9 0 0.00109
10 0 0.00112
11 0 0.00109
12 0 0.00104
13 0 0.00093
14 0 0.00092
15 0 0.00084
16 0 0.00088
17 0 0.0008
18 0 0.0008
19 0 0.00077
20 0 0.00073
21 0 0.00072
22 0 0.00066
23 0 0.00067
24 0 0.00063
25 0 0.00061
26 0 0.00061
27 0 0.00053
28 0 0.0005
29 0 0.00044
30 0 0.00046
31 0 0.0004
32 0 0.00034
33 0 0.00032
34 0 0.00032
35 0 0.00028
36 0 0.00022
37 0 0.00021
38 0 0.00023
39 0 0.00019
40 0 0.00018
41 0 0.00017
42 0 0.00018
43 0 0.00016
44 0 0.00013
45 0 0.00011
46 0 0.0001
47 0 0.00011
48 0 0.00009
49 0 0.00009
50 0 0.0001
51 0 0.00008
52 0 0.00009
53 0 0.00007
54 0 0.00006
55 0 0.00008
56 0 0.00003
57 0 0.00006
58 0 0.00005
59 0 0.00001
60 0 0.00041
100 0 0
divorce 1 M married
1 0 0.00163
2 0 0.00106
3 0 0.00125
4 0 0.00129
5 0 0.00138
6 0 0.00136
7 0 0.00122
8 0 0.00117
9 0 0.00109
10 0 0.00112
11 0 0.00109
12 0 0.00104
13 0 0.00093
14 0 0.00092
15 0 0.00084
16 0 0.00088
17 0 0.0008
18 0 0.0008
19 0 0.00077
20 0 0.00073
21 0 0.00072
22 0 0.00066
23 0 0.00067
24 0 0.00063
25 0 0.00061
26 0 0.00061
27 0 0.00053
28 0 0.0005
29 0 0.00044
30 0 0.00046
31 0 0.0004
32 0 0.00034
33 0 0.00032
34 0 0.00032
35 0 0.00028
36 0 0.00022
37 0 0.00021
38 0 0.00023
39 0 0.00019
40 0 0.00018
41 0 0.00017
42 0 0.00018
43 0 0.00016
44 0 0.00013
45 0 0.00011
46 0 0.0001
47 0 0.00011
48 0 0.00009
49 0 0.00009
50 0 0.0001
51 0 0.00008
52 0 0.00009
53 0 0.00007
54 0 0.00006
55 0 0.00008
56 0 0.00003
57 0 0.00006
58 0 0.00005
59 0 0.00001
60 0 0.00041
100 0 0
