*marriage rate file for black in year 2037, quadruple divorce
marriage_queues 2
marriage_eval preference
marriage_peak_age 12
marriage_agedif_max 240
*marriage rates ~ 60% start marriage search btwn 15 and median age, then prop by 35, then prop by 45
marriage 1 F single
15 0 0.000
33 0 0.00199
45 0 0.00713
100 0 0.0005
marriage 1 M single
16 0 0.000
34 0 0.00165
45 0 0.00713
100 0 0.0005
marriage 1 F widowed
15 0 0.000
100 0 0.00249
marriage 1 M widowed
15 0 0.000
100 0 0.00381
marriage 1 F divorced
15 0 0.000
100 0 0.00249
marriage 1 M divorced
15 0 0.000
100 0 0.00381
divorce 1 F married
1 0 0.0024
2 0 0.00147
3 0 0.00156
4 0 0.002
5 0 0.00223
6 0 0.00219
7 0 0.00224
8 0 0.00265
9 0 0.00228
10 0 0.00203
11 0 0.00193
12 0 0.00188
13 0 0.0018
14 0 0.0018
15 0 0.00153
16 0 0.00156
17 0 0.00124
18 0 0.00157
19 0 0.0017
20 0 0.00152
21 0 0.00173
22 0 0.00163
23 0 0.00134
24 0 0.00112
25 0 0.0013
26 0 0.00128
27 0 0.00134
28 0 0.0012
29 0 0.00114
30 0 0.00104
31 0 0.00097
32 0 0.00111
33 0 0.00091
34 0 0.00088
35 0 0.00073
36 0 0.001
37 0 0.00097
38 0 0.00057
39 0 0.0009
40 0 0.00078
41 0 0.00067
42 0 0.00071
43 0 0.00051
44 0 0.00058
45 0 0.00044
46 0 0.0006
47 0 0.00061
48 0 0.00055
49 0 0.00062
50 0 0.00095
51 0 0.00039
52 0 0.00047
53 0 0.00042
54 0 0.00025
55 0 0.00019
56 0 0.00045
57 0 0.00042
58 0 0.00027
59 0 0.0005
60 0 0.00156
100 0 0
divorce 1 M married
1 0 0.0024
2 0 0.00147
3 0 0.00156
4 0 0.002
5 0 0.00223
6 0 0.00219
7 0 0.00224
8 0 0.00265
9 0 0.00228
10 0 0.00203
11 0 0.00193
12 0 0.00188
13 0 0.0018
14 0 0.0018
15 0 0.00153
16 0 0.00156
17 0 0.00124
18 0 0.00157
19 0 0.0017
20 0 0.00152
21 0 0.00173
22 0 0.00163
23 0 0.00134
24 0 0.00112
25 0 0.0013
26 0 0.00128
27 0 0.00134
28 0 0.0012
29 0 0.00114
30 0 0.00104
31 0 0.00097
32 0 0.00111
33 0 0.00091
34 0 0.00088
35 0 0.00073
36 0 0.001
37 0 0.00097
38 0 0.00057
39 0 0.0009
40 0 0.00078
41 0 0.00067
42 0 0.00071
43 0 0.00051
44 0 0.00058
45 0 0.00044
46 0 0.0006
47 0 0.00061
48 0 0.00055
49 0 0.00062
50 0 0.00095
51 0 0.00039
52 0 0.00047
53 0 0.00042
54 0 0.00025
55 0 0.00019
56 0 0.00045
57 0 0.00042
58 0 0.00027
59 0 0.0005
60 0 0.00156
100 0 0
