*marriage rate file for white in year 2032, double divorce
marriage_queues 2
marriage_eval preference
marriage_peak_age 24
marriage_agedif_max 240
*marriage rates ~ 60% start marriage search btwn 15 and median age, then prop by 35, then prop by 45
marriage 1 F single
15 0 0.000
28 0 0.00382
45 0 0.0138
100 0 0.0005
marriage 1 M single
16 0 0.000
30 0 0.00304
45 0 0.01027
100 0 0.0005
marriage 1 F widowed
15 0 0.000
100 0 0.00436
marriage 1 M widowed
15 0 0.000
100 0 0.00536
marriage 1 F divorced
15 0 0.000
100 0 0.00436
marriage 1 M divorced
15 0 0.000
100 0 0.00536
divorce 1 F married
1 0 0.00187
2 0 0.00122
3 0 0.00144
4 0 0.00148
5 0 0.00159
6 0 0.00157
7 0 0.0014
8 0 0.00134
9 0 0.00125
10 0 0.00129
11 0 0.00125
12 0 0.00119
13 0 0.00107
14 0 0.00106
15 0 0.00096
16 0 0.00101
17 0 0.00092
18 0 0.00092
19 0 0.00088
20 0 0.00084
21 0 0.00083
22 0 0.00076
23 0 0.00077
24 0 0.00072
25 0 0.0007
26 0 0.0007
27 0 0.00061
28 0 0.00057
29 0 0.00051
30 0 0.00052
31 0 0.00046
32 0 0.00039
33 0 0.00037
34 0 0.00037
35 0 0.00033
36 0 0.00025
37 0 0.00024
38 0 0.00027
39 0 0.00022
40 0 0.00021
41 0 0.0002
42 0 0.00021
43 0 0.00018
44 0 0.00014
45 0 0.00013
46 0 0.00012
47 0 0.00013
48 0 0.0001
49 0 0.0001
50 0 0.00011
51 0 0.0001
52 0 0.0001
53 0 0.00008
54 0 0.00007
55 0 0.00009
56 0 0.00003
57 0 0.00007
58 0 0.00006
59 0 0.00002
60 0 0.00047
100 0 0
divorce 1 M married
1 0 0.00187
2 0 0.00122
3 0 0.00144
4 0 0.00148
5 0 0.00159
6 0 0.00157
7 0 0.0014
8 0 0.00134
9 0 0.00125
10 0 0.00129
11 0 0.00125
12 0 0.00119
13 0 0.00107
14 0 0.00106
15 0 0.00096
16 0 0.00101
17 0 0.00092
18 0 0.00092
19 0 0.00088
20 0 0.00084
21 0 0.00083
22 0 0.00076
23 0 0.00077
24 0 0.00072
25 0 0.0007
26 0 0.0007
27 0 0.00061
28 0 0.00057
29 0 0.00051
30 0 0.00052
31 0 0.00046
32 0 0.00039
33 0 0.00037
34 0 0.00037
35 0 0.00033
36 0 0.00025
37 0 0.00024
38 0 0.00027
39 0 0.00022
40 0 0.00021
41 0 0.0002
42 0 0.00021
43 0 0.00018
44 0 0.00014
45 0 0.00013
46 0 0.00012
47 0 0.00013
48 0 0.0001
49 0 0.0001
50 0 0.00011
51 0 0.0001
52 0 0.0001
53 0 0.00008
54 0 0.00007
55 0 0.00009
56 0 0.00003
57 0 0.00007
58 0 0.00006
59 0 0.00002
60 0 0.00047
100 0 0
