*marriage rate file for white in year 2055, quadruple divorce
marriage_queues 2
marriage_eval preference
marriage_peak_age 24
marriage_agedif_max 240
*marriage rates ~ 60% start marriage search btwn 15 and median age, then prop by 35, then prop by 45
marriage 1 F single
15 0 0.000
31 0 0.00311
45 0 0.01553
100 0 0.0005
marriage 1 M single
16 0 0.000
33 0 0.0025
45 0 0.01031
100 0 0.0005
marriage 1 F widowed
15 0 0.000
100 0 0.00436
marriage 1 M widowed
15 0 0.000
100 0 0.00536
marriage 1 F divorced
15 0 0.000
100 0 0.00436
marriage 1 M divorced
15 0 0.000
100 0 0.00536
divorce 1 F married
1 0 0.00367
2 0 0.00237
3 0 0.00281
4 0 0.00289
5 0 0.0031
6 0 0.00306
7 0 0.00274
8 0 0.00262
9 0 0.00243
10 0 0.00252
11 0 0.00244
12 0 0.00232
13 0 0.00208
14 0 0.00206
15 0 0.00188
16 0 0.00197
17 0 0.00178
18 0 0.00178
19 0 0.00172
20 0 0.00163
21 0 0.00161
22 0 0.00147
23 0 0.00149
24 0 0.0014
25 0 0.00135
26 0 0.00137
27 0 0.00118
28 0 0.00111
29 0 0.00098
30 0 0.00102
31 0 0.00089
32 0 0.00076
33 0 0.00072
34 0 0.00071
35 0 0.00063
36 0 0.00049
37 0 0.00046
38 0 0.00052
39 0 0.00043
40 0 0.00041
41 0 0.00039
42 0 0.0004
43 0 0.00035
44 0 0.00028
45 0 0.00025
46 0 0.00023
47 0 0.00024
48 0 0.0002
49 0 0.00019
50 0 0.00022
51 0 0.00018
52 0 0.0002
53 0 0.00015
54 0 0.00014
55 0 0.00017
56 0 0.00006
57 0 0.00013
58 0 0.00011
59 0 0.00003
60 0 0.00091
100 0 0
divorce 1 M married
1 0 0.00367
2 0 0.00237
3 0 0.00281
4 0 0.00289
5 0 0.0031
6 0 0.00306
7 0 0.00274
8 0 0.00262
9 0 0.00243
10 0 0.00252
11 0 0.00244
12 0 0.00232
13 0 0.00208
14 0 0.00206
15 0 0.00188
16 0 0.00197
17 0 0.00178
18 0 0.00178
19 0 0.00172
20 0 0.00163
21 0 0.00161
22 0 0.00147
23 0 0.00149
24 0 0.0014
25 0 0.00135
26 0 0.00137
27 0 0.00118
28 0 0.00111
29 0 0.00098
30 0 0.00102
31 0 0.00089
32 0 0.00076
33 0 0.00072
34 0 0.00071
35 0 0.00063
36 0 0.00049
37 0 0.00046
38 0 0.00052
39 0 0.00043
40 0 0.00041
41 0 0.00039
42 0 0.0004
43 0 0.00035
44 0 0.00028
45 0 0.00025
46 0 0.00023
47 0 0.00024
48 0 0.0002
49 0 0.00019
50 0 0.00022
51 0 0.00018
52 0 0.0002
53 0 0.00015
54 0 0.00014
55 0 0.00017
56 0 0.00006
57 0 0.00013
58 0 0.00011
59 0 0.00003
60 0 0.00091
100 0 0
