*marriage rate file for white in year 2045, quadruple divorce
marriage_queues 2
marriage_eval preference
marriage_peak_age 24
marriage_agedif_max 240
*marriage rates ~ 60% start marriage search btwn 15 and median age, then prop by 35, then prop by 45
marriage 1 F single
15 0 0.000
30 0 0.00332
45 0 0.01498
100 0 0.0005
marriage 1 M single
16 0 0.000
32 0 0.00266
45 0 0.01042
100 0 0.0005
marriage 1 F widowed
15 0 0.000
100 0 0.00436
marriage 1 M widowed
15 0 0.000
100 0 0.00536
marriage 1 F divorced
15 0 0.000
100 0 0.00436
marriage 1 M divorced
15 0 0.000
100 0 0.00536
divorce 1 F married
1 0 0.00284
2 0 0.00184
3 0 0.00218
4 0 0.00224
5 0 0.0024
6 0 0.00237
7 0 0.00213
8 0 0.00203
9 0 0.00189
10 0 0.00195
11 0 0.0019
12 0 0.0018
13 0 0.00162
14 0 0.0016
15 0 0.00146
16 0 0.00153
17 0 0.00138
18 0 0.00138
19 0 0.00134
20 0 0.00127
21 0 0.00125
22 0 0.00114
23 0 0.00116
24 0 0.00109
25 0 0.00105
26 0 0.00106
27 0 0.00092
28 0 0.00086
29 0 0.00076
30 0 0.00079
31 0 0.00069
32 0 0.00059
33 0 0.00056
34 0 0.00055
35 0 0.00049
36 0 0.00038
37 0 0.00036
38 0 0.00041
39 0 0.00033
40 0 0.00032
41 0 0.0003
42 0 0.00031
43 0 0.00027
44 0 0.00022
45 0 0.00019
46 0 0.00018
47 0 0.00019
48 0 0.00016
49 0 0.00015
50 0 0.00017
51 0 0.00014
52 0 0.00015
53 0 0.00012
54 0 0.00011
55 0 0.00013
56 0 0.00005
57 0 0.0001
58 0 0.00008
59 0 0.00002
60 0 0.00071
100 0 0
divorce 1 M married
1 0 0.00284
2 0 0.00184
3 0 0.00218
4 0 0.00224
5 0 0.0024
6 0 0.00237
7 0 0.00213
8 0 0.00203
9 0 0.00189
10 0 0.00195
11 0 0.0019
12 0 0.0018
13 0 0.00162
14 0 0.0016
15 0 0.00146
16 0 0.00153
17 0 0.00138
18 0 0.00138
19 0 0.00134
20 0 0.00127
21 0 0.00125
22 0 0.00114
23 0 0.00116
24 0 0.00109
25 0 0.00105
26 0 0.00106
27 0 0.00092
28 0 0.00086
29 0 0.00076
30 0 0.00079
31 0 0.00069
32 0 0.00059
33 0 0.00056
34 0 0.00055
35 0 0.00049
36 0 0.00038
37 0 0.00036
38 0 0.00041
39 0 0.00033
40 0 0.00032
41 0 0.0003
42 0 0.00031
43 0 0.00027
44 0 0.00022
45 0 0.00019
46 0 0.00018
47 0 0.00019
48 0 0.00016
49 0 0.00015
50 0 0.00017
51 0 0.00014
52 0 0.00015
53 0 0.00012
54 0 0.00011
55 0 0.00013
56 0 0.00005
57 0 0.0001
58 0 0.00008
59 0 0.00002
60 0 0.00071
100 0 0
