*marriage rate file for black in year 1992
marriage_queues 2
marriage_eval preference
marriage_peak_age 7
marriage_agedif_max 240
*marriage rates ~ 60% start marriage search btwn 15 and median age, then prop by 35, then prop by 45
marriage 1 F single
15 0 0.000
27 0 0.00384
45 0 0.01132
100 0 0.0005
marriage 1 M single
16 0 0.000
28 0 0.00326
45 0 0.01094
100 0 0.0005
marriage 1 F widowed
15 0 0.000
100 0 0.00249
marriage 1 M widowed
15 0 0.000
100 0 0.00381
marriage 1 F divorced
15 0 0.000
100 0 0.00249
marriage 1 M divorced
15 0 0.000
100 0 0.00381
divorce 1 F married
1 0 0.00166
2 0 0.00102
3 0 0.00108
4 0 0.00139
5 0 0.00154
6 0 0.00152
7 0 0.00155
8 0 0.00183
9 0 0.00158
10 0 0.0014
11 0 0.00134
12 0 0.0013
13 0 0.00125
14 0 0.00125
15 0 0.00106
16 0 0.00108
17 0 0.00086
18 0 0.00109
19 0 0.00118
20 0 0.00105
21 0 0.0012
22 0 0.00113
23 0 0.00093
24 0 0.00078
25 0 0.0009
26 0 0.00089
27 0 0.00093
28 0 0.00083
29 0 0.00079
30 0 0.00072
31 0 0.00067
32 0 0.00077
33 0 0.00063
34 0 0.00061
35 0 0.00051
36 0 0.00069
37 0 0.00067
38 0 0.0004
39 0 0.00062
40 0 0.00054
41 0 0.00046
42 0 0.00049
43 0 0.00035
44 0 0.0004
45 0 0.00031
46 0 0.00041
47 0 0.00042
48 0 0.00038
49 0 0.00043
50 0 0.00066
51 0 0.00027
52 0 0.00033
53 0 0.00029
54 0 0.00018
55 0 0.00013
56 0 0.00031
57 0 0.00029
58 0 0.00019
59 0 0.00035
60 0 0.00108
100 0 0
divorce 1 M married
1 0 0.00166
2 0 0.00102
3 0 0.00108
4 0 0.00139
5 0 0.00154
6 0 0.00152
7 0 0.00155
8 0 0.00183
9 0 0.00158
10 0 0.0014
11 0 0.00134
12 0 0.0013
13 0 0.00125
14 0 0.00125
15 0 0.00106
16 0 0.00108
17 0 0.00086
18 0 0.00109
19 0 0.00118
20 0 0.00105
21 0 0.0012
22 0 0.00113
23 0 0.00093
24 0 0.00078
25 0 0.0009
26 0 0.00089
27 0 0.00093
28 0 0.00083
29 0 0.00079
30 0 0.00072
31 0 0.00067
32 0 0.00077
33 0 0.00063
34 0 0.00061
35 0 0.00051
36 0 0.00069
37 0 0.00067
38 0 0.0004
39 0 0.00062
40 0 0.00054
41 0 0.00046
42 0 0.00049
43 0 0.00035
44 0 0.0004
45 0 0.00031
46 0 0.00041
47 0 0.00042
48 0 0.00038
49 0 0.00043
50 0 0.00066
51 0 0.00027
52 0 0.00033
53 0 0.00029
54 0 0.00018
55 0 0.00013
56 0 0.00031
57 0 0.00029
58 0 0.00019
59 0 0.00035
60 0 0.00108
100 0 0
