*marriage rate file for white in year 2024, quadruple divorce
marriage_queues 2
marriage_eval preference
marriage_peak_age 24
marriage_agedif_max 240
*marriage rates ~ 60% start marriage search btwn 15 and median age, then prop by 35, then prop by 45
marriage 1 F single
15 0 0.000
27 0 0.00414
45 0 0.01347
100 0 0.0005
marriage 1 M single
16 0 0.000
29 0 0.00327
45 0 0.01049
100 0 0.0005
marriage 1 F widowed
15 0 0.000
100 0 0.00436
marriage 1 M widowed
15 0 0.000
100 0 0.00536
marriage 1 F divorced
15 0 0.000
100 0 0.00436
marriage 1 M divorced
15 0 0.000
100 0 0.00536
divorce 1 F married
1 0 0.00149
2 0 0.00097
3 0 0.00114
4 0 0.00117
5 0 0.00126
6 0 0.00124
7 0 0.00111
8 0 0.00107
9 0 0.00099
10 0 0.00102
11 0 0.00099
12 0 0.00094
13 0 0.00085
14 0 0.00084
15 0 0.00077
16 0 0.0008
17 0 0.00073
18 0 0.00073
19 0 0.0007
20 0 0.00067
21 0 0.00066
22 0 0.0006
23 0 0.00061
24 0 0.00057
25 0 0.00055
26 0 0.00056
27 0 0.00048
28 0 0.00045
29 0 0.0004
30 0 0.00042
31 0 0.00036
32 0 0.00031
33 0 0.0003
34 0 0.00029
35 0 0.00026
36 0 0.0002
37 0 0.00019
38 0 0.00021
39 0 0.00018
40 0 0.00017
41 0 0.00016
42 0 0.00017
43 0 0.00014
44 0 0.00011
45 0 0.0001
46 0 0.00009
47 0 0.0001
48 0 0.00008
49 0 0.00008
50 0 0.00009
51 0 0.00008
52 0 0.00008
53 0 0.00006
54 0 0.00006
55 0 0.00007
56 0 0.00003
57 0 0.00005
58 0 0.00004
59 0 0.00001
60 0 0.00037
100 0 0
divorce 1 M married
1 0 0.00149
2 0 0.00097
3 0 0.00114
4 0 0.00117
5 0 0.00126
6 0 0.00124
7 0 0.00111
8 0 0.00107
9 0 0.00099
10 0 0.00102
11 0 0.00099
12 0 0.00094
13 0 0.00085
14 0 0.00084
15 0 0.00077
16 0 0.0008
17 0 0.00073
18 0 0.00073
19 0 0.0007
20 0 0.00067
21 0 0.00066
22 0 0.0006
23 0 0.00061
24 0 0.00057
25 0 0.00055
26 0 0.00056
27 0 0.00048
28 0 0.00045
29 0 0.0004
30 0 0.00042
31 0 0.00036
32 0 0.00031
33 0 0.0003
34 0 0.00029
35 0 0.00026
36 0 0.0002
37 0 0.00019
38 0 0.00021
39 0 0.00018
40 0 0.00017
41 0 0.00016
42 0 0.00017
43 0 0.00014
44 0 0.00011
45 0 0.0001
46 0 0.00009
47 0 0.0001
48 0 0.00008
49 0 0.00008
50 0 0.00009
51 0 0.00008
52 0 0.00008
53 0 0.00006
54 0 0.00006
55 0 0.00007
56 0 0.00003
57 0 0.00005
58 0 0.00004
59 0 0.00001
60 0 0.00037
100 0 0
