*marriage rate file for white in year 1962, constant divorce
marriage_queues 2
marriage_eval preference
marriage_peak_age 34
marriage_agedif_max 240
*marriage rates ~ 60% start marriage search btwn 15 and median age, then prop by 35, then prop by 45
marriage 1 F single
15 0 0.000
21 0 0.01103
45 0 0.01007
100 0 0.0005
marriage 1 M single
16 0 0.000
24 0 0.00719
45 0 0.01017
100 0 0.0005
marriage 1 F widowed
15 0 0.000
100 0 0.00436
marriage 1 M widowed
15 0 0.000
100 0 0.00536
marriage 1 F divorced
15 0 0.000
100 0 0.00436
marriage 1 M divorced
15 0 0.000
100 0 0.00536
divorce 1 F married
1 0 0.00069
2 0 0.00045
3 0 0.00053
4 0 0.00054
5 0 0.00058
6 0 0.00058
7 0 0.00052
8 0 0.0005
9 0 0.00046
10 0 0.00048
11 0 0.00046
12 0 0.00044
13 0 0.00039
14 0 0.00039
15 0 0.00036
16 0 0.00037
17 0 0.00034
18 0 0.00034
19 0 0.00033
20 0 0.00031
21 0 0.00031
22 0 0.00028
23 0 0.00028
24 0 0.00027
25 0 0.00026
26 0 0.00026
27 0 0.00022
28 0 0.00021
29 0 0.00019
30 0 0.00019
31 0 0.00017
32 0 0.00015
33 0 0.00014
34 0 0.00014
35 0 0.00012
36 0 0.00009
37 0 0.00009
38 0 0.0001
39 0 0.00008
40 0 0.00008
41 0 0.00007
42 0 0.00008
43 0 0.00007
44 0 0.00005
45 0 0.00005
46 0 0.00004
47 0 0.00005
48 0 0.00004
49 0 0.00004
50 0 0.00004
51 0 0.00004
52 0 0.00004
53 0 0.00003
54 0 0.00003
55 0 0.00003
56 0 0.00001
57 0 0.00003
58 0 0.00002
59 0 0.00001
60 0 0.00017
100 0 0
divorce 1 M married
1 0 0.00069
2 0 0.00045
3 0 0.00053
4 0 0.00054
5 0 0.00058
6 0 0.00058
7 0 0.00052
8 0 0.0005
9 0 0.00046
10 0 0.00048
11 0 0.00046
12 0 0.00044
13 0 0.00039
14 0 0.00039
15 0 0.00036
16 0 0.00037
17 0 0.00034
18 0 0.00034
19 0 0.00033
20 0 0.00031
21 0 0.00031
22 0 0.00028
23 0 0.00028
24 0 0.00027
25 0 0.00026
26 0 0.00026
27 0 0.00022
28 0 0.00021
29 0 0.00019
30 0 0.00019
31 0 0.00017
32 0 0.00015
33 0 0.00014
34 0 0.00014
35 0 0.00012
36 0 0.00009
37 0 0.00009
38 0 0.0001
39 0 0.00008
40 0 0.00008
41 0 0.00007
42 0 0.00008
43 0 0.00007
44 0 0.00005
45 0 0.00005
46 0 0.00004
47 0 0.00005
48 0 0.00004
49 0 0.00004
50 0 0.00004
51 0 0.00004
52 0 0.00004
53 0 0.00003
54 0 0.00003
55 0 0.00003
56 0 0.00001
57 0 0.00003
58 0 0.00002
59 0 0.00001
60 0 0.00017
100 0 0
