*marriage rate file for black in year 2048, quadruple divorce
marriage_queues 2
marriage_eval preference
marriage_peak_age 2
marriage_agedif_max 240
*marriage rates ~ 60% start marriage search btwn 15 and median age, then prop by 35, then prop by 45
marriage 1 F single
15 0 0.000
34 0 0.00189
45 0 0.00577
100 0 0.0005
marriage 1 M single
16 0 0.000
34 0 0.00165
45 0 0.00577
100 0 0.0005
marriage 1 F widowed
15 0 0.000
100 0 0.00249
marriage 1 M widowed
15 0 0.000
100 0 0.00381
marriage 1 F divorced
15 0 0.000
100 0 0.00249
marriage 1 M divorced
15 0 0.000
100 0 0.00381
divorce 1 F married
1 0 0.00339
2 0 0.00208
3 0 0.0022
4 0 0.00283
5 0 0.00316
6 0 0.0031
7 0 0.00317
8 0 0.00375
9 0 0.00323
10 0 0.00287
11 0 0.00273
12 0 0.00265
13 0 0.00254
14 0 0.00254
15 0 0.00216
16 0 0.0022
17 0 0.00175
18 0 0.00222
19 0 0.00241
20 0 0.00214
21 0 0.00245
22 0 0.0023
23 0 0.00189
24 0 0.00159
25 0 0.00184
26 0 0.00181
27 0 0.0019
28 0 0.0017
29 0 0.0016
30 0 0.00146
31 0 0.00137
32 0 0.00157
33 0 0.00128
34 0 0.00124
35 0 0.00103
36 0 0.00141
37 0 0.00137
38 0 0.00081
39 0 0.00127
40 0 0.0011
41 0 0.00094
42 0 0.001
43 0 0.00072
44 0 0.00082
45 0 0.00062
46 0 0.00084
47 0 0.00086
48 0 0.00077
49 0 0.00088
50 0 0.00135
51 0 0.00055
52 0 0.00066
53 0 0.00059
54 0 0.00036
55 0 0.00026
56 0 0.00063
57 0 0.0006
58 0 0.00038
59 0 0.0007
60 0 0.0022
100 0 0
divorce 1 M married
1 0 0.00339
2 0 0.00208
3 0 0.0022
4 0 0.00283
5 0 0.00316
6 0 0.0031
7 0 0.00317
8 0 0.00375
9 0 0.00323
10 0 0.00287
11 0 0.00273
12 0 0.00265
13 0 0.00254
14 0 0.00254
15 0 0.00216
16 0 0.0022
17 0 0.00175
18 0 0.00222
19 0 0.00241
20 0 0.00214
21 0 0.00245
22 0 0.0023
23 0 0.00189
24 0 0.00159
25 0 0.00184
26 0 0.00181
27 0 0.0019
28 0 0.0017
29 0 0.0016
30 0 0.00146
31 0 0.00137
32 0 0.00157
33 0 0.00128
34 0 0.00124
35 0 0.00103
36 0 0.00141
37 0 0.00137
38 0 0.00081
39 0 0.00127
40 0 0.0011
41 0 0.00094
42 0 0.001
43 0 0.00072
44 0 0.00082
45 0 0.00062
46 0 0.00084
47 0 0.00086
48 0 0.00077
49 0 0.00088
50 0 0.00135
51 0 0.00055
52 0 0.00066
53 0 0.00059
54 0 0.00036
55 0 0.00026
56 0 0.00063
57 0 0.0006
58 0 0.00038
59 0 0.0007
60 0 0.0022
100 0 0
