*marriage rate file for white in year 2030, quadruple divorce
marriage_queues 2
marriage_eval preference
marriage_peak_age 24
marriage_agedif_max 240
*marriage rates ~ 60% start marriage search btwn 15 and median age, then prop by 35, then prop by 45
marriage 1 F single
15 0 0.000
28 0 0.00382
45 0 0.01393
100 0 0.0005
marriage 1 M single
16 0 0.000
30 0 0.00304
45 0 0.01048
100 0 0.0005
marriage 1 F widowed
15 0 0.000
100 0 0.00436
marriage 1 M widowed
15 0 0.000
100 0 0.00536
marriage 1 F divorced
15 0 0.000
100 0 0.00436
marriage 1 M divorced
15 0 0.000
100 0 0.00536
divorce 1 F married
1 0 0.00178
2 0 0.00115
3 0 0.00136
4 0 0.0014
5 0 0.0015
6 0 0.00149
7 0 0.00133
8 0 0.00127
9 0 0.00118
10 0 0.00122
11 0 0.00119
12 0 0.00113
13 0 0.00101
14 0 0.001
15 0 0.00091
16 0 0.00096
17 0 0.00087
18 0 0.00087
19 0 0.00084
20 0 0.0008
21 0 0.00078
22 0 0.00072
23 0 0.00073
24 0 0.00068
25 0 0.00066
26 0 0.00067
27 0 0.00058
28 0 0.00054
29 0 0.00048
30 0 0.0005
31 0 0.00044
32 0 0.00037
33 0 0.00035
34 0 0.00035
35 0 0.00031
36 0 0.00024
37 0 0.00023
38 0 0.00026
39 0 0.00021
40 0 0.0002
41 0 0.00019
42 0 0.0002
43 0 0.00017
44 0 0.00014
45 0 0.00012
46 0 0.00011
47 0 0.00012
48 0 0.0001
49 0 0.00009
50 0 0.00011
51 0 0.00009
52 0 0.0001
53 0 0.00007
54 0 0.00007
55 0 0.00008
56 0 0.00003
57 0 0.00007
58 0 0.00005
59 0 0.00001
60 0 0.00045
100 0 0
divorce 1 M married
1 0 0.00178
2 0 0.00115
3 0 0.00136
4 0 0.0014
5 0 0.0015
6 0 0.00149
7 0 0.00133
8 0 0.00127
9 0 0.00118
10 0 0.00122
11 0 0.00119
12 0 0.00113
13 0 0.00101
14 0 0.001
15 0 0.00091
16 0 0.00096
17 0 0.00087
18 0 0.00087
19 0 0.00084
20 0 0.0008
21 0 0.00078
22 0 0.00072
23 0 0.00073
24 0 0.00068
25 0 0.00066
26 0 0.00067
27 0 0.00058
28 0 0.00054
29 0 0.00048
30 0 0.0005
31 0 0.00044
32 0 0.00037
33 0 0.00035
34 0 0.00035
35 0 0.00031
36 0 0.00024
37 0 0.00023
38 0 0.00026
39 0 0.00021
40 0 0.0002
41 0 0.00019
42 0 0.0002
43 0 0.00017
44 0 0.00014
45 0 0.00012
46 0 0.00011
47 0 0.00012
48 0 0.0001
49 0 0.00009
50 0 0.00011
51 0 0.00009
52 0 0.0001
53 0 0.00007
54 0 0.00007
55 0 0.00008
56 0 0.00003
57 0 0.00007
58 0 0.00005
59 0 0.00001
60 0 0.00045
100 0 0
