*marriage rate file for black in year 1900, constant divorce
marriage_queues 2
marriage_eval preference
marriage_peak_age 36
marriage_agedif_max 240
*marriage rates ~ 60% start marriage search btwn 15 and median age, then prop by 35, then prop by 45
marriage 1 F single
15 0 0.000
22 0 0.00822
45 0 0.01332
100 0 0.0005
marriage 1 M single
16 0 0.000
25 0 0.00552
45 0 0.01165
100 0 0.0005
marriage 1 F widowed
15 0 0.000
100 0 0.00249
marriage 1 M widowed
15 0 0.000
100 0 0.00381
marriage 1 F divorced
15 0 0.000
100 0 0.00249
marriage 1 M divorced
15 0 0.000
100 0 0.00381
divorce 1 F married
1 0 0.00024
2 0 0.00015
3 0 0.00016
4 0 0.0002
5 0 0.00022
6 0 0.00022
7 0 0.00022
8 0 0.00026
9 0 0.00023
10 0 0.0002
11 0 0.00019
12 0 0.00019
13 0 0.00018
14 0 0.00018
15 0 0.00015
16 0 0.00016
17 0 0.00012
18 0 0.00016
19 0 0.00017
20 0 0.00015
21 0 0.00017
22 0 0.00016
23 0 0.00013
24 0 0.00011
25 0 0.00013
26 0 0.00013
27 0 0.00014
28 0 0.00012
29 0 0.00011
30 0 0.0001
31 0 0.0001
32 0 0.00011
33 0 0.00009
34 0 0.00009
35 0 0.00007
36 0 0.0001
37 0 0.0001
38 0 0.00006
39 0 0.00009
40 0 0.00008
41 0 0.00007
42 0 0.00007
43 0 0.00005
44 0 0.00006
45 0 0.00004
46 0 0.00006
47 0 0.00006
48 0 0.00006
49 0 0.00006
50 0 0.0001
51 0 0.00004
52 0 0.00005
53 0 0.00004
54 0 0.00003
55 0 0.00002
56 0 0.00005
57 0 0.00004
58 0 0.00003
59 0 0.00005
60 0 0.00016
100 0 0
divorce 1 M married
1 0 0.00024
2 0 0.00015
3 0 0.00016
4 0 0.0002
5 0 0.00022
6 0 0.00022
7 0 0.00022
8 0 0.00026
9 0 0.00023
10 0 0.0002
11 0 0.00019
12 0 0.00019
13 0 0.00018
14 0 0.00018
15 0 0.00015
16 0 0.00016
17 0 0.00012
18 0 0.00016
19 0 0.00017
20 0 0.00015
21 0 0.00017
22 0 0.00016
23 0 0.00013
24 0 0.00011
25 0 0.00013
26 0 0.00013
27 0 0.00014
28 0 0.00012
29 0 0.00011
30 0 0.0001
31 0 0.0001
32 0 0.00011
33 0 0.00009
34 0 0.00009
35 0 0.00007
36 0 0.0001
37 0 0.0001
38 0 0.00006
39 0 0.00009
40 0 0.00008
41 0 0.00007
42 0 0.00007
43 0 0.00005
44 0 0.00006
45 0 0.00004
46 0 0.00006
47 0 0.00006
48 0 0.00006
49 0 0.00006
50 0 0.0001
51 0 0.00004
52 0 0.00005
53 0 0.00004
54 0 0.00003
55 0 0.00002
56 0 0.00005
57 0 0.00004
58 0 0.00003
59 0 0.00005
60 0 0.00016
100 0 0
