*marriage rate file for white in year 2052, quadruple divorce
marriage_queues 2
marriage_eval preference
marriage_peak_age 24
marriage_agedif_max 240
*marriage rates ~ 60% start marriage search btwn 15 and median age, then prop by 35, then prop by 45
marriage 1 F single
15 0 0.000
30 0 0.00332
45 0 0.01453
100 0 0.0005
marriage 1 M single
16 0 0.000
32 0 0.00266
45 0 0.00978
100 0 0.0005
marriage 1 F widowed
15 0 0.000
100 0 0.00436
marriage 1 M widowed
15 0 0.000
100 0 0.00536
marriage 1 F divorced
15 0 0.000
100 0 0.00436
marriage 1 M divorced
15 0 0.000
100 0 0.00536
divorce 1 F married
1 0 0.00342
2 0 0.00221
3 0 0.00262
4 0 0.00269
5 0 0.00289
6 0 0.00285
7 0 0.00256
8 0 0.00245
9 0 0.00227
10 0 0.00235
11 0 0.00228
12 0 0.00216
13 0 0.00194
14 0 0.00193
15 0 0.00175
16 0 0.00184
17 0 0.00166
18 0 0.00166
19 0 0.00161
20 0 0.00152
21 0 0.0015
22 0 0.00137
23 0 0.00139
24 0 0.0013
25 0 0.00126
26 0 0.00128
27 0 0.0011
28 0 0.00104
29 0 0.00092
30 0 0.00095
31 0 0.00083
32 0 0.00071
33 0 0.00067
34 0 0.00066
35 0 0.00059
36 0 0.00046
37 0 0.00043
38 0 0.00049
39 0 0.0004
40 0 0.00038
41 0 0.00036
42 0 0.00038
43 0 0.00032
44 0 0.00026
45 0 0.00023
46 0 0.00022
47 0 0.00023
48 0 0.00019
49 0 0.00018
50 0 0.00021
51 0 0.00017
52 0 0.00018
53 0 0.00014
54 0 0.00013
55 0 0.00016
56 0 0.00006
57 0 0.00012
58 0 0.0001
59 0 0.00003
60 0 0.00085
100 0 0
divorce 1 M married
1 0 0.00342
2 0 0.00221
3 0 0.00262
4 0 0.00269
5 0 0.00289
6 0 0.00285
7 0 0.00256
8 0 0.00245
9 0 0.00227
10 0 0.00235
11 0 0.00228
12 0 0.00216
13 0 0.00194
14 0 0.00193
15 0 0.00175
16 0 0.00184
17 0 0.00166
18 0 0.00166
19 0 0.00161
20 0 0.00152
21 0 0.0015
22 0 0.00137
23 0 0.00139
24 0 0.0013
25 0 0.00126
26 0 0.00128
27 0 0.0011
28 0 0.00104
29 0 0.00092
30 0 0.00095
31 0 0.00083
32 0 0.00071
33 0 0.00067
34 0 0.00066
35 0 0.00059
36 0 0.00046
37 0 0.00043
38 0 0.00049
39 0 0.0004
40 0 0.00038
41 0 0.00036
42 0 0.00038
43 0 0.00032
44 0 0.00026
45 0 0.00023
46 0 0.00022
47 0 0.00023
48 0 0.00019
49 0 0.00018
50 0 0.00021
51 0 0.00017
52 0 0.00018
53 0 0.00014
54 0 0.00013
55 0 0.00016
56 0 0.00006
57 0 0.00012
58 0 0.0001
59 0 0.00003
60 0 0.00085
100 0 0
