*marriage rate file for white in year 2041, quadruple divorce
marriage_queues 2
marriage_eval preference
marriage_peak_age 24
marriage_agedif_max 240
*marriage rates ~ 60% start marriage search btwn 15 and median age, then prop by 35, then prop by 45
marriage 1 F single
15 0 0.000
29 0 0.00355
45 0 0.01417
100 0 0.0005
marriage 1 M single
16 0 0.000
31 0 0.00283
45 0 0.01006
100 0 0.0005
marriage 1 F widowed
15 0 0.000
100 0 0.00436
marriage 1 M widowed
15 0 0.000
100 0 0.00536
marriage 1 F divorced
15 0 0.000
100 0 0.00436
marriage 1 M divorced
15 0 0.000
100 0 0.00536
divorce 1 F married
1 0 0.00251
2 0 0.00163
3 0 0.00192
4 0 0.00198
5 0 0.00212
6 0 0.0021
7 0 0.00188
8 0 0.0018
9 0 0.00167
10 0 0.00173
11 0 0.00168
12 0 0.00159
13 0 0.00143
14 0 0.00142
15 0 0.00129
16 0 0.00136
17 0 0.00123
18 0 0.00123
19 0 0.00118
20 0 0.00112
21 0 0.00111
22 0 0.00101
23 0 0.00103
24 0 0.00096
25 0 0.00093
26 0 0.00094
27 0 0.00081
28 0 0.00076
29 0 0.00068
30 0 0.0007
31 0 0.00061
32 0 0.00053
33 0 0.0005
34 0 0.00049
35 0 0.00044
36 0 0.00034
37 0 0.00032
38 0 0.00036
39 0 0.0003
40 0 0.00028
41 0 0.00027
42 0 0.00028
43 0 0.00024
44 0 0.00019
45 0 0.00017
46 0 0.00016
47 0 0.00017
48 0 0.00014
49 0 0.00013
50 0 0.00015
51 0 0.00013
52 0 0.00013
53 0 0.0001
54 0 0.00009
55 0 0.00012
56 0 0.00004
57 0 0.00009
58 0 0.00007
59 0 0.00002
60 0 0.00063
100 0 0
divorce 1 M married
1 0 0.00251
2 0 0.00163
3 0 0.00192
4 0 0.00198
5 0 0.00212
6 0 0.0021
7 0 0.00188
8 0 0.0018
9 0 0.00167
10 0 0.00173
11 0 0.00168
12 0 0.00159
13 0 0.00143
14 0 0.00142
15 0 0.00129
16 0 0.00136
17 0 0.00123
18 0 0.00123
19 0 0.00118
20 0 0.00112
21 0 0.00111
22 0 0.00101
23 0 0.00103
24 0 0.00096
25 0 0.00093
26 0 0.00094
27 0 0.00081
28 0 0.00076
29 0 0.00068
30 0 0.0007
31 0 0.00061
32 0 0.00053
33 0 0.0005
34 0 0.00049
35 0 0.00044
36 0 0.00034
37 0 0.00032
38 0 0.00036
39 0 0.0003
40 0 0.00028
41 0 0.00027
42 0 0.00028
43 0 0.00024
44 0 0.00019
45 0 0.00017
46 0 0.00016
47 0 0.00017
48 0 0.00014
49 0 0.00013
50 0 0.00015
51 0 0.00013
52 0 0.00013
53 0 0.0001
54 0 0.00009
55 0 0.00012
56 0 0.00004
57 0 0.00009
58 0 0.00007
59 0 0.00002
60 0 0.00063
100 0 0
