*marriage rate file for white in year 2028, quadruple divorce
marriage_queues 2
marriage_eval preference
marriage_peak_age 24
marriage_agedif_max 240
*marriage rates ~ 60% start marriage search btwn 15 and median age, then prop by 35, then prop by 45
marriage 1 F single
15 0 0.000
28 0 0.00382
45 0 0.01407
100 0 0.0005
marriage 1 M single
16 0 0.000
30 0 0.00304
45 0 0.01071
100 0 0.0005
marriage 1 F widowed
15 0 0.000
100 0 0.00436
marriage 1 M widowed
15 0 0.000
100 0 0.00536
marriage 1 F divorced
15 0 0.000
100 0 0.00436
marriage 1 M divorced
15 0 0.000
100 0 0.00536
divorce 1 F married
1 0 0.00168
2 0 0.00109
3 0 0.00129
4 0 0.00133
5 0 0.00142
6 0 0.0014
7 0 0.00126
8 0 0.00121
9 0 0.00112
10 0 0.00116
11 0 0.00112
12 0 0.00107
13 0 0.00096
14 0 0.00095
15 0 0.00086
16 0 0.00091
17 0 0.00082
18 0 0.00082
19 0 0.00079
20 0 0.00075
21 0 0.00074
22 0 0.00068
23 0 0.00069
24 0 0.00064
25 0 0.00062
26 0 0.00063
27 0 0.00055
28 0 0.00051
29 0 0.00045
30 0 0.00047
31 0 0.00041
32 0 0.00035
33 0 0.00033
34 0 0.00033
35 0 0.00029
36 0 0.00023
37 0 0.00021
38 0 0.00024
39 0 0.0002
40 0 0.00019
41 0 0.00018
42 0 0.00019
43 0 0.00016
44 0 0.00013
45 0 0.00011
46 0 0.00011
47 0 0.00011
48 0 0.00009
49 0 0.00009
50 0 0.0001
51 0 0.00009
52 0 0.00009
53 0 0.00007
54 0 0.00006
55 0 0.00008
56 0 0.00003
57 0 0.00006
58 0 0.00005
59 0 0.00001
60 0 0.00042
100 0 0
divorce 1 M married
1 0 0.00168
2 0 0.00109
3 0 0.00129
4 0 0.00133
5 0 0.00142
6 0 0.0014
7 0 0.00126
8 0 0.00121
9 0 0.00112
10 0 0.00116
11 0 0.00112
12 0 0.00107
13 0 0.00096
14 0 0.00095
15 0 0.00086
16 0 0.00091
17 0 0.00082
18 0 0.00082
19 0 0.00079
20 0 0.00075
21 0 0.00074
22 0 0.00068
23 0 0.00069
24 0 0.00064
25 0 0.00062
26 0 0.00063
27 0 0.00055
28 0 0.00051
29 0 0.00045
30 0 0.00047
31 0 0.00041
32 0 0.00035
33 0 0.00033
34 0 0.00033
35 0 0.00029
36 0 0.00023
37 0 0.00021
38 0 0.00024
39 0 0.0002
40 0 0.00019
41 0 0.00018
42 0 0.00019
43 0 0.00016
44 0 0.00013
45 0 0.00011
46 0 0.00011
47 0 0.00011
48 0 0.00009
49 0 0.00009
50 0 0.0001
51 0 0.00009
52 0 0.00009
53 0 0.00007
54 0 0.00006
55 0 0.00008
56 0 0.00003
57 0 0.00006
58 0 0.00005
59 0 0.00001
60 0 0.00042
100 0 0
