*marriage rate file for black in year 1936, quadruple divorce
marriage_queues 2
marriage_eval preference
marriage_peak_age 29
marriage_agedif_max 240
*marriage rates ~ 60% start marriage search btwn 15 and median age, then prop by 35, then prop by 45
marriage 1 F single
15 0 0.000
22 0 0.00822
45 0 0.01214
100 0 0.0005
marriage 1 M single
16 0 0.000
24 0 0.00621
45 0 0.00988
100 0 0.0005
marriage 1 F widowed
15 0 0.000
100 0 0.00249
marriage 1 M widowed
15 0 0.000
100 0 0.00381
marriage 1 F divorced
15 0 0.000
100 0 0.00249
marriage 1 M divorced
15 0 0.000
100 0 0.00381
divorce 1 F married
1 0 0.00062
2 0 0.00038
3 0 0.0004
4 0 0.00052
5 0 0.00058
6 0 0.00057
7 0 0.00058
8 0 0.00068
9 0 0.00059
10 0 0.00052
11 0 0.0005
12 0 0.00048
13 0 0.00047
14 0 0.00047
15 0 0.0004
16 0 0.0004
17 0 0.00032
18 0 0.00041
19 0 0.00044
20 0 0.00039
21 0 0.00045
22 0 0.00042
23 0 0.00035
24 0 0.00029
25 0 0.00034
26 0 0.00033
27 0 0.00035
28 0 0.00031
29 0 0.00029
30 0 0.00027
31 0 0.00025
32 0 0.00029
33 0 0.00024
34 0 0.00023
35 0 0.00019
36 0 0.00026
37 0 0.00025
38 0 0.00015
39 0 0.00023
40 0 0.0002
41 0 0.00017
42 0 0.00018
43 0 0.00013
44 0 0.00015
45 0 0.00012
46 0 0.00016
47 0 0.00016
48 0 0.00014
49 0 0.00016
50 0 0.00025
51 0 0.0001
52 0 0.00012
53 0 0.00011
54 0 0.00007
55 0 0.00005
56 0 0.00012
57 0 0.00011
58 0 0.00007
59 0 0.00013
60 0 0.0004
100 0 0
divorce 1 M married
1 0 0.00062
2 0 0.00038
3 0 0.0004
4 0 0.00052
5 0 0.00058
6 0 0.00057
7 0 0.00058
8 0 0.00068
9 0 0.00059
10 0 0.00052
11 0 0.0005
12 0 0.00048
13 0 0.00047
14 0 0.00047
15 0 0.0004
16 0 0.0004
17 0 0.00032
18 0 0.00041
19 0 0.00044
20 0 0.00039
21 0 0.00045
22 0 0.00042
23 0 0.00035
24 0 0.00029
25 0 0.00034
26 0 0.00033
27 0 0.00035
28 0 0.00031
29 0 0.00029
30 0 0.00027
31 0 0.00025
32 0 0.00029
33 0 0.00024
34 0 0.00023
35 0 0.00019
36 0 0.00026
37 0 0.00025
38 0 0.00015
39 0 0.00023
40 0 0.0002
41 0 0.00017
42 0 0.00018
43 0 0.00013
44 0 0.00015
45 0 0.00012
46 0 0.00016
47 0 0.00016
48 0 0.00014
49 0 0.00016
50 0 0.00025
51 0 0.0001
52 0 0.00012
53 0 0.00011
54 0 0.00007
55 0 0.00005
56 0 0.00012
57 0 0.00011
58 0 0.00007
59 0 0.00013
60 0 0.0004
100 0 0
