*marriage rate file for white in year 2042, quadruple divorce
marriage_queues 2
marriage_eval preference
marriage_peak_age 24
marriage_agedif_max 240
*marriage rates ~ 60% start marriage search btwn 15 and median age, then prop by 35, then prop by 45
marriage 1 F single
15 0 0.000
29 0 0.00355
45 0 0.0141
100 0 0.0005
marriage 1 M single
16 0 0.000
31 0 0.00283
45 0 0.00996
100 0 0.0005
marriage 1 F widowed
15 0 0.000
100 0 0.00436
marriage 1 M widowed
15 0 0.000
100 0 0.00536
marriage 1 F divorced
15 0 0.000
100 0 0.00436
marriage 1 M divorced
15 0 0.000
100 0 0.00536
divorce 1 F married
1 0 0.00259
2 0 0.00168
3 0 0.00199
4 0 0.00205
5 0 0.00219
6 0 0.00217
7 0 0.00194
8 0 0.00186
9 0 0.00172
10 0 0.00178
11 0 0.00173
12 0 0.00164
13 0 0.00148
14 0 0.00146
15 0 0.00133
16 0 0.0014
17 0 0.00127
18 0 0.00127
19 0 0.00122
20 0 0.00116
21 0 0.00114
22 0 0.00105
23 0 0.00106
24 0 0.00099
25 0 0.00096
26 0 0.00097
27 0 0.00084
28 0 0.00079
29 0 0.0007
30 0 0.00072
31 0 0.00063
32 0 0.00054
33 0 0.00051
34 0 0.00051
35 0 0.00045
36 0 0.00035
37 0 0.00033
38 0 0.00037
39 0 0.0003
40 0 0.00029
41 0 0.00028
42 0 0.00029
43 0 0.00025
44 0 0.0002
45 0 0.00018
46 0 0.00016
47 0 0.00017
48 0 0.00014
49 0 0.00014
50 0 0.00016
51 0 0.00013
52 0 0.00014
53 0 0.00011
54 0 0.0001
55 0 0.00012
56 0 0.00005
57 0 0.0001
58 0 0.00008
59 0 0.00002
60 0 0.00065
100 0 0
divorce 1 M married
1 0 0.00259
2 0 0.00168
3 0 0.00199
4 0 0.00205
5 0 0.00219
6 0 0.00217
7 0 0.00194
8 0 0.00186
9 0 0.00172
10 0 0.00178
11 0 0.00173
12 0 0.00164
13 0 0.00148
14 0 0.00146
15 0 0.00133
16 0 0.0014
17 0 0.00127
18 0 0.00127
19 0 0.00122
20 0 0.00116
21 0 0.00114
22 0 0.00105
23 0 0.00106
24 0 0.00099
25 0 0.00096
26 0 0.00097
27 0 0.00084
28 0 0.00079
29 0 0.0007
30 0 0.00072
31 0 0.00063
32 0 0.00054
33 0 0.00051
34 0 0.00051
35 0 0.00045
36 0 0.00035
37 0 0.00033
38 0 0.00037
39 0 0.0003
40 0 0.00029
41 0 0.00028
42 0 0.00029
43 0 0.00025
44 0 0.0002
45 0 0.00018
46 0 0.00016
47 0 0.00017
48 0 0.00014
49 0 0.00014
50 0 0.00016
51 0 0.00013
52 0 0.00014
53 0 0.00011
54 0 0.0001
55 0 0.00012
56 0 0.00005
57 0 0.0001
58 0 0.00008
59 0 0.00002
60 0 0.00065
100 0 0
