*marriage rate file for white in year 1998, quadruple divorce
marriage_queues 2
marriage_eval preference
marriage_peak_age 14
marriage_agedif_max 240
*marriage rates ~ 60% start marriage search btwn 15 and median age, then prop by 35, then prop by 45
marriage 1 F single
15 0 0.000
25 0 0.00576
45 0 0.01305
100 0 0.0005
marriage 1 M single
16 0 0.000
26 0 0.00497
45 0 0.01241
100 0 0.0005
marriage 1 F widowed
15 0 0.000
100 0 0.00436
marriage 1 M widowed
15 0 0.000
100 0 0.00536
marriage 1 F divorced
15 0 0.000
100 0 0.00436
marriage 1 M divorced
15 0 0.000
100 0 0.00536
divorce 1 F married
1 0 0.00132
2 0 0.00086
3 0 0.00101
4 0 0.00104
5 0 0.00112
6 0 0.0011
7 0 0.00099
8 0 0.00095
9 0 0.00088
10 0 0.00091
11 0 0.00088
12 0 0.00084
13 0 0.00075
14 0 0.00075
15 0 0.00068
16 0 0.00071
17 0 0.00065
18 0 0.00065
19 0 0.00062
20 0 0.00059
21 0 0.00058
22 0 0.00053
23 0 0.00054
24 0 0.00051
25 0 0.00049
26 0 0.0005
27 0 0.00043
28 0 0.0004
29 0 0.00036
30 0 0.00037
31 0 0.00032
32 0 0.00028
33 0 0.00026
34 0 0.00026
35 0 0.00023
36 0 0.00018
37 0 0.00017
38 0 0.00019
39 0 0.00016
40 0 0.00015
41 0 0.00014
42 0 0.00015
43 0 0.00013
44 0 0.0001
45 0 0.00009
46 0 0.00008
47 0 0.00009
48 0 0.00007
49 0 0.00007
50 0 0.00008
51 0 0.00007
52 0 0.00007
53 0 0.00005
54 0 0.00005
55 0 0.00006
56 0 0.00002
57 0 0.00005
58 0 0.00004
59 0 0.00001
60 0 0.00033
100 0 0
divorce 1 M married
1 0 0.00132
2 0 0.00086
3 0 0.00101
4 0 0.00104
5 0 0.00112
6 0 0.0011
7 0 0.00099
8 0 0.00095
9 0 0.00088
10 0 0.00091
11 0 0.00088
12 0 0.00084
13 0 0.00075
14 0 0.00075
15 0 0.00068
16 0 0.00071
17 0 0.00065
18 0 0.00065
19 0 0.00062
20 0 0.00059
21 0 0.00058
22 0 0.00053
23 0 0.00054
24 0 0.00051
25 0 0.00049
26 0 0.0005
27 0 0.00043
28 0 0.0004
29 0 0.00036
30 0 0.00037
31 0 0.00032
32 0 0.00028
33 0 0.00026
34 0 0.00026
35 0 0.00023
36 0 0.00018
37 0 0.00017
38 0 0.00019
39 0 0.00016
40 0 0.00015
41 0 0.00014
42 0 0.00015
43 0 0.00013
44 0 0.0001
45 0 0.00009
46 0 0.00008
47 0 0.00009
48 0 0.00007
49 0 0.00007
50 0 0.00008
51 0 0.00007
52 0 0.00007
53 0 0.00005
54 0 0.00005
55 0 0.00006
56 0 0.00002
57 0 0.00005
58 0 0.00004
59 0 0.00001
60 0 0.00033
100 0 0
