*marriage rate file for black in year 2013, double divorce
marriage_queues 2
marriage_eval preference
marriage_peak_age 12
marriage_agedif_max 240
*marriage rates ~ 60% start marriage search btwn 15 and median age, then prop by 35, then prop by 45
marriage 1 F single
15 0 0.000
30 0 0.00239
45 0 0.00895
100 0 0.0005
marriage 1 M single
16 0 0.000
31 0 0.00198
45 0 0.00895
100 0 0.0005
marriage 1 F widowed
15 0 0.000
100 0 0.00249
marriage 1 M widowed
15 0 0.000
100 0 0.00381
marriage 1 F divorced
15 0 0.000
100 0 0.00249
marriage 1 M divorced
15 0 0.000
100 0 0.00381
divorce 1 F married
1 0 0.00114
2 0 0.0007
3 0 0.00074
4 0 0.00095
5 0 0.00106
6 0 0.00104
7 0 0.00106
8 0 0.00126
9 0 0.00108
10 0 0.00096
11 0 0.00092
12 0 0.00089
13 0 0.00085
14 0 0.00085
15 0 0.00073
16 0 0.00074
17 0 0.00059
18 0 0.00075
19 0 0.00081
20 0 0.00072
21 0 0.00082
22 0 0.00078
23 0 0.00064
24 0 0.00053
25 0 0.00062
26 0 0.00061
27 0 0.00064
28 0 0.00057
29 0 0.00054
30 0 0.00049
31 0 0.00046
32 0 0.00053
33 0 0.00043
34 0 0.00042
35 0 0.00035
36 0 0.00048
37 0 0.00046
38 0 0.00027
39 0 0.00043
40 0 0.00037
41 0 0.00032
42 0 0.00034
43 0 0.00024
44 0 0.00028
45 0 0.00021
46 0 0.00028
47 0 0.00029
48 0 0.00026
49 0 0.0003
50 0 0.00045
51 0 0.00019
52 0 0.00022
53 0 0.0002
54 0 0.00012
55 0 0.00009
56 0 0.00021
57 0 0.0002
58 0 0.00013
59 0 0.00024
60 0 0.00074
100 0 0
divorce 1 M married
1 0 0.00114
2 0 0.0007
3 0 0.00074
4 0 0.00095
5 0 0.00106
6 0 0.00104
7 0 0.00106
8 0 0.00126
9 0 0.00108
10 0 0.00096
11 0 0.00092
12 0 0.00089
13 0 0.00085
14 0 0.00085
15 0 0.00073
16 0 0.00074
17 0 0.00059
18 0 0.00075
19 0 0.00081
20 0 0.00072
21 0 0.00082
22 0 0.00078
23 0 0.00064
24 0 0.00053
25 0 0.00062
26 0 0.00061
27 0 0.00064
28 0 0.00057
29 0 0.00054
30 0 0.00049
31 0 0.00046
32 0 0.00053
33 0 0.00043
34 0 0.00042
35 0 0.00035
36 0 0.00048
37 0 0.00046
38 0 0.00027
39 0 0.00043
40 0 0.00037
41 0 0.00032
42 0 0.00034
43 0 0.00024
44 0 0.00028
45 0 0.00021
46 0 0.00028
47 0 0.00029
48 0 0.00026
49 0 0.0003
50 0 0.00045
51 0 0.00019
52 0 0.00022
53 0 0.0002
54 0 0.00012
55 0 0.00009
56 0 0.00021
57 0 0.0002
58 0 0.00013
59 0 0.00024
60 0 0.00074
100 0 0
