*marriage rate file for black in year 2001
marriage_queues 2
marriage_eval preference
marriage_peak_age -10
marriage_agedif_max 240
*marriage rates ~ 60% start marriage search btwn 15 and median age, then prop by 35, then prop by 45
marriage 1 F single
15 0 0.000
28 0 0.00276
45 0 0.00916
100 0 0.0005
marriage 1 M single
16 0 0.000
27 0 0.0027
45 0 0.00916
100 0 0.0005
marriage 1 F widowed
15 0 0.000
100 0 0.00249
marriage 1 M widowed
15 0 0.000
100 0 0.00381
marriage 1 F divorced
15 0 0.000
100 0 0.00249
marriage 1 M divorced
15 0 0.000
100 0 0.00381
divorce 1 F married
1 0 0.00138
2 0 0.00085
3 0 0.0009
4 0 0.00115
5 0 0.00129
6 0 0.00126
7 0 0.00129
8 0 0.00152
9 0 0.00131
10 0 0.00117
11 0 0.00111
12 0 0.00108
13 0 0.00104
14 0 0.00104
15 0 0.00088
16 0 0.0009
17 0 0.00072
18 0 0.00091
19 0 0.00098
20 0 0.00087
21 0 0.001
22 0 0.00094
23 0 0.00077
24 0 0.00065
25 0 0.00075
26 0 0.00074
27 0 0.00077
28 0 0.00069
29 0 0.00066
30 0 0.0006
31 0 0.00056
32 0 0.00064
33 0 0.00052
34 0 0.00051
35 0 0.00042
36 0 0.00058
37 0 0.00056
38 0 0.00033
39 0 0.00052
40 0 0.00045
41 0 0.00039
42 0 0.00041
43 0 0.0003
44 0 0.00034
45 0 0.00026
46 0 0.00035
47 0 0.00035
48 0 0.00032
49 0 0.00036
50 0 0.00055
51 0 0.00023
52 0 0.00027
53 0 0.00024
54 0 0.00015
55 0 0.00011
56 0 0.00026
57 0 0.00025
58 0 0.00015
59 0 0.00029
60 0 0.0009
100 0 0
divorce 1 M married
1 0 0.00138
2 0 0.00085
3 0 0.0009
4 0 0.00115
5 0 0.00129
6 0 0.00126
7 0 0.00129
8 0 0.00152
9 0 0.00131
10 0 0.00117
11 0 0.00111
12 0 0.00108
13 0 0.00104
14 0 0.00104
15 0 0.00088
16 0 0.0009
17 0 0.00072
18 0 0.00091
19 0 0.00098
20 0 0.00087
21 0 0.001
22 0 0.00094
23 0 0.00077
24 0 0.00065
25 0 0.00075
26 0 0.00074
27 0 0.00077
28 0 0.00069
29 0 0.00066
30 0 0.0006
31 0 0.00056
32 0 0.00064
33 0 0.00052
34 0 0.00051
35 0 0.00042
36 0 0.00058
37 0 0.00056
38 0 0.00033
39 0 0.00052
40 0 0.00045
41 0 0.00039
42 0 0.00041
43 0 0.0003
44 0 0.00034
45 0 0.00026
46 0 0.00035
47 0 0.00035
48 0 0.00032
49 0 0.00036
50 0 0.00055
51 0 0.00023
52 0 0.00027
53 0 0.00024
54 0 0.00015
55 0 0.00011
56 0 0.00026
57 0 0.00025
58 0 0.00015
59 0 0.00029
60 0 0.0009
100 0 0
