*marriage rate file for black in year 2010, constant divorce
marriage_queues 2
marriage_eval preference
marriage_peak_age 12
marriage_agedif_max 240
*marriage rates ~ 60% start marriage search btwn 15 and median age, then prop by 35, then prop by 45
marriage 1 F single
15 0 0.000
30 0 0.00239
45 0 0.00953
100 0 0.0005
marriage 1 M single
16 0 0.000
31 0 0.00198
45 0 0.00953
100 0 0.0005
marriage 1 F widowed
15 0 0.000
100 0 0.00249
marriage 1 M widowed
15 0 0.000
100 0 0.00381
marriage 1 F divorced
15 0 0.000
100 0 0.00249
marriage 1 M divorced
15 0 0.000
100 0 0.00381
divorce 1 F married
1 0 0.00124
2 0 0.00076
3 0 0.00081
4 0 0.00104
5 0 0.00116
6 0 0.00114
7 0 0.00116
8 0 0.00137
9 0 0.00118
10 0 0.00105
11 0 0.001
12 0 0.00097
13 0 0.00093
14 0 0.00093
15 0 0.00079
16 0 0.00081
17 0 0.00064
18 0 0.00082
19 0 0.00088
20 0 0.00079
21 0 0.0009
22 0 0.00085
23 0 0.0007
24 0 0.00058
25 0 0.00068
26 0 0.00067
27 0 0.0007
28 0 0.00062
29 0 0.00059
30 0 0.00054
31 0 0.0005
32 0 0.00058
33 0 0.00047
34 0 0.00046
35 0 0.00038
36 0 0.00052
37 0 0.00051
38 0 0.0003
39 0 0.00047
40 0 0.00041
41 0 0.00035
42 0 0.00037
43 0 0.00027
44 0 0.0003
45 0 0.00023
46 0 0.00031
47 0 0.00032
48 0 0.00028
49 0 0.00032
50 0 0.0005
51 0 0.0002
52 0 0.00025
53 0 0.00022
54 0 0.00013
55 0 0.0001
56 0 0.00023
57 0 0.00022
58 0 0.00014
59 0 0.00026
60 0 0.00081
100 0 0
divorce 1 M married
1 0 0.00124
2 0 0.00076
3 0 0.00081
4 0 0.00104
5 0 0.00116
6 0 0.00114
7 0 0.00116
8 0 0.00137
9 0 0.00118
10 0 0.00105
11 0 0.001
12 0 0.00097
13 0 0.00093
14 0 0.00093
15 0 0.00079
16 0 0.00081
17 0 0.00064
18 0 0.00082
19 0 0.00088
20 0 0.00079
21 0 0.0009
22 0 0.00085
23 0 0.0007
24 0 0.00058
25 0 0.00068
26 0 0.00067
27 0 0.0007
28 0 0.00062
29 0 0.00059
30 0 0.00054
31 0 0.0005
32 0 0.00058
33 0 0.00047
34 0 0.00046
35 0 0.00038
36 0 0.00052
37 0 0.00051
38 0 0.0003
39 0 0.00047
40 0 0.00041
41 0 0.00035
42 0 0.00037
43 0 0.00027
44 0 0.0003
45 0 0.00023
46 0 0.00031
47 0 0.00032
48 0 0.00028
49 0 0.00032
50 0 0.0005
51 0 0.0002
52 0 0.00025
53 0 0.00022
54 0 0.00013
55 0 0.0001
56 0 0.00023
57 0 0.00022
58 0 0.00014
59 0 0.00026
60 0 0.00081
100 0 0
