*marriage rate file for black in year 1972
marriage_queues 2
marriage_eval preference
marriage_peak_age 12
marriage_agedif_max 240
*marriage rates ~ 60% start marriage search btwn 15 and median age, then prop by 35, then prop by 45
marriage 1 F single
15 0 0.000
23 0 0.00719
45 0 0.01097
100 0 0.0005
marriage 1 M single
16 0 0.000
24 0 0.00621
45 0 0.00997
100 0 0.0005
marriage 1 F widowed
15 0 0.000
100 0 0.00249
marriage 1 M widowed
15 0 0.000
100 0 0.00381
marriage 1 F divorced
15 0 0.000
100 0 0.00249
marriage 1 M divorced
15 0 0.000
100 0 0.00381
divorce 1 F married
1 0 0.0014
2 0 0.00086
3 0 0.00091
4 0 0.00117
5 0 0.0013
6 0 0.00128
7 0 0.00131
8 0 0.00155
9 0 0.00133
10 0 0.00119
11 0 0.00113
12 0 0.0011
13 0 0.00105
14 0 0.00105
15 0 0.00089
16 0 0.00091
17 0 0.00073
18 0 0.00092
19 0 0.001
20 0 0.00089
21 0 0.00101
22 0 0.00095
23 0 0.00078
24 0 0.00066
25 0 0.00076
26 0 0.00075
27 0 0.00079
28 0 0.0007
29 0 0.00067
30 0 0.00061
31 0 0.00057
32 0 0.00065
33 0 0.00053
34 0 0.00052
35 0 0.00043
36 0 0.00059
37 0 0.00057
38 0 0.00034
39 0 0.00053
40 0 0.00046
41 0 0.00039
42 0 0.00042
43 0 0.0003
44 0 0.00034
45 0 0.00026
46 0 0.00035
47 0 0.00036
48 0 0.00032
49 0 0.00037
50 0 0.00056
51 0 0.00023
52 0 0.00028
53 0 0.00024
54 0 0.00015
55 0 0.00011
56 0 0.00026
57 0 0.00025
58 0 0.00016
59 0 0.00029
60 0 0.00091
100 0 0
divorce 1 M married
1 0 0.0014
2 0 0.00086
3 0 0.00091
4 0 0.00117
5 0 0.0013
6 0 0.00128
7 0 0.00131
8 0 0.00155
9 0 0.00133
10 0 0.00119
11 0 0.00113
12 0 0.0011
13 0 0.00105
14 0 0.00105
15 0 0.00089
16 0 0.00091
17 0 0.00073
18 0 0.00092
19 0 0.001
20 0 0.00089
21 0 0.00101
22 0 0.00095
23 0 0.00078
24 0 0.00066
25 0 0.00076
26 0 0.00075
27 0 0.00079
28 0 0.0007
29 0 0.00067
30 0 0.00061
31 0 0.00057
32 0 0.00065
33 0 0.00053
34 0 0.00052
35 0 0.00043
36 0 0.00059
37 0 0.00057
38 0 0.00034
39 0 0.00053
40 0 0.00046
41 0 0.00039
42 0 0.00042
43 0 0.0003
44 0 0.00034
45 0 0.00026
46 0 0.00035
47 0 0.00036
48 0 0.00032
49 0 0.00037
50 0 0.00056
51 0 0.00023
52 0 0.00028
53 0 0.00024
54 0 0.00015
55 0 0.00011
56 0 0.00026
57 0 0.00025
58 0 0.00016
59 0 0.00029
60 0 0.00091
100 0 0
