*marriage rate file for black in year 2002, quadruple divorce
marriage_queues 2
marriage_eval preference
marriage_peak_age -7
marriage_agedif_max 240
*marriage rates ~ 60% start marriage search btwn 15 and median age, then prop by 35, then prop by 45
marriage 1 F single
15 0 0.000
28 0 0.00276
45 0 0.00945
100 0 0.0005
marriage 1 M single
16 0 0.000
28 0 0.00247
45 0 0.00945
100 0 0.0005
marriage 1 F widowed
15 0 0.000
100 0 0.00249
marriage 1 M widowed
15 0 0.000
100 0 0.00381
marriage 1 F divorced
15 0 0.000
100 0 0.00249
marriage 1 M divorced
15 0 0.000
100 0 0.00381
divorce 1 F married
1 0 0.00134
2 0 0.00083
3 0 0.00088
4 0 0.00113
5 0 0.00125
6 0 0.00123
7 0 0.00126
8 0 0.00149
9 0 0.00128
10 0 0.00114
11 0 0.00109
12 0 0.00105
13 0 0.00101
14 0 0.00101
15 0 0.00086
16 0 0.00087
17 0 0.0007
18 0 0.00088
19 0 0.00096
20 0 0.00085
21 0 0.00097
22 0 0.00092
23 0 0.00075
24 0 0.00063
25 0 0.00073
26 0 0.00072
27 0 0.00076
28 0 0.00068
29 0 0.00064
30 0 0.00058
31 0 0.00055
32 0 0.00063
33 0 0.00051
34 0 0.0005
35 0 0.00041
36 0 0.00056
37 0 0.00055
38 0 0.00032
39 0 0.00051
40 0 0.00044
41 0 0.00038
42 0 0.0004
43 0 0.00029
44 0 0.00033
45 0 0.00025
46 0 0.00034
47 0 0.00034
48 0 0.00031
49 0 0.00035
50 0 0.00054
51 0 0.00022
52 0 0.00027
53 0 0.00024
54 0 0.00014
55 0 0.0001
56 0 0.00025
57 0 0.00024
58 0 0.00015
59 0 0.00028
60 0 0.00088
100 0 0
divorce 1 M married
1 0 0.00134
2 0 0.00083
3 0 0.00088
4 0 0.00113
5 0 0.00125
6 0 0.00123
7 0 0.00126
8 0 0.00149
9 0 0.00128
10 0 0.00114
11 0 0.00109
12 0 0.00105
13 0 0.00101
14 0 0.00101
15 0 0.00086
16 0 0.00087
17 0 0.0007
18 0 0.00088
19 0 0.00096
20 0 0.00085
21 0 0.00097
22 0 0.00092
23 0 0.00075
24 0 0.00063
25 0 0.00073
26 0 0.00072
27 0 0.00076
28 0 0.00068
29 0 0.00064
30 0 0.00058
31 0 0.00055
32 0 0.00063
33 0 0.00051
34 0 0.0005
35 0 0.00041
36 0 0.00056
37 0 0.00055
38 0 0.00032
39 0 0.00051
40 0 0.00044
41 0 0.00038
42 0 0.0004
43 0 0.00029
44 0 0.00033
45 0 0.00025
46 0 0.00034
47 0 0.00034
48 0 0.00031
49 0 0.00035
50 0 0.00054
51 0 0.00022
52 0 0.00027
53 0 0.00024
54 0 0.00014
55 0 0.0001
56 0 0.00025
57 0 0.00024
58 0 0.00015
59 0 0.00028
60 0 0.00088
100 0 0
