*marriage rate file for white in year 1963, quadruple divorce
marriage_queues 2
marriage_eval preference
marriage_peak_age 32
marriage_agedif_max 240
*marriage rates ~ 60% start marriage search btwn 15 and median age, then prop by 35, then prop by 45
marriage 1 F single
15 0 0.000
21 0 0.01103
45 0 0.01012
100 0 0.0005
marriage 1 M single
16 0 0.000
24 0 0.00719
45 0 0.01028
100 0 0.0005
marriage 1 F widowed
15 0 0.000
100 0 0.00436
marriage 1 M widowed
15 0 0.000
100 0 0.00536
marriage 1 F divorced
15 0 0.000
100 0 0.00436
marriage 1 M divorced
15 0 0.000
100 0 0.00536
divorce 1 F married
1 0 0.00072
2 0 0.00047
3 0 0.00055
4 0 0.00057
5 0 0.00061
6 0 0.0006
7 0 0.00054
8 0 0.00052
9 0 0.00048
10 0 0.0005
11 0 0.00048
12 0 0.00046
13 0 0.00041
14 0 0.00041
15 0 0.00037
16 0 0.00039
17 0 0.00035
18 0 0.00035
19 0 0.00034
20 0 0.00032
21 0 0.00032
22 0 0.00029
23 0 0.0003
24 0 0.00028
25 0 0.00027
26 0 0.00027
27 0 0.00023
28 0 0.00022
29 0 0.0002
30 0 0.0002
31 0 0.00018
32 0 0.00015
33 0 0.00014
34 0 0.00014
35 0 0.00013
36 0 0.0001
37 0 0.00009
38 0 0.0001
39 0 0.00009
40 0 0.00008
41 0 0.00008
42 0 0.00008
43 0 0.00007
44 0 0.00006
45 0 0.00005
46 0 0.00005
47 0 0.00005
48 0 0.00004
49 0 0.00004
50 0 0.00004
51 0 0.00004
52 0 0.00004
53 0 0.00003
54 0 0.00003
55 0 0.00003
56 0 0.00001
57 0 0.00003
58 0 0.00002
59 0 0.00001
60 0 0.00018
100 0 0
divorce 1 M married
1 0 0.00072
2 0 0.00047
3 0 0.00055
4 0 0.00057
5 0 0.00061
6 0 0.0006
7 0 0.00054
8 0 0.00052
9 0 0.00048
10 0 0.0005
11 0 0.00048
12 0 0.00046
13 0 0.00041
14 0 0.00041
15 0 0.00037
16 0 0.00039
17 0 0.00035
18 0 0.00035
19 0 0.00034
20 0 0.00032
21 0 0.00032
22 0 0.00029
23 0 0.0003
24 0 0.00028
25 0 0.00027
26 0 0.00027
27 0 0.00023
28 0 0.00022
29 0 0.0002
30 0 0.0002
31 0 0.00018
32 0 0.00015
33 0 0.00014
34 0 0.00014
35 0 0.00013
36 0 0.0001
37 0 0.00009
38 0 0.0001
39 0 0.00009
40 0 0.00008
41 0 0.00008
42 0 0.00008
43 0 0.00007
44 0 0.00006
45 0 0.00005
46 0 0.00005
47 0 0.00005
48 0 0.00004
49 0 0.00004
50 0 0.00004
51 0 0.00004
52 0 0.00004
53 0 0.00003
54 0 0.00003
55 0 0.00003
56 0 0.00001
57 0 0.00003
58 0 0.00002
59 0 0.00001
60 0 0.00018
100 0 0
