*marriage rate file for black in year 1980, constant divorce
marriage_queues 2
marriage_eval preference
marriage_peak_age 12
marriage_agedif_max 240
*marriage rates ~ 60% start marriage search btwn 15 and median age, then prop by 35, then prop by 45
marriage 1 F single
15 0 0.000
25 0 0.00576
45 0 0.0116
100 0 0.0005
marriage 1 M single
16 0 0.000
26 0 0.00497
45 0 0.01102
100 0 0.0005
marriage 1 F widowed
15 0 0.000
100 0 0.00249
marriage 1 M widowed
15 0 0.000
100 0 0.00381
marriage 1 F divorced
15 0 0.000
100 0 0.00249
marriage 1 M divorced
15 0 0.000
100 0 0.00381
divorce 1 F married
1 0 0.0018
2 0 0.00111
3 0 0.00117
4 0 0.0015
5 0 0.00167
6 0 0.00165
7 0 0.00168
8 0 0.00199
9 0 0.00171
10 0 0.00152
11 0 0.00145
12 0 0.00141
13 0 0.00135
14 0 0.00135
15 0 0.00115
16 0 0.00117
17 0 0.00093
18 0 0.00118
19 0 0.00128
20 0 0.00114
21 0 0.0013
22 0 0.00122
23 0 0.00101
24 0 0.00084
25 0 0.00098
26 0 0.00096
27 0 0.00101
28 0 0.0009
29 0 0.00085
30 0 0.00078
31 0 0.00073
32 0 0.00084
33 0 0.00068
34 0 0.00066
35 0 0.00055
36 0 0.00075
37 0 0.00073
38 0 0.00043
39 0 0.00068
40 0 0.00059
41 0 0.0005
42 0 0.00053
43 0 0.00038
44 0 0.00044
45 0 0.00033
46 0 0.00045
47 0 0.00046
48 0 0.00041
49 0 0.00047
50 0 0.00072
51 0 0.00029
52 0 0.00035
53 0 0.00031
54 0 0.00019
55 0 0.00014
56 0 0.00034
57 0 0.00032
58 0 0.0002
59 0 0.00038
60 0 0.00117
100 0 0
divorce 1 M married
1 0 0.0018
2 0 0.00111
3 0 0.00117
4 0 0.0015
5 0 0.00167
6 0 0.00165
7 0 0.00168
8 0 0.00199
9 0 0.00171
10 0 0.00152
11 0 0.00145
12 0 0.00141
13 0 0.00135
14 0 0.00135
15 0 0.00115
16 0 0.00117
17 0 0.00093
18 0 0.00118
19 0 0.00128
20 0 0.00114
21 0 0.0013
22 0 0.00122
23 0 0.00101
24 0 0.00084
25 0 0.00098
26 0 0.00096
27 0 0.00101
28 0 0.0009
29 0 0.00085
30 0 0.00078
31 0 0.00073
32 0 0.00084
33 0 0.00068
34 0 0.00066
35 0 0.00055
36 0 0.00075
37 0 0.00073
38 0 0.00043
39 0 0.00068
40 0 0.00059
41 0 0.0005
42 0 0.00053
43 0 0.00038
44 0 0.00044
45 0 0.00033
46 0 0.00045
47 0 0.00046
48 0 0.00041
49 0 0.00047
50 0 0.00072
51 0 0.00029
52 0 0.00035
53 0 0.00031
54 0 0.00019
55 0 0.00014
56 0 0.00034
57 0 0.00032
58 0 0.0002
59 0 0.00038
60 0 0.00117
100 0 0
