*marriage rate file for black in year 2057, quadruple divorce
marriage_queues 2
marriage_eval preference
marriage_peak_age 0
marriage_agedif_max 240
*marriage rates ~ 60% start marriage search btwn 15 and median age, then prop by 35, then prop by 45
marriage 1 F single
15 0 0.000
34 0 0.00189
45 0 0.00481
100 0 0.0005
marriage 1 M single
16 0 0.000
34 0 0.00165
45 0 0.00481
100 0 0.0005
marriage 1 F widowed
15 0 0.000
100 0 0.00249
marriage 1 M widowed
15 0 0.000
100 0 0.00381
marriage 1 F divorced
15 0 0.000
100 0 0.00249
marriage 1 M divorced
15 0 0.000
100 0 0.00381
divorce 1 F married
1 0 0.00421
2 0 0.00258
3 0 0.00273
4 0 0.00352
5 0 0.00392
6 0 0.00386
7 0 0.00394
8 0 0.00467
9 0 0.00401
10 0 0.00356
11 0 0.00339
12 0 0.00329
13 0 0.00316
14 0 0.00315
15 0 0.00268
16 0 0.00273
17 0 0.00217
18 0 0.00276
19 0 0.00299
20 0 0.00266
21 0 0.00304
22 0 0.00286
23 0 0.00235
24 0 0.00196
25 0 0.00228
26 0 0.00225
27 0 0.00235
28 0 0.0021
29 0 0.00199
30 0 0.00181
31 0 0.0017
32 0 0.00195
33 0 0.00159
34 0 0.00154
35 0 0.00127
36 0 0.00175
37 0 0.0017
38 0 0.001
39 0 0.00157
40 0 0.00136
41 0 0.00116
42 0 0.00124
43 0 0.00089
44 0 0.00102
45 0 0.00077
46 0 0.00104
47 0 0.00106
48 0 0.00095
49 0 0.00109
50 0 0.00167
51 0 0.00068
52 0 0.00082
53 0 0.00073
54 0 0.00044
55 0 0.00032
56 0 0.00078
57 0 0.00074
58 0 0.00047
59 0 0.00087
60 0 0.00273
100 0 0
divorce 1 M married
1 0 0.00421
2 0 0.00258
3 0 0.00273
4 0 0.00352
5 0 0.00392
6 0 0.00386
7 0 0.00394
8 0 0.00467
9 0 0.00401
10 0 0.00356
11 0 0.00339
12 0 0.00329
13 0 0.00316
14 0 0.00315
15 0 0.00268
16 0 0.00273
17 0 0.00217
18 0 0.00276
19 0 0.00299
20 0 0.00266
21 0 0.00304
22 0 0.00286
23 0 0.00235
24 0 0.00196
25 0 0.00228
26 0 0.00225
27 0 0.00235
28 0 0.0021
29 0 0.00199
30 0 0.00181
31 0 0.0017
32 0 0.00195
33 0 0.00159
34 0 0.00154
35 0 0.00127
36 0 0.00175
37 0 0.0017
38 0 0.001
39 0 0.00157
40 0 0.00136
41 0 0.00116
42 0 0.00124
43 0 0.00089
44 0 0.00102
45 0 0.00077
46 0 0.00104
47 0 0.00106
48 0 0.00095
49 0 0.00109
50 0 0.00167
51 0 0.00068
52 0 0.00082
53 0 0.00073
54 0 0.00044
55 0 0.00032
56 0 0.00078
57 0 0.00074
58 0 0.00047
59 0 0.00087
60 0 0.00273
100 0 0
