*marriage rate file for black in year 2055
marriage_queues 2
marriage_eval preference
marriage_peak_age 0
marriage_agedif_max 240
*marriage rates ~ 60% start marriage search btwn 15 and median age, then prop by 35, then prop by 45
marriage 1 F single
15 0 0.000
34 0 0.00189
45 0 0.00501
100 0 0.0005
marriage 1 M single
16 0 0.000
34 0 0.00165
45 0 0.00501
100 0 0.0005
marriage 1 F widowed
15 0 0.000
100 0 0.00249
marriage 1 M widowed
15 0 0.000
100 0 0.00381
marriage 1 F divorced
15 0 0.000
100 0 0.00249
marriage 1 M divorced
15 0 0.000
100 0 0.00381
divorce 1 F married
1 0 0.00089
2 0 0.00055
3 0 0.00058
4 0 0.00074
5 0 0.00083
6 0 0.00081
7 0 0.00083
8 0 0.00098
9 0 0.00084
10 0 0.00075
11 0 0.00072
12 0 0.00069
13 0 0.00067
14 0 0.00067
15 0 0.00057
16 0 0.00058
17 0 0.00046
18 0 0.00058
19 0 0.00063
20 0 0.00056
21 0 0.00064
22 0 0.0006
23 0 0.0005
24 0 0.00042
25 0 0.00048
26 0 0.00048
27 0 0.0005
28 0 0.00045
29 0 0.00042
30 0 0.00039
31 0 0.00036
32 0 0.00041
33 0 0.00034
34 0 0.00033
35 0 0.00027
36 0 0.00037
37 0 0.00036
38 0 0.00021
39 0 0.00033
40 0 0.00029
41 0 0.00025
42 0 0.00026
43 0 0.00019
44 0 0.00022
45 0 0.00016
46 0 0.00022
47 0 0.00023
48 0 0.0002
49 0 0.00023
50 0 0.00035
51 0 0.00015
52 0 0.00018
53 0 0.00016
54 0 0.00009
55 0 0.00007
56 0 0.00017
57 0 0.00016
58 0 0.0001
59 0 0.00019
60 0 0.00058
100 0 0
divorce 1 M married
1 0 0.00089
2 0 0.00055
3 0 0.00058
4 0 0.00074
5 0 0.00083
6 0 0.00081
7 0 0.00083
8 0 0.00098
9 0 0.00084
10 0 0.00075
11 0 0.00072
12 0 0.00069
13 0 0.00067
14 0 0.00067
15 0 0.00057
16 0 0.00058
17 0 0.00046
18 0 0.00058
19 0 0.00063
20 0 0.00056
21 0 0.00064
22 0 0.0006
23 0 0.0005
24 0 0.00042
25 0 0.00048
26 0 0.00048
27 0 0.0005
28 0 0.00045
29 0 0.00042
30 0 0.00039
31 0 0.00036
32 0 0.00041
33 0 0.00034
34 0 0.00033
35 0 0.00027
36 0 0.00037
37 0 0.00036
38 0 0.00021
39 0 0.00033
40 0 0.00029
41 0 0.00025
42 0 0.00026
43 0 0.00019
44 0 0.00022
45 0 0.00016
46 0 0.00022
47 0 0.00023
48 0 0.0002
49 0 0.00023
50 0 0.00035
51 0 0.00015
52 0 0.00018
53 0 0.00016
54 0 0.00009
55 0 0.00007
56 0 0.00017
57 0 0.00016
58 0 0.0001
59 0 0.00019
60 0 0.00058
100 0 0
