*marriage rate file for white in year 2002, double divorce
marriage_queues 2
marriage_eval preference
marriage_peak_age 14
marriage_agedif_max 240
*marriage rates ~ 60% start marriage search btwn 15 and median age, then prop by 35, then prop by 45
marriage 1 F single
15 0 0.000
25 0 0.00497
45 0 0.01288
100 0 0.0005
marriage 1 M single
16 0 0.000
26 0 0.00425
45 0 0.01185
100 0 0.0005
marriage 1 F widowed
15 0 0.000
100 0 0.00436
marriage 1 M widowed
15 0 0.000
100 0 0.00536
marriage 1 F divorced
15 0 0.000
100 0 0.00436
marriage 1 M divorced
15 0 0.000
100 0 0.00536
divorce 1 F married
1 0 0.00123
2 0 0.0008
3 0 0.00094
4 0 0.00097
5 0 0.00104
6 0 0.00103
7 0 0.00092
8 0 0.00088
9 0 0.00082
10 0 0.00085
11 0 0.00082
12 0 0.00078
13 0 0.0007
14 0 0.00069
15 0 0.00063
16 0 0.00066
17 0 0.0006
18 0 0.0006
19 0 0.00058
20 0 0.00055
21 0 0.00054
22 0 0.0005
23 0 0.0005
24 0 0.00047
25 0 0.00046
26 0 0.00046
27 0 0.0004
28 0 0.00037
29 0 0.00033
30 0 0.00034
31 0 0.0003
32 0 0.00026
33 0 0.00024
34 0 0.00024
35 0 0.00021
36 0 0.00017
37 0 0.00016
38 0 0.00018
39 0 0.00014
40 0 0.00014
41 0 0.00013
42 0 0.00014
43 0 0.00012
44 0 0.00009
45 0 0.00008
46 0 0.00008
47 0 0.00008
48 0 0.00007
49 0 0.00007
50 0 0.00007
51 0 0.00006
52 0 0.00007
53 0 0.00005
54 0 0.00005
55 0 0.00006
56 0 0.00002
57 0 0.00005
58 0 0.00004
59 0 0.00001
60 0 0.00031
100 0 0
divorce 1 M married
1 0 0.00123
2 0 0.0008
3 0 0.00094
4 0 0.00097
5 0 0.00104
6 0 0.00103
7 0 0.00092
8 0 0.00088
9 0 0.00082
10 0 0.00085
11 0 0.00082
12 0 0.00078
13 0 0.0007
14 0 0.00069
15 0 0.00063
16 0 0.00066
17 0 0.0006
18 0 0.0006
19 0 0.00058
20 0 0.00055
21 0 0.00054
22 0 0.0005
23 0 0.0005
24 0 0.00047
25 0 0.00046
26 0 0.00046
27 0 0.0004
28 0 0.00037
29 0 0.00033
30 0 0.00034
31 0 0.0003
32 0 0.00026
33 0 0.00024
34 0 0.00024
35 0 0.00021
36 0 0.00017
37 0 0.00016
38 0 0.00018
39 0 0.00014
40 0 0.00014
41 0 0.00013
42 0 0.00014
43 0 0.00012
44 0 0.00009
45 0 0.00008
46 0 0.00008
47 0 0.00008
48 0 0.00007
49 0 0.00007
50 0 0.00007
51 0 0.00006
52 0 0.00007
53 0 0.00005
54 0 0.00005
55 0 0.00006
56 0 0.00002
57 0 0.00005
58 0 0.00004
59 0 0.00001
60 0 0.00031
100 0 0
