*marriage rate file for black in year 1973, constant divorce
marriage_queues 2
marriage_eval preference
marriage_peak_age 12
marriage_agedif_max 240
*marriage rates ~ 60% start marriage search btwn 15 and median age, then prop by 35, then prop by 45
marriage 1 F single
15 0 0.000
24 0 0.0064
45 0 0.01145
100 0 0.0005
marriage 1 M single
16 0 0.000
25 0 0.00552
45 0 0.01047
100 0 0.0005
marriage 1 F widowed
15 0 0.000
100 0 0.00249
marriage 1 M widowed
15 0 0.000
100 0 0.00381
marriage 1 F divorced
15 0 0.000
100 0 0.00249
marriage 1 M divorced
15 0 0.000
100 0 0.00381
divorce 1 F married
1 0 0.0015
2 0 0.00092
3 0 0.00098
4 0 0.00125
5 0 0.0014
6 0 0.00137
7 0 0.0014
8 0 0.00166
9 0 0.00143
10 0 0.00127
11 0 0.00121
12 0 0.00117
13 0 0.00113
14 0 0.00113
15 0 0.00096
16 0 0.00097
17 0 0.00078
18 0 0.00098
19 0 0.00107
20 0 0.00095
21 0 0.00108
22 0 0.00102
23 0 0.00084
24 0 0.0007
25 0 0.00082
26 0 0.0008
27 0 0.00084
28 0 0.00075
29 0 0.00071
30 0 0.00065
31 0 0.00061
32 0 0.0007
33 0 0.00057
34 0 0.00055
35 0 0.00046
36 0 0.00063
37 0 0.00061
38 0 0.00036
39 0 0.00056
40 0 0.00049
41 0 0.00042
42 0 0.00045
43 0 0.00032
44 0 0.00037
45 0 0.00028
46 0 0.00037
47 0 0.00038
48 0 0.00034
49 0 0.00039
50 0 0.0006
51 0 0.00025
52 0 0.0003
53 0 0.00026
54 0 0.00016
55 0 0.00012
56 0 0.00028
57 0 0.00027
58 0 0.00017
59 0 0.00031
60 0 0.00098
100 0 0
divorce 1 M married
1 0 0.0015
2 0 0.00092
3 0 0.00098
4 0 0.00125
5 0 0.0014
6 0 0.00137
7 0 0.0014
8 0 0.00166
9 0 0.00143
10 0 0.00127
11 0 0.00121
12 0 0.00117
13 0 0.00113
14 0 0.00113
15 0 0.00096
16 0 0.00097
17 0 0.00078
18 0 0.00098
19 0 0.00107
20 0 0.00095
21 0 0.00108
22 0 0.00102
23 0 0.00084
24 0 0.0007
25 0 0.00082
26 0 0.0008
27 0 0.00084
28 0 0.00075
29 0 0.00071
30 0 0.00065
31 0 0.00061
32 0 0.0007
33 0 0.00057
34 0 0.00055
35 0 0.00046
36 0 0.00063
37 0 0.00061
38 0 0.00036
39 0 0.00056
40 0 0.00049
41 0 0.00042
42 0 0.00045
43 0 0.00032
44 0 0.00037
45 0 0.00028
46 0 0.00037
47 0 0.00038
48 0 0.00034
49 0 0.00039
50 0 0.0006
51 0 0.00025
52 0 0.0003
53 0 0.00026
54 0 0.00016
55 0 0.00012
56 0 0.00028
57 0 0.00027
58 0 0.00017
59 0 0.00031
60 0 0.00098
100 0 0
