*marriage rate file for black in year 2029
marriage_queues 2
marriage_eval preference
marriage_peak_age 12
marriage_agedif_max 240
*marriage rates ~ 60% start marriage search btwn 15 and median age, then prop by 35, then prop by 45
marriage 1 F single
15 0 0.000
32 0 0.00211
45 0 0.00761
100 0 0.0005
marriage 1 M single
16 0 0.000
33 0 0.00175
45 0 0.00761
100 0 0.0005
marriage 1 F widowed
15 0 0.000
100 0 0.00249
marriage 1 M widowed
15 0 0.000
100 0 0.00381
marriage 1 F divorced
15 0 0.000
100 0 0.00249
marriage 1 M divorced
15 0 0.000
100 0 0.00381
divorce 1 F married
1 0 0.00102
2 0 0.00063
3 0 0.00067
4 0 0.00086
5 0 0.00095
6 0 0.00094
7 0 0.00096
8 0 0.00113
9 0 0.00097
10 0 0.00087
11 0 0.00083
12 0 0.0008
13 0 0.00077
14 0 0.00077
15 0 0.00065
16 0 0.00067
17 0 0.00053
18 0 0.00067
19 0 0.00073
20 0 0.00065
21 0 0.00074
22 0 0.0007
23 0 0.00057
24 0 0.00048
25 0 0.00056
26 0 0.00055
27 0 0.00057
28 0 0.00051
29 0 0.00049
30 0 0.00044
31 0 0.00042
32 0 0.00048
33 0 0.00039
34 0 0.00038
35 0 0.00031
36 0 0.00043
37 0 0.00042
38 0 0.00025
39 0 0.00039
40 0 0.00033
41 0 0.00029
42 0 0.0003
43 0 0.00022
44 0 0.00025
45 0 0.00019
46 0 0.00026
47 0 0.00026
48 0 0.00023
49 0 0.00027
50 0 0.00041
51 0 0.00017
52 0 0.0002
53 0 0.00018
54 0 0.00011
55 0 0.00008
56 0 0.00019
57 0 0.00018
58 0 0.00011
59 0 0.00021
60 0 0.00067
100 0 0
divorce 1 M married
1 0 0.00102
2 0 0.00063
3 0 0.00067
4 0 0.00086
5 0 0.00095
6 0 0.00094
7 0 0.00096
8 0 0.00113
9 0 0.00097
10 0 0.00087
11 0 0.00083
12 0 0.0008
13 0 0.00077
14 0 0.00077
15 0 0.00065
16 0 0.00067
17 0 0.00053
18 0 0.00067
19 0 0.00073
20 0 0.00065
21 0 0.00074
22 0 0.0007
23 0 0.00057
24 0 0.00048
25 0 0.00056
26 0 0.00055
27 0 0.00057
28 0 0.00051
29 0 0.00049
30 0 0.00044
31 0 0.00042
32 0 0.00048
33 0 0.00039
34 0 0.00038
35 0 0.00031
36 0 0.00043
37 0 0.00042
38 0 0.00025
39 0 0.00039
40 0 0.00033
41 0 0.00029
42 0 0.0003
43 0 0.00022
44 0 0.00025
45 0 0.00019
46 0 0.00026
47 0 0.00026
48 0 0.00023
49 0 0.00027
50 0 0.00041
51 0 0.00017
52 0 0.0002
53 0 0.00018
54 0 0.00011
55 0 0.00008
56 0 0.00019
57 0 0.00018
58 0 0.00011
59 0 0.00021
60 0 0.00067
100 0 0
