*marriage rate file for white in year 1993
marriage_queues 2
marriage_eval preference
marriage_peak_age 20
marriage_agedif_max 240
*marriage rates ~ 60% start marriage search btwn 15 and median age, then prop by 35, then prop by 45
marriage 1 F single
15 0 0.000
24 0 0.0064
45 0 0.01305
100 0 0.0005
marriage 1 M single
16 0 0.000
26 0 0.00497
45 0 0.0128
100 0 0.0005
marriage 1 F widowed
15 0 0.000
100 0 0.00436
marriage 1 M widowed
15 0 0.000
100 0 0.00536
marriage 1 F divorced
15 0 0.000
100 0 0.00436
marriage 1 M divorced
15 0 0.000
100 0 0.00536
divorce 1 F married
1 0 0.00145
2 0 0.00094
3 0 0.00111
4 0 0.00114
5 0 0.00122
6 0 0.00121
7 0 0.00109
8 0 0.00104
9 0 0.00096
10 0 0.001
11 0 0.00097
12 0 0.00092
13 0 0.00083
14 0 0.00082
15 0 0.00075
16 0 0.00078
17 0 0.00071
18 0 0.00071
19 0 0.00068
20 0 0.00065
21 0 0.00064
22 0 0.00059
23 0 0.00059
24 0 0.00056
25 0 0.00054
26 0 0.00054
27 0 0.00047
28 0 0.00044
29 0 0.00039
30 0 0.00041
31 0 0.00036
32 0 0.0003
33 0 0.00029
34 0 0.00028
35 0 0.00025
36 0 0.0002
37 0 0.00018
38 0 0.00021
39 0 0.00017
40 0 0.00016
41 0 0.00015
42 0 0.00016
43 0 0.00014
44 0 0.00011
45 0 0.0001
46 0 0.00009
47 0 0.0001
48 0 0.00008
49 0 0.00008
50 0 0.00009
51 0 0.00007
52 0 0.00008
53 0 0.00006
54 0 0.00005
55 0 0.00007
56 0 0.00003
57 0 0.00005
58 0 0.00004
59 0 0.00001
60 0 0.00036
100 0 0
divorce 1 M married
1 0 0.00145
2 0 0.00094
3 0 0.00111
4 0 0.00114
5 0 0.00122
6 0 0.00121
7 0 0.00109
8 0 0.00104
9 0 0.00096
10 0 0.001
11 0 0.00097
12 0 0.00092
13 0 0.00083
14 0 0.00082
15 0 0.00075
16 0 0.00078
17 0 0.00071
18 0 0.00071
19 0 0.00068
20 0 0.00065
21 0 0.00064
22 0 0.00059
23 0 0.00059
24 0 0.00056
25 0 0.00054
26 0 0.00054
27 0 0.00047
28 0 0.00044
29 0 0.00039
30 0 0.00041
31 0 0.00036
32 0 0.0003
33 0 0.00029
34 0 0.00028
35 0 0.00025
36 0 0.0002
37 0 0.00018
38 0 0.00021
39 0 0.00017
40 0 0.00016
41 0 0.00015
42 0 0.00016
43 0 0.00014
44 0 0.00011
45 0 0.0001
46 0 0.00009
47 0 0.0001
48 0 0.00008
49 0 0.00008
50 0 0.00009
51 0 0.00007
52 0 0.00008
53 0 0.00006
54 0 0.00005
55 0 0.00007
56 0 0.00003
57 0 0.00005
58 0 0.00004
59 0 0.00001
60 0 0.00036
100 0 0
