*marriage rate file for white in year 2029, quadruple divorce
marriage_queues 2
marriage_eval preference
marriage_peak_age 24
marriage_agedif_max 240
*marriage rates ~ 60% start marriage search btwn 15 and median age, then prop by 35, then prop by 45
marriage 1 F single
15 0 0.000
28 0 0.00382
45 0 0.014
100 0 0.0005
marriage 1 M single
16 0 0.000
30 0 0.00304
45 0 0.0106
100 0 0.0005
marriage 1 F widowed
15 0 0.000
100 0 0.00436
marriage 1 M widowed
15 0 0.000
100 0 0.00536
marriage 1 F divorced
15 0 0.000
100 0 0.00436
marriage 1 M divorced
15 0 0.000
100 0 0.00536
divorce 1 F married
1 0 0.00173
2 0 0.00112
3 0 0.00133
4 0 0.00136
5 0 0.00146
6 0 0.00145
7 0 0.0013
8 0 0.00124
9 0 0.00115
10 0 0.00119
11 0 0.00116
12 0 0.0011
13 0 0.00099
14 0 0.00098
15 0 0.00089
16 0 0.00093
17 0 0.00085
18 0 0.00085
19 0 0.00082
20 0 0.00077
21 0 0.00076
22 0 0.0007
23 0 0.00071
24 0 0.00066
25 0 0.00064
26 0 0.00065
27 0 0.00056
28 0 0.00053
29 0 0.00047
30 0 0.00048
31 0 0.00042
32 0 0.00036
33 0 0.00034
34 0 0.00034
35 0 0.0003
36 0 0.00024
37 0 0.00022
38 0 0.00025
39 0 0.0002
40 0 0.00019
41 0 0.00018
42 0 0.00019
43 0 0.00016
44 0 0.00013
45 0 0.00012
46 0 0.00011
47 0 0.00012
48 0 0.0001
49 0 0.00009
50 0 0.00011
51 0 0.00009
52 0 0.00009
53 0 0.00007
54 0 0.00006
55 0 0.00008
56 0 0.00003
57 0 0.00006
58 0 0.00005
59 0 0.00001
60 0 0.00043
100 0 0
divorce 1 M married
1 0 0.00173
2 0 0.00112
3 0 0.00133
4 0 0.00136
5 0 0.00146
6 0 0.00145
7 0 0.0013
8 0 0.00124
9 0 0.00115
10 0 0.00119
11 0 0.00116
12 0 0.0011
13 0 0.00099
14 0 0.00098
15 0 0.00089
16 0 0.00093
17 0 0.00085
18 0 0.00085
19 0 0.00082
20 0 0.00077
21 0 0.00076
22 0 0.0007
23 0 0.00071
24 0 0.00066
25 0 0.00064
26 0 0.00065
27 0 0.00056
28 0 0.00053
29 0 0.00047
30 0 0.00048
31 0 0.00042
32 0 0.00036
33 0 0.00034
34 0 0.00034
35 0 0.0003
36 0 0.00024
37 0 0.00022
38 0 0.00025
39 0 0.0002
40 0 0.00019
41 0 0.00018
42 0 0.00019
43 0 0.00016
44 0 0.00013
45 0 0.00012
46 0 0.00011
47 0 0.00012
48 0 0.0001
49 0 0.00009
50 0 0.00011
51 0 0.00009
52 0 0.00009
53 0 0.00007
54 0 0.00006
55 0 0.00008
56 0 0.00003
57 0 0.00006
58 0 0.00005
59 0 0.00001
60 0 0.00043
100 0 0
