*marriage rate file for white in year 1892, constant divorce
marriage_queues 2
marriage_eval preference
marriage_peak_age 34
marriage_agedif_max 240
*marriage rates ~ 60% start marriage search btwn 15 and median age, then prop by 35, then prop by 45
marriage 1 F single
15 0 0.000
24 0 0.00737
45 0 0.01279
100 0 0.0005
marriage 1 M single
16 0 0.000
27 0 0.00524
45 0 0.01163
100 0 0.0005
marriage 1 F widowed
15 0 0.000
100 0 0.00436
marriage 1 M widowed
15 0 0.000
100 0 0.00536
marriage 1 F divorced
15 0 0.000
100 0 0.00436
marriage 1 M divorced
15 0 0.000
100 0 0.00536
divorce 1 F married
1 0 0.00019
2 0 0.00012
3 0 0.00014
4 0 0.00015
5 0 0.00016
6 0 0.00016
7 0 0.00014
8 0 0.00013
9 0 0.00013
10 0 0.00013
11 0 0.00013
12 0 0.00012
13 0 0.00011
14 0 0.00011
15 0 0.0001
16 0 0.0001
17 0 0.00009
18 0 0.00009
19 0 0.00009
20 0 0.00008
21 0 0.00008
22 0 0.00008
23 0 0.00008
24 0 0.00007
25 0 0.00007
26 0 0.00007
27 0 0.00006
28 0 0.00006
29 0 0.00005
30 0 0.00005
31 0 0.00005
32 0 0.00004
33 0 0.00004
34 0 0.00004
35 0 0.00003
36 0 0.00003
37 0 0.00002
38 0 0.00003
39 0 0.00002
40 0 0.00002
41 0 0.00002
42 0 0.00002
43 0 0.00002
44 0 0.00001
45 0 0.00001
46 0 0.00001
47 0 0.00001
48 0 0.00001
49 0 0.00001
50 0 0.00001
51 0 0.00001
52 0 0.00001
53 0 0.00001
54 0 0.00001
55 0 0.00001
56 0 00
57 0 0.00001
58 0 0.00001
59 0 00
60 0 0.00005
100 0 0
divorce 1 M married
1 0 0.00019
2 0 0.00012
3 0 0.00014
4 0 0.00015
5 0 0.00016
6 0 0.00016
7 0 0.00014
8 0 0.00013
9 0 0.00013
10 0 0.00013
11 0 0.00013
12 0 0.00012
13 0 0.00011
14 0 0.00011
15 0 0.0001
16 0 0.0001
17 0 0.00009
18 0 0.00009
19 0 0.00009
20 0 0.00008
21 0 0.00008
22 0 0.00008
23 0 0.00008
24 0 0.00007
25 0 0.00007
26 0 0.00007
27 0 0.00006
28 0 0.00006
29 0 0.00005
30 0 0.00005
31 0 0.00005
32 0 0.00004
33 0 0.00004
34 0 0.00004
35 0 0.00003
36 0 0.00003
37 0 0.00002
38 0 0.00003
39 0 0.00002
40 0 0.00002
41 0 0.00002
42 0 0.00002
43 0 0.00002
44 0 0.00001
45 0 0.00001
46 0 0.00001
47 0 0.00001
48 0 0.00001
49 0 0.00001
50 0 0.00001
51 0 0.00001
52 0 0.00001
53 0 0.00001
54 0 0.00001
55 0 0.00001
56 0 00
57 0 0.00001
58 0 0.00001
59 0 00
60 0 0.00005
100 0 0
