*marriage rate file for white in year 1965, double divorce
marriage_queues 2
marriage_eval preference
marriage_peak_age 30
marriage_agedif_max 240
*marriage rates ~ 60% start marriage search btwn 15 and median age, then prop by 35, then prop by 45
marriage 1 F single
15 0 0.000
22 0 0.00946
45 0 0.01023
100 0 0.0005
marriage 1 M single
16 0 0.000
24 0 0.00719
45 0 0.0105
100 0 0.0005
marriage 1 F widowed
15 0 0.000
100 0 0.00436
marriage 1 M widowed
15 0 0.000
100 0 0.00536
marriage 1 F divorced
15 0 0.000
100 0 0.00436
marriage 1 M divorced
15 0 0.000
100 0 0.00536
divorce 1 F married
1 0 0.00078
2 0 0.00051
3 0 0.0006
4 0 0.00062
5 0 0.00066
6 0 0.00066
7 0 0.00059
8 0 0.00056
9 0 0.00052
10 0 0.00054
11 0 0.00052
12 0 0.0005
13 0 0.00045
14 0 0.00044
15 0 0.0004
16 0 0.00042
17 0 0.00038
18 0 0.00038
19 0 0.00037
20 0 0.00035
21 0 0.00035
22 0 0.00032
23 0 0.00032
24 0 0.0003
25 0 0.00029
26 0 0.0003
27 0 0.00026
28 0 0.00024
29 0 0.00021
30 0 0.00022
31 0 0.00019
32 0 0.00017
33 0 0.00016
34 0 0.00015
35 0 0.00014
36 0 0.00011
37 0 0.0001
38 0 0.00011
39 0 0.00009
40 0 0.00009
41 0 0.00008
42 0 0.00009
43 0 0.00008
44 0 0.00006
45 0 0.00005
46 0 0.00005
47 0 0.00005
48 0 0.00004
49 0 0.00004
50 0 0.00005
51 0 0.00004
52 0 0.00004
53 0 0.00003
54 0 0.00003
55 0 0.00004
56 0 0.00001
57 0 0.00003
58 0 0.00002
59 0 0.00001
60 0 0.0002
100 0 0
divorce 1 M married
1 0 0.00078
2 0 0.00051
3 0 0.0006
4 0 0.00062
5 0 0.00066
6 0 0.00066
7 0 0.00059
8 0 0.00056
9 0 0.00052
10 0 0.00054
11 0 0.00052
12 0 0.0005
13 0 0.00045
14 0 0.00044
15 0 0.0004
16 0 0.00042
17 0 0.00038
18 0 0.00038
19 0 0.00037
20 0 0.00035
21 0 0.00035
22 0 0.00032
23 0 0.00032
24 0 0.0003
25 0 0.00029
26 0 0.0003
27 0 0.00026
28 0 0.00024
29 0 0.00021
30 0 0.00022
31 0 0.00019
32 0 0.00017
33 0 0.00016
34 0 0.00015
35 0 0.00014
36 0 0.00011
37 0 0.0001
38 0 0.00011
39 0 0.00009
40 0 0.00009
41 0 0.00008
42 0 0.00009
43 0 0.00008
44 0 0.00006
45 0 0.00005
46 0 0.00005
47 0 0.00005
48 0 0.00004
49 0 0.00004
50 0 0.00005
51 0 0.00004
52 0 0.00004
53 0 0.00003
54 0 0.00003
55 0 0.00004
56 0 0.00001
57 0 0.00003
58 0 0.00002
59 0 0.00001
60 0 0.0002
100 0 0
