*marriage rate file for black in year 1995, double divorce
marriage_queues 2
marriage_eval preference
marriage_peak_age 0
marriage_agedif_max 240
*marriage rates ~ 60% start marriage search btwn 15 and median age, then prop by 35, then prop by 45
marriage 1 F single
15 0 0.000
28 0 0.00354
45 0 0.01076
100 0 0.0005
marriage 1 M single
16 0 0.000
28 0 0.00326
45 0 0.01055
100 0 0.0005
marriage 1 F widowed
15 0 0.000
100 0 0.00249
marriage 1 M widowed
15 0 0.000
100 0 0.00381
marriage 1 F divorced
15 0 0.000
100 0 0.00249
marriage 1 M divorced
15 0 0.000
100 0 0.00381
divorce 1 F married
1 0 0.00152
2 0 0.00094
3 0 0.00099
4 0 0.00127
5 0 0.00141
6 0 0.00139
7 0 0.00142
8 0 0.00168
9 0 0.00145
10 0 0.00129
11 0 0.00123
12 0 0.00119
13 0 0.00114
14 0 0.00114
15 0 0.00097
16 0 0.00099
17 0 0.00079
18 0 0.001
19 0 0.00108
20 0 0.00096
21 0 0.0011
22 0 0.00104
23 0 0.00085
24 0 0.00071
25 0 0.00083
26 0 0.00081
27 0 0.00085
28 0 0.00076
29 0 0.00072
30 0 0.00066
31 0 0.00062
32 0 0.00071
33 0 0.00058
34 0 0.00056
35 0 0.00046
36 0 0.00063
37 0 0.00062
38 0 0.00037
39 0 0.00057
40 0 0.0005
41 0 0.00042
42 0 0.00045
43 0 0.00032
44 0 0.00037
45 0 0.00028
46 0 0.00038
47 0 0.00039
48 0 0.00035
49 0 0.0004
50 0 0.00061
51 0 0.00025
52 0 0.0003
53 0 0.00027
54 0 0.00016
55 0 0.00012
56 0 0.00029
57 0 0.00027
58 0 0.00017
59 0 0.00032
60 0 0.00099
100 0 0
divorce 1 M married
1 0 0.00152
2 0 0.00094
3 0 0.00099
4 0 0.00127
5 0 0.00141
6 0 0.00139
7 0 0.00142
8 0 0.00168
9 0 0.00145
10 0 0.00129
11 0 0.00123
12 0 0.00119
13 0 0.00114
14 0 0.00114
15 0 0.00097
16 0 0.00099
17 0 0.00079
18 0 0.001
19 0 0.00108
20 0 0.00096
21 0 0.0011
22 0 0.00104
23 0 0.00085
24 0 0.00071
25 0 0.00083
26 0 0.00081
27 0 0.00085
28 0 0.00076
29 0 0.00072
30 0 0.00066
31 0 0.00062
32 0 0.00071
33 0 0.00058
34 0 0.00056
35 0 0.00046
36 0 0.00063
37 0 0.00062
38 0 0.00037
39 0 0.00057
40 0 0.0005
41 0 0.00042
42 0 0.00045
43 0 0.00032
44 0 0.00037
45 0 0.00028
46 0 0.00038
47 0 0.00039
48 0 0.00035
49 0 0.0004
50 0 0.00061
51 0 0.00025
52 0 0.0003
53 0 0.00027
54 0 0.00016
55 0 0.00012
56 0 0.00029
57 0 0.00027
58 0 0.00017
59 0 0.00032
60 0 0.00099
100 0 0
