*marriage rate file for white in year 2034, quadruple divorce
marriage_queues 2
marriage_eval preference
marriage_peak_age 24
marriage_agedif_max 240
*marriage rates ~ 60% start marriage search btwn 15 and median age, then prop by 35, then prop by 45
marriage 1 F single
15 0 0.000
28 0 0.00382
45 0 0.01367
100 0 0.0005
marriage 1 M single
16 0 0.000
30 0 0.00304
45 0 0.01006
100 0 0.0005
marriage 1 F widowed
15 0 0.000
100 0 0.00436
marriage 1 M widowed
15 0 0.000
100 0 0.00536
marriage 1 F divorced
15 0 0.000
100 0 0.00436
marriage 1 M divorced
15 0 0.000
100 0 0.00536
divorce 1 F married
1 0 0.00197
2 0 0.00128
3 0 0.00151
4 0 0.00156
5 0 0.00167
6 0 0.00165
7 0 0.00148
8 0 0.00141
9 0 0.00131
10 0 0.00136
11 0 0.00132
12 0 0.00125
13 0 0.00112
14 0 0.00111
15 0 0.00101
16 0 0.00107
17 0 0.00096
18 0 0.00096
19 0 0.00093
20 0 0.00088
21 0 0.00087
22 0 0.0008
23 0 0.00081
24 0 0.00076
25 0 0.00073
26 0 0.00074
27 0 0.00064
28 0 0.0006
29 0 0.00053
30 0 0.00055
31 0 0.00048
32 0 0.00041
33 0 0.00039
34 0 0.00039
35 0 0.00034
36 0 0.00027
37 0 0.00025
38 0 0.00028
39 0 0.00023
40 0 0.00022
41 0 0.00021
42 0 0.00022
43 0 0.00019
44 0 0.00015
45 0 0.00013
46 0 0.00012
47 0 0.00013
48 0 0.00011
49 0 0.0001
50 0 0.00012
51 0 0.0001
52 0 0.00011
53 0 0.00008
54 0 0.00007
55 0 0.00009
56 0 0.00004
57 0 0.00007
58 0 0.00006
59 0 0.00002
60 0 0.00049
100 0 0
divorce 1 M married
1 0 0.00197
2 0 0.00128
3 0 0.00151
4 0 0.00156
5 0 0.00167
6 0 0.00165
7 0 0.00148
8 0 0.00141
9 0 0.00131
10 0 0.00136
11 0 0.00132
12 0 0.00125
13 0 0.00112
14 0 0.00111
15 0 0.00101
16 0 0.00107
17 0 0.00096
18 0 0.00096
19 0 0.00093
20 0 0.00088
21 0 0.00087
22 0 0.0008
23 0 0.00081
24 0 0.00076
25 0 0.00073
26 0 0.00074
27 0 0.00064
28 0 0.0006
29 0 0.00053
30 0 0.00055
31 0 0.00048
32 0 0.00041
33 0 0.00039
34 0 0.00039
35 0 0.00034
36 0 0.00027
37 0 0.00025
38 0 0.00028
39 0 0.00023
40 0 0.00022
41 0 0.00021
42 0 0.00022
43 0 0.00019
44 0 0.00015
45 0 0.00013
46 0 0.00012
47 0 0.00013
48 0 0.00011
49 0 0.0001
50 0 0.00012
51 0 0.0001
52 0 0.00011
53 0 0.00008
54 0 0.00007
55 0 0.00009
56 0 0.00004
57 0 0.00007
58 0 0.00006
59 0 0.00002
60 0 0.00049
100 0 0
