*marriage rate file for black in year 2036, quadruple divorce
marriage_queues 2
marriage_eval preference
marriage_peak_age 12
marriage_agedif_max 240
*marriage rates ~ 60% start marriage search btwn 15 and median age, then prop by 35, then prop by 45
marriage 1 F single
15 0 0.000
33 0 0.00199
45 0 0.00726
100 0 0.0005
marriage 1 M single
16 0 0.000
34 0 0.00165
45 0 0.00726
100 0 0.0005
marriage 1 F widowed
15 0 0.000
100 0 0.00249
marriage 1 M widowed
15 0 0.000
100 0 0.00381
marriage 1 F divorced
15 0 0.000
100 0 0.00249
marriage 1 M divorced
15 0 0.000
100 0 0.00381
divorce 1 F married
1 0 0.00231
2 0 0.00142
3 0 0.0015
4 0 0.00193
5 0 0.00215
6 0 0.00211
7 0 0.00216
8 0 0.00255
9 0 0.0022
10 0 0.00195
11 0 0.00186
12 0 0.00181
13 0 0.00173
14 0 0.00173
15 0 0.00147
16 0 0.0015
17 0 0.00119
18 0 0.00151
19 0 0.00164
20 0 0.00146
21 0 0.00167
22 0 0.00157
23 0 0.00129
24 0 0.00108
25 0 0.00126
26 0 0.00124
27 0 0.00129
28 0 0.00116
29 0 0.00109
30 0 0.001
31 0 0.00093
32 0 0.00107
33 0 0.00087
34 0 0.00085
35 0 0.0007
36 0 0.00096
37 0 0.00094
38 0 0.00055
39 0 0.00087
40 0 0.00075
41 0 0.00064
42 0 0.00068
43 0 0.00049
44 0 0.00056
45 0 0.00043
46 0 0.00058
47 0 0.00059
48 0 0.00053
49 0 0.0006
50 0 0.00092
51 0 0.00038
52 0 0.00045
53 0 0.0004
54 0 0.00024
55 0 0.00018
56 0 0.00043
57 0 0.00041
58 0 0.00026
59 0 0.00048
60 0 0.0015
100 0 0
divorce 1 M married
1 0 0.00231
2 0 0.00142
3 0 0.0015
4 0 0.00193
5 0 0.00215
6 0 0.00211
7 0 0.00216
8 0 0.00255
9 0 0.0022
10 0 0.00195
11 0 0.00186
12 0 0.00181
13 0 0.00173
14 0 0.00173
15 0 0.00147
16 0 0.0015
17 0 0.00119
18 0 0.00151
19 0 0.00164
20 0 0.00146
21 0 0.00167
22 0 0.00157
23 0 0.00129
24 0 0.00108
25 0 0.00126
26 0 0.00124
27 0 0.00129
28 0 0.00116
29 0 0.00109
30 0 0.001
31 0 0.00093
32 0 0.00107
33 0 0.00087
34 0 0.00085
35 0 0.0007
36 0 0.00096
37 0 0.00094
38 0 0.00055
39 0 0.00087
40 0 0.00075
41 0 0.00064
42 0 0.00068
43 0 0.00049
44 0 0.00056
45 0 0.00043
46 0 0.00058
47 0 0.00059
48 0 0.00053
49 0 0.0006
50 0 0.00092
51 0 0.00038
52 0 0.00045
53 0 0.0004
54 0 0.00024
55 0 0.00018
56 0 0.00043
57 0 0.00041
58 0 0.00026
59 0 0.00048
60 0 0.0015
100 0 0
