*marriage rate file for white in year 1928
marriage_queues 2
marriage_eval preference
marriage_peak_age 24
marriage_agedif_max 240
*marriage rates ~ 60% start marriage search btwn 15 and median age, then prop by 35, then prop by 45
marriage 1 F single
15 0 0.000
23 0 0.00828
45 0 0.00963
100 0 0.0005
marriage 1 M single
16 0 0.000
25 0 0.0064
45 0 0.00947
100 0 0.0005
marriage 1 F widowed
15 0 0.000
100 0 0.00436
marriage 1 M widowed
15 0 0.000
100 0 0.00536
marriage 1 F divorced
15 0 0.000
100 0 0.00436
marriage 1 M divorced
15 0 0.000
100 0 0.00536
divorce 1 F married
1 0 0.00053
2 0 0.00035
3 0 0.00041
4 0 0.00042
5 0 0.00045
6 0 0.00045
7 0 0.0004
8 0 0.00038
9 0 0.00036
10 0 0.00037
11 0 0.00036
12 0 0.00034
13 0 0.0003
14 0 0.0003
15 0 0.00027
16 0 0.00029
17 0 0.00026
18 0 0.00026
19 0 0.00025
20 0 0.00024
21 0 0.00024
22 0 0.00022
23 0 0.00022
24 0 0.0002
25 0 0.0002
26 0 0.0002
27 0 0.00017
28 0 0.00016
29 0 0.00014
30 0 0.00015
31 0 0.00013
32 0 0.00011
33 0 0.00011
34 0 0.0001
35 0 0.00009
36 0 0.00007
37 0 0.00007
38 0 0.00008
39 0 0.00006
40 0 0.00006
41 0 0.00006
42 0 0.00006
43 0 0.00005
44 0 0.00004
45 0 0.00004
46 0 0.00003
47 0 0.00004
48 0 0.00003
49 0 0.00003
50 0 0.00003
51 0 0.00003
52 0 0.00003
53 0 0.00002
54 0 0.00002
55 0 0.00003
56 0 0.00001
57 0 0.00002
58 0 0.00002
59 0 00
60 0 0.00013
100 0 0
divorce 1 M married
1 0 0.00053
2 0 0.00035
3 0 0.00041
4 0 0.00042
5 0 0.00045
6 0 0.00045
7 0 0.0004
8 0 0.00038
9 0 0.00036
10 0 0.00037
11 0 0.00036
12 0 0.00034
13 0 0.0003
14 0 0.0003
15 0 0.00027
16 0 0.00029
17 0 0.00026
18 0 0.00026
19 0 0.00025
20 0 0.00024
21 0 0.00024
22 0 0.00022
23 0 0.00022
24 0 0.0002
25 0 0.0002
26 0 0.0002
27 0 0.00017
28 0 0.00016
29 0 0.00014
30 0 0.00015
31 0 0.00013
32 0 0.00011
33 0 0.00011
34 0 0.0001
35 0 0.00009
36 0 0.00007
37 0 0.00007
38 0 0.00008
39 0 0.00006
40 0 0.00006
41 0 0.00006
42 0 0.00006
43 0 0.00005
44 0 0.00004
45 0 0.00004
46 0 0.00003
47 0 0.00004
48 0 0.00003
49 0 0.00003
50 0 0.00003
51 0 0.00003
52 0 0.00003
53 0 0.00002
54 0 0.00002
55 0 0.00003
56 0 0.00001
57 0 0.00002
58 0 0.00002
59 0 00
60 0 0.00013
100 0 0
