*marriage rate file for black in year 1941, quadruple divorce
marriage_queues 2
marriage_eval preference
marriage_peak_age 25
marriage_agedif_max 240
*marriage rates ~ 60% start marriage search btwn 15 and median age, then prop by 35, then prop by 45
marriage 1 F single
15 0 0.000
22 0 0.00822
45 0 0.01182
100 0 0.0005
marriage 1 M single
16 0 0.000
24 0 0.00621
45 0 0.0096
100 0 0.0005
marriage 1 F widowed
15 0 0.000
100 0 0.00249
marriage 1 M widowed
15 0 0.000
100 0 0.00381
marriage 1 F divorced
15 0 0.000
100 0 0.00249
marriage 1 M divorced
15 0 0.000
100 0 0.00381
divorce 1 F married
1 0 0.00076
2 0 0.00047
3 0 0.00049
4 0 0.00063
5 0 0.0007
6 0 0.00069
7 0 0.00071
8 0 0.00084
9 0 0.00072
10 0 0.00064
11 0 0.00061
12 0 0.00059
13 0 0.00057
14 0 0.00057
15 0 0.00048
16 0 0.00049
17 0 0.00039
18 0 0.0005
19 0 0.00054
20 0 0.00048
21 0 0.00055
22 0 0.00052
23 0 0.00042
24 0 0.00036
25 0 0.00041
26 0 0.00041
27 0 0.00043
28 0 0.00038
29 0 0.00036
30 0 0.00033
31 0 0.00031
32 0 0.00035
33 0 0.00029
34 0 0.00028
35 0 0.00023
36 0 0.00032
37 0 0.00031
38 0 0.00018
39 0 0.00029
40 0 0.00025
41 0 0.00021
42 0 0.00023
43 0 0.00016
44 0 0.00018
45 0 0.00014
46 0 0.00019
47 0 0.00019
48 0 0.00017
49 0 0.0002
50 0 0.0003
51 0 0.00012
52 0 0.00015
53 0 0.00013
54 0 0.00008
55 0 0.00006
56 0 0.00014
57 0 0.00013
58 0 0.00009
59 0 0.00016
60 0 0.00049
100 0 0
divorce 1 M married
1 0 0.00076
2 0 0.00047
3 0 0.00049
4 0 0.00063
5 0 0.0007
6 0 0.00069
7 0 0.00071
8 0 0.00084
9 0 0.00072
10 0 0.00064
11 0 0.00061
12 0 0.00059
13 0 0.00057
14 0 0.00057
15 0 0.00048
16 0 0.00049
17 0 0.00039
18 0 0.0005
19 0 0.00054
20 0 0.00048
21 0 0.00055
22 0 0.00052
23 0 0.00042
24 0 0.00036
25 0 0.00041
26 0 0.00041
27 0 0.00043
28 0 0.00038
29 0 0.00036
30 0 0.00033
31 0 0.00031
32 0 0.00035
33 0 0.00029
34 0 0.00028
35 0 0.00023
36 0 0.00032
37 0 0.00031
38 0 0.00018
39 0 0.00029
40 0 0.00025
41 0 0.00021
42 0 0.00023
43 0 0.00016
44 0 0.00018
45 0 0.00014
46 0 0.00019
47 0 0.00019
48 0 0.00017
49 0 0.0002
50 0 0.0003
51 0 0.00012
52 0 0.00015
53 0 0.00013
54 0 0.00008
55 0 0.00006
56 0 0.00014
57 0 0.00013
58 0 0.00009
59 0 0.00016
60 0 0.00049
100 0 0
