*marriage rate file for white in year 1882, quadruple divorce
marriage_queues 2
marriage_eval preference
marriage_peak_age 36
marriage_agedif_max 240
*marriage rates ~ 60% start marriage search btwn 15 and median age, then prop by 35, then prop by 45
marriage 1 F single
15 0 0.000
24 0 0.00737
45 0 0.01294
100 0 0.0005
marriage 1 M single
16 0 0.000
27 0 0.00524
45 0 0.01163
100 0 0.0005
marriage 1 F widowed
15 0 0.000
100 0 0.00436
marriage 1 M widowed
15 0 0.000
100 0 0.00536
marriage 1 F divorced
15 0 0.000
100 0 0.00436
marriage 1 M divorced
15 0 0.000
100 0 0.00536
divorce 1 F married
1 0 0.00012
2 0 0.00008
3 0 0.0001
4 0 0.0001
5 0 0.00011
6 0 0.0001
7 0 0.00009
8 0 0.00009
9 0 0.00008
10 0 0.00009
11 0 0.00008
12 0 0.00008
13 0 0.00007
14 0 0.00007
15 0 0.00006
16 0 0.00007
17 0 0.00006
18 0 0.00006
19 0 0.00006
20 0 0.00006
21 0 0.00006
22 0 0.00005
23 0 0.00005
24 0 0.00005
25 0 0.00005
26 0 0.00005
27 0 0.00004
28 0 0.00004
29 0 0.00003
30 0 0.00004
31 0 0.00003
32 0 0.00003
33 0 0.00002
34 0 0.00002
35 0 0.00002
36 0 0.00002
37 0 0.00002
38 0 0.00002
39 0 0.00001
40 0 0.00001
41 0 0.00001
42 0 0.00001
43 0 0.00001
44 0 0.00001
45 0 0.00001
46 0 0.00001
47 0 0.00001
48 0 0.00001
49 0 0.00001
50 0 0.00001
51 0 0.00001
52 0 0.00001
53 0 0.00001
54 0 00
55 0 0.00001
56 0 00
57 0 00
58 0 00
59 0 00
60 0 0.00003
100 0 0
divorce 1 M married
1 0 0.00012
2 0 0.00008
3 0 0.0001
4 0 0.0001
5 0 0.00011
6 0 0.0001
7 0 0.00009
8 0 0.00009
9 0 0.00008
10 0 0.00009
11 0 0.00008
12 0 0.00008
13 0 0.00007
14 0 0.00007
15 0 0.00006
16 0 0.00007
17 0 0.00006
18 0 0.00006
19 0 0.00006
20 0 0.00006
21 0 0.00006
22 0 0.00005
23 0 0.00005
24 0 0.00005
25 0 0.00005
26 0 0.00005
27 0 0.00004
28 0 0.00004
29 0 0.00003
30 0 0.00004
31 0 0.00003
32 0 0.00003
33 0 0.00002
34 0 0.00002
35 0 0.00002
36 0 0.00002
37 0 0.00002
38 0 0.00002
39 0 0.00001
40 0 0.00001
41 0 0.00001
42 0 0.00001
43 0 0.00001
44 0 0.00001
45 0 0.00001
46 0 0.00001
47 0 0.00001
48 0 0.00001
49 0 0.00001
50 0 0.00001
51 0 0.00001
52 0 0.00001
53 0 0.00001
54 0 00
55 0 0.00001
56 0 00
57 0 00
58 0 00
59 0 00
60 0 0.00003
100 0 0
