*marriage rate file for black in year 2041, quadruple divorce
marriage_queues 2
marriage_eval preference
marriage_peak_age 11
marriage_agedif_max 240
*marriage rates ~ 60% start marriage search btwn 15 and median age, then prop by 35, then prop by 45
marriage 1 F single
15 0 0.000
33 0 0.00199
45 0 0.0066
100 0 0.0005
marriage 1 M single
16 0 0.000
34 0 0.00165
45 0 0.0066
100 0 0.0005
marriage 1 F widowed
15 0 0.000
100 0 0.00249
marriage 1 M widowed
15 0 0.000
100 0 0.00381
marriage 1 F divorced
15 0 0.000
100 0 0.00249
marriage 1 M divorced
15 0 0.000
100 0 0.00381
divorce 1 F married
1 0 0.00276
2 0 0.00169
3 0 0.00179
4 0 0.0023
5 0 0.00257
6 0 0.00252
7 0 0.00258
8 0 0.00305
9 0 0.00263
10 0 0.00233
11 0 0.00222
12 0 0.00216
13 0 0.00207
14 0 0.00207
15 0 0.00176
16 0 0.00179
17 0 0.00143
18 0 0.00181
19 0 0.00196
20 0 0.00174
21 0 0.00199
22 0 0.00188
23 0 0.00154
24 0 0.00129
25 0 0.0015
26 0 0.00147
27 0 0.00154
28 0 0.00138
29 0 0.00131
30 0 0.00119
31 0 0.00111
32 0 0.00128
33 0 0.00104
34 0 0.00101
35 0 0.00084
36 0 0.00115
37 0 0.00112
38 0 0.00066
39 0 0.00103
40 0 0.0009
41 0 0.00077
42 0 0.00082
43 0 0.00059
44 0 0.00067
45 0 0.00051
46 0 0.00069
47 0 0.0007
48 0 0.00063
49 0 0.00072
50 0 0.0011
51 0 0.00045
52 0 0.00054
53 0 0.00048
54 0 0.00029
55 0 0.00021
56 0 0.00052
57 0 0.00049
58 0 0.00031
59 0 0.00057
60 0 0.00179
100 0 0
divorce 1 M married
1 0 0.00276
2 0 0.00169
3 0 0.00179
4 0 0.0023
5 0 0.00257
6 0 0.00252
7 0 0.00258
8 0 0.00305
9 0 0.00263
10 0 0.00233
11 0 0.00222
12 0 0.00216
13 0 0.00207
14 0 0.00207
15 0 0.00176
16 0 0.00179
17 0 0.00143
18 0 0.00181
19 0 0.00196
20 0 0.00174
21 0 0.00199
22 0 0.00188
23 0 0.00154
24 0 0.00129
25 0 0.0015
26 0 0.00147
27 0 0.00154
28 0 0.00138
29 0 0.00131
30 0 0.00119
31 0 0.00111
32 0 0.00128
33 0 0.00104
34 0 0.00101
35 0 0.00084
36 0 0.00115
37 0 0.00112
38 0 0.00066
39 0 0.00103
40 0 0.0009
41 0 0.00077
42 0 0.00082
43 0 0.00059
44 0 0.00067
45 0 0.00051
46 0 0.00069
47 0 0.0007
48 0 0.00063
49 0 0.00072
50 0 0.0011
51 0 0.00045
52 0 0.00054
53 0 0.00048
54 0 0.00029
55 0 0.00021
56 0 0.00052
57 0 0.00049
58 0 0.00031
59 0 0.00057
60 0 0.00179
100 0 0
