*marriage rate file for white in year 1912, double divorce
marriage_queues 2
marriage_eval preference
marriage_peak_age 34
marriage_agedif_max 240
*marriage rates ~ 60% start marriage search btwn 15 and median age, then prop by 35, then prop by 45
marriage 1 F single
15 0 0.000
23 0 0.00828
45 0 0.01091
100 0 0.0005
marriage 1 M single
16 0 0.000
26 0 0.00576
45 0 0.01032
100 0 0.0005
marriage 1 F widowed
15 0 0.000
100 0 0.00436
marriage 1 M widowed
15 0 0.000
100 0 0.00536
marriage 1 F divorced
15 0 0.000
100 0 0.00436
marriage 1 M divorced
15 0 0.000
100 0 0.00536
divorce 1 F married
1 0 0.00031
2 0 0.0002
3 0 0.00024
4 0 0.00025
5 0 0.00026
6 0 0.00026
7 0 0.00023
8 0 0.00022
9 0 0.00021
10 0 0.00022
11 0 0.00021
12 0 0.0002
13 0 0.00018
14 0 0.00018
15 0 0.00016
16 0 0.00017
17 0 0.00015
18 0 0.00015
19 0 0.00015
20 0 0.00014
21 0 0.00014
22 0 0.00013
23 0 0.00013
24 0 0.00012
25 0 0.00012
26 0 0.00012
27 0 0.0001
28 0 0.0001
29 0 0.00008
30 0 0.00009
31 0 0.00008
32 0 0.00007
33 0 0.00006
34 0 0.00006
35 0 0.00005
36 0 0.00004
37 0 0.00004
38 0 0.00005
39 0 0.00004
40 0 0.00004
41 0 0.00003
42 0 0.00004
43 0 0.00003
44 0 0.00002
45 0 0.00002
46 0 0.00002
47 0 0.00002
48 0 0.00002
49 0 0.00002
50 0 0.00002
51 0 0.00002
52 0 0.00002
53 0 0.00001
54 0 0.00001
55 0 0.00001
56 0 0.00001
57 0 0.00001
58 0 0.00001
59 0 00
60 0 0.00008
100 0 0
divorce 1 M married
1 0 0.00031
2 0 0.0002
3 0 0.00024
4 0 0.00025
5 0 0.00026
6 0 0.00026
7 0 0.00023
8 0 0.00022
9 0 0.00021
10 0 0.00022
11 0 0.00021
12 0 0.0002
13 0 0.00018
14 0 0.00018
15 0 0.00016
16 0 0.00017
17 0 0.00015
18 0 0.00015
19 0 0.00015
20 0 0.00014
21 0 0.00014
22 0 0.00013
23 0 0.00013
24 0 0.00012
25 0 0.00012
26 0 0.00012
27 0 0.0001
28 0 0.0001
29 0 0.00008
30 0 0.00009
31 0 0.00008
32 0 0.00007
33 0 0.00006
34 0 0.00006
35 0 0.00005
36 0 0.00004
37 0 0.00004
38 0 0.00005
39 0 0.00004
40 0 0.00004
41 0 0.00003
42 0 0.00004
43 0 0.00003
44 0 0.00002
45 0 0.00002
46 0 0.00002
47 0 0.00002
48 0 0.00002
49 0 0.00002
50 0 0.00002
51 0 0.00002
52 0 0.00002
53 0 0.00001
54 0 0.00001
55 0 0.00001
56 0 0.00001
57 0 0.00001
58 0 0.00001
59 0 00
60 0 0.00008
100 0 0
