*marriage rate file for white in year 1910, quadruple divorce
marriage_queues 2
marriage_eval preference
marriage_peak_age 36
marriage_agedif_max 240
*marriage rates ~ 60% start marriage search btwn 15 and median age, then prop by 35, then prop by 45
marriage 1 F single
15 0 0.000
23 0 0.00828
45 0 0.01102
100 0 0.0005
marriage 1 M single
16 0 0.000
26 0 0.00576
45 0 0.01051
100 0 0.0005
marriage 1 F widowed
15 0 0.000
100 0 0.00436
marriage 1 M widowed
15 0 0.000
100 0 0.00536
marriage 1 F divorced
15 0 0.000
100 0 0.00436
marriage 1 M divorced
15 0 0.000
100 0 0.00536
divorce 1 F married
1 0 0.00028
2 0 0.00018
3 0 0.00022
4 0 0.00022
5 0 0.00024
6 0 0.00024
7 0 0.00021
8 0 0.0002
9 0 0.00019
10 0 0.00019
11 0 0.00019
12 0 0.00018
13 0 0.00016
14 0 0.00016
15 0 0.00015
16 0 0.00015
17 0 0.00014
18 0 0.00014
19 0 0.00013
20 0 0.00013
21 0 0.00012
22 0 0.00011
23 0 0.00012
24 0 0.00011
25 0 0.0001
26 0 0.00011
27 0 0.00009
28 0 0.00009
29 0 0.00008
30 0 0.00008
31 0 0.00007
32 0 0.00006
33 0 0.00006
34 0 0.00006
35 0 0.00005
36 0 0.00004
37 0 0.00004
38 0 0.00004
39 0 0.00003
40 0 0.00003
41 0 0.00003
42 0 0.00003
43 0 0.00003
44 0 0.00002
45 0 0.00002
46 0 0.00002
47 0 0.00002
48 0 0.00002
49 0 0.00002
50 0 0.00002
51 0 0.00001
52 0 0.00002
53 0 0.00001
54 0 0.00001
55 0 0.00001
56 0 0.00001
57 0 0.00001
58 0 0.00001
59 0 00
60 0 0.00007
100 0 0
divorce 1 M married
1 0 0.00028
2 0 0.00018
3 0 0.00022
4 0 0.00022
5 0 0.00024
6 0 0.00024
7 0 0.00021
8 0 0.0002
9 0 0.00019
10 0 0.00019
11 0 0.00019
12 0 0.00018
13 0 0.00016
14 0 0.00016
15 0 0.00015
16 0 0.00015
17 0 0.00014
18 0 0.00014
19 0 0.00013
20 0 0.00013
21 0 0.00012
22 0 0.00011
23 0 0.00012
24 0 0.00011
25 0 0.0001
26 0 0.00011
27 0 0.00009
28 0 0.00009
29 0 0.00008
30 0 0.00008
31 0 0.00007
32 0 0.00006
33 0 0.00006
34 0 0.00006
35 0 0.00005
36 0 0.00004
37 0 0.00004
38 0 0.00004
39 0 0.00003
40 0 0.00003
41 0 0.00003
42 0 0.00003
43 0 0.00003
44 0 0.00002
45 0 0.00002
46 0 0.00002
47 0 0.00002
48 0 0.00002
49 0 0.00002
50 0 0.00002
51 0 0.00001
52 0 0.00002
53 0 0.00001
54 0 0.00001
55 0 0.00001
56 0 0.00001
57 0 0.00001
58 0 0.00001
59 0 00
60 0 0.00007
100 0 0
