*marriage rate file for black in year 1993
marriage_queues 2
marriage_eval preference
marriage_peak_age 5
marriage_agedif_max 240
*marriage rates ~ 60% start marriage search btwn 15 and median age, then prop by 35, then prop by 45
marriage 1 F single
15 0 0.000
27 0 0.00384
45 0 0.01113
100 0 0.0005
marriage 1 M single
16 0 0.000
28 0 0.00326
45 0 0.01081
100 0 0.0005
marriage 1 F widowed
15 0 0.000
100 0 0.00249
marriage 1 M widowed
15 0 0.000
100 0 0.00381
marriage 1 F divorced
15 0 0.000
100 0 0.00249
marriage 1 M divorced
15 0 0.000
100 0 0.00381
divorce 1 F married
1 0 0.00159
2 0 0.00098
3 0 0.00103
4 0 0.00133
5 0 0.00148
6 0 0.00145
7 0 0.00149
8 0 0.00176
9 0 0.00151
10 0 0.00135
11 0 0.00128
12 0 0.00124
13 0 0.00119
14 0 0.00119
15 0 0.00101
16 0 0.00103
17 0 0.00082
18 0 0.00104
19 0 0.00113
20 0 0.00101
21 0 0.00115
22 0 0.00108
23 0 0.00089
24 0 0.00075
25 0 0.00087
26 0 0.00085
27 0 0.00089
28 0 0.0008
29 0 0.00075
30 0 0.00069
31 0 0.00064
32 0 0.00074
33 0 0.0006
34 0 0.00058
35 0 0.00048
36 0 0.00066
37 0 0.00065
38 0 0.00038
39 0 0.0006
40 0 0.00052
41 0 0.00044
42 0 0.00047
43 0 0.00034
44 0 0.00039
45 0 0.00029
46 0 0.0004
47 0 0.0004
48 0 0.00036
49 0 0.00041
50 0 0.00063
51 0 0.00026
52 0 0.00031
53 0 0.00028
54 0 0.00017
55 0 0.00012
56 0 0.0003
57 0 0.00028
58 0 0.00018
59 0 0.00033
60 0 0.00104
100 0 0
divorce 1 M married
1 0 0.00159
2 0 0.00098
3 0 0.00103
4 0 0.00133
5 0 0.00148
6 0 0.00145
7 0 0.00149
8 0 0.00176
9 0 0.00151
10 0 0.00135
11 0 0.00128
12 0 0.00124
13 0 0.00119
14 0 0.00119
15 0 0.00101
16 0 0.00103
17 0 0.00082
18 0 0.00104
19 0 0.00113
20 0 0.00101
21 0 0.00115
22 0 0.00108
23 0 0.00089
24 0 0.00075
25 0 0.00087
26 0 0.00085
27 0 0.00089
28 0 0.0008
29 0 0.00075
30 0 0.00069
31 0 0.00064
32 0 0.00074
33 0 0.0006
34 0 0.00058
35 0 0.00048
36 0 0.00066
37 0 0.00065
38 0 0.00038
39 0 0.0006
40 0 0.00052
41 0 0.00044
42 0 0.00047
43 0 0.00034
44 0 0.00039
45 0 0.00029
46 0 0.0004
47 0 0.0004
48 0 0.00036
49 0 0.00041
50 0 0.00063
51 0 0.00026
52 0 0.00031
53 0 0.00028
54 0 0.00017
55 0 0.00012
56 0 0.0003
57 0 0.00028
58 0 0.00018
59 0 0.00033
60 0 0.00104
100 0 0
