*marriage rate file for black in year 2012
marriage_queues 2
marriage_eval preference
marriage_peak_age 12
marriage_agedif_max 240
*marriage rates ~ 60% start marriage search btwn 15 and median age, then prop by 35, then prop by 45
marriage 1 F single
15 0 0.000
30 0 0.00239
45 0 0.00914
100 0 0.0005
marriage 1 M single
16 0 0.000
31 0 0.00198
45 0 0.00914
100 0 0.0005
marriage 1 F widowed
15 0 0.000
100 0 0.00249
marriage 1 M widowed
15 0 0.000
100 0 0.00381
marriage 1 F divorced
15 0 0.000
100 0 0.00249
marriage 1 M divorced
15 0 0.000
100 0 0.00381
divorce 1 F married
1 0 0.00117
2 0 0.00072
3 0 0.00076
4 0 0.00098
5 0 0.00109
6 0 0.00107
7 0 0.0011
8 0 0.00129
9 0 0.00112
10 0 0.00099
11 0 0.00095
12 0 0.00092
13 0 0.00088
14 0 0.00088
15 0 0.00075
16 0 0.00076
17 0 0.00061
18 0 0.00077
19 0 0.00083
20 0 0.00074
21 0 0.00085
22 0 0.0008
23 0 0.00066
24 0 0.00055
25 0 0.00064
26 0 0.00063
27 0 0.00066
28 0 0.00059
29 0 0.00056
30 0 0.00051
31 0 0.00048
32 0 0.00055
33 0 0.00045
34 0 0.00043
35 0 0.00036
36 0 0.00049
37 0 0.00048
38 0 0.00028
39 0 0.00044
40 0 0.00038
41 0 0.00033
42 0 0.00035
43 0 0.00025
44 0 0.00029
45 0 0.00022
46 0 0.00029
47 0 0.0003
48 0 0.00027
49 0 0.00031
50 0 0.00047
51 0 0.00019
52 0 0.00023
53 0 0.0002
54 0 0.00012
55 0 0.00009
56 0 0.00022
57 0 0.00021
58 0 0.00013
59 0 0.00025
60 0 0.00076
100 0 0
divorce 1 M married
1 0 0.00117
2 0 0.00072
3 0 0.00076
4 0 0.00098
5 0 0.00109
6 0 0.00107
7 0 0.0011
8 0 0.00129
9 0 0.00112
10 0 0.00099
11 0 0.00095
12 0 0.00092
13 0 0.00088
14 0 0.00088
15 0 0.00075
16 0 0.00076
17 0 0.00061
18 0 0.00077
19 0 0.00083
20 0 0.00074
21 0 0.00085
22 0 0.0008
23 0 0.00066
24 0 0.00055
25 0 0.00064
26 0 0.00063
27 0 0.00066
28 0 0.00059
29 0 0.00056
30 0 0.00051
31 0 0.00048
32 0 0.00055
33 0 0.00045
34 0 0.00043
35 0 0.00036
36 0 0.00049
37 0 0.00048
38 0 0.00028
39 0 0.00044
40 0 0.00038
41 0 0.00033
42 0 0.00035
43 0 0.00025
44 0 0.00029
45 0 0.00022
46 0 0.00029
47 0 0.0003
48 0 0.00027
49 0 0.00031
50 0 0.00047
51 0 0.00019
52 0 0.00023
53 0 0.0002
54 0 0.00012
55 0 0.00009
56 0 0.00022
57 0 0.00021
58 0 0.00013
59 0 0.00025
60 0 0.00076
100 0 0
