*marriage rate file for black in year 2054, quadruple divorce
marriage_queues 2
marriage_eval preference
marriage_peak_age 0
marriage_agedif_max 240
*marriage rates ~ 60% start marriage search btwn 15 and median age, then prop by 35, then prop by 45
marriage 1 F single
15 0 0.000
34 0 0.00189
45 0 0.00512
100 0 0.0005
marriage 1 M single
16 0 0.000
34 0 0.00165
45 0 0.00512
100 0 0.0005
marriage 1 F widowed
15 0 0.000
100 0 0.00249
marriage 1 M widowed
15 0 0.000
100 0 0.00381
marriage 1 F divorced
15 0 0.000
100 0 0.00249
marriage 1 M divorced
15 0 0.000
100 0 0.00381
divorce 1 F married
1 0 0.00394
2 0 0.00241
3 0 0.00255
4 0 0.00329
5 0 0.00367
6 0 0.0036
7 0 0.00368
8 0 0.00436
9 0 0.00375
10 0 0.00333
11 0 0.00317
12 0 0.00308
13 0 0.00295
14 0 0.00295
15 0 0.0025
16 0 0.00255
17 0 0.00203
18 0 0.00258
19 0 0.00279
20 0 0.00249
21 0 0.00284
22 0 0.00267
23 0 0.00219
24 0 0.00184
25 0 0.00214
26 0 0.0021
27 0 0.0022
28 0 0.00197
29 0 0.00186
30 0 0.0017
31 0 0.00159
32 0 0.00182
33 0 0.00148
34 0 0.00144
35 0 0.00119
36 0 0.00163
37 0 0.00159
38 0 0.00094
39 0 0.00147
40 0 0.00127
41 0 0.00109
42 0 0.00116
43 0 0.00083
44 0 0.00095
45 0 0.00072
46 0 0.00098
47 0 0.00099
48 0 0.00089
49 0 0.00102
50 0 0.00156
51 0 0.00064
52 0 0.00077
53 0 0.00068
54 0 0.00041
55 0 0.0003
56 0 0.00073
57 0 0.00069
58 0 0.00044
59 0 0.00082
60 0 0.00256
100 0 0
divorce 1 M married
1 0 0.00394
2 0 0.00241
3 0 0.00255
4 0 0.00329
5 0 0.00367
6 0 0.0036
7 0 0.00368
8 0 0.00436
9 0 0.00375
10 0 0.00333
11 0 0.00317
12 0 0.00308
13 0 0.00295
14 0 0.00295
15 0 0.0025
16 0 0.00255
17 0 0.00203
18 0 0.00258
19 0 0.00279
20 0 0.00249
21 0 0.00284
22 0 0.00267
23 0 0.00219
24 0 0.00184
25 0 0.00214
26 0 0.0021
27 0 0.0022
28 0 0.00197
29 0 0.00186
30 0 0.0017
31 0 0.00159
32 0 0.00182
33 0 0.00148
34 0 0.00144
35 0 0.00119
36 0 0.00163
37 0 0.00159
38 0 0.00094
39 0 0.00147
40 0 0.00127
41 0 0.00109
42 0 0.00116
43 0 0.00083
44 0 0.00095
45 0 0.00072
46 0 0.00098
47 0 0.00099
48 0 0.00089
49 0 0.00102
50 0 0.00156
51 0 0.00064
52 0 0.00077
53 0 0.00068
54 0 0.00041
55 0 0.0003
56 0 0.00073
57 0 0.00069
58 0 0.00044
59 0 0.00082
60 0 0.00256
100 0 0
