*marriage rate file for white in year 2053, quadruple divorce
marriage_queues 2
marriage_eval preference
marriage_peak_age 24
marriage_agedif_max 240
*marriage rates ~ 60% start marriage search btwn 15 and median age, then prop by 35, then prop by 45
marriage 1 F single
15 0 0.000
30 0 0.00332
45 0 0.01447
100 0 0.0005
marriage 1 M single
16 0 0.000
32 0 0.00266
45 0 0.00969
100 0 0.0005
marriage 1 F widowed
15 0 0.000
100 0 0.00436
marriage 1 M widowed
15 0 0.000
100 0 0.00536
marriage 1 F divorced
15 0 0.000
100 0 0.00436
marriage 1 M divorced
15 0 0.000
100 0 0.00536
divorce 1 F married
1 0 0.0035
2 0 0.00227
3 0 0.00268
4 0 0.00276
5 0 0.00296
6 0 0.00292
7 0 0.00262
8 0 0.00251
9 0 0.00232
10 0 0.00241
11 0 0.00233
12 0 0.00221
13 0 0.00199
14 0 0.00197
15 0 0.00179
16 0 0.00189
17 0 0.0017
18 0 0.0017
19 0 0.00164
20 0 0.00156
21 0 0.00154
22 0 0.00141
23 0 0.00143
24 0 0.00134
25 0 0.00129
26 0 0.00131
27 0 0.00113
28 0 0.00106
29 0 0.00094
30 0 0.00097
31 0 0.00085
32 0 0.00073
33 0 0.00069
34 0 0.00068
35 0 0.00061
36 0 0.00047
37 0 0.00044
38 0 0.0005
39 0 0.00041
40 0 0.00039
41 0 0.00037
42 0 0.00039
43 0 0.00033
44 0 0.00027
45 0 0.00024
46 0 0.00022
47 0 0.00023
48 0 0.00019
49 0 0.00018
50 0 0.00021
51 0 0.00018
52 0 0.00019
53 0 0.00014
54 0 0.00013
55 0 0.00016
56 0 0.00006
57 0 0.00013
58 0 0.0001
59 0 0.00003
60 0 0.00087
100 0 0
divorce 1 M married
1 0 0.0035
2 0 0.00227
3 0 0.00268
4 0 0.00276
5 0 0.00296
6 0 0.00292
7 0 0.00262
8 0 0.00251
9 0 0.00232
10 0 0.00241
11 0 0.00233
12 0 0.00221
13 0 0.00199
14 0 0.00197
15 0 0.00179
16 0 0.00189
17 0 0.0017
18 0 0.0017
19 0 0.00164
20 0 0.00156
21 0 0.00154
22 0 0.00141
23 0 0.00143
24 0 0.00134
25 0 0.00129
26 0 0.00131
27 0 0.00113
28 0 0.00106
29 0 0.00094
30 0 0.00097
31 0 0.00085
32 0 0.00073
33 0 0.00069
34 0 0.00068
35 0 0.00061
36 0 0.00047
37 0 0.00044
38 0 0.0005
39 0 0.00041
40 0 0.00039
41 0 0.00037
42 0 0.00039
43 0 0.00033
44 0 0.00027
45 0 0.00024
46 0 0.00022
47 0 0.00023
48 0 0.00019
49 0 0.00018
50 0 0.00021
51 0 0.00018
52 0 0.00019
53 0 0.00014
54 0 0.00013
55 0 0.00016
56 0 0.00006
57 0 0.00013
58 0 0.0001
59 0 0.00003
60 0 0.00087
100 0 0
