*marriage rate file for black in year 1989, constant divorce
marriage_queues 2
marriage_eval preference
marriage_peak_age 12
marriage_agedif_max 240
*marriage rates ~ 60% start marriage search btwn 15 and median age, then prop by 35, then prop by 45
marriage 1 F single
15 0 0.000
27 0 0.0048
45 0 0.01184
100 0 0.0005
marriage 1 M single
16 0 0.000
28 0 0.00414
45 0 0.01132
100 0 0.0005
marriage 1 F widowed
15 0 0.000
100 0 0.00249
marriage 1 M widowed
15 0 0.000
100 0 0.00381
marriage 1 F divorced
15 0 0.000
100 0 0.00249
marriage 1 M divorced
15 0 0.000
100 0 0.00381
divorce 1 F married
1 0 0.00162
2 0 0.001
3 0 0.00106
4 0 0.00136
5 0 0.00151
6 0 0.00149
7 0 0.00152
8 0 0.00179
9 0 0.00155
10 0 0.00138
11 0 0.00131
12 0 0.00127
13 0 0.00122
14 0 0.00122
15 0 0.00104
16 0 0.00105
17 0 0.00084
18 0 0.00107
19 0 0.00116
20 0 0.00103
21 0 0.00117
22 0 0.00111
23 0 0.00091
24 0 0.00076
25 0 0.00089
26 0 0.00087
27 0 0.00091
28 0 0.00082
29 0 0.00077
30 0 0.0007
31 0 0.00066
32 0 0.00076
33 0 0.00062
34 0 0.0006
35 0 0.0005
36 0 0.00068
37 0 0.00066
38 0 0.00039
39 0 0.00061
40 0 0.00053
41 0 0.00045
42 0 0.00048
43 0 0.00035
44 0 0.0004
45 0 0.0003
46 0 0.00041
47 0 0.00041
48 0 0.00037
49 0 0.00042
50 0 0.00065
51 0 0.00027
52 0 0.00032
53 0 0.00028
54 0 0.00017
55 0 0.00013
56 0 0.00031
57 0 0.00029
58 0 0.00018
59 0 0.00034
60 0 0.00106
100 0 0
divorce 1 M married
1 0 0.00162
2 0 0.001
3 0 0.00106
4 0 0.00136
5 0 0.00151
6 0 0.00149
7 0 0.00152
8 0 0.00179
9 0 0.00155
10 0 0.00138
11 0 0.00131
12 0 0.00127
13 0 0.00122
14 0 0.00122
15 0 0.00104
16 0 0.00105
17 0 0.00084
18 0 0.00107
19 0 0.00116
20 0 0.00103
21 0 0.00117
22 0 0.00111
23 0 0.00091
24 0 0.00076
25 0 0.00089
26 0 0.00087
27 0 0.00091
28 0 0.00082
29 0 0.00077
30 0 0.0007
31 0 0.00066
32 0 0.00076
33 0 0.00062
34 0 0.0006
35 0 0.0005
36 0 0.00068
37 0 0.00066
38 0 0.00039
39 0 0.00061
40 0 0.00053
41 0 0.00045
42 0 0.00048
43 0 0.00035
44 0 0.0004
45 0 0.0003
46 0 0.00041
47 0 0.00041
48 0 0.00037
49 0 0.00042
50 0 0.00065
51 0 0.00027
52 0 0.00032
53 0 0.00028
54 0 0.00017
55 0 0.00013
56 0 0.00031
57 0 0.00029
58 0 0.00018
59 0 0.00034
60 0 0.00106
100 0 0
