*marriage rate file for white in year 2022, quadruple divorce
marriage_queues 2
marriage_eval preference
marriage_peak_age 24
marriage_agedif_max 240
*marriage rates ~ 60% start marriage search btwn 15 and median age, then prop by 35, then prop by 45
marriage 1 F single
15 0 0.000
27 0 0.00414
45 0 0.01361
100 0 0.0005
marriage 1 M single
16 0 0.000
29 0 0.00327
45 0 0.01073
100 0 0.0005
marriage 1 F widowed
15 0 0.000
100 0 0.00436
marriage 1 M widowed
15 0 0.000
100 0 0.00536
marriage 1 F divorced
15 0 0.000
100 0 0.00436
marriage 1 M divorced
15 0 0.000
100 0 0.00536
divorce 1 F married
1 0 0.00139
2 0 0.0009
3 0 0.00107
4 0 0.0011
5 0 0.00118
6 0 0.00116
7 0 0.00104
8 0 0.001
9 0 0.00093
10 0 0.00096
11 0 0.00093
12 0 0.00088
13 0 0.00079
14 0 0.00079
15 0 0.00072
16 0 0.00075
17 0 0.00068
18 0 0.00068
19 0 0.00066
20 0 0.00062
21 0 0.00061
22 0 0.00056
23 0 0.00057
24 0 0.00053
25 0 0.00052
26 0 0.00052
27 0 0.00045
28 0 0.00042
29 0 0.00038
30 0 0.00039
31 0 0.00034
32 0 0.00029
33 0 0.00028
34 0 0.00027
35 0 0.00024
36 0 0.00019
37 0 0.00018
38 0 0.0002
39 0 0.00016
40 0 0.00016
41 0 0.00015
42 0 0.00015
43 0 0.00013
44 0 0.00011
45 0 0.00009
46 0 0.00009
47 0 0.00009
48 0 0.00008
49 0 0.00007
50 0 0.00008
51 0 0.00007
52 0 0.00008
53 0 0.00006
54 0 0.00005
55 0 0.00007
56 0 0.00002
57 0 0.00005
58 0 0.00004
59 0 0.00001
60 0 0.00035
100 0 0
divorce 1 M married
1 0 0.00139
2 0 0.0009
3 0 0.00107
4 0 0.0011
5 0 0.00118
6 0 0.00116
7 0 0.00104
8 0 0.001
9 0 0.00093
10 0 0.00096
11 0 0.00093
12 0 0.00088
13 0 0.00079
14 0 0.00079
15 0 0.00072
16 0 0.00075
17 0 0.00068
18 0 0.00068
19 0 0.00066
20 0 0.00062
21 0 0.00061
22 0 0.00056
23 0 0.00057
24 0 0.00053
25 0 0.00052
26 0 0.00052
27 0 0.00045
28 0 0.00042
29 0 0.00038
30 0 0.00039
31 0 0.00034
32 0 0.00029
33 0 0.00028
34 0 0.00027
35 0 0.00024
36 0 0.00019
37 0 0.00018
38 0 0.0002
39 0 0.00016
40 0 0.00016
41 0 0.00015
42 0 0.00015
43 0 0.00013
44 0 0.00011
45 0 0.00009
46 0 0.00009
47 0 0.00009
48 0 0.00008
49 0 0.00007
50 0 0.00008
51 0 0.00007
52 0 0.00008
53 0 0.00006
54 0 0.00005
55 0 0.00007
56 0 0.00002
57 0 0.00005
58 0 0.00004
59 0 0.00001
60 0 0.00035
100 0 0
