*marriage rate file for white in year 2056, quadruple divorce
marriage_queues 2
marriage_eval preference
marriage_peak_age 24
marriage_agedif_max 240
*marriage rates ~ 60% start marriage search btwn 15 and median age, then prop by 35, then prop by 45
marriage 1 F single
15 0 0.000
31 0 0.00311
45 0 0.01546
100 0 0.0005
marriage 1 M single
16 0 0.000
33 0 0.0025
45 0 0.01021
100 0 0.0005
marriage 1 F widowed
15 0 0.000
100 0 0.00436
marriage 1 M widowed
15 0 0.000
100 0 0.00536
marriage 1 F divorced
15 0 0.000
100 0 0.00436
marriage 1 M divorced
15 0 0.000
100 0 0.00536
divorce 1 F married
1 0 0.00375
2 0 0.00243
3 0 0.00287
4 0 0.00296
5 0 0.00317
6 0 0.00313
7 0 0.0028
8 0 0.00268
9 0 0.00249
10 0 0.00258
11 0 0.0025
12 0 0.00237
13 0 0.00213
14 0 0.00211
15 0 0.00192
16 0 0.00202
17 0 0.00182
18 0 0.00182
19 0 0.00176
20 0 0.00167
21 0 0.00165
22 0 0.00151
23 0 0.00153
24 0 0.00143
25 0 0.00138
26 0 0.0014
27 0 0.00121
28 0 0.00114
29 0 0.001
30 0 0.00104
31 0 0.00091
32 0 0.00078
33 0 0.00074
34 0 0.00073
35 0 0.00065
36 0 0.00051
37 0 0.00047
38 0 0.00053
39 0 0.00044
40 0 0.00042
41 0 0.0004
42 0 0.00041
43 0 0.00035
44 0 0.00029
45 0 0.00025
46 0 0.00024
47 0 0.00025
48 0 0.00021
49 0 0.0002
50 0 0.00023
51 0 0.00019
52 0 0.0002
53 0 0.00015
54 0 0.00014
55 0 0.00017
56 0 0.00007
57 0 0.00014
58 0 0.00011
59 0 0.00003
60 0 0.00093
100 0 0
divorce 1 M married
1 0 0.00375
2 0 0.00243
3 0 0.00287
4 0 0.00296
5 0 0.00317
6 0 0.00313
7 0 0.0028
8 0 0.00268
9 0 0.00249
10 0 0.00258
11 0 0.0025
12 0 0.00237
13 0 0.00213
14 0 0.00211
15 0 0.00192
16 0 0.00202
17 0 0.00182
18 0 0.00182
19 0 0.00176
20 0 0.00167
21 0 0.00165
22 0 0.00151
23 0 0.00153
24 0 0.00143
25 0 0.00138
26 0 0.0014
27 0 0.00121
28 0 0.00114
29 0 0.001
30 0 0.00104
31 0 0.00091
32 0 0.00078
33 0 0.00074
34 0 0.00073
35 0 0.00065
36 0 0.00051
37 0 0.00047
38 0 0.00053
39 0 0.00044
40 0 0.00042
41 0 0.0004
42 0 0.00041
43 0 0.00035
44 0 0.00029
45 0 0.00025
46 0 0.00024
47 0 0.00025
48 0 0.00021
49 0 0.0002
50 0 0.00023
51 0 0.00019
52 0 0.0002
53 0 0.00015
54 0 0.00014
55 0 0.00017
56 0 0.00007
57 0 0.00014
58 0 0.00011
59 0 0.00003
60 0 0.00093
100 0 0
