*marriage rate file for black in year 2043, quadruple divorce
marriage_queues 2
marriage_eval preference
marriage_peak_age 8
marriage_agedif_max 240
*marriage rates ~ 60% start marriage search btwn 15 and median age, then prop by 35, then prop by 45
marriage 1 F single
15 0 0.000
33 0 0.00199
45 0 0.00636
100 0 0.0005
marriage 1 M single
16 0 0.000
34 0 0.00165
45 0 0.00636
100 0 0.0005
marriage 1 F widowed
15 0 0.000
100 0 0.00249
marriage 1 M widowed
15 0 0.000
100 0 0.00381
marriage 1 F divorced
15 0 0.000
100 0 0.00249
marriage 1 M divorced
15 0 0.000
100 0 0.00381
divorce 1 F married
1 0 0.00294
2 0 0.0018
3 0 0.00191
4 0 0.00245
5 0 0.00274
6 0 0.00269
7 0 0.00275
8 0 0.00325
9 0 0.0028
10 0 0.00249
11 0 0.00237
12 0 0.0023
13 0 0.0022
14 0 0.0022
15 0 0.00187
16 0 0.00191
17 0 0.00152
18 0 0.00193
19 0 0.00209
20 0 0.00186
21 0 0.00212
22 0 0.002
23 0 0.00164
24 0 0.00138
25 0 0.0016
26 0 0.00157
27 0 0.00164
28 0 0.00147
29 0 0.00139
30 0 0.00127
31 0 0.00119
32 0 0.00136
33 0 0.00111
34 0 0.00108
35 0 0.00089
36 0 0.00122
37 0 0.00119
38 0 0.0007
39 0 0.0011
40 0 0.00095
41 0 0.00082
42 0 0.00087
43 0 0.00062
44 0 0.00071
45 0 0.00054
46 0 0.00073
47 0 0.00074
48 0 0.00067
49 0 0.00076
50 0 0.00117
51 0 0.00048
52 0 0.00058
53 0 0.00051
54 0 0.00031
55 0 0.00023
56 0 0.00055
57 0 0.00052
58 0 0.00033
59 0 0.00061
60 0 0.00191
100 0 0
divorce 1 M married
1 0 0.00294
2 0 0.0018
3 0 0.00191
4 0 0.00245
5 0 0.00274
6 0 0.00269
7 0 0.00275
8 0 0.00325
9 0 0.0028
10 0 0.00249
11 0 0.00237
12 0 0.0023
13 0 0.0022
14 0 0.0022
15 0 0.00187
16 0 0.00191
17 0 0.00152
18 0 0.00193
19 0 0.00209
20 0 0.00186
21 0 0.00212
22 0 0.002
23 0 0.00164
24 0 0.00138
25 0 0.0016
26 0 0.00157
27 0 0.00164
28 0 0.00147
29 0 0.00139
30 0 0.00127
31 0 0.00119
32 0 0.00136
33 0 0.00111
34 0 0.00108
35 0 0.00089
36 0 0.00122
37 0 0.00119
38 0 0.0007
39 0 0.0011
40 0 0.00095
41 0 0.00082
42 0 0.00087
43 0 0.00062
44 0 0.00071
45 0 0.00054
46 0 0.00073
47 0 0.00074
48 0 0.00067
49 0 0.00076
50 0 0.00117
51 0 0.00048
52 0 0.00058
53 0 0.00051
54 0 0.00031
55 0 0.00023
56 0 0.00055
57 0 0.00052
58 0 0.00033
59 0 0.00061
60 0 0.00191
100 0 0
