*marriage rate file for white in year 2017, quadruple divorce
marriage_queues 2
marriage_eval preference
marriage_peak_age 24
marriage_agedif_max 240
*marriage rates ~ 60% start marriage search btwn 15 and median age, then prop by 35, then prop by 45
marriage 1 F single
15 0 0.000
27 0 0.00414
45 0 0.01398
100 0 0.0005
marriage 1 M single
16 0 0.000
29 0 0.00327
45 0 0.01138
100 0 0.0005
marriage 1 F widowed
15 0 0.000
100 0 0.00436
marriage 1 M widowed
15 0 0.000
100 0 0.00536
marriage 1 F divorced
15 0 0.000
100 0 0.00436
marriage 1 M divorced
15 0 0.000
100 0 0.00536
divorce 1 F married
1 0 0.00115
2 0 0.00075
3 0 0.00088
4 0 0.00091
5 0 0.00097
6 0 0.00096
7 0 0.00086
8 0 0.00082
9 0 0.00077
10 0 0.00079
11 0 0.00077
12 0 0.00073
13 0 0.00066
14 0 0.00065
15 0 0.00059
16 0 0.00062
17 0 0.00056
18 0 0.00056
19 0 0.00054
20 0 0.00052
21 0 0.00051
22 0 0.00047
23 0 0.00047
24 0 0.00044
25 0 0.00043
26 0 0.00043
27 0 0.00037
28 0 0.00035
29 0 0.00031
30 0 0.00032
31 0 0.00028
32 0 0.00024
33 0 0.00023
34 0 0.00023
35 0 0.0002
36 0 0.00016
37 0 0.00015
38 0 0.00017
39 0 0.00014
40 0 0.00013
41 0 0.00012
42 0 0.00013
43 0 0.00011
44 0 0.00009
45 0 0.00008
46 0 0.00007
47 0 0.00008
48 0 0.00006
49 0 0.00006
50 0 0.00007
51 0 0.00006
52 0 0.00006
53 0 0.00005
54 0 0.00004
55 0 0.00005
56 0 0.00002
57 0 0.00004
58 0 0.00003
59 0 0.00001
60 0 0.00029
100 0 0
divorce 1 M married
1 0 0.00115
2 0 0.00075
3 0 0.00088
4 0 0.00091
5 0 0.00097
6 0 0.00096
7 0 0.00086
8 0 0.00082
9 0 0.00077
10 0 0.00079
11 0 0.00077
12 0 0.00073
13 0 0.00066
14 0 0.00065
15 0 0.00059
16 0 0.00062
17 0 0.00056
18 0 0.00056
19 0 0.00054
20 0 0.00052
21 0 0.00051
22 0 0.00047
23 0 0.00047
24 0 0.00044
25 0 0.00043
26 0 0.00043
27 0 0.00037
28 0 0.00035
29 0 0.00031
30 0 0.00032
31 0 0.00028
32 0 0.00024
33 0 0.00023
34 0 0.00023
35 0 0.0002
36 0 0.00016
37 0 0.00015
38 0 0.00017
39 0 0.00014
40 0 0.00013
41 0 0.00012
42 0 0.00013
43 0 0.00011
44 0 0.00009
45 0 0.00008
46 0 0.00007
47 0 0.00008
48 0 0.00006
49 0 0.00006
50 0 0.00007
51 0 0.00006
52 0 0.00006
53 0 0.00005
54 0 0.00004
55 0 0.00005
56 0 0.00002
57 0 0.00004
58 0 0.00003
59 0 0.00001
60 0 0.00029
100 0 0
