*marriage rate file for black in year 2019, quadruple divorce
marriage_queues 2
marriage_eval preference
marriage_peak_age 12
marriage_agedif_max 240
*marriage rates ~ 60% start marriage search btwn 15 and median age, then prop by 35, then prop by 45
marriage 1 F single
15 0 0.000
31 0 0.00224
45 0 0.00853
100 0 0.0005
marriage 1 M single
16 0 0.000
32 0 0.00186
45 0 0.00853
100 0 0.0005
marriage 1 F widowed
15 0 0.000
100 0 0.00249
marriage 1 M widowed
15 0 0.000
100 0 0.00381
marriage 1 F divorced
15 0 0.000
100 0 0.00249
marriage 1 M divorced
15 0 0.000
100 0 0.00381
divorce 1 F married
1 0 0.00137
2 0 0.00084
3 0 0.00089
4 0 0.00114
5 0 0.00127
6 0 0.00125
7 0 0.00128
8 0 0.00151
9 0 0.0013
10 0 0.00116
11 0 0.0011
12 0 0.00107
13 0 0.00103
14 0 0.00103
15 0 0.00087
16 0 0.00089
17 0 0.00071
18 0 0.0009
19 0 0.00097
20 0 0.00087
21 0 0.00099
22 0 0.00093
23 0 0.00077
24 0 0.00064
25 0 0.00075
26 0 0.00073
27 0 0.00077
28 0 0.00069
29 0 0.00065
30 0 0.00059
31 0 0.00055
32 0 0.00064
33 0 0.00052
34 0 0.0005
35 0 0.00042
36 0 0.00057
37 0 0.00056
38 0 0.00033
39 0 0.00051
40 0 0.00045
41 0 0.00038
42 0 0.00041
43 0 0.00029
44 0 0.00033
45 0 0.00025
46 0 0.00034
47 0 0.00035
48 0 0.00031
49 0 0.00036
50 0 0.00055
51 0 0.00022
52 0 0.00027
53 0 0.00024
54 0 0.00014
55 0 0.00011
56 0 0.00026
57 0 0.00024
58 0 0.00015
59 0 0.00029
60 0 0.00089
100 0 0
divorce 1 M married
1 0 0.00137
2 0 0.00084
3 0 0.00089
4 0 0.00114
5 0 0.00127
6 0 0.00125
7 0 0.00128
8 0 0.00151
9 0 0.0013
10 0 0.00116
11 0 0.0011
12 0 0.00107
13 0 0.00103
14 0 0.00103
15 0 0.00087
16 0 0.00089
17 0 0.00071
18 0 0.0009
19 0 0.00097
20 0 0.00087
21 0 0.00099
22 0 0.00093
23 0 0.00077
24 0 0.00064
25 0 0.00075
26 0 0.00073
27 0 0.00077
28 0 0.00069
29 0 0.00065
30 0 0.00059
31 0 0.00055
32 0 0.00064
33 0 0.00052
34 0 0.0005
35 0 0.00042
36 0 0.00057
37 0 0.00056
38 0 0.00033
39 0 0.00051
40 0 0.00045
41 0 0.00038
42 0 0.00041
43 0 0.00029
44 0 0.00033
45 0 0.00025
46 0 0.00034
47 0 0.00035
48 0 0.00031
49 0 0.00036
50 0 0.00055
51 0 0.00022
52 0 0.00027
53 0 0.00024
54 0 0.00014
55 0 0.00011
56 0 0.00026
57 0 0.00024
58 0 0.00015
59 0 0.00029
60 0 0.00089
100 0 0
