*marriage rate file for black in year 2052
marriage_queues 2
marriage_eval preference
marriage_peak_age 0
marriage_agedif_max 240
*marriage rates ~ 60% start marriage search btwn 15 and median age, then prop by 35, then prop by 45
marriage 1 F single
15 0 0.000
34 0 0.00189
45 0 0.00533
100 0 0.0005
marriage 1 M single
16 0 0.000
34 0 0.00165
45 0 0.00533
100 0 0.0005
marriage 1 F widowed
15 0 0.000
100 0 0.00249
marriage 1 M widowed
15 0 0.000
100 0 0.00381
marriage 1 F divorced
15 0 0.000
100 0 0.00249
marriage 1 M divorced
15 0 0.000
100 0 0.00381
divorce 1 F married
1 0 0.0009
2 0 0.00056
3 0 0.00059
4 0 0.00075
5 0 0.00084
6 0 0.00083
7 0 0.00084
8 0 0.001
9 0 0.00086
10 0 0.00076
11 0 0.00073
12 0 0.00071
13 0 0.00068
14 0 0.00068
15 0 0.00058
16 0 0.00059
17 0 0.00047
18 0 0.00059
19 0 0.00064
20 0 0.00057
21 0 0.00065
22 0 0.00062
23 0 0.00051
24 0 0.00042
25 0 0.00049
26 0 0.00048
27 0 0.00051
28 0 0.00045
29 0 0.00043
30 0 0.00039
31 0 0.00037
32 0 0.00042
33 0 0.00034
34 0 0.00033
35 0 0.00028
36 0 0.00038
37 0 0.00037
38 0 0.00022
39 0 0.00034
40 0 0.00029
41 0 0.00025
42 0 0.00027
43 0 0.00019
44 0 0.00022
45 0 0.00017
46 0 0.00023
47 0 0.00023
48 0 0.00021
49 0 0.00024
50 0 0.00036
51 0 0.00015
52 0 0.00018
53 0 0.00016
54 0 0.0001
55 0 0.00007
56 0 0.00017
57 0 0.00016
58 0 0.0001
59 0 0.00019
60 0 0.00059
100 0 0
divorce 1 M married
1 0 0.0009
2 0 0.00056
3 0 0.00059
4 0 0.00075
5 0 0.00084
6 0 0.00083
7 0 0.00084
8 0 0.001
9 0 0.00086
10 0 0.00076
11 0 0.00073
12 0 0.00071
13 0 0.00068
14 0 0.00068
15 0 0.00058
16 0 0.00059
17 0 0.00047
18 0 0.00059
19 0 0.00064
20 0 0.00057
21 0 0.00065
22 0 0.00062
23 0 0.00051
24 0 0.00042
25 0 0.00049
26 0 0.00048
27 0 0.00051
28 0 0.00045
29 0 0.00043
30 0 0.00039
31 0 0.00037
32 0 0.00042
33 0 0.00034
34 0 0.00033
35 0 0.00028
36 0 0.00038
37 0 0.00037
38 0 0.00022
39 0 0.00034
40 0 0.00029
41 0 0.00025
42 0 0.00027
43 0 0.00019
44 0 0.00022
45 0 0.00017
46 0 0.00023
47 0 0.00023
48 0 0.00021
49 0 0.00024
50 0 0.00036
51 0 0.00015
52 0 0.00018
53 0 0.00016
54 0 0.0001
55 0 0.00007
56 0 0.00017
57 0 0.00016
58 0 0.0001
59 0 0.00019
60 0 0.00059
100 0 0
