*marriage rate file for white in year 2030
marriage_queues 2
marriage_eval preference
marriage_peak_age 24
marriage_agedif_max 240
*marriage rates ~ 60% start marriage search btwn 15 and median age, then prop by 35, then prop by 45
marriage 1 F single
15 0 0.000
28 0 0.00382
45 0 0.01393
100 0 0.0005
marriage 1 M single
16 0 0.000
30 0 0.00304
45 0 0.01048
100 0 0.0005
marriage 1 F widowed
15 0 0.000
100 0 0.00436
marriage 1 M widowed
15 0 0.000
100 0 0.00536
marriage 1 F divorced
15 0 0.000
100 0 0.00436
marriage 1 M divorced
15 0 0.000
100 0 0.00536
divorce 1 F married
1 0 0.00093
2 0 0.0006
3 0 0.00071
4 0 0.00073
5 0 0.00079
6 0 0.00078
7 0 0.0007
8 0 0.00067
9 0 0.00062
10 0 0.00064
11 0 0.00062
12 0 0.00059
13 0 0.00053
14 0 0.00053
15 0 0.00048
16 0 0.0005
17 0 0.00045
18 0 0.00045
19 0 0.00044
20 0 0.00042
21 0 0.00041
22 0 0.00038
23 0 0.00038
24 0 0.00036
25 0 0.00035
26 0 0.00035
27 0 0.0003
28 0 0.00028
29 0 0.00025
30 0 0.00026
31 0 0.00023
32 0 0.0002
33 0 0.00018
34 0 0.00018
35 0 0.00016
36 0 0.00013
37 0 0.00012
38 0 0.00013
39 0 0.00011
40 0 0.0001
41 0 0.0001
42 0 0.0001
43 0 0.00009
44 0 0.00007
45 0 0.00006
46 0 0.00006
47 0 0.00006
48 0 0.00005
49 0 0.00005
50 0 0.00006
51 0 0.00005
52 0 0.00005
53 0 0.00004
54 0 0.00003
55 0 0.00004
56 0 0.00002
57 0 0.00003
58 0 0.00003
59 0 0.00001
60 0 0.00023
100 0 0
divorce 1 M married
1 0 0.00093
2 0 0.0006
3 0 0.00071
4 0 0.00073
5 0 0.00079
6 0 0.00078
7 0 0.0007
8 0 0.00067
9 0 0.00062
10 0 0.00064
11 0 0.00062
12 0 0.00059
13 0 0.00053
14 0 0.00053
15 0 0.00048
16 0 0.0005
17 0 0.00045
18 0 0.00045
19 0 0.00044
20 0 0.00042
21 0 0.00041
22 0 0.00038
23 0 0.00038
24 0 0.00036
25 0 0.00035
26 0 0.00035
27 0 0.0003
28 0 0.00028
29 0 0.00025
30 0 0.00026
31 0 0.00023
32 0 0.0002
33 0 0.00018
34 0 0.00018
35 0 0.00016
36 0 0.00013
37 0 0.00012
38 0 0.00013
39 0 0.00011
40 0 0.0001
41 0 0.0001
42 0 0.0001
43 0 0.00009
44 0 0.00007
45 0 0.00006
46 0 0.00006
47 0 0.00006
48 0 0.00005
49 0 0.00005
50 0 0.00006
51 0 0.00005
52 0 0.00005
53 0 0.00004
54 0 0.00003
55 0 0.00004
56 0 0.00002
57 0 0.00003
58 0 0.00003
59 0 0.00001
60 0 0.00023
100 0 0
