*marriage rate file for black in year 1971
marriage_queues 2
marriage_eval preference
marriage_peak_age 12
marriage_agedif_max 240
*marriage rates ~ 60% start marriage search btwn 15 and median age, then prop by 35, then prop by 45
marriage 1 F single
15 0 0.000
23 0 0.00719
45 0 0.01104
100 0 0.0005
marriage 1 M single
16 0 0.000
24 0 0.00621
45 0 0.00997
100 0 0.0005
marriage 1 F widowed
15 0 0.000
100 0 0.00249
marriage 1 M widowed
15 0 0.000
100 0 0.00381
marriage 1 F divorced
15 0 0.000
100 0 0.00249
marriage 1 M divorced
15 0 0.000
100 0 0.00381
divorce 1 F married
1 0 0.0013
2 0 0.0008
3 0 0.00085
4 0 0.00109
5 0 0.00121
6 0 0.00119
7 0 0.00122
8 0 0.00144
9 0 0.00124
10 0 0.0011
11 0 0.00105
12 0 0.00102
13 0 0.00098
14 0 0.00098
15 0 0.00083
16 0 0.00085
17 0 0.00068
18 0 0.00086
19 0 0.00093
20 0 0.00083
21 0 0.00094
22 0 0.00089
23 0 0.00073
24 0 0.00061
25 0 0.00071
26 0 0.0007
27 0 0.00073
28 0 0.00066
29 0 0.00062
30 0 0.00057
31 0 0.00053
32 0 0.00061
33 0 0.0005
34 0 0.00048
35 0 0.0004
36 0 0.00055
37 0 0.00053
38 0 0.00031
39 0 0.00049
40 0 0.00043
41 0 0.00036
42 0 0.00039
43 0 0.00028
44 0 0.00032
45 0 0.00024
46 0 0.00033
47 0 0.00033
48 0 0.0003
49 0 0.00034
50 0 0.00052
51 0 0.00021
52 0 0.00026
53 0 0.00023
54 0 0.00014
55 0 0.0001
56 0 0.00025
57 0 0.00023
58 0 0.00015
59 0 0.00027
60 0 0.00085
100 0 0
divorce 1 M married
1 0 0.0013
2 0 0.0008
3 0 0.00085
4 0 0.00109
5 0 0.00121
6 0 0.00119
7 0 0.00122
8 0 0.00144
9 0 0.00124
10 0 0.0011
11 0 0.00105
12 0 0.00102
13 0 0.00098
14 0 0.00098
15 0 0.00083
16 0 0.00085
17 0 0.00068
18 0 0.00086
19 0 0.00093
20 0 0.00083
21 0 0.00094
22 0 0.00089
23 0 0.00073
24 0 0.00061
25 0 0.00071
26 0 0.0007
27 0 0.00073
28 0 0.00066
29 0 0.00062
30 0 0.00057
31 0 0.00053
32 0 0.00061
33 0 0.0005
34 0 0.00048
35 0 0.0004
36 0 0.00055
37 0 0.00053
38 0 0.00031
39 0 0.00049
40 0 0.00043
41 0 0.00036
42 0 0.00039
43 0 0.00028
44 0 0.00032
45 0 0.00024
46 0 0.00033
47 0 0.00033
48 0 0.0003
49 0 0.00034
50 0 0.00052
51 0 0.00021
52 0 0.00026
53 0 0.00023
54 0 0.00014
55 0 0.0001
56 0 0.00025
57 0 0.00023
58 0 0.00015
59 0 0.00027
60 0 0.00085
100 0 0
