*marriage rate file for black in year 2055, quadruple divorce
marriage_queues 2
marriage_eval preference
marriage_peak_age 0
marriage_agedif_max 240
*marriage rates ~ 60% start marriage search btwn 15 and median age, then prop by 35, then prop by 45
marriage 1 F single
15 0 0.000
34 0 0.00189
45 0 0.00501
100 0 0.0005
marriage 1 M single
16 0 0.000
34 0 0.00165
45 0 0.00501
100 0 0.0005
marriage 1 F widowed
15 0 0.000
100 0 0.00249
marriage 1 M widowed
15 0 0.000
100 0 0.00381
marriage 1 F divorced
15 0 0.000
100 0 0.00249
marriage 1 M divorced
15 0 0.000
100 0 0.00381
divorce 1 F married
1 0 0.00403
2 0 0.00247
3 0 0.00261
4 0 0.00336
5 0 0.00375
6 0 0.00369
7 0 0.00377
8 0 0.00446
9 0 0.00384
10 0 0.00341
11 0 0.00325
12 0 0.00315
13 0 0.00302
14 0 0.00302
15 0 0.00256
16 0 0.00261
17 0 0.00208
18 0 0.00264
19 0 0.00286
20 0 0.00254
21 0 0.0029
22 0 0.00274
23 0 0.00224
24 0 0.00188
25 0 0.00219
26 0 0.00215
27 0 0.00225
28 0 0.00201
29 0 0.0019
30 0 0.00174
31 0 0.00162
32 0 0.00186
33 0 0.00152
34 0 0.00147
35 0 0.00122
36 0 0.00167
37 0 0.00163
38 0 0.00096
39 0 0.00151
40 0 0.0013
41 0 0.00112
42 0 0.00119
43 0 0.00085
44 0 0.00097
45 0 0.00074
46 0 0.001
47 0 0.00102
48 0 0.00091
49 0 0.00104
50 0 0.0016
51 0 0.00065
52 0 0.00079
53 0 0.0007
54 0 0.00042
55 0 0.00031
56 0 0.00075
57 0 0.00071
58 0 0.00045
59 0 0.00083
60 0 0.00262
100 0 0
divorce 1 M married
1 0 0.00403
2 0 0.00247
3 0 0.00261
4 0 0.00336
5 0 0.00375
6 0 0.00369
7 0 0.00377
8 0 0.00446
9 0 0.00384
10 0 0.00341
11 0 0.00325
12 0 0.00315
13 0 0.00302
14 0 0.00302
15 0 0.00256
16 0 0.00261
17 0 0.00208
18 0 0.00264
19 0 0.00286
20 0 0.00254
21 0 0.0029
22 0 0.00274
23 0 0.00224
24 0 0.00188
25 0 0.00219
26 0 0.00215
27 0 0.00225
28 0 0.00201
29 0 0.0019
30 0 0.00174
31 0 0.00162
32 0 0.00186
33 0 0.00152
34 0 0.00147
35 0 0.00122
36 0 0.00167
37 0 0.00163
38 0 0.00096
39 0 0.00151
40 0 0.0013
41 0 0.00112
42 0 0.00119
43 0 0.00085
44 0 0.00097
45 0 0.00074
46 0 0.001
47 0 0.00102
48 0 0.00091
49 0 0.00104
50 0 0.0016
51 0 0.00065
52 0 0.00079
53 0 0.0007
54 0 0.00042
55 0 0.00031
56 0 0.00075
57 0 0.00071
58 0 0.00045
59 0 0.00083
60 0 0.00262
100 0 0
