*marriage rate file for white in year 2043, quadruple divorce
marriage_queues 2
marriage_eval preference
marriage_peak_age 24
marriage_agedif_max 240
*marriage rates ~ 60% start marriage search btwn 15 and median age, then prop by 35, then prop by 45
marriage 1 F single
15 0 0.000
29 0 0.00355
45 0 0.01404
100 0 0.0005
marriage 1 M single
16 0 0.000
31 0 0.00283
45 0 0.00987
100 0 0.0005
marriage 1 F widowed
15 0 0.000
100 0 0.00436
marriage 1 M widowed
15 0 0.000
100 0 0.00536
marriage 1 F divorced
15 0 0.000
100 0 0.00436
marriage 1 M divorced
15 0 0.000
100 0 0.00536
divorce 1 F married
1 0 0.00268
2 0 0.00173
3 0 0.00205
4 0 0.00211
5 0 0.00226
6 0 0.00224
7 0 0.002
8 0 0.00192
9 0 0.00178
10 0 0.00184
11 0 0.00179
12 0 0.00169
13 0 0.00152
14 0 0.00151
15 0 0.00137
16 0 0.00144
17 0 0.00131
18 0 0.0013
19 0 0.00126
20 0 0.00119
21 0 0.00118
22 0 0.00108
23 0 0.00109
24 0 0.00102
25 0 0.00099
26 0 0.001
27 0 0.00086
28 0 0.00081
29 0 0.00072
30 0 0.00075
31 0 0.00065
32 0 0.00056
33 0 0.00053
34 0 0.00052
35 0 0.00046
36 0 0.00036
37 0 0.00034
38 0 0.00038
39 0 0.00031
40 0 0.0003
41 0 0.00028
42 0 0.0003
43 0 0.00025
44 0 0.00021
45 0 0.00018
46 0 0.00017
47 0 0.00018
48 0 0.00015
49 0 0.00014
50 0 0.00016
51 0 0.00014
52 0 0.00014
53 0 0.00011
54 0 0.0001
55 0 0.00013
56 0 0.00005
57 0 0.0001
58 0 0.00008
59 0 0.00002
60 0 0.00067
100 0 0
divorce 1 M married
1 0 0.00268
2 0 0.00173
3 0 0.00205
4 0 0.00211
5 0 0.00226
6 0 0.00224
7 0 0.002
8 0 0.00192
9 0 0.00178
10 0 0.00184
11 0 0.00179
12 0 0.00169
13 0 0.00152
14 0 0.00151
15 0 0.00137
16 0 0.00144
17 0 0.00131
18 0 0.0013
19 0 0.00126
20 0 0.00119
21 0 0.00118
22 0 0.00108
23 0 0.00109
24 0 0.00102
25 0 0.00099
26 0 0.001
27 0 0.00086
28 0 0.00081
29 0 0.00072
30 0 0.00075
31 0 0.00065
32 0 0.00056
33 0 0.00053
34 0 0.00052
35 0 0.00046
36 0 0.00036
37 0 0.00034
38 0 0.00038
39 0 0.00031
40 0 0.0003
41 0 0.00028
42 0 0.0003
43 0 0.00025
44 0 0.00021
45 0 0.00018
46 0 0.00017
47 0 0.00018
48 0 0.00015
49 0 0.00014
50 0 0.00016
51 0 0.00014
52 0 0.00014
53 0 0.00011
54 0 0.0001
55 0 0.00013
56 0 0.00005
57 0 0.0001
58 0 0.00008
59 0 0.00002
60 0 0.00067
100 0 0
