*marriage rate file for black in year 2037
marriage_queues 2
marriage_eval preference
marriage_peak_age 12
marriage_agedif_max 240
*marriage rates ~ 60% start marriage search btwn 15 and median age, then prop by 35, then prop by 45
marriage 1 F single
15 0 0.000
33 0 0.00199
45 0 0.00713
100 0 0.0005
marriage 1 M single
16 0 0.000
34 0 0.00165
45 0 0.00713
100 0 0.0005
marriage 1 F widowed
15 0 0.000
100 0 0.00249
marriage 1 M widowed
15 0 0.000
100 0 0.00381
marriage 1 F divorced
15 0 0.000
100 0 0.00249
marriage 1 M divorced
15 0 0.000
100 0 0.00381
divorce 1 F married
1 0 0.00098
2 0 0.0006
3 0 0.00064
4 0 0.00082
5 0 0.00091
6 0 0.0009
7 0 0.00092
8 0 0.00108
9 0 0.00093
10 0 0.00083
11 0 0.00079
12 0 0.00077
13 0 0.00074
14 0 0.00074
15 0 0.00063
16 0 0.00064
17 0 0.00051
18 0 0.00065
19 0 0.0007
20 0 0.00062
21 0 0.00071
22 0 0.00067
23 0 0.00055
24 0 0.00046
25 0 0.00054
26 0 0.00053
27 0 0.00055
28 0 0.00049
29 0 0.00047
30 0 0.00043
31 0 0.0004
32 0 0.00046
33 0 0.00037
34 0 0.00036
35 0 0.0003
36 0 0.00041
37 0 0.0004
38 0 0.00024
39 0 0.00037
40 0 0.00032
41 0 0.00027
42 0 0.00029
43 0 0.00021
44 0 0.00024
45 0 0.00018
46 0 0.00025
47 0 0.00025
48 0 0.00022
49 0 0.00026
50 0 0.00039
51 0 0.00016
52 0 0.00019
53 0 0.00017
54 0 0.0001
55 0 0.00008
56 0 0.00019
57 0 0.00017
58 0 0.00011
59 0 0.00021
60 0 0.00064
100 0 0
divorce 1 M married
1 0 0.00098
2 0 0.0006
3 0 0.00064
4 0 0.00082
5 0 0.00091
6 0 0.0009
7 0 0.00092
8 0 0.00108
9 0 0.00093
10 0 0.00083
11 0 0.00079
12 0 0.00077
13 0 0.00074
14 0 0.00074
15 0 0.00063
16 0 0.00064
17 0 0.00051
18 0 0.00065
19 0 0.0007
20 0 0.00062
21 0 0.00071
22 0 0.00067
23 0 0.00055
24 0 0.00046
25 0 0.00054
26 0 0.00053
27 0 0.00055
28 0 0.00049
29 0 0.00047
30 0 0.00043
31 0 0.0004
32 0 0.00046
33 0 0.00037
34 0 0.00036
35 0 0.0003
36 0 0.00041
37 0 0.0004
38 0 0.00024
39 0 0.00037
40 0 0.00032
41 0 0.00027
42 0 0.00029
43 0 0.00021
44 0 0.00024
45 0 0.00018
46 0 0.00025
47 0 0.00025
48 0 0.00022
49 0 0.00026
50 0 0.00039
51 0 0.00016
52 0 0.00019
53 0 0.00017
54 0 0.0001
55 0 0.00008
56 0 0.00019
57 0 0.00017
58 0 0.00011
59 0 0.00021
60 0 0.00064
100 0 0
