*marriage rate file for white in year 1945, quadruple divorce
marriage_queues 2
marriage_eval preference
marriage_peak_age 30
marriage_agedif_max 240
*marriage rates ~ 60% start marriage search btwn 15 and median age, then prop by 35, then prop by 45
marriage 1 F single
15 0 0.000
22 0 0.00946
45 0 0.01022
100 0 0.0005
marriage 1 M single
16 0 0.000
25 0 0.0064
45 0 0.00955
100 0 0.0005
marriage 1 F widowed
15 0 0.000
100 0 0.00436
marriage 1 M widowed
15 0 0.000
100 0 0.00536
marriage 1 F divorced
15 0 0.000
100 0 0.00436
marriage 1 M divorced
15 0 0.000
100 0 0.00536
divorce 1 F married
1 0 0.0011
2 0 0.00071
3 0 0.00084
4 0 0.00087
5 0 0.00093
6 0 0.00092
7 0 0.00082
8 0 0.00079
9 0 0.00073
10 0 0.00076
11 0 0.00074
12 0 0.0007
13 0 0.00063
14 0 0.00062
15 0 0.00057
16 0 0.0006
17 0 0.00054
18 0 0.00054
19 0 0.00052
20 0 0.00049
21 0 0.00049
22 0 0.00045
23 0 0.00045
24 0 0.00042
25 0 0.00041
26 0 0.00041
27 0 0.00036
28 0 0.00034
29 0 0.0003
30 0 0.00031
31 0 0.00027
32 0 0.00023
33 0 0.00022
34 0 0.00022
35 0 0.00019
36 0 0.00015
37 0 0.00014
38 0 0.00016
39 0 0.00013
40 0 0.00012
41 0 0.00012
42 0 0.00012
43 0 0.00011
44 0 0.00009
45 0 0.00007
46 0 0.00007
47 0 0.00007
48 0 0.00006
49 0 0.00006
50 0 0.00007
51 0 0.00006
52 0 0.00006
53 0 0.00005
54 0 0.00004
55 0 0.00005
56 0 0.00002
57 0 0.00004
58 0 0.00003
59 0 0.00001
60 0 0.00028
100 0 0
divorce 1 M married
1 0 0.0011
2 0 0.00071
3 0 0.00084
4 0 0.00087
5 0 0.00093
6 0 0.00092
7 0 0.00082
8 0 0.00079
9 0 0.00073
10 0 0.00076
11 0 0.00074
12 0 0.0007
13 0 0.00063
14 0 0.00062
15 0 0.00057
16 0 0.0006
17 0 0.00054
18 0 0.00054
19 0 0.00052
20 0 0.00049
21 0 0.00049
22 0 0.00045
23 0 0.00045
24 0 0.00042
25 0 0.00041
26 0 0.00041
27 0 0.00036
28 0 0.00034
29 0 0.0003
30 0 0.00031
31 0 0.00027
32 0 0.00023
33 0 0.00022
34 0 0.00022
35 0 0.00019
36 0 0.00015
37 0 0.00014
38 0 0.00016
39 0 0.00013
40 0 0.00012
41 0 0.00012
42 0 0.00012
43 0 0.00011
44 0 0.00009
45 0 0.00007
46 0 0.00007
47 0 0.00007
48 0 0.00006
49 0 0.00006
50 0 0.00007
51 0 0.00006
52 0 0.00006
53 0 0.00005
54 0 0.00004
55 0 0.00005
56 0 0.00002
57 0 0.00004
58 0 0.00003
59 0 0.00001
60 0 0.00028
100 0 0
