*marriage rate file for black in year 1916, double divorce
marriage_queues 2
marriage_eval preference
marriage_peak_age 41
marriage_agedif_max 240
*marriage rates ~ 60% start marriage search btwn 15 and median age, then prop by 35, then prop by 45
marriage 1 F single
15 0 0.000
21 0 0.00958
45 0 0.01269
100 0 0.0005
marriage 1 M single
16 0 0.000
24 0 0.00621
45 0 0.01073
100 0 0.0005
marriage 1 F widowed
15 0 0.000
100 0 0.00249
marriage 1 M widowed
15 0 0.000
100 0 0.00381
marriage 1 F divorced
15 0 0.000
100 0 0.00249
marriage 1 M divorced
15 0 0.000
100 0 0.00381
divorce 1 F married
1 0 0.00038
2 0 0.00023
3 0 0.00025
4 0 0.00032
5 0 0.00035
6 0 0.00035
7 0 0.00035
8 0 0.00042
9 0 0.00036
10 0 0.00032
11 0 0.0003
12 0 0.0003
13 0 0.00028
14 0 0.00028
15 0 0.00024
16 0 0.00025
17 0 0.0002
18 0 0.00025
19 0 0.00027
20 0 0.00024
21 0 0.00027
22 0 0.00026
23 0 0.00021
24 0 0.00018
25 0 0.00021
26 0 0.0002
27 0 0.00021
28 0 0.00019
29 0 0.00018
30 0 0.00016
31 0 0.00015
32 0 0.00018
33 0 0.00014
34 0 0.00014
35 0 0.00012
36 0 0.00016
37 0 0.00015
38 0 0.00009
39 0 0.00014
40 0 0.00012
41 0 0.00011
42 0 0.00011
43 0 0.00008
44 0 0.00009
45 0 0.00007
46 0 0.00009
47 0 0.0001
48 0 0.00009
49 0 0.0001
50 0 0.00015
51 0 0.00006
52 0 0.00007
53 0 0.00007
54 0 0.00004
55 0 0.00003
56 0 0.00007
57 0 0.00007
58 0 0.00004
59 0 0.00008
60 0 0.00025
100 0 0
divorce 1 M married
1 0 0.00038
2 0 0.00023
3 0 0.00025
4 0 0.00032
5 0 0.00035
6 0 0.00035
7 0 0.00035
8 0 0.00042
9 0 0.00036
10 0 0.00032
11 0 0.0003
12 0 0.0003
13 0 0.00028
14 0 0.00028
15 0 0.00024
16 0 0.00025
17 0 0.0002
18 0 0.00025
19 0 0.00027
20 0 0.00024
21 0 0.00027
22 0 0.00026
23 0 0.00021
24 0 0.00018
25 0 0.00021
26 0 0.0002
27 0 0.00021
28 0 0.00019
29 0 0.00018
30 0 0.00016
31 0 0.00015
32 0 0.00018
33 0 0.00014
34 0 0.00014
35 0 0.00012
36 0 0.00016
37 0 0.00015
38 0 0.00009
39 0 0.00014
40 0 0.00012
41 0 0.00011
42 0 0.00011
43 0 0.00008
44 0 0.00009
45 0 0.00007
46 0 0.00009
47 0 0.0001
48 0 0.00009
49 0 0.0001
50 0 0.00015
51 0 0.00006
52 0 0.00007
53 0 0.00007
54 0 0.00004
55 0 0.00003
56 0 0.00007
57 0 0.00007
58 0 0.00004
59 0 0.00008
60 0 0.00025
100 0 0
