*marriage rate file for white in year 2031, double divorce
marriage_queues 2
marriage_eval preference
marriage_peak_age 24
marriage_agedif_max 240
*marriage rates ~ 60% start marriage search btwn 15 and median age, then prop by 35, then prop by 45
marriage 1 F single
15 0 0.000
28 0 0.00382
45 0 0.01387
100 0 0.0005
marriage 1 M single
16 0 0.000
30 0 0.00304
45 0 0.01038
100 0 0.0005
marriage 1 F widowed
15 0 0.000
100 0 0.00436
marriage 1 M widowed
15 0 0.000
100 0 0.00536
marriage 1 F divorced
15 0 0.000
100 0 0.00436
marriage 1 M divorced
15 0 0.000
100 0 0.00536
divorce 1 F married
1 0 0.00183
2 0 0.00118
3 0 0.0014
4 0 0.00144
5 0 0.00154
6 0 0.00153
7 0 0.00137
8 0 0.00131
9 0 0.00122
10 0 0.00126
11 0 0.00122
12 0 0.00116
13 0 0.00104
14 0 0.00103
15 0 0.00094
16 0 0.00099
17 0 0.00089
18 0 0.00089
19 0 0.00086
20 0 0.00082
21 0 0.00081
22 0 0.00074
23 0 0.00075
24 0 0.0007
25 0 0.00068
26 0 0.00069
27 0 0.00059
28 0 0.00056
29 0 0.00049
30 0 0.00051
31 0 0.00045
32 0 0.00038
33 0 0.00036
34 0 0.00036
35 0 0.00032
36 0 0.00025
37 0 0.00023
38 0 0.00026
39 0 0.00022
40 0 0.0002
41 0 0.00019
42 0 0.0002
43 0 0.00017
44 0 0.00014
45 0 0.00012
46 0 0.00012
47 0 0.00012
48 0 0.0001
49 0 0.0001
50 0 0.00011
51 0 0.00009
52 0 0.0001
53 0 0.00008
54 0 0.00007
55 0 0.00009
56 0 0.00003
57 0 0.00007
58 0 0.00005
59 0 0.00001
60 0 0.00046
100 0 0
divorce 1 M married
1 0 0.00183
2 0 0.00118
3 0 0.0014
4 0 0.00144
5 0 0.00154
6 0 0.00153
7 0 0.00137
8 0 0.00131
9 0 0.00122
10 0 0.00126
11 0 0.00122
12 0 0.00116
13 0 0.00104
14 0 0.00103
15 0 0.00094
16 0 0.00099
17 0 0.00089
18 0 0.00089
19 0 0.00086
20 0 0.00082
21 0 0.00081
22 0 0.00074
23 0 0.00075
24 0 0.0007
25 0 0.00068
26 0 0.00069
27 0 0.00059
28 0 0.00056
29 0 0.00049
30 0 0.00051
31 0 0.00045
32 0 0.00038
33 0 0.00036
34 0 0.00036
35 0 0.00032
36 0 0.00025
37 0 0.00023
38 0 0.00026
39 0 0.00022
40 0 0.0002
41 0 0.00019
42 0 0.0002
43 0 0.00017
44 0 0.00014
45 0 0.00012
46 0 0.00012
47 0 0.00012
48 0 0.0001
49 0 0.0001
50 0 0.00011
51 0 0.00009
52 0 0.0001
53 0 0.00008
54 0 0.00007
55 0 0.00009
56 0 0.00003
57 0 0.00007
58 0 0.00005
59 0 0.00001
60 0 0.00046
100 0 0
