*marriage rate file for white in year 2036, quadruple divorce
marriage_queues 2
marriage_eval preference
marriage_peak_age 24
marriage_agedif_max 240
*marriage rates ~ 60% start marriage search btwn 15 and median age, then prop by 35, then prop by 45
marriage 1 F single
15 0 0.000
29 0 0.00355
45 0 0.0145
100 0 0.0005
marriage 1 M single
16 0 0.000
31 0 0.00283
45 0 0.01056
100 0 0.0005
marriage 1 F widowed
15 0 0.000
100 0 0.00436
marriage 1 M widowed
15 0 0.000
100 0 0.00536
marriage 1 F divorced
15 0 0.000
100 0 0.00436
marriage 1 M divorced
15 0 0.000
100 0 0.00536
divorce 1 F married
1 0 0.0021
2 0 0.00136
3 0 0.00161
4 0 0.00166
5 0 0.00178
6 0 0.00176
7 0 0.00157
8 0 0.00151
9 0 0.0014
10 0 0.00145
11 0 0.0014
12 0 0.00133
13 0 0.0012
14 0 0.00119
15 0 0.00108
16 0 0.00114
17 0 0.00103
18 0 0.00103
19 0 0.00099
20 0 0.00094
21 0 0.00093
22 0 0.00085
23 0 0.00086
24 0 0.00081
25 0 0.00078
26 0 0.00079
27 0 0.00068
28 0 0.00064
29 0 0.00057
30 0 0.00059
31 0 0.00051
32 0 0.00044
33 0 0.00042
34 0 0.00041
35 0 0.00037
36 0 0.00029
37 0 0.00027
38 0 0.0003
39 0 0.00025
40 0 0.00023
41 0 0.00022
42 0 0.00023
43 0 0.0002
44 0 0.00016
45 0 0.00014
46 0 0.00013
47 0 0.00014
48 0 0.00012
49 0 0.00011
50 0 0.00013
51 0 0.00011
52 0 0.00011
53 0 0.00009
54 0 0.00008
55 0 0.0001
56 0 0.00004
57 0 0.00008
58 0 0.00006
59 0 0.00002
60 0 0.00053
100 0 0
divorce 1 M married
1 0 0.0021
2 0 0.00136
3 0 0.00161
4 0 0.00166
5 0 0.00178
6 0 0.00176
7 0 0.00157
8 0 0.00151
9 0 0.0014
10 0 0.00145
11 0 0.0014
12 0 0.00133
13 0 0.0012
14 0 0.00119
15 0 0.00108
16 0 0.00114
17 0 0.00103
18 0 0.00103
19 0 0.00099
20 0 0.00094
21 0 0.00093
22 0 0.00085
23 0 0.00086
24 0 0.00081
25 0 0.00078
26 0 0.00079
27 0 0.00068
28 0 0.00064
29 0 0.00057
30 0 0.00059
31 0 0.00051
32 0 0.00044
33 0 0.00042
34 0 0.00041
35 0 0.00037
36 0 0.00029
37 0 0.00027
38 0 0.0003
39 0 0.00025
40 0 0.00023
41 0 0.00022
42 0 0.00023
43 0 0.0002
44 0 0.00016
45 0 0.00014
46 0 0.00013
47 0 0.00014
48 0 0.00012
49 0 0.00011
50 0 0.00013
51 0 0.00011
52 0 0.00011
53 0 0.00009
54 0 0.00008
55 0 0.0001
56 0 0.00004
57 0 0.00008
58 0 0.00006
59 0 0.00002
60 0 0.00053
100 0 0
