*marriage rate file for white in year 1978, quadruple divorce
marriage_queues 2
marriage_eval preference
marriage_peak_age 24
marriage_agedif_max 240
*marriage rates ~ 60% start marriage search btwn 15 and median age, then prop by 35, then prop by 45
marriage 1 F single
15 0 0.000
23 0 0.00828
45 0 0.01209
100 0 0.0005
marriage 1 M single
16 0 0.000
25 0 0.0064
45 0 0.01224
100 0 0.0005
marriage 1 F widowed
15 0 0.000
100 0 0.00436
marriage 1 M widowed
15 0 0.000
100 0 0.00536
marriage 1 F divorced
15 0 0.000
100 0 0.00436
marriage 1 M divorced
15 0 0.000
100 0 0.00536
divorce 1 F married
1 0 0.0016
2 0 0.00104
3 0 0.00123
4 0 0.00126
5 0 0.00135
6 0 0.00134
7 0 0.0012
8 0 0.00115
9 0 0.00107
10 0 0.0011
11 0 0.00107
12 0 0.00102
13 0 0.00091
14 0 0.0009
15 0 0.00082
16 0 0.00087
17 0 0.00078
18 0 0.00078
19 0 0.00075
20 0 0.00072
21 0 0.00071
22 0 0.00065
23 0 0.00066
24 0 0.00061
25 0 0.00059
26 0 0.0006
27 0 0.00052
28 0 0.00049
29 0 0.00043
30 0 0.00045
31 0 0.00039
32 0 0.00034
33 0 0.00032
34 0 0.00031
35 0 0.00028
36 0 0.00022
37 0 0.0002
38 0 0.00023
39 0 0.00019
40 0 0.00018
41 0 0.00017
42 0 0.00018
43 0 0.00015
44 0 0.00012
45 0 0.00011
46 0 0.0001
47 0 0.00011
48 0 0.00009
49 0 0.00008
50 0 0.0001
51 0 0.00008
52 0 0.00009
53 0 0.00007
54 0 0.00006
55 0 0.00008
56 0 0.00003
57 0 0.00006
58 0 0.00005
59 0 0.00001
60 0 0.0004
100 0 0
divorce 1 M married
1 0 0.0016
2 0 0.00104
3 0 0.00123
4 0 0.00126
5 0 0.00135
6 0 0.00134
7 0 0.0012
8 0 0.00115
9 0 0.00107
10 0 0.0011
11 0 0.00107
12 0 0.00102
13 0 0.00091
14 0 0.0009
15 0 0.00082
16 0 0.00087
17 0 0.00078
18 0 0.00078
19 0 0.00075
20 0 0.00072
21 0 0.00071
22 0 0.00065
23 0 0.00066
24 0 0.00061
25 0 0.00059
26 0 0.0006
27 0 0.00052
28 0 0.00049
29 0 0.00043
30 0 0.00045
31 0 0.00039
32 0 0.00034
33 0 0.00032
34 0 0.00031
35 0 0.00028
36 0 0.00022
37 0 0.0002
38 0 0.00023
39 0 0.00019
40 0 0.00018
41 0 0.00017
42 0 0.00018
43 0 0.00015
44 0 0.00012
45 0 0.00011
46 0 0.0001
47 0 0.00011
48 0 0.00009
49 0 0.00008
50 0 0.0001
51 0 0.00008
52 0 0.00009
53 0 0.00007
54 0 0.00006
55 0 0.00008
56 0 0.00003
57 0 0.00006
58 0 0.00005
59 0 0.00001
60 0 0.0004
100 0 0
