*marriage rate file for white in year 1932, double divorce
marriage_queues 2
marriage_eval preference
marriage_peak_age 24
marriage_agedif_max 240
*marriage rates ~ 60% start marriage search btwn 15 and median age, then prop by 35, then prop by 45
marriage 1 F single
15 0 0.000
23 0 0.00828
45 0 0.00963
100 0 0.0005
marriage 1 M single
16 0 0.000
25 0 0.0064
45 0 0.00947
100 0 0.0005
marriage 1 F widowed
15 0 0.000
100 0 0.00436
marriage 1 M widowed
15 0 0.000
100 0 0.00536
marriage 1 F divorced
15 0 0.000
100 0 0.00436
marriage 1 M divorced
15 0 0.000
100 0 0.00536
divorce 1 F married
1 0 0.00041
2 0 0.00026
3 0 0.00031
4 0 0.00032
5 0 0.00034
6 0 0.00034
7 0 0.00031
8 0 0.00029
9 0 0.00027
10 0 0.00028
11 0 0.00027
12 0 0.00026
13 0 0.00023
14 0 0.00023
15 0 0.00021
16 0 0.00022
17 0 0.0002
18 0 0.0002
19 0 0.00019
20 0 0.00018
21 0 0.00018
22 0 0.00017
23 0 0.00017
24 0 0.00016
25 0 0.00015
26 0 0.00015
27 0 0.00013
28 0 0.00012
29 0 0.00011
30 0 0.00011
31 0 0.0001
32 0 0.00009
33 0 0.00008
34 0 0.00008
35 0 0.00007
36 0 0.00006
37 0 0.00005
38 0 0.00006
39 0 0.00005
40 0 0.00005
41 0 0.00004
42 0 0.00005
43 0 0.00004
44 0 0.00003
45 0 0.00003
46 0 0.00003
47 0 0.00003
48 0 0.00002
49 0 0.00002
50 0 0.00002
51 0 0.00002
52 0 0.00002
53 0 0.00002
54 0 0.00002
55 0 0.00002
56 0 0.00001
57 0 0.00002
58 0 0.00001
59 0 00
60 0 0.0001
100 0 0
divorce 1 M married
1 0 0.00041
2 0 0.00026
3 0 0.00031
4 0 0.00032
5 0 0.00034
6 0 0.00034
7 0 0.00031
8 0 0.00029
9 0 0.00027
10 0 0.00028
11 0 0.00027
12 0 0.00026
13 0 0.00023
14 0 0.00023
15 0 0.00021
16 0 0.00022
17 0 0.0002
18 0 0.0002
19 0 0.00019
20 0 0.00018
21 0 0.00018
22 0 0.00017
23 0 0.00017
24 0 0.00016
25 0 0.00015
26 0 0.00015
27 0 0.00013
28 0 0.00012
29 0 0.00011
30 0 0.00011
31 0 0.0001
32 0 0.00009
33 0 0.00008
34 0 0.00008
35 0 0.00007
36 0 0.00006
37 0 0.00005
38 0 0.00006
39 0 0.00005
40 0 0.00005
41 0 0.00004
42 0 0.00005
43 0 0.00004
44 0 0.00003
45 0 0.00003
46 0 0.00003
47 0 0.00003
48 0 0.00002
49 0 0.00002
50 0 0.00002
51 0 0.00002
52 0 0.00002
53 0 0.00002
54 0 0.00002
55 0 0.00002
56 0 0.00001
57 0 0.00002
58 0 0.00001
59 0 00
60 0 0.0001
100 0 0
