*marriage rate file for black in year 1964, constant divorce
marriage_queues 2
marriage_eval preference
marriage_peak_age 19
marriage_agedif_max 240
*marriage rates ~ 60% start marriage search btwn 15 and median age, then prop by 35, then prop by 45
marriage 1 F single
15 0 0.000
22 0 0.00822
45 0 0.0111
100 0 0.0005
marriage 1 M single
16 0 0.000
24 0 0.00621
45 0 0.00997
100 0 0.0005
marriage 1 F widowed
15 0 0.000
100 0 0.00249
marriage 1 M widowed
15 0 0.000
100 0 0.00381
marriage 1 F divorced
15 0 0.000
100 0 0.00249
marriage 1 M divorced
15 0 0.000
100 0 0.00381
divorce 1 F married
1 0 0.00082
2 0 0.00051
3 0 0.00054
4 0 0.00069
5 0 0.00077
6 0 0.00076
7 0 0.00077
8 0 0.00091
9 0 0.00079
10 0 0.0007
11 0 0.00067
12 0 0.00065
13 0 0.00062
14 0 0.00062
15 0 0.00053
16 0 0.00054
17 0 0.00043
18 0 0.00054
19 0 0.00059
20 0 0.00052
21 0 0.0006
22 0 0.00056
23 0 0.00046
24 0 0.00039
25 0 0.00045
26 0 0.00044
27 0 0.00046
28 0 0.00042
29 0 0.00039
30 0 0.00036
31 0 0.00034
32 0 0.00039
33 0 0.00031
34 0 0.0003
35 0 0.00025
36 0 0.00035
37 0 0.00034
38 0 0.0002
39 0 0.00031
40 0 0.00027
41 0 0.00023
42 0 0.00025
43 0 0.00018
44 0 0.0002
45 0 0.00015
46 0 0.00021
47 0 0.00021
48 0 0.00019
49 0 0.00022
50 0 0.00033
51 0 0.00014
52 0 0.00016
53 0 0.00014
54 0 0.00009
55 0 0.00006
56 0 0.00016
57 0 0.00015
58 0 0.00009
59 0 0.00017
60 0 0.00054
100 0 0
divorce 1 M married
1 0 0.00082
2 0 0.00051
3 0 0.00054
4 0 0.00069
5 0 0.00077
6 0 0.00076
7 0 0.00077
8 0 0.00091
9 0 0.00079
10 0 0.0007
11 0 0.00067
12 0 0.00065
13 0 0.00062
14 0 0.00062
15 0 0.00053
16 0 0.00054
17 0 0.00043
18 0 0.00054
19 0 0.00059
20 0 0.00052
21 0 0.0006
22 0 0.00056
23 0 0.00046
24 0 0.00039
25 0 0.00045
26 0 0.00044
27 0 0.00046
28 0 0.00042
29 0 0.00039
30 0 0.00036
31 0 0.00034
32 0 0.00039
33 0 0.00031
34 0 0.0003
35 0 0.00025
36 0 0.00035
37 0 0.00034
38 0 0.0002
39 0 0.00031
40 0 0.00027
41 0 0.00023
42 0 0.00025
43 0 0.00018
44 0 0.0002
45 0 0.00015
46 0 0.00021
47 0 0.00021
48 0 0.00019
49 0 0.00022
50 0 0.00033
51 0 0.00014
52 0 0.00016
53 0 0.00014
54 0 0.00009
55 0 0.00006
56 0 0.00016
57 0 0.00015
58 0 0.00009
59 0 0.00017
60 0 0.00054
100 0 0
