*marriage rate file for black in year 2020, double divorce
marriage_queues 2
marriage_eval preference
marriage_peak_age 12
marriage_agedif_max 240
*marriage rates ~ 60% start marriage search btwn 15 and median age, then prop by 35, then prop by 45
marriage 1 F single
15 0 0.000
31 0 0.00224
45 0 0.00836
100 0 0.0005
marriage 1 M single
16 0 0.000
32 0 0.00186
45 0 0.00836
100 0 0.0005
marriage 1 F widowed
15 0 0.000
100 0 0.00249
marriage 1 M widowed
15 0 0.000
100 0 0.00381
marriage 1 F divorced
15 0 0.000
100 0 0.00249
marriage 1 M divorced
15 0 0.000
100 0 0.00381
divorce 1 F married
1 0 0.00142
2 0 0.00087
3 0 0.00092
4 0 0.00119
5 0 0.00132
6 0 0.0013
7 0 0.00133
8 0 0.00157
9 0 0.00135
10 0 0.0012
11 0 0.00115
12 0 0.00111
13 0 0.00107
14 0 0.00107
15 0 0.00091
16 0 0.00092
17 0 0.00074
18 0 0.00093
19 0 0.00101
20 0 0.0009
21 0 0.00103
22 0 0.00097
23 0 0.0008
24 0 0.00067
25 0 0.00077
26 0 0.00076
27 0 0.0008
28 0 0.00071
29 0 0.00067
30 0 0.00062
31 0 0.00058
32 0 0.00066
33 0 0.00054
34 0 0.00052
35 0 0.00043
36 0 0.00059
37 0 0.00058
38 0 0.00034
39 0 0.00053
40 0 0.00046
41 0 0.0004
42 0 0.00042
43 0 0.0003
44 0 0.00035
45 0 0.00026
46 0 0.00036
47 0 0.00036
48 0 0.00032
49 0 0.00037
50 0 0.00057
51 0 0.00023
52 0 0.00028
53 0 0.00025
54 0 0.00015
55 0 0.00011
56 0 0.00027
57 0 0.00025
58 0 0.00016
59 0 0.0003
60 0 0.00093
100 0 0
divorce 1 M married
1 0 0.00142
2 0 0.00087
3 0 0.00092
4 0 0.00119
5 0 0.00132
6 0 0.0013
7 0 0.00133
8 0 0.00157
9 0 0.00135
10 0 0.0012
11 0 0.00115
12 0 0.00111
13 0 0.00107
14 0 0.00107
15 0 0.00091
16 0 0.00092
17 0 0.00074
18 0 0.00093
19 0 0.00101
20 0 0.0009
21 0 0.00103
22 0 0.00097
23 0 0.0008
24 0 0.00067
25 0 0.00077
26 0 0.00076
27 0 0.0008
28 0 0.00071
29 0 0.00067
30 0 0.00062
31 0 0.00058
32 0 0.00066
33 0 0.00054
34 0 0.00052
35 0 0.00043
36 0 0.00059
37 0 0.00058
38 0 0.00034
39 0 0.00053
40 0 0.00046
41 0 0.0004
42 0 0.00042
43 0 0.0003
44 0 0.00035
45 0 0.00026
46 0 0.00036
47 0 0.00036
48 0 0.00032
49 0 0.00037
50 0 0.00057
51 0 0.00023
52 0 0.00028
53 0 0.00025
54 0 0.00015
55 0 0.00011
56 0 0.00027
57 0 0.00025
58 0 0.00016
59 0 0.0003
60 0 0.00093
100 0 0
