*marriage rate file for white in year 1920, double divorce
marriage_queues 2
marriage_eval preference
marriage_peak_age 24
marriage_agedif_max 240
*marriage rates ~ 60% start marriage search btwn 15 and median age, then prop by 35, then prop by 45
marriage 1 F single
15 0 0.000
23 0 0.00828
45 0 0.00998
100 0 0.0005
marriage 1 M single
16 0 0.000
25 0 0.0064
45 0 0.00915
100 0 0.0005
marriage 1 F widowed
15 0 0.000
100 0 0.00436
marriage 1 M widowed
15 0 0.000
100 0 0.00536
marriage 1 F divorced
15 0 0.000
100 0 0.00436
marriage 1 M divorced
15 0 0.000
100 0 0.00536
divorce 1 F married
1 0 0.0005
2 0 0.00033
3 0 0.00038
4 0 0.0004
5 0 0.00042
6 0 0.00042
7 0 0.00038
8 0 0.00036
9 0 0.00033
10 0 0.00035
11 0 0.00034
12 0 0.00032
13 0 0.00029
14 0 0.00028
15 0 0.00026
16 0 0.00027
17 0 0.00025
18 0 0.00025
19 0 0.00024
20 0 0.00023
21 0 0.00022
22 0 0.0002
23 0 0.00021
24 0 0.00019
25 0 0.00019
26 0 0.00019
27 0 0.00016
28 0 0.00015
29 0 0.00014
30 0 0.00014
31 0 0.00012
32 0 0.00011
33 0 0.0001
34 0 0.0001
35 0 0.00009
36 0 0.00007
37 0 0.00006
38 0 0.00007
39 0 0.00006
40 0 0.00006
41 0 0.00005
42 0 0.00006
43 0 0.00005
44 0 0.00004
45 0 0.00003
46 0 0.00003
47 0 0.00003
48 0 0.00003
49 0 0.00003
50 0 0.00003
51 0 0.00003
52 0 0.00003
53 0 0.00002
54 0 0.00002
55 0 0.00002
56 0 0.00001
57 0 0.00002
58 0 0.00001
59 0 00
60 0 0.00013
100 0 0
divorce 1 M married
1 0 0.0005
2 0 0.00033
3 0 0.00038
4 0 0.0004
5 0 0.00042
6 0 0.00042
7 0 0.00038
8 0 0.00036
9 0 0.00033
10 0 0.00035
11 0 0.00034
12 0 0.00032
13 0 0.00029
14 0 0.00028
15 0 0.00026
16 0 0.00027
17 0 0.00025
18 0 0.00025
19 0 0.00024
20 0 0.00023
21 0 0.00022
22 0 0.0002
23 0 0.00021
24 0 0.00019
25 0 0.00019
26 0 0.00019
27 0 0.00016
28 0 0.00015
29 0 0.00014
30 0 0.00014
31 0 0.00012
32 0 0.00011
33 0 0.0001
34 0 0.0001
35 0 0.00009
36 0 0.00007
37 0 0.00006
38 0 0.00007
39 0 0.00006
40 0 0.00006
41 0 0.00005
42 0 0.00006
43 0 0.00005
44 0 0.00004
45 0 0.00003
46 0 0.00003
47 0 0.00003
48 0 0.00003
49 0 0.00003
50 0 0.00003
51 0 0.00003
52 0 0.00003
53 0 0.00002
54 0 0.00002
55 0 0.00002
56 0 0.00001
57 0 0.00002
58 0 0.00001
59 0 00
60 0 0.00013
100 0 0
