*marriage rate file for white in year 1997, quadruple divorce
marriage_queues 2
marriage_eval preference
marriage_peak_age 16
marriage_agedif_max 240
*marriage rates ~ 60% start marriage search btwn 15 and median age, then prop by 35, then prop by 45
marriage 1 F single
15 0 0.000
25 0 0.00576
45 0 0.01305
100 0 0.0005
marriage 1 M single
16 0 0.000
26 0 0.00497
45 0 0.01249
100 0 0.0005
marriage 1 F widowed
15 0 0.000
100 0 0.00436
marriage 1 M widowed
15 0 0.000
100 0 0.00536
marriage 1 F divorced
15 0 0.000
100 0 0.00436
marriage 1 M divorced
15 0 0.000
100 0 0.00536
divorce 1 F married
1 0 0.00135
2 0 0.00088
3 0 0.00104
4 0 0.00107
5 0 0.00114
6 0 0.00113
7 0 0.00101
8 0 0.00097
9 0 0.0009
10 0 0.00093
11 0 0.0009
12 0 0.00086
13 0 0.00077
14 0 0.00077
15 0 0.0007
16 0 0.00073
17 0 0.00066
18 0 0.00066
19 0 0.00064
20 0 0.00061
21 0 0.0006
22 0 0.00055
23 0 0.00055
24 0 0.00052
25 0 0.0005
26 0 0.00051
27 0 0.00044
28 0 0.00041
29 0 0.00037
30 0 0.00038
31 0 0.00033
32 0 0.00028
33 0 0.00027
34 0 0.00027
35 0 0.00024
36 0 0.00018
37 0 0.00017
38 0 0.00019
39 0 0.00016
40 0 0.00015
41 0 0.00014
42 0 0.00015
43 0 0.00013
44 0 0.0001
45 0 0.00009
46 0 0.00009
47 0 0.00009
48 0 0.00008
49 0 0.00007
50 0 0.00008
51 0 0.00007
52 0 0.00007
53 0 0.00006
54 0 0.00005
55 0 0.00006
56 0 0.00002
57 0 0.00005
58 0 0.00004
59 0 0.00001
60 0 0.00034
100 0 0
divorce 1 M married
1 0 0.00135
2 0 0.00088
3 0 0.00104
4 0 0.00107
5 0 0.00114
6 0 0.00113
7 0 0.00101
8 0 0.00097
9 0 0.0009
10 0 0.00093
11 0 0.0009
12 0 0.00086
13 0 0.00077
14 0 0.00077
15 0 0.0007
16 0 0.00073
17 0 0.00066
18 0 0.00066
19 0 0.00064
20 0 0.00061
21 0 0.0006
22 0 0.00055
23 0 0.00055
24 0 0.00052
25 0 0.0005
26 0 0.00051
27 0 0.00044
28 0 0.00041
29 0 0.00037
30 0 0.00038
31 0 0.00033
32 0 0.00028
33 0 0.00027
34 0 0.00027
35 0 0.00024
36 0 0.00018
37 0 0.00017
38 0 0.00019
39 0 0.00016
40 0 0.00015
41 0 0.00014
42 0 0.00015
43 0 0.00013
44 0 0.0001
45 0 0.00009
46 0 0.00009
47 0 0.00009
48 0 0.00008
49 0 0.00007
50 0 0.00008
51 0 0.00007
52 0 0.00007
53 0 0.00006
54 0 0.00005
55 0 0.00006
56 0 0.00002
57 0 0.00005
58 0 0.00004
59 0 0.00001
60 0 0.00034
100 0 0
