*marriage rate file for white in year 2033, quadruple divorce
marriage_queues 2
marriage_eval preference
marriage_peak_age 24
marriage_agedif_max 240
*marriage rates ~ 60% start marriage search btwn 15 and median age, then prop by 35, then prop by 45
marriage 1 F single
15 0 0.000
28 0 0.00382
45 0 0.01373
100 0 0.0005
marriage 1 M single
16 0 0.000
30 0 0.00304
45 0 0.01016
100 0 0.0005
marriage 1 F widowed
15 0 0.000
100 0 0.00436
marriage 1 M widowed
15 0 0.000
100 0 0.00536
marriage 1 F divorced
15 0 0.000
100 0 0.00436
marriage 1 M divorced
15 0 0.000
100 0 0.00536
divorce 1 F married
1 0 0.00192
2 0 0.00125
3 0 0.00147
4 0 0.00152
5 0 0.00163
6 0 0.00161
7 0 0.00144
8 0 0.00138
9 0 0.00128
10 0 0.00132
11 0 0.00129
12 0 0.00122
13 0 0.0011
14 0 0.00109
15 0 0.00099
16 0 0.00104
17 0 0.00094
18 0 0.00094
19 0 0.00091
20 0 0.00086
21 0 0.00085
22 0 0.00078
23 0 0.00079
24 0 0.00074
25 0 0.00071
26 0 0.00072
27 0 0.00062
28 0 0.00059
29 0 0.00052
30 0 0.00054
31 0 0.00047
32 0 0.0004
33 0 0.00038
34 0 0.00038
35 0 0.00034
36 0 0.00026
37 0 0.00024
38 0 0.00028
39 0 0.00023
40 0 0.00021
41 0 0.0002
42 0 0.00021
43 0 0.00018
44 0 0.00015
45 0 0.00013
46 0 0.00012
47 0 0.00013
48 0 0.00011
49 0 0.0001
50 0 0.00012
51 0 0.0001
52 0 0.0001
53 0 0.00008
54 0 0.00007
55 0 0.00009
56 0 0.00003
57 0 0.00007
58 0 0.00006
59 0 0.00002
60 0 0.00048
100 0 0
divorce 1 M married
1 0 0.00192
2 0 0.00125
3 0 0.00147
4 0 0.00152
5 0 0.00163
6 0 0.00161
7 0 0.00144
8 0 0.00138
9 0 0.00128
10 0 0.00132
11 0 0.00129
12 0 0.00122
13 0 0.0011
14 0 0.00109
15 0 0.00099
16 0 0.00104
17 0 0.00094
18 0 0.00094
19 0 0.00091
20 0 0.00086
21 0 0.00085
22 0 0.00078
23 0 0.00079
24 0 0.00074
25 0 0.00071
26 0 0.00072
27 0 0.00062
28 0 0.00059
29 0 0.00052
30 0 0.00054
31 0 0.00047
32 0 0.0004
33 0 0.00038
34 0 0.00038
35 0 0.00034
36 0 0.00026
37 0 0.00024
38 0 0.00028
39 0 0.00023
40 0 0.00021
41 0 0.0002
42 0 0.00021
43 0 0.00018
44 0 0.00015
45 0 0.00013
46 0 0.00012
47 0 0.00013
48 0 0.00011
49 0 0.0001
50 0 0.00012
51 0 0.0001
52 0 0.0001
53 0 0.00008
54 0 0.00007
55 0 0.00009
56 0 0.00003
57 0 0.00007
58 0 0.00006
59 0 0.00002
60 0 0.00048
100 0 0
