*marriage rate file for white in year 2012, quadruple divorce
marriage_queues 2
marriage_eval preference
marriage_peak_age 24
marriage_agedif_max 240
*marriage rates ~ 60% start marriage search btwn 15 and median age, then prop by 35, then prop by 45
marriage 1 F single
15 0 0.000
26 0 0.00452
45 0 0.01354
100 0 0.0005
marriage 1 M single
16 0 0.000
28 0 0.00354
45 0 0.01142
100 0 0.0005
marriage 1 F widowed
15 0 0.000
100 0 0.00436
marriage 1 M widowed
15 0 0.000
100 0 0.00536
marriage 1 F divorced
15 0 0.000
100 0 0.00436
marriage 1 M divorced
15 0 0.000
100 0 0.00536
divorce 1 F married
1 0 0.00107
2 0 0.00069
3 0 0.00082
4 0 0.00084
5 0 0.0009
6 0 0.00089
7 0 0.0008
8 0 0.00077
9 0 0.00071
10 0 0.00074
11 0 0.00071
12 0 0.00068
13 0 0.00061
14 0 0.0006
15 0 0.00055
16 0 0.00058
17 0 0.00052
18 0 0.00052
19 0 0.0005
20 0 0.00048
21 0 0.00047
22 0 0.00043
23 0 0.00044
24 0 0.00041
25 0 0.0004
26 0 0.0004
27 0 0.00035
28 0 0.00033
29 0 0.00029
30 0 0.0003
31 0 0.00026
32 0 0.00022
33 0 0.00021
34 0 0.00021
35 0 0.00019
36 0 0.00015
37 0 0.00014
38 0 0.00015
39 0 0.00013
40 0 0.00012
41 0 0.00011
42 0 0.00012
43 0 0.0001
44 0 0.00008
45 0 0.00007
46 0 0.00007
47 0 0.00007
48 0 0.00006
49 0 0.00006
50 0 0.00007
51 0 0.00005
52 0 0.00006
53 0 0.00004
54 0 0.00004
55 0 0.00005
56 0 0.00002
57 0 0.00004
58 0 0.00003
59 0 0.00001
60 0 0.00027
100 0 0
divorce 1 M married
1 0 0.00107
2 0 0.00069
3 0 0.00082
4 0 0.00084
5 0 0.0009
6 0 0.00089
7 0 0.0008
8 0 0.00077
9 0 0.00071
10 0 0.00074
11 0 0.00071
12 0 0.00068
13 0 0.00061
14 0 0.0006
15 0 0.00055
16 0 0.00058
17 0 0.00052
18 0 0.00052
19 0 0.0005
20 0 0.00048
21 0 0.00047
22 0 0.00043
23 0 0.00044
24 0 0.00041
25 0 0.0004
26 0 0.0004
27 0 0.00035
28 0 0.00033
29 0 0.00029
30 0 0.0003
31 0 0.00026
32 0 0.00022
33 0 0.00021
34 0 0.00021
35 0 0.00019
36 0 0.00015
37 0 0.00014
38 0 0.00015
39 0 0.00013
40 0 0.00012
41 0 0.00011
42 0 0.00012
43 0 0.0001
44 0 0.00008
45 0 0.00007
46 0 0.00007
47 0 0.00007
48 0 0.00006
49 0 0.00006
50 0 0.00007
51 0 0.00005
52 0 0.00006
53 0 0.00004
54 0 0.00004
55 0 0.00005
56 0 0.00002
57 0 0.00004
58 0 0.00003
59 0 0.00001
60 0 0.00027
100 0 0
