*marriage rate file for black in year 1974, constant divorce
marriage_queues 2
marriage_eval preference
marriage_peak_age 12
marriage_agedif_max 240
*marriage rates ~ 60% start marriage search btwn 15 and median age, then prop by 35, then prop by 45
marriage 1 F single
15 0 0.000
24 0 0.0064
45 0 0.01139
100 0 0.0005
marriage 1 M single
16 0 0.000
25 0 0.00552
45 0 0.01047
100 0 0.0005
marriage 1 F widowed
15 0 0.000
100 0 0.00249
marriage 1 M widowed
15 0 0.000
100 0 0.00381
marriage 1 F divorced
15 0 0.000
100 0 0.00249
marriage 1 M divorced
15 0 0.000
100 0 0.00381
divorce 1 F married
1 0 0.00159
2 0 0.00098
3 0 0.00104
4 0 0.00133
5 0 0.00149
6 0 0.00146
7 0 0.00149
8 0 0.00176
9 0 0.00152
10 0 0.00135
11 0 0.00129
12 0 0.00125
13 0 0.0012
14 0 0.0012
15 0 0.00102
16 0 0.00104
17 0 0.00083
18 0 0.00105
19 0 0.00114
20 0 0.00101
21 0 0.00115
22 0 0.00109
23 0 0.00089
24 0 0.00075
25 0 0.00087
26 0 0.00086
27 0 0.0009
28 0 0.0008
29 0 0.00076
30 0 0.00069
31 0 0.00065
32 0 0.00074
33 0 0.00061
34 0 0.00059
35 0 0.00049
36 0 0.00067
37 0 0.00065
38 0 0.00038
39 0 0.0006
40 0 0.00052
41 0 0.00045
42 0 0.00047
43 0 0.00034
44 0 0.00039
45 0 0.0003
46 0 0.0004
47 0 0.00041
48 0 0.00036
49 0 0.00042
50 0 0.00064
51 0 0.00026
52 0 0.00031
53 0 0.00028
54 0 0.00017
55 0 0.00012
56 0 0.0003
57 0 0.00028
58 0 0.00018
59 0 0.00033
60 0 0.00104
100 0 0
divorce 1 M married
1 0 0.00159
2 0 0.00098
3 0 0.00104
4 0 0.00133
5 0 0.00149
6 0 0.00146
7 0 0.00149
8 0 0.00176
9 0 0.00152
10 0 0.00135
11 0 0.00129
12 0 0.00125
13 0 0.0012
14 0 0.0012
15 0 0.00102
16 0 0.00104
17 0 0.00083
18 0 0.00105
19 0 0.00114
20 0 0.00101
21 0 0.00115
22 0 0.00109
23 0 0.00089
24 0 0.00075
25 0 0.00087
26 0 0.00086
27 0 0.0009
28 0 0.0008
29 0 0.00076
30 0 0.00069
31 0 0.00065
32 0 0.00074
33 0 0.00061
34 0 0.00059
35 0 0.00049
36 0 0.00067
37 0 0.00065
38 0 0.00038
39 0 0.0006
40 0 0.00052
41 0 0.00045
42 0 0.00047
43 0 0.00034
44 0 0.00039
45 0 0.0003
46 0 0.0004
47 0 0.00041
48 0 0.00036
49 0 0.00042
50 0 0.00064
51 0 0.00026
52 0 0.00031
53 0 0.00028
54 0 0.00017
55 0 0.00012
56 0 0.0003
57 0 0.00028
58 0 0.00018
59 0 0.00033
60 0 0.00104
100 0 0
