*marriage rate file for black in year 2009, quadruple divorce
marriage_queues 2
marriage_eval preference
marriage_peak_age 10
marriage_agedif_max 240
*marriage rates ~ 60% start marriage search btwn 15 and median age, then prop by 35, then prop by 45
marriage 1 F single
15 0 0.000
30 0 0.00239
45 0 0.00974
100 0 0.0005
marriage 1 M single
16 0 0.000
31 0 0.00198
45 0 0.00974
100 0 0.0005
marriage 1 F widowed
15 0 0.000
100 0 0.00249
marriage 1 M widowed
15 0 0.000
100 0 0.00381
marriage 1 F divorced
15 0 0.000
100 0 0.00249
marriage 1 M divorced
15 0 0.000
100 0 0.00381
divorce 1 F married
1 0 0.0012
2 0 0.00074
3 0 0.00079
4 0 0.00101
5 0 0.00112
6 0 0.0011
7 0 0.00113
8 0 0.00133
9 0 0.00115
10 0 0.00102
11 0 0.00097
12 0 0.00094
13 0 0.00091
14 0 0.00091
15 0 0.00077
16 0 0.00078
17 0 0.00063
18 0 0.00079
19 0 0.00086
20 0 0.00077
21 0 0.00087
22 0 0.00082
23 0 0.00068
24 0 0.00057
25 0 0.00066
26 0 0.00065
27 0 0.00068
28 0 0.00061
29 0 0.00057
30 0 0.00052
31 0 0.00049
32 0 0.00056
33 0 0.00046
34 0 0.00044
35 0 0.00037
36 0 0.0005
37 0 0.00049
38 0 0.00029
39 0 0.00045
40 0 0.00039
41 0 0.00034
42 0 0.00036
43 0 0.00026
44 0 0.00029
45 0 0.00022
46 0 0.0003
47 0 0.00031
48 0 0.00028
49 0 0.00032
50 0 0.00048
51 0 0.0002
52 0 0.00024
53 0 0.00021
54 0 0.00013
55 0 0.00009
56 0 0.00023
57 0 0.00021
58 0 0.00014
59 0 0.00025
60 0 0.00079
100 0 0
divorce 1 M married
1 0 0.0012
2 0 0.00074
3 0 0.00079
4 0 0.00101
5 0 0.00112
6 0 0.0011
7 0 0.00113
8 0 0.00133
9 0 0.00115
10 0 0.00102
11 0 0.00097
12 0 0.00094
13 0 0.00091
14 0 0.00091
15 0 0.00077
16 0 0.00078
17 0 0.00063
18 0 0.00079
19 0 0.00086
20 0 0.00077
21 0 0.00087
22 0 0.00082
23 0 0.00068
24 0 0.00057
25 0 0.00066
26 0 0.00065
27 0 0.00068
28 0 0.00061
29 0 0.00057
30 0 0.00052
31 0 0.00049
32 0 0.00056
33 0 0.00046
34 0 0.00044
35 0 0.00037
36 0 0.0005
37 0 0.00049
38 0 0.00029
39 0 0.00045
40 0 0.00039
41 0 0.00034
42 0 0.00036
43 0 0.00026
44 0 0.00029
45 0 0.00022
46 0 0.0003
47 0 0.00031
48 0 0.00028
49 0 0.00032
50 0 0.00048
51 0 0.0002
52 0 0.00024
53 0 0.00021
54 0 0.00013
55 0 0.00009
56 0 0.00023
57 0 0.00021
58 0 0.00014
59 0 0.00025
60 0 0.00079
100 0 0
