*marriage rate file for white in year 2020, double divorce
marriage_queues 2
marriage_eval preference
marriage_peak_age 24
marriage_agedif_max 240
*marriage rates ~ 60% start marriage search btwn 15 and median age, then prop by 35, then prop by 45
marriage 1 F single
15 0 0.000
27 0 0.00414
45 0 0.01375
100 0 0.0005
marriage 1 M single
16 0 0.000
29 0 0.00327
45 0 0.01098
100 0 0.0005
marriage 1 F widowed
15 0 0.000
100 0 0.00436
marriage 1 M widowed
15 0 0.000
100 0 0.00536
marriage 1 F divorced
15 0 0.000
100 0 0.00436
marriage 1 M divorced
15 0 0.000
100 0 0.00536
divorce 1 F married
1 0 0.00129
2 0 0.00084
3 0 0.00099
4 0 0.00102
5 0 0.00109
6 0 0.00108
7 0 0.00097
8 0 0.00093
9 0 0.00086
10 0 0.00089
11 0 0.00087
12 0 0.00082
13 0 0.00074
14 0 0.00073
15 0 0.00067
16 0 0.0007
17 0 0.00063
18 0 0.00063
19 0 0.00061
20 0 0.00058
21 0 0.00057
22 0 0.00052
23 0 0.00053
24 0 0.0005
25 0 0.00048
26 0 0.00049
27 0 0.00042
28 0 0.00039
29 0 0.00035
30 0 0.00036
31 0 0.00032
32 0 0.00027
33 0 0.00026
34 0 0.00025
35 0 0.00023
36 0 0.00018
37 0 0.00016
38 0 0.00019
39 0 0.00015
40 0 0.00015
41 0 0.00014
42 0 0.00014
43 0 0.00012
44 0 0.0001
45 0 0.00009
46 0 0.00008
47 0 0.00009
48 0 0.00007
49 0 0.00007
50 0 0.00008
51 0 0.00007
52 0 0.00007
53 0 0.00005
54 0 0.00005
55 0 0.00006
56 0 0.00002
57 0 0.00005
58 0 0.00004
59 0 0.00001
60 0 0.00032
100 0 0
divorce 1 M married
1 0 0.00129
2 0 0.00084
3 0 0.00099
4 0 0.00102
5 0 0.00109
6 0 0.00108
7 0 0.00097
8 0 0.00093
9 0 0.00086
10 0 0.00089
11 0 0.00087
12 0 0.00082
13 0 0.00074
14 0 0.00073
15 0 0.00067
16 0 0.0007
17 0 0.00063
18 0 0.00063
19 0 0.00061
20 0 0.00058
21 0 0.00057
22 0 0.00052
23 0 0.00053
24 0 0.0005
25 0 0.00048
26 0 0.00049
27 0 0.00042
28 0 0.00039
29 0 0.00035
30 0 0.00036
31 0 0.00032
32 0 0.00027
33 0 0.00026
34 0 0.00025
35 0 0.00023
36 0 0.00018
37 0 0.00016
38 0 0.00019
39 0 0.00015
40 0 0.00015
41 0 0.00014
42 0 0.00014
43 0 0.00012
44 0 0.0001
45 0 0.00009
46 0 0.00008
47 0 0.00009
48 0 0.00007
49 0 0.00007
50 0 0.00008
51 0 0.00007
52 0 0.00007
53 0 0.00005
54 0 0.00005
55 0 0.00006
56 0 0.00002
57 0 0.00005
58 0 0.00004
59 0 0.00001
60 0 0.00032
100 0 0
