*marriage rate file for black in year 1979, double divorce
marriage_queues 2
marriage_eval preference
marriage_peak_age 12
marriage_agedif_max 240
*marriage rates ~ 60% start marriage search btwn 15 and median age, then prop by 35, then prop by 45
marriage 1 F single
15 0 0.000
25 0 0.00576
45 0 0.01166
100 0 0.0005
marriage 1 M single
16 0 0.000
26 0 0.00497
45 0 0.01102
100 0 0.0005
marriage 1 F widowed
15 0 0.000
100 0 0.00249
marriage 1 M widowed
15 0 0.000
100 0 0.00381
marriage 1 F divorced
15 0 0.000
100 0 0.00249
marriage 1 M divorced
15 0 0.000
100 0 0.00381
divorce 1 F married
1 0 0.00177
2 0 0.00109
3 0 0.00116
4 0 0.00149
5 0 0.00165
6 0 0.00163
7 0 0.00166
8 0 0.00196
9 0 0.00169
10 0 0.00151
11 0 0.00143
12 0 0.00139
13 0 0.00133
14 0 0.00133
15 0 0.00113
16 0 0.00115
17 0 0.00092
18 0 0.00117
19 0 0.00126
20 0 0.00113
21 0 0.00128
22 0 0.00121
23 0 0.00099
24 0 0.00083
25 0 0.00097
26 0 0.00095
27 0 0.001
28 0 0.00089
29 0 0.00084
30 0 0.00077
31 0 0.00072
32 0 0.00083
33 0 0.00067
34 0 0.00065
35 0 0.00054
36 0 0.00074
37 0 0.00072
38 0 0.00043
39 0 0.00067
40 0 0.00058
41 0 0.0005
42 0 0.00053
43 0 0.00038
44 0 0.00043
45 0 0.00033
46 0 0.00044
47 0 0.00045
48 0 0.00041
49 0 0.00046
50 0 0.00071
51 0 0.00029
52 0 0.00035
53 0 0.00031
54 0 0.00019
55 0 0.00014
56 0 0.00033
57 0 0.00032
58 0 0.0002
59 0 0.00037
60 0 0.00116
100 0 0
divorce 1 M married
1 0 0.00177
2 0 0.00109
3 0 0.00116
4 0 0.00149
5 0 0.00165
6 0 0.00163
7 0 0.00166
8 0 0.00196
9 0 0.00169
10 0 0.00151
11 0 0.00143
12 0 0.00139
13 0 0.00133
14 0 0.00133
15 0 0.00113
16 0 0.00115
17 0 0.00092
18 0 0.00117
19 0 0.00126
20 0 0.00113
21 0 0.00128
22 0 0.00121
23 0 0.00099
24 0 0.00083
25 0 0.00097
26 0 0.00095
27 0 0.001
28 0 0.00089
29 0 0.00084
30 0 0.00077
31 0 0.00072
32 0 0.00083
33 0 0.00067
34 0 0.00065
35 0 0.00054
36 0 0.00074
37 0 0.00072
38 0 0.00043
39 0 0.00067
40 0 0.00058
41 0 0.0005
42 0 0.00053
43 0 0.00038
44 0 0.00043
45 0 0.00033
46 0 0.00044
47 0 0.00045
48 0 0.00041
49 0 0.00046
50 0 0.00071
51 0 0.00029
52 0 0.00035
53 0 0.00031
54 0 0.00019
55 0 0.00014
56 0 0.00033
57 0 0.00032
58 0 0.0002
59 0 0.00037
60 0 0.00116
100 0 0
