*marriage rate file for white in year 2047, quadruple divorce
marriage_queues 2
marriage_eval preference
marriage_peak_age 24
marriage_agedif_max 240
*marriage rates ~ 60% start marriage search btwn 15 and median age, then prop by 35, then prop by 45
marriage 1 F single
15 0 0.000
30 0 0.00332
45 0 0.01484
100 0 0.0005
marriage 1 M single
16 0 0.000
32 0 0.00266
45 0 0.01023
100 0 0.0005
marriage 1 F widowed
15 0 0.000
100 0 0.00436
marriage 1 M widowed
15 0 0.000
100 0 0.00536
marriage 1 F divorced
15 0 0.000
100 0 0.00436
marriage 1 M divorced
15 0 0.000
100 0 0.00536
divorce 1 F married
1 0 0.00301
2 0 0.00195
3 0 0.0023
4 0 0.00237
5 0 0.00254
6 0 0.00251
7 0 0.00225
8 0 0.00215
9 0 0.002
10 0 0.00207
11 0 0.00201
12 0 0.0019
13 0 0.00171
14 0 0.00169
15 0 0.00154
16 0 0.00162
17 0 0.00146
18 0 0.00146
19 0 0.00141
20 0 0.00134
21 0 0.00132
22 0 0.00121
23 0 0.00123
24 0 0.00115
25 0 0.00111
26 0 0.00112
27 0 0.00097
28 0 0.00091
29 0 0.00081
30 0 0.00084
31 0 0.00073
32 0 0.00063
33 0 0.00059
34 0 0.00059
35 0 0.00052
36 0 0.00041
37 0 0.00038
38 0 0.00043
39 0 0.00035
40 0 0.00033
41 0 0.00032
42 0 0.00033
43 0 0.00029
44 0 0.00023
45 0 0.0002
46 0 0.00019
47 0 0.0002
48 0 0.00017
49 0 0.00016
50 0 0.00018
51 0 0.00015
52 0 0.00016
53 0 0.00012
54 0 0.00011
55 0 0.00014
56 0 0.00005
57 0 0.00011
58 0 0.00009
59 0 0.00002
60 0 0.00075
100 0 0
divorce 1 M married
1 0 0.00301
2 0 0.00195
3 0 0.0023
4 0 0.00237
5 0 0.00254
6 0 0.00251
7 0 0.00225
8 0 0.00215
9 0 0.002
10 0 0.00207
11 0 0.00201
12 0 0.0019
13 0 0.00171
14 0 0.00169
15 0 0.00154
16 0 0.00162
17 0 0.00146
18 0 0.00146
19 0 0.00141
20 0 0.00134
21 0 0.00132
22 0 0.00121
23 0 0.00123
24 0 0.00115
25 0 0.00111
26 0 0.00112
27 0 0.00097
28 0 0.00091
29 0 0.00081
30 0 0.00084
31 0 0.00073
32 0 0.00063
33 0 0.00059
34 0 0.00059
35 0 0.00052
36 0 0.00041
37 0 0.00038
38 0 0.00043
39 0 0.00035
40 0 0.00033
41 0 0.00032
42 0 0.00033
43 0 0.00029
44 0 0.00023
45 0 0.0002
46 0 0.00019
47 0 0.0002
48 0 0.00017
49 0 0.00016
50 0 0.00018
51 0 0.00015
52 0 0.00016
53 0 0.00012
54 0 0.00011
55 0 0.00014
56 0 0.00005
57 0 0.00011
58 0 0.00009
59 0 0.00002
60 0 0.00075
100 0 0
