*marriage rate file for black in year 2049, quadruple divorce
marriage_queues 2
marriage_eval preference
marriage_peak_age 1
marriage_agedif_max 240
*marriage rates ~ 60% start marriage search btwn 15 and median age, then prop by 35, then prop by 45
marriage 1 F single
15 0 0.000
34 0 0.00189
45 0 0.00566
100 0 0.0005
marriage 1 M single
16 0 0.000
34 0 0.00165
45 0 0.00566
100 0 0.0005
marriage 1 F widowed
15 0 0.000
100 0 0.00249
marriage 1 M widowed
15 0 0.000
100 0 0.00381
marriage 1 F divorced
15 0 0.000
100 0 0.00249
marriage 1 M divorced
15 0 0.000
100 0 0.00381
divorce 1 F married
1 0 0.00348
2 0 0.00214
3 0 0.00226
4 0 0.00291
5 0 0.00324
6 0 0.00319
7 0 0.00326
8 0 0.00385
9 0 0.00332
10 0 0.00295
11 0 0.00281
12 0 0.00272
13 0 0.00261
14 0 0.00261
15 0 0.00221
16 0 0.00226
17 0 0.0018
18 0 0.00228
19 0 0.00247
20 0 0.0022
21 0 0.00251
22 0 0.00237
23 0 0.00194
24 0 0.00163
25 0 0.00189
26 0 0.00186
27 0 0.00195
28 0 0.00174
29 0 0.00165
30 0 0.0015
31 0 0.0014
32 0 0.00161
33 0 0.00131
34 0 0.00127
35 0 0.00106
36 0 0.00145
37 0 0.00141
38 0 0.00083
39 0 0.0013
40 0 0.00113
41 0 0.00097
42 0 0.00103
43 0 0.00074
44 0 0.00084
45 0 0.00064
46 0 0.00086
47 0 0.00088
48 0 0.00079
49 0 0.0009
50 0 0.00138
51 0 0.00057
52 0 0.00068
53 0 0.0006
54 0 0.00036
55 0 0.00027
56 0 0.00065
57 0 0.00061
58 0 0.00039
59 0 0.00072
60 0 0.00226
100 0 0
divorce 1 M married
1 0 0.00348
2 0 0.00214
3 0 0.00226
4 0 0.00291
5 0 0.00324
6 0 0.00319
7 0 0.00326
8 0 0.00385
9 0 0.00332
10 0 0.00295
11 0 0.00281
12 0 0.00272
13 0 0.00261
14 0 0.00261
15 0 0.00221
16 0 0.00226
17 0 0.0018
18 0 0.00228
19 0 0.00247
20 0 0.0022
21 0 0.00251
22 0 0.00237
23 0 0.00194
24 0 0.00163
25 0 0.00189
26 0 0.00186
27 0 0.00195
28 0 0.00174
29 0 0.00165
30 0 0.0015
31 0 0.0014
32 0 0.00161
33 0 0.00131
34 0 0.00127
35 0 0.00106
36 0 0.00145
37 0 0.00141
38 0 0.00083
39 0 0.0013
40 0 0.00113
41 0 0.00097
42 0 0.00103
43 0 0.00074
44 0 0.00084
45 0 0.00064
46 0 0.00086
47 0 0.00088
48 0 0.00079
49 0 0.0009
50 0 0.00138
51 0 0.00057
52 0 0.00068
53 0 0.0006
54 0 0.00036
55 0 0.00027
56 0 0.00065
57 0 0.00061
58 0 0.00039
59 0 0.00072
60 0 0.00226
100 0 0
