*marriage rate file for white in year 2057, quadruple divorce
marriage_queues 2
marriage_eval preference
marriage_peak_age 24
marriage_agedif_max 240
*marriage rates ~ 60% start marriage search btwn 15 and median age, then prop by 35, then prop by 45
marriage 1 F single
15 0 0.000
31 0 0.00311
45 0 0.0154
100 0 0.0005
marriage 1 M single
16 0 0.000
33 0 0.0025
45 0 0.01012
100 0 0.0005
marriage 1 F widowed
15 0 0.000
100 0 0.00436
marriage 1 M widowed
15 0 0.000
100 0 0.00536
marriage 1 F divorced
15 0 0.000
100 0 0.00436
marriage 1 M divorced
15 0 0.000
100 0 0.00536
divorce 1 F married
1 0 0.00384
2 0 0.00248
3 0 0.00293
4 0 0.00302
5 0 0.00324
6 0 0.0032
7 0 0.00287
8 0 0.00274
9 0 0.00254
10 0 0.00263
11 0 0.00255
12 0 0.00242
13 0 0.00218
14 0 0.00216
15 0 0.00196
16 0 0.00206
17 0 0.00186
18 0 0.00186
19 0 0.0018
20 0 0.00171
21 0 0.00168
22 0 0.00154
23 0 0.00156
24 0 0.00146
25 0 0.00141
26 0 0.00143
27 0 0.00123
28 0 0.00116
29 0 0.00103
30 0 0.00106
31 0 0.00093
32 0 0.0008
33 0 0.00075
34 0 0.00074
35 0 0.00066
36 0 0.00052
37 0 0.00048
38 0 0.00055
39 0 0.00045
40 0 0.00042
41 0 0.0004
42 0 0.00042
43 0 0.00036
44 0 0.00029
45 0 0.00026
46 0 0.00024
47 0 0.00025
48 0 0.00021
49 0 0.0002
50 0 0.00023
51 0 0.00019
52 0 0.0002
53 0 0.00016
54 0 0.00014
55 0 0.00018
56 0 0.00007
57 0 0.00014
58 0 0.00011
59 0 0.00003
60 0 0.00095
100 0 0
divorce 1 M married
1 0 0.00384
2 0 0.00248
3 0 0.00293
4 0 0.00302
5 0 0.00324
6 0 0.0032
7 0 0.00287
8 0 0.00274
9 0 0.00254
10 0 0.00263
11 0 0.00255
12 0 0.00242
13 0 0.00218
14 0 0.00216
15 0 0.00196
16 0 0.00206
17 0 0.00186
18 0 0.00186
19 0 0.0018
20 0 0.00171
21 0 0.00168
22 0 0.00154
23 0 0.00156
24 0 0.00146
25 0 0.00141
26 0 0.00143
27 0 0.00123
28 0 0.00116
29 0 0.00103
30 0 0.00106
31 0 0.00093
32 0 0.0008
33 0 0.00075
34 0 0.00074
35 0 0.00066
36 0 0.00052
37 0 0.00048
38 0 0.00055
39 0 0.00045
40 0 0.00042
41 0 0.0004
42 0 0.00042
43 0 0.00036
44 0 0.00029
45 0 0.00026
46 0 0.00024
47 0 0.00025
48 0 0.00021
49 0 0.0002
50 0 0.00023
51 0 0.00019
52 0 0.0002
53 0 0.00016
54 0 0.00014
55 0 0.00018
56 0 0.00007
57 0 0.00014
58 0 0.00011
59 0 0.00003
60 0 0.00095
100 0 0
