*marriage rate file for white in year 1950
marriage_queues 2
marriage_eval preference
marriage_peak_age 36
marriage_agedif_max 240
*marriage rates ~ 60% start marriage search btwn 15 and median age, then prop by 35, then prop by 45
marriage 1 F single
15 0 0.000
21 0 0.01103
45 0 0.00997
100 0 0.0005
marriage 1 M single
16 0 0.000
24 0 0.00719
45 0 0.00951
100 0 0.0005
marriage 1 F widowed
15 0 0.000
100 0 0.00436
marriage 1 M widowed
15 0 0.000
100 0 0.00536
marriage 1 F divorced
15 0 0.000
100 0 0.00436
marriage 1 M divorced
15 0 0.000
100 0 0.00536
divorce 1 F married
1 0 0.00082
2 0 0.00053
3 0 0.00063
4 0 0.00064
5 0 0.00069
6 0 0.00068
7 0 0.00061
8 0 0.00059
9 0 0.00054
10 0 0.00056
11 0 0.00055
12 0 0.00052
13 0 0.00047
14 0 0.00046
15 0 0.00042
16 0 0.00044
17 0 0.0004
18 0 0.0004
19 0 0.00039
20 0 0.00037
21 0 0.00036
22 0 0.00033
23 0 0.00034
24 0 0.00031
25 0 0.0003
26 0 0.00031
27 0 0.00027
28 0 0.00025
29 0 0.00022
30 0 0.00023
31 0 0.0002
32 0 0.00017
33 0 0.00016
34 0 0.00016
35 0 0.00014
36 0 0.00011
37 0 0.0001
38 0 0.00012
39 0 0.0001
40 0 0.00009
41 0 0.00009
42 0 0.00009
43 0 0.00008
44 0 0.00006
45 0 0.00006
46 0 0.00005
47 0 0.00005
48 0 0.00005
49 0 0.00004
50 0 0.00005
51 0 0.00004
52 0 0.00004
53 0 0.00003
54 0 0.00003
55 0 0.00004
56 0 0.00001
57 0 0.00003
58 0 0.00002
59 0 0.00001
60 0 0.00021
100 0 0
divorce 1 M married
1 0 0.00082
2 0 0.00053
3 0 0.00063
4 0 0.00064
5 0 0.00069
6 0 0.00068
7 0 0.00061
8 0 0.00059
9 0 0.00054
10 0 0.00056
11 0 0.00055
12 0 0.00052
13 0 0.00047
14 0 0.00046
15 0 0.00042
16 0 0.00044
17 0 0.0004
18 0 0.0004
19 0 0.00039
20 0 0.00037
21 0 0.00036
22 0 0.00033
23 0 0.00034
24 0 0.00031
25 0 0.0003
26 0 0.00031
27 0 0.00027
28 0 0.00025
29 0 0.00022
30 0 0.00023
31 0 0.0002
32 0 0.00017
33 0 0.00016
34 0 0.00016
35 0 0.00014
36 0 0.00011
37 0 0.0001
38 0 0.00012
39 0 0.0001
40 0 0.00009
41 0 0.00009
42 0 0.00009
43 0 0.00008
44 0 0.00006
45 0 0.00006
46 0 0.00005
47 0 0.00005
48 0 0.00005
49 0 0.00004
50 0 0.00005
51 0 0.00004
52 0 0.00004
53 0 0.00003
54 0 0.00003
55 0 0.00004
56 0 0.00001
57 0 0.00003
58 0 0.00002
59 0 0.00001
60 0 0.00021
100 0 0
