*marriage rate file for black in year 2038, quadruple divorce
marriage_queues 2
marriage_eval preference
marriage_peak_age 12
marriage_agedif_max 240
*marriage rates ~ 60% start marriage search btwn 15 and median age, then prop by 35, then prop by 45
marriage 1 F single
15 0 0.000
33 0 0.00199
45 0 0.00699
100 0 0.0005
marriage 1 M single
16 0 0.000
34 0 0.00165
45 0 0.00699
100 0 0.0005
marriage 1 F widowed
15 0 0.000
100 0 0.00249
marriage 1 M widowed
15 0 0.000
100 0 0.00381
marriage 1 F divorced
15 0 0.000
100 0 0.00249
marriage 1 M divorced
15 0 0.000
100 0 0.00381
divorce 1 F married
1 0 0.00248
2 0 0.00153
3 0 0.00162
4 0 0.00208
5 0 0.00232
6 0 0.00228
7 0 0.00233
8 0 0.00275
9 0 0.00237
10 0 0.00211
11 0 0.00201
12 0 0.00195
13 0 0.00187
14 0 0.00187
15 0 0.00158
16 0 0.00161
17 0 0.00129
18 0 0.00163
19 0 0.00177
20 0 0.00157
21 0 0.0018
22 0 0.00169
23 0 0.00139
24 0 0.00117
25 0 0.00135
26 0 0.00133
27 0 0.00139
28 0 0.00125
29 0 0.00118
30 0 0.00108
31 0 0.00101
32 0 0.00116
33 0 0.00094
34 0 0.00091
35 0 0.00076
36 0 0.00104
37 0 0.00101
38 0 0.0006
39 0 0.00093
40 0 0.00081
41 0 0.00069
42 0 0.00074
43 0 0.00053
44 0 0.0006
45 0 0.00046
46 0 0.00062
47 0 0.00063
48 0 0.00057
49 0 0.00065
50 0 0.00099
51 0 0.00041
52 0 0.00049
53 0 0.00043
54 0 0.00026
55 0 0.00019
56 0 0.00047
57 0 0.00044
58 0 0.00028
59 0 0.00052
60 0 0.00162
100 0 0
divorce 1 M married
1 0 0.00248
2 0 0.00153
3 0 0.00162
4 0 0.00208
5 0 0.00232
6 0 0.00228
7 0 0.00233
8 0 0.00275
9 0 0.00237
10 0 0.00211
11 0 0.00201
12 0 0.00195
13 0 0.00187
14 0 0.00187
15 0 0.00158
16 0 0.00161
17 0 0.00129
18 0 0.00163
19 0 0.00177
20 0 0.00157
21 0 0.0018
22 0 0.00169
23 0 0.00139
24 0 0.00117
25 0 0.00135
26 0 0.00133
27 0 0.00139
28 0 0.00125
29 0 0.00118
30 0 0.00108
31 0 0.00101
32 0 0.00116
33 0 0.00094
34 0 0.00091
35 0 0.00076
36 0 0.00104
37 0 0.00101
38 0 0.0006
39 0 0.00093
40 0 0.00081
41 0 0.00069
42 0 0.00074
43 0 0.00053
44 0 0.0006
45 0 0.00046
46 0 0.00062
47 0 0.00063
48 0 0.00057
49 0 0.00065
50 0 0.00099
51 0 0.00041
52 0 0.00049
53 0 0.00043
54 0 0.00026
55 0 0.00019
56 0 0.00047
57 0 0.00044
58 0 0.00028
59 0 0.00052
60 0 0.00162
100 0 0
