*marriage rate file for black in year 1975, double divorce
marriage_queues 2
marriage_eval preference
marriage_peak_age 12
marriage_agedif_max 240
*marriage rates ~ 60% start marriage search btwn 15 and median age, then prop by 35, then prop by 45
marriage 1 F single
15 0 0.000
24 0 0.0064
45 0 0.01132
100 0 0.0005
marriage 1 M single
16 0 0.000
25 0 0.00552
45 0 0.01047
100 0 0.0005
marriage 1 F widowed
15 0 0.000
100 0 0.00249
marriage 1 M widowed
15 0 0.000
100 0 0.00381
marriage 1 F divorced
15 0 0.000
100 0 0.00249
marriage 1 M divorced
15 0 0.000
100 0 0.00381
divorce 1 F married
1 0 0.00169
2 0 0.00104
3 0 0.0011
4 0 0.00142
5 0 0.00158
6 0 0.00155
7 0 0.00158
8 0 0.00187
9 0 0.00161
10 0 0.00143
11 0 0.00137
12 0 0.00133
13 0 0.00127
14 0 0.00127
15 0 0.00108
16 0 0.0011
17 0 0.00088
18 0 0.00111
19 0 0.00121
20 0 0.00107
21 0 0.00122
22 0 0.00115
23 0 0.00095
24 0 0.0008
25 0 0.00092
26 0 0.00091
27 0 0.00095
28 0 0.00085
29 0 0.0008
30 0 0.00073
31 0 0.00069
32 0 0.00079
33 0 0.00064
34 0 0.00062
35 0 0.00052
36 0 0.00071
37 0 0.00069
38 0 0.00041
39 0 0.00064
40 0 0.00055
41 0 0.00047
42 0 0.0005
43 0 0.00036
44 0 0.00041
45 0 0.00031
46 0 0.00042
47 0 0.00043
48 0 0.00039
49 0 0.00044
50 0 0.00068
51 0 0.00028
52 0 0.00033
53 0 0.0003
54 0 0.00018
55 0 0.00013
56 0 0.00032
57 0 0.0003
58 0 0.00019
59 0 0.00035
60 0 0.0011
100 0 0
divorce 1 M married
1 0 0.00169
2 0 0.00104
3 0 0.0011
4 0 0.00142
5 0 0.00158
6 0 0.00155
7 0 0.00158
8 0 0.00187
9 0 0.00161
10 0 0.00143
11 0 0.00137
12 0 0.00133
13 0 0.00127
14 0 0.00127
15 0 0.00108
16 0 0.0011
17 0 0.00088
18 0 0.00111
19 0 0.00121
20 0 0.00107
21 0 0.00122
22 0 0.00115
23 0 0.00095
24 0 0.0008
25 0 0.00092
26 0 0.00091
27 0 0.00095
28 0 0.00085
29 0 0.0008
30 0 0.00073
31 0 0.00069
32 0 0.00079
33 0 0.00064
34 0 0.00062
35 0 0.00052
36 0 0.00071
37 0 0.00069
38 0 0.00041
39 0 0.00064
40 0 0.00055
41 0 0.00047
42 0 0.0005
43 0 0.00036
44 0 0.00041
45 0 0.00031
46 0 0.00042
47 0 0.00043
48 0 0.00039
49 0 0.00044
50 0 0.00068
51 0 0.00028
52 0 0.00033
53 0 0.0003
54 0 0.00018
55 0 0.00013
56 0 0.00032
57 0 0.0003
58 0 0.00019
59 0 0.00035
60 0 0.0011
100 0 0
