*marriage rate file for black in year 2044, quadruple divorce
marriage_queues 2
marriage_eval preference
marriage_peak_age 7
marriage_agedif_max 240
*marriage rates ~ 60% start marriage search btwn 15 and median age, then prop by 35, then prop by 45
marriage 1 F single
15 0 0.000
33 0 0.00199
45 0 0.00623
100 0 0.0005
marriage 1 M single
16 0 0.000
34 0 0.00165
45 0 0.00623
100 0 0.0005
marriage 1 F widowed
15 0 0.000
100 0 0.00249
marriage 1 M widowed
15 0 0.000
100 0 0.00381
marriage 1 F divorced
15 0 0.000
100 0 0.00249
marriage 1 M divorced
15 0 0.000
100 0 0.00381
divorce 1 F married
1 0 0.00303
2 0 0.00186
3 0 0.00197
4 0 0.00253
5 0 0.00282
6 0 0.00277
7 0 0.00283
8 0 0.00335
9 0 0.00288
10 0 0.00256
11 0 0.00244
12 0 0.00237
13 0 0.00227
14 0 0.00227
15 0 0.00193
16 0 0.00196
17 0 0.00156
18 0 0.00198
19 0 0.00215
20 0 0.00191
21 0 0.00219
22 0 0.00206
23 0 0.00169
24 0 0.00142
25 0 0.00165
26 0 0.00162
27 0 0.00169
28 0 0.00152
29 0 0.00143
30 0 0.00131
31 0 0.00122
32 0 0.0014
33 0 0.00114
34 0 0.00111
35 0 0.00092
36 0 0.00126
37 0 0.00123
38 0 0.00072
39 0 0.00114
40 0 0.00098
41 0 0.00084
42 0 0.0009
43 0 0.00064
44 0 0.00073
45 0 0.00056
46 0 0.00075
47 0 0.00077
48 0 0.00069
49 0 0.00079
50 0 0.0012
51 0 0.00049
52 0 0.00059
53 0 0.00053
54 0 0.00032
55 0 0.00023
56 0 0.00057
57 0 0.00053
58 0 0.00034
59 0 0.00063
60 0 0.00197
100 0 0
divorce 1 M married
1 0 0.00303
2 0 0.00186
3 0 0.00197
4 0 0.00253
5 0 0.00282
6 0 0.00277
7 0 0.00283
8 0 0.00335
9 0 0.00288
10 0 0.00256
11 0 0.00244
12 0 0.00237
13 0 0.00227
14 0 0.00227
15 0 0.00193
16 0 0.00196
17 0 0.00156
18 0 0.00198
19 0 0.00215
20 0 0.00191
21 0 0.00219
22 0 0.00206
23 0 0.00169
24 0 0.00142
25 0 0.00165
26 0 0.00162
27 0 0.00169
28 0 0.00152
29 0 0.00143
30 0 0.00131
31 0 0.00122
32 0 0.0014
33 0 0.00114
34 0 0.00111
35 0 0.00092
36 0 0.00126
37 0 0.00123
38 0 0.00072
39 0 0.00114
40 0 0.00098
41 0 0.00084
42 0 0.0009
43 0 0.00064
44 0 0.00073
45 0 0.00056
46 0 0.00075
47 0 0.00077
48 0 0.00069
49 0 0.00079
50 0 0.0012
51 0 0.00049
52 0 0.00059
53 0 0.00053
54 0 0.00032
55 0 0.00023
56 0 0.00057
57 0 0.00053
58 0 0.00034
59 0 0.00063
60 0 0.00197
100 0 0
