*marriage rate file for black in year 2030, quadruple divorce
marriage_queues 2
marriage_eval preference
marriage_peak_age 12
marriage_agedif_max 240
*marriage rates ~ 60% start marriage search btwn 15 and median age, then prop by 35, then prop by 45
marriage 1 F single
15 0 0.000
32 0 0.00211
45 0 0.00746
100 0 0.0005
marriage 1 M single
16 0 0.000
33 0 0.00175
45 0 0.00746
100 0 0.0005
marriage 1 F widowed
15 0 0.000
100 0 0.00249
marriage 1 M widowed
15 0 0.000
100 0 0.00381
marriage 1 F divorced
15 0 0.000
100 0 0.00249
marriage 1 M divorced
15 0 0.000
100 0 0.00381
divorce 1 F married
1 0 0.00195
2 0 0.0012
3 0 0.00127
4 0 0.00163
5 0 0.00182
6 0 0.00179
7 0 0.00182
8 0 0.00216
9 0 0.00186
10 0 0.00165
11 0 0.00157
12 0 0.00153
13 0 0.00146
14 0 0.00146
15 0 0.00124
16 0 0.00127
17 0 0.00101
18 0 0.00128
19 0 0.00139
20 0 0.00124
21 0 0.00141
22 0 0.00133
23 0 0.00109
24 0 0.00092
25 0 0.00106
26 0 0.00105
27 0 0.00109
28 0 0.00098
29 0 0.00093
30 0 0.00085
31 0 0.00079
32 0 0.00091
33 0 0.00074
34 0 0.00072
35 0 0.00059
36 0 0.00081
37 0 0.00079
38 0 0.00047
39 0 0.00073
40 0 0.00064
41 0 0.00054
42 0 0.00058
43 0 0.00042
44 0 0.00047
45 0 0.00036
46 0 0.00049
47 0 0.0005
48 0 0.00045
49 0 0.00051
50 0 0.00078
51 0 0.00032
52 0 0.00038
53 0 0.00034
54 0 0.00021
55 0 0.00015
56 0 0.00037
57 0 0.00035
58 0 0.00022
59 0 0.00041
60 0 0.00127
100 0 0
divorce 1 M married
1 0 0.00195
2 0 0.0012
3 0 0.00127
4 0 0.00163
5 0 0.00182
6 0 0.00179
7 0 0.00182
8 0 0.00216
9 0 0.00186
10 0 0.00165
11 0 0.00157
12 0 0.00153
13 0 0.00146
14 0 0.00146
15 0 0.00124
16 0 0.00127
17 0 0.00101
18 0 0.00128
19 0 0.00139
20 0 0.00124
21 0 0.00141
22 0 0.00133
23 0 0.00109
24 0 0.00092
25 0 0.00106
26 0 0.00105
27 0 0.00109
28 0 0.00098
29 0 0.00093
30 0 0.00085
31 0 0.00079
32 0 0.00091
33 0 0.00074
34 0 0.00072
35 0 0.00059
36 0 0.00081
37 0 0.00079
38 0 0.00047
39 0 0.00073
40 0 0.00064
41 0 0.00054
42 0 0.00058
43 0 0.00042
44 0 0.00047
45 0 0.00036
46 0 0.00049
47 0 0.0005
48 0 0.00045
49 0 0.00051
50 0 0.00078
51 0 0.00032
52 0 0.00038
53 0 0.00034
54 0 0.00021
55 0 0.00015
56 0 0.00037
57 0 0.00035
58 0 0.00022
59 0 0.00041
60 0 0.00127
100 0 0
