*marriage rate file for white in year 1922, quadruple divorce
marriage_queues 2
marriage_eval preference
marriage_peak_age 24
marriage_agedif_max 240
*marriage rates ~ 60% start marriage search btwn 15 and median age, then prop by 35, then prop by 45
marriage 1 F single
15 0 0.000
23 0 0.00828
45 0 0.00989
100 0 0.0005
marriage 1 M single
16 0 0.000
25 0 0.0064
45 0 0.00923
100 0 0.0005
marriage 1 F widowed
15 0 0.000
100 0 0.00436
marriage 1 M widowed
15 0 0.000
100 0 0.00536
marriage 1 F divorced
15 0 0.000
100 0 0.00436
marriage 1 M divorced
15 0 0.000
100 0 0.00536
divorce 1 F married
1 0 0.00044
2 0 0.00029
3 0 0.00034
4 0 0.00035
5 0 0.00037
6 0 0.00037
7 0 0.00033
8 0 0.00031
9 0 0.00029
10 0 0.0003
11 0 0.00029
12 0 0.00028
13 0 0.00025
14 0 0.00025
15 0 0.00023
16 0 0.00024
17 0 0.00022
18 0 0.00021
19 0 0.00021
20 0 0.0002
21 0 0.00019
22 0 0.00018
23 0 0.00018
24 0 0.00017
25 0 0.00016
26 0 0.00017
27 0 0.00014
28 0 0.00013
29 0 0.00012
30 0 0.00012
31 0 0.00011
32 0 0.00009
33 0 0.00009
34 0 0.00009
35 0 0.00008
36 0 0.00006
37 0 0.00006
38 0 0.00006
39 0 0.00005
40 0 0.00005
41 0 0.00005
42 0 0.00005
43 0 0.00004
44 0 0.00003
45 0 0.00003
46 0 0.00003
47 0 0.00003
48 0 0.00002
49 0 0.00002
50 0 0.00003
51 0 0.00002
52 0 0.00002
53 0 0.00002
54 0 0.00002
55 0 0.00002
56 0 0.00001
57 0 0.00002
58 0 0.00001
59 0 00
60 0 0.00011
100 0 0
divorce 1 M married
1 0 0.00044
2 0 0.00029
3 0 0.00034
4 0 0.00035
5 0 0.00037
6 0 0.00037
7 0 0.00033
8 0 0.00031
9 0 0.00029
10 0 0.0003
11 0 0.00029
12 0 0.00028
13 0 0.00025
14 0 0.00025
15 0 0.00023
16 0 0.00024
17 0 0.00022
18 0 0.00021
19 0 0.00021
20 0 0.0002
21 0 0.00019
22 0 0.00018
23 0 0.00018
24 0 0.00017
25 0 0.00016
26 0 0.00017
27 0 0.00014
28 0 0.00013
29 0 0.00012
30 0 0.00012
31 0 0.00011
32 0 0.00009
33 0 0.00009
34 0 0.00009
35 0 0.00008
36 0 0.00006
37 0 0.00006
38 0 0.00006
39 0 0.00005
40 0 0.00005
41 0 0.00005
42 0 0.00005
43 0 0.00004
44 0 0.00003
45 0 0.00003
46 0 0.00003
47 0 0.00003
48 0 0.00002
49 0 0.00002
50 0 0.00003
51 0 0.00002
52 0 0.00002
53 0 0.00002
54 0 0.00002
55 0 0.00002
56 0 0.00001
57 0 0.00002
58 0 0.00001
59 0 00
60 0 0.00011
100 0 0
