*marriage rate file for white in year 1986, quadruple divorce
marriage_queues 2
marriage_eval preference
marriage_peak_age 24
marriage_agedif_max 240
*marriage rates ~ 60% start marriage search btwn 15 and median age, then prop by 35, then prop by 45
marriage 1 F single
15 0 0.000
24 0 0.00737
45 0 0.01305
100 0 0.0005
marriage 1 M single
16 0 0.000
26 0 0.00576
45 0 0.01305
100 0 0.0005
marriage 1 F widowed
15 0 0.000
100 0 0.00436
marriage 1 M widowed
15 0 0.000
100 0 0.00536
marriage 1 F divorced
15 0 0.000
100 0 0.00436
marriage 1 M divorced
15 0 0.000
100 0 0.00536
divorce 1 F married
1 0 0.00151
2 0 0.00098
3 0 0.00116
4 0 0.00119
5 0 0.00128
6 0 0.00126
7 0 0.00113
8 0 0.00108
9 0 0.00101
10 0 0.00104
11 0 0.00101
12 0 0.00096
13 0 0.00086
14 0 0.00085
15 0 0.00078
16 0 0.00082
17 0 0.00074
18 0 0.00074
19 0 0.00071
20 0 0.00068
21 0 0.00067
22 0 0.00061
23 0 0.00062
24 0 0.00058
25 0 0.00056
26 0 0.00057
27 0 0.00049
28 0 0.00046
29 0 0.00041
30 0 0.00042
31 0 0.00037
32 0 0.00032
33 0 0.0003
34 0 0.0003
35 0 0.00026
36 0 0.00021
37 0 0.00019
38 0 0.00022
39 0 0.00018
40 0 0.00017
41 0 0.00016
42 0 0.00017
43 0 0.00014
44 0 0.00012
45 0 0.0001
46 0 0.0001
47 0 0.0001
48 0 0.00008
49 0 0.00008
50 0 0.00009
51 0 0.00008
52 0 0.00008
53 0 0.00006
54 0 0.00006
55 0 0.00007
56 0 0.00003
57 0 0.00006
58 0 0.00004
59 0 0.00001
60 0 0.00038
100 0 0
divorce 1 M married
1 0 0.00151
2 0 0.00098
3 0 0.00116
4 0 0.00119
5 0 0.00128
6 0 0.00126
7 0 0.00113
8 0 0.00108
9 0 0.00101
10 0 0.00104
11 0 0.00101
12 0 0.00096
13 0 0.00086
14 0 0.00085
15 0 0.00078
16 0 0.00082
17 0 0.00074
18 0 0.00074
19 0 0.00071
20 0 0.00068
21 0 0.00067
22 0 0.00061
23 0 0.00062
24 0 0.00058
25 0 0.00056
26 0 0.00057
27 0 0.00049
28 0 0.00046
29 0 0.00041
30 0 0.00042
31 0 0.00037
32 0 0.00032
33 0 0.0003
34 0 0.0003
35 0 0.00026
36 0 0.00021
37 0 0.00019
38 0 0.00022
39 0 0.00018
40 0 0.00017
41 0 0.00016
42 0 0.00017
43 0 0.00014
44 0 0.00012
45 0 0.0001
46 0 0.0001
47 0 0.0001
48 0 0.00008
49 0 0.00008
50 0 0.00009
51 0 0.00008
52 0 0.00008
53 0 0.00006
54 0 0.00006
55 0 0.00007
56 0 0.00003
57 0 0.00006
58 0 0.00004
59 0 0.00001
60 0 0.00038
100 0 0
