*marriage rate file for white in year 2044, double divorce
marriage_queues 2
marriage_eval preference
marriage_peak_age 24
marriage_agedif_max 240
*marriage rates ~ 60% start marriage search btwn 15 and median age, then prop by 35, then prop by 45
marriage 1 F single
15 0 0.000
29 0 0.00355
45 0 0.01398
100 0 0.0005
marriage 1 M single
16 0 0.000
31 0 0.00283
45 0 0.00977
100 0 0.0005
marriage 1 F widowed
15 0 0.000
100 0 0.00436
marriage 1 M widowed
15 0 0.000
100 0 0.00536
marriage 1 F divorced
15 0 0.000
100 0 0.00436
marriage 1 M divorced
15 0 0.000
100 0 0.00536
divorce 1 F married
1 0 0.00202
2 0 0.00131
3 0 0.00155
4 0 0.00159
5 0 0.00171
6 0 0.00169
7 0 0.00151
8 0 0.00145
9 0 0.00134
10 0 0.00139
11 0 0.00135
12 0 0.00128
13 0 0.00115
14 0 0.00114
15 0 0.00104
16 0 0.00109
17 0 0.00099
18 0 0.00099
19 0 0.00095
20 0 0.0009
21 0 0.00089
22 0 0.00082
23 0 0.00083
24 0 0.00077
25 0 0.00075
26 0 0.00076
27 0 0.00065
28 0 0.00062
29 0 0.00054
30 0 0.00056
31 0 0.00049
32 0 0.00042
33 0 0.0004
34 0 0.00039
35 0 0.00035
36 0 0.00027
37 0 0.00026
38 0 0.00029
39 0 0.00024
40 0 0.00023
41 0 0.00021
42 0 0.00022
43 0 0.00019
44 0 0.00016
45 0 0.00014
46 0 0.00013
47 0 0.00013
48 0 0.00011
49 0 0.00011
50 0 0.00012
51 0 0.0001
52 0 0.00011
53 0 0.00008
54 0 0.00008
55 0 0.00009
56 0 0.00004
57 0 0.00007
58 0 0.00006
59 0 0.00002
60 0 0.00051
100 0 0
divorce 1 M married
1 0 0.00202
2 0 0.00131
3 0 0.00155
4 0 0.00159
5 0 0.00171
6 0 0.00169
7 0 0.00151
8 0 0.00145
9 0 0.00134
10 0 0.00139
11 0 0.00135
12 0 0.00128
13 0 0.00115
14 0 0.00114
15 0 0.00104
16 0 0.00109
17 0 0.00099
18 0 0.00099
19 0 0.00095
20 0 0.0009
21 0 0.00089
22 0 0.00082
23 0 0.00083
24 0 0.00077
25 0 0.00075
26 0 0.00076
27 0 0.00065
28 0 0.00062
29 0 0.00054
30 0 0.00056
31 0 0.00049
32 0 0.00042
33 0 0.0004
34 0 0.00039
35 0 0.00035
36 0 0.00027
37 0 0.00026
38 0 0.00029
39 0 0.00024
40 0 0.00023
41 0 0.00021
42 0 0.00022
43 0 0.00019
44 0 0.00016
45 0 0.00014
46 0 0.00013
47 0 0.00013
48 0 0.00011
49 0 0.00011
50 0 0.00012
51 0 0.0001
52 0 0.00011
53 0 0.00008
54 0 0.00008
55 0 0.00009
56 0 0.00004
57 0 0.00007
58 0 0.00006
59 0 0.00002
60 0 0.00051
100 0 0
