*marriage rate file for white in year 1971, double divorce
marriage_queues 2
marriage_eval preference
marriage_peak_age 24
marriage_agedif_max 240
*marriage rates ~ 60% start marriage search btwn 15 and median age, then prop by 35, then prop by 45
marriage 1 F single
15 0 0.000
22 0 0.00946
45 0 0.01061
100 0 0.0005
marriage 1 M single
16 0 0.000
24 0 0.00719
45 0 0.01117
100 0 0.0005
marriage 1 F widowed
15 0 0.000
100 0 0.00436
marriage 1 M widowed
15 0 0.000
100 0 0.00536
marriage 1 F divorced
15 0 0.000
100 0 0.00436
marriage 1 M divorced
15 0 0.000
100 0 0.00536
divorce 1 F married
1 0 0.00119
2 0 0.00077
3 0 0.00091
4 0 0.00094
5 0 0.00101
6 0 0.00099
7 0 0.00089
8 0 0.00085
9 0 0.00079
10 0 0.00082
11 0 0.00079
12 0 0.00075
13 0 0.00068
14 0 0.00067
15 0 0.00061
16 0 0.00064
17 0 0.00058
18 0 0.00058
19 0 0.00056
20 0 0.00053
21 0 0.00053
22 0 0.00048
23 0 0.00049
24 0 0.00046
25 0 0.00044
26 0 0.00045
27 0 0.00039
28 0 0.00036
29 0 0.00032
30 0 0.00033
31 0 0.00029
32 0 0.00025
33 0 0.00024
34 0 0.00023
35 0 0.00021
36 0 0.00016
37 0 0.00015
38 0 0.00017
39 0 0.00014
40 0 0.00013
41 0 0.00013
42 0 0.00013
43 0 0.00011
44 0 0.00009
45 0 0.00008
46 0 0.00008
47 0 0.00008
48 0 0.00007
49 0 0.00006
50 0 0.00007
51 0 0.00006
52 0 0.00006
53 0 0.00005
54 0 0.00004
55 0 0.00006
56 0 0.00002
57 0 0.00004
58 0 0.00004
59 0 0.00001
60 0 0.0003
100 0 0
divorce 1 M married
1 0 0.00119
2 0 0.00077
3 0 0.00091
4 0 0.00094
5 0 0.00101
6 0 0.00099
7 0 0.00089
8 0 0.00085
9 0 0.00079
10 0 0.00082
11 0 0.00079
12 0 0.00075
13 0 0.00068
14 0 0.00067
15 0 0.00061
16 0 0.00064
17 0 0.00058
18 0 0.00058
19 0 0.00056
20 0 0.00053
21 0 0.00053
22 0 0.00048
23 0 0.00049
24 0 0.00046
25 0 0.00044
26 0 0.00045
27 0 0.00039
28 0 0.00036
29 0 0.00032
30 0 0.00033
31 0 0.00029
32 0 0.00025
33 0 0.00024
34 0 0.00023
35 0 0.00021
36 0 0.00016
37 0 0.00015
38 0 0.00017
39 0 0.00014
40 0 0.00013
41 0 0.00013
42 0 0.00013
43 0 0.00011
44 0 0.00009
45 0 0.00008
46 0 0.00008
47 0 0.00008
48 0 0.00007
49 0 0.00006
50 0 0.00007
51 0 0.00006
52 0 0.00006
53 0 0.00005
54 0 0.00004
55 0 0.00006
56 0 0.00002
57 0 0.00004
58 0 0.00004
59 0 0.00001
60 0 0.0003
100 0 0
