*marriage rate file for black in year 2032, quadruple divorce
marriage_queues 2
marriage_eval preference
marriage_peak_age 12
marriage_agedif_max 240
*marriage rates ~ 60% start marriage search btwn 15 and median age, then prop by 35, then prop by 45
marriage 1 F single
15 0 0.000
32 0 0.00211
45 0 0.00719
100 0 0.0005
marriage 1 M single
16 0 0.000
33 0 0.00175
45 0 0.00719
100 0 0.0005
marriage 1 F widowed
15 0 0.000
100 0 0.00249
marriage 1 M widowed
15 0 0.000
100 0 0.00381
marriage 1 F divorced
15 0 0.000
100 0 0.00249
marriage 1 M divorced
15 0 0.000
100 0 0.00381
divorce 1 F married
1 0 0.00206
2 0 0.00127
3 0 0.00134
4 0 0.00172
5 0 0.00192
6 0 0.00188
7 0 0.00192
8 0 0.00227
9 0 0.00196
10 0 0.00174
11 0 0.00166
12 0 0.00161
13 0 0.00154
14 0 0.00154
15 0 0.00131
16 0 0.00134
17 0 0.00107
18 0 0.00135
19 0 0.00146
20 0 0.0013
21 0 0.00149
22 0 0.0014
23 0 0.00115
24 0 0.00097
25 0 0.00112
26 0 0.0011
27 0 0.00115
28 0 0.00103
29 0 0.00098
30 0 0.00089
31 0 0.00083
32 0 0.00096
33 0 0.00078
34 0 0.00076
35 0 0.00063
36 0 0.00086
37 0 0.00084
38 0 0.00049
39 0 0.00077
40 0 0.00067
41 0 0.00057
42 0 0.00061
43 0 0.00044
44 0 0.0005
45 0 0.00038
46 0 0.00051
47 0 0.00052
48 0 0.00047
49 0 0.00054
50 0 0.00082
51 0 0.00034
52 0 0.00041
53 0 0.00036
54 0 0.00022
55 0 0.00016
56 0 0.00039
57 0 0.00036
58 0 0.00023
59 0 0.00043
60 0 0.00134
100 0 0
divorce 1 M married
1 0 0.00206
2 0 0.00127
3 0 0.00134
4 0 0.00172
5 0 0.00192
6 0 0.00188
7 0 0.00192
8 0 0.00227
9 0 0.00196
10 0 0.00174
11 0 0.00166
12 0 0.00161
13 0 0.00154
14 0 0.00154
15 0 0.00131
16 0 0.00134
17 0 0.00107
18 0 0.00135
19 0 0.00146
20 0 0.0013
21 0 0.00149
22 0 0.0014
23 0 0.00115
24 0 0.00097
25 0 0.00112
26 0 0.0011
27 0 0.00115
28 0 0.00103
29 0 0.00098
30 0 0.00089
31 0 0.00083
32 0 0.00096
33 0 0.00078
34 0 0.00076
35 0 0.00063
36 0 0.00086
37 0 0.00084
38 0 0.00049
39 0 0.00077
40 0 0.00067
41 0 0.00057
42 0 0.00061
43 0 0.00044
44 0 0.0005
45 0 0.00038
46 0 0.00051
47 0 0.00052
48 0 0.00047
49 0 0.00054
50 0 0.00082
51 0 0.00034
52 0 0.00041
53 0 0.00036
54 0 0.00022
55 0 0.00016
56 0 0.00039
57 0 0.00036
58 0 0.00023
59 0 0.00043
60 0 0.00134
100 0 0
