*marriage rate file for black in year 1917
marriage_queues 2
marriage_eval preference
marriage_peak_age 40
marriage_agedif_max 240
*marriage rates ~ 60% start marriage search btwn 15 and median age, then prop by 35, then prop by 45
marriage 1 F single
15 0 0.000
21 0 0.00958
45 0 0.01269
100 0 0.0005
marriage 1 M single
16 0 0.000
24 0 0.00621
45 0 0.01067
100 0 0.0005
marriage 1 F widowed
15 0 0.000
100 0 0.00249
marriage 1 M widowed
15 0 0.000
100 0 0.00381
marriage 1 F divorced
15 0 0.000
100 0 0.00249
marriage 1 M divorced
15 0 0.000
100 0 0.00381
divorce 1 F married
1 0 0.00041
2 0 0.00025
3 0 0.00027
4 0 0.00034
5 0 0.00038
6 0 0.00038
7 0 0.00039
8 0 0.00045
9 0 0.00039
10 0 0.00035
11 0 0.00033
12 0 0.00032
13 0 0.00031
14 0 0.00031
15 0 0.00026
16 0 0.00027
17 0 0.00021
18 0 0.00027
19 0 0.00029
20 0 0.00026
21 0 0.0003
22 0 0.00028
23 0 0.00023
24 0 0.00019
25 0 0.00023
26 0 0.00022
27 0 0.00023
28 0 0.00021
29 0 0.0002
30 0 0.00018
31 0 0.00017
32 0 0.00019
33 0 0.00016
34 0 0.00015
35 0 0.00013
36 0 0.00017
37 0 0.00017
38 0 0.0001
39 0 0.00016
40 0 0.00013
41 0 0.00012
42 0 0.00012
43 0 0.00009
44 0 0.0001
45 0 0.00008
46 0 0.0001
47 0 0.00011
48 0 0.00009
49 0 0.00011
50 0 0.00017
51 0 0.00007
52 0 0.00008
53 0 0.00007
54 0 0.00004
55 0 0.00003
56 0 0.00008
57 0 0.00007
58 0 0.00005
59 0 0.00009
60 0 0.00027
100 0 0
divorce 1 M married
1 0 0.00041
2 0 0.00025
3 0 0.00027
4 0 0.00034
5 0 0.00038
6 0 0.00038
7 0 0.00039
8 0 0.00045
9 0 0.00039
10 0 0.00035
11 0 0.00033
12 0 0.00032
13 0 0.00031
14 0 0.00031
15 0 0.00026
16 0 0.00027
17 0 0.00021
18 0 0.00027
19 0 0.00029
20 0 0.00026
21 0 0.0003
22 0 0.00028
23 0 0.00023
24 0 0.00019
25 0 0.00023
26 0 0.00022
27 0 0.00023
28 0 0.00021
29 0 0.0002
30 0 0.00018
31 0 0.00017
32 0 0.00019
33 0 0.00016
34 0 0.00015
35 0 0.00013
36 0 0.00017
37 0 0.00017
38 0 0.0001
39 0 0.00016
40 0 0.00013
41 0 0.00012
42 0 0.00012
43 0 0.00009
44 0 0.0001
45 0 0.00008
46 0 0.0001
47 0 0.00011
48 0 0.00009
49 0 0.00011
50 0 0.00017
51 0 0.00007
52 0 0.00008
53 0 0.00007
54 0 0.00004
55 0 0.00003
56 0 0.00008
57 0 0.00007
58 0 0.00005
59 0 0.00009
60 0 0.00027
100 0 0
