*marriage rate file for black in year 2050, quadruple divorce
marriage_queues 2
marriage_eval preference
marriage_peak_age 0
marriage_agedif_max 240
*marriage rates ~ 60% start marriage search btwn 15 and median age, then prop by 35, then prop by 45
marriage 1 F single
15 0 0.000
34 0 0.00189
45 0 0.00554
100 0 0.0005
marriage 1 M single
16 0 0.000
34 0 0.00165
45 0 0.00554
100 0 0.0005
marriage 1 F widowed
15 0 0.000
100 0 0.00249
marriage 1 M widowed
15 0 0.000
100 0 0.00381
marriage 1 F divorced
15 0 0.000
100 0 0.00249
marriage 1 M divorced
15 0 0.000
100 0 0.00381
divorce 1 F married
1 0 0.00357
2 0 0.00219
3 0 0.00232
4 0 0.00298
5 0 0.00333
6 0 0.00327
7 0 0.00334
8 0 0.00396
9 0 0.0034
10 0 0.00302
11 0 0.00288
12 0 0.00279
13 0 0.00268
14 0 0.00268
15 0 0.00227
16 0 0.00231
17 0 0.00184
18 0 0.00234
19 0 0.00254
20 0 0.00226
21 0 0.00258
22 0 0.00243
23 0 0.00199
24 0 0.00167
25 0 0.00194
26 0 0.00191
27 0 0.002
28 0 0.00179
29 0 0.00169
30 0 0.00154
31 0 0.00144
32 0 0.00165
33 0 0.00135
34 0 0.00131
35 0 0.00108
36 0 0.00148
37 0 0.00144
38 0 0.00085
39 0 0.00134
40 0 0.00116
41 0 0.00099
42 0 0.00105
43 0 0.00076
44 0 0.00086
45 0 0.00066
46 0 0.00089
47 0 0.0009
48 0 0.00081
49 0 0.00093
50 0 0.00142
51 0 0.00058
52 0 0.0007
53 0 0.00062
54 0 0.00037
55 0 0.00027
56 0 0.00067
57 0 0.00063
58 0 0.0004
59 0 0.00074
60 0 0.00232
100 0 0
divorce 1 M married
1 0 0.00357
2 0 0.00219
3 0 0.00232
4 0 0.00298
5 0 0.00333
6 0 0.00327
7 0 0.00334
8 0 0.00396
9 0 0.0034
10 0 0.00302
11 0 0.00288
12 0 0.00279
13 0 0.00268
14 0 0.00268
15 0 0.00227
16 0 0.00231
17 0 0.00184
18 0 0.00234
19 0 0.00254
20 0 0.00226
21 0 0.00258
22 0 0.00243
23 0 0.00199
24 0 0.00167
25 0 0.00194
26 0 0.00191
27 0 0.002
28 0 0.00179
29 0 0.00169
30 0 0.00154
31 0 0.00144
32 0 0.00165
33 0 0.00135
34 0 0.00131
35 0 0.00108
36 0 0.00148
37 0 0.00144
38 0 0.00085
39 0 0.00134
40 0 0.00116
41 0 0.00099
42 0 0.00105
43 0 0.00076
44 0 0.00086
45 0 0.00066
46 0 0.00089
47 0 0.0009
48 0 0.00081
49 0 0.00093
50 0 0.00142
51 0 0.00058
52 0 0.0007
53 0 0.00062
54 0 0.00037
55 0 0.00027
56 0 0.00067
57 0 0.00063
58 0 0.0004
59 0 0.00074
60 0 0.00232
100 0 0
