*marriage rate file for black in year 1949, double divorce
marriage_queues 2
marriage_eval preference
marriage_peak_age 35
marriage_agedif_max 240
*marriage rates ~ 60% start marriage search btwn 15 and median age, then prop by 35, then prop by 45
marriage 1 F single
15 0 0.000
20 0 0.01149
45 0 0.01128
100 0 0.0005
marriage 1 M single
16 0 0.000
23 0 0.00709
45 0 0.00992
100 0 0.0005
marriage 1 F widowed
15 0 0.000
100 0 0.00249
marriage 1 M widowed
15 0 0.000
100 0 0.00381
marriage 1 F divorced
15 0 0.000
100 0 0.00249
marriage 1 M divorced
15 0 0.000
100 0 0.00381
divorce 1 F married
1 0 0.00093
2 0 0.00057
3 0 0.00061
4 0 0.00078
5 0 0.00087
6 0 0.00085
7 0 0.00087
8 0 0.00103
9 0 0.00088
10 0 0.00079
11 0 0.00075
12 0 0.00073
13 0 0.0007
14 0 0.0007
15 0 0.00059
16 0 0.0006
17 0 0.00048
18 0 0.00061
19 0 0.00066
20 0 0.00059
21 0 0.00067
22 0 0.00063
23 0 0.00052
24 0 0.00044
25 0 0.00051
26 0 0.0005
27 0 0.00052
28 0 0.00047
29 0 0.00044
30 0 0.0004
31 0 0.00038
32 0 0.00043
33 0 0.00035
34 0 0.00034
35 0 0.00028
36 0 0.00039
37 0 0.00038
38 0 0.00022
39 0 0.00035
40 0 0.0003
41 0 0.00026
42 0 0.00028
43 0 0.0002
44 0 0.00023
45 0 0.00017
46 0 0.00023
47 0 0.00024
48 0 0.00021
49 0 0.00024
50 0 0.00037
51 0 0.00015
52 0 0.00018
53 0 0.00016
54 0 0.0001
55 0 0.00007
56 0 0.00018
57 0 0.00017
58 0 0.0001
59 0 0.00019
60 0 0.00061
100 0 0
divorce 1 M married
1 0 0.00093
2 0 0.00057
3 0 0.00061
4 0 0.00078
5 0 0.00087
6 0 0.00085
7 0 0.00087
8 0 0.00103
9 0 0.00088
10 0 0.00079
11 0 0.00075
12 0 0.00073
13 0 0.0007
14 0 0.0007
15 0 0.00059
16 0 0.0006
17 0 0.00048
18 0 0.00061
19 0 0.00066
20 0 0.00059
21 0 0.00067
22 0 0.00063
23 0 0.00052
24 0 0.00044
25 0 0.00051
26 0 0.0005
27 0 0.00052
28 0 0.00047
29 0 0.00044
30 0 0.0004
31 0 0.00038
32 0 0.00043
33 0 0.00035
34 0 0.00034
35 0 0.00028
36 0 0.00039
37 0 0.00038
38 0 0.00022
39 0 0.00035
40 0 0.0003
41 0 0.00026
42 0 0.00028
43 0 0.0002
44 0 0.00023
45 0 0.00017
46 0 0.00023
47 0 0.00024
48 0 0.00021
49 0 0.00024
50 0 0.00037
51 0 0.00015
52 0 0.00018
53 0 0.00016
54 0 0.0001
55 0 0.00007
56 0 0.00018
57 0 0.00017
58 0 0.0001
59 0 0.00019
60 0 0.00061
100 0 0
