*marriage rate file for white in year 1975, quadruple divorce
marriage_queues 2
marriage_eval preference
marriage_peak_age 24
marriage_agedif_max 240
*marriage rates ~ 60% start marriage search btwn 15 and median age, then prop by 35, then prop by 45
marriage 1 F single
15 0 0.000
23 0 0.00828
45 0 0.01165
100 0 0.0005
marriage 1 M single
16 0 0.000
25 0 0.0064
45 0 0.01201
100 0 0.0005
marriage 1 F widowed
15 0 0.000
100 0 0.00436
marriage 1 M widowed
15 0 0.000
100 0 0.00536
marriage 1 F divorced
15 0 0.000
100 0 0.00436
marriage 1 M divorced
15 0 0.000
100 0 0.00536
divorce 1 F married
1 0 0.00154
2 0 0.001
3 0 0.00118
4 0 0.00122
5 0 0.00131
6 0 0.00129
7 0 0.00116
8 0 0.00111
9 0 0.00103
10 0 0.00106
11 0 0.00103
12 0 0.00098
13 0 0.00088
14 0 0.00087
15 0 0.00079
16 0 0.00083
17 0 0.00075
18 0 0.00075
19 0 0.00073
20 0 0.00069
21 0 0.00068
22 0 0.00062
23 0 0.00063
24 0 0.00059
25 0 0.00057
26 0 0.00058
27 0 0.0005
28 0 0.00047
29 0 0.00042
30 0 0.00043
31 0 0.00038
32 0 0.00032
33 0 0.00031
34 0 0.0003
35 0 0.00027
36 0 0.00021
37 0 0.0002
38 0 0.00022
39 0 0.00018
40 0 0.00017
41 0 0.00016
42 0 0.00017
43 0 0.00015
44 0 0.00012
45 0 0.0001
46 0 0.0001
47 0 0.0001
48 0 0.00009
49 0 0.00008
50 0 0.00009
51 0 0.00008
52 0 0.00008
53 0 0.00006
54 0 0.00006
55 0 0.00007
56 0 0.00003
57 0 0.00006
58 0 0.00005
59 0 0.00001
60 0 0.00039
100 0 0
divorce 1 M married
1 0 0.00154
2 0 0.001
3 0 0.00118
4 0 0.00122
5 0 0.00131
6 0 0.00129
7 0 0.00116
8 0 0.00111
9 0 0.00103
10 0 0.00106
11 0 0.00103
12 0 0.00098
13 0 0.00088
14 0 0.00087
15 0 0.00079
16 0 0.00083
17 0 0.00075
18 0 0.00075
19 0 0.00073
20 0 0.00069
21 0 0.00068
22 0 0.00062
23 0 0.00063
24 0 0.00059
25 0 0.00057
26 0 0.00058
27 0 0.0005
28 0 0.00047
29 0 0.00042
30 0 0.00043
31 0 0.00038
32 0 0.00032
33 0 0.00031
34 0 0.0003
35 0 0.00027
36 0 0.00021
37 0 0.0002
38 0 0.00022
39 0 0.00018
40 0 0.00017
41 0 0.00016
42 0 0.00017
43 0 0.00015
44 0 0.00012
45 0 0.0001
46 0 0.0001
47 0 0.0001
48 0 0.00009
49 0 0.00008
50 0 0.00009
51 0 0.00008
52 0 0.00008
53 0 0.00006
54 0 0.00006
55 0 0.00007
56 0 0.00003
57 0 0.00006
58 0 0.00005
59 0 0.00001
60 0 0.00039
100 0 0
