*marriage rate file for white in year 2013, constant divorce
marriage_queues 2
marriage_eval preference
marriage_peak_age 24
marriage_agedif_max 240
*marriage rates ~ 60% start marriage search btwn 15 and median age, then prop by 35, then prop by 45
marriage 1 F single
15 0 0.000
26 0 0.00452
45 0 0.01346
100 0 0.0005
marriage 1 M single
16 0 0.000
28 0 0.00354
45 0 0.01127
100 0 0.0005
marriage 1 F widowed
15 0 0.000
100 0 0.00436
marriage 1 M widowed
15 0 0.000
100 0 0.00536
marriage 1 F divorced
15 0 0.000
100 0 0.00436
marriage 1 M divorced
15 0 0.000
100 0 0.00536
divorce 1 F married
1 0 0.00104
2 0 0.00067
3 0 0.0008
4 0 0.00082
5 0 0.00088
6 0 0.00087
7 0 0.00078
8 0 0.00074
9 0 0.00069
10 0 0.00071
11 0 0.00069
12 0 0.00066
13 0 0.00059
14 0 0.00059
15 0 0.00053
16 0 0.00056
17 0 0.00051
18 0 0.00051
19 0 0.00049
20 0 0.00046
21 0 0.00046
22 0 0.00042
23 0 0.00043
24 0 0.0004
25 0 0.00039
26 0 0.00039
27 0 0.00034
28 0 0.00032
29 0 0.00028
30 0 0.00029
31 0 0.00025
32 0 0.00022
33 0 0.00021
34 0 0.0002
35 0 0.00018
36 0 0.00014
37 0 0.00013
38 0 0.00015
39 0 0.00012
40 0 0.00012
41 0 0.00011
42 0 0.00012
43 0 0.0001
44 0 0.00008
45 0 0.00007
46 0 0.00007
47 0 0.00007
48 0 0.00006
49 0 0.00006
50 0 0.00006
51 0 0.00005
52 0 0.00006
53 0 0.00004
54 0 0.00004
55 0 0.00005
56 0 0.00002
57 0 0.00004
58 0 0.00003
59 0 0.00001
60 0 0.00026
100 0 0
divorce 1 M married
1 0 0.00104
2 0 0.00067
3 0 0.0008
4 0 0.00082
5 0 0.00088
6 0 0.00087
7 0 0.00078
8 0 0.00074
9 0 0.00069
10 0 0.00071
11 0 0.00069
12 0 0.00066
13 0 0.00059
14 0 0.00059
15 0 0.00053
16 0 0.00056
17 0 0.00051
18 0 0.00051
19 0 0.00049
20 0 0.00046
21 0 0.00046
22 0 0.00042
23 0 0.00043
24 0 0.0004
25 0 0.00039
26 0 0.00039
27 0 0.00034
28 0 0.00032
29 0 0.00028
30 0 0.00029
31 0 0.00025
32 0 0.00022
33 0 0.00021
34 0 0.0002
35 0 0.00018
36 0 0.00014
37 0 0.00013
38 0 0.00015
39 0 0.00012
40 0 0.00012
41 0 0.00011
42 0 0.00012
43 0 0.0001
44 0 0.00008
45 0 0.00007
46 0 0.00007
47 0 0.00007
48 0 0.00006
49 0 0.00006
50 0 0.00006
51 0 0.00005
52 0 0.00006
53 0 0.00004
54 0 0.00004
55 0 0.00005
56 0 0.00002
57 0 0.00004
58 0 0.00003
59 0 0.00001
60 0 0.00026
100 0 0
