*marriage rate file for black in year 2024, double divorce
marriage_queues 2
marriage_eval preference
marriage_peak_age 12
marriage_agedif_max 240
*marriage rates ~ 60% start marriage search btwn 15 and median age, then prop by 35, then prop by 45
marriage 1 F single
15 0 0.000
31 0 0.00224
45 0 0.00773
100 0 0.0005
marriage 1 M single
16 0 0.000
32 0 0.00186
45 0 0.00773
100 0 0.0005
marriage 1 F widowed
15 0 0.000
100 0 0.00249
marriage 1 M widowed
15 0 0.000
100 0 0.00381
marriage 1 F divorced
15 0 0.000
100 0 0.00249
marriage 1 M divorced
15 0 0.000
100 0 0.00381
divorce 1 F married
1 0 0.00163
2 0 0.001
3 0 0.00106
4 0 0.00136
5 0 0.00152
6 0 0.00149
7 0 0.00153
8 0 0.0018
9 0 0.00155
10 0 0.00138
11 0 0.00132
12 0 0.00128
13 0 0.00123
14 0 0.00123
15 0 0.00104
16 0 0.00106
17 0 0.00085
18 0 0.00107
19 0 0.00116
20 0 0.00103
21 0 0.00118
22 0 0.00111
23 0 0.00091
24 0 0.00077
25 0 0.00089
26 0 0.00087
27 0 0.00092
28 0 0.00082
29 0 0.00077
30 0 0.00071
31 0 0.00066
32 0 0.00076
33 0 0.00062
34 0 0.0006
35 0 0.0005
36 0 0.00068
37 0 0.00066
38 0 0.00039
39 0 0.00061
40 0 0.00053
41 0 0.00046
42 0 0.00048
43 0 0.00035
44 0 0.0004
45 0 0.0003
46 0 0.00041
47 0 0.00042
48 0 0.00037
49 0 0.00043
50 0 0.00065
51 0 0.00027
52 0 0.00032
53 0 0.00028
54 0 0.00017
55 0 0.00013
56 0 0.00031
57 0 0.00029
58 0 0.00018
59 0 0.00034
60 0 0.00106
100 0 0
divorce 1 M married
1 0 0.00163
2 0 0.001
3 0 0.00106
4 0 0.00136
5 0 0.00152
6 0 0.00149
7 0 0.00153
8 0 0.0018
9 0 0.00155
10 0 0.00138
11 0 0.00132
12 0 0.00128
13 0 0.00123
14 0 0.00123
15 0 0.00104
16 0 0.00106
17 0 0.00085
18 0 0.00107
19 0 0.00116
20 0 0.00103
21 0 0.00118
22 0 0.00111
23 0 0.00091
24 0 0.00077
25 0 0.00089
26 0 0.00087
27 0 0.00092
28 0 0.00082
29 0 0.00077
30 0 0.00071
31 0 0.00066
32 0 0.00076
33 0 0.00062
34 0 0.0006
35 0 0.0005
36 0 0.00068
37 0 0.00066
38 0 0.00039
39 0 0.00061
40 0 0.00053
41 0 0.00046
42 0 0.00048
43 0 0.00035
44 0 0.0004
45 0 0.0003
46 0 0.00041
47 0 0.00042
48 0 0.00037
49 0 0.00043
50 0 0.00065
51 0 0.00027
52 0 0.00032
53 0 0.00028
54 0 0.00017
55 0 0.00013
56 0 0.00031
57 0 0.00029
58 0 0.00018
59 0 0.00034
60 0 0.00106
100 0 0
