*marriage rate file for white in year 2058, quadruple divorce
marriage_queues 2
marriage_eval preference
marriage_peak_age 24
marriage_agedif_max 240
*marriage rates ~ 60% start marriage search btwn 15 and median age, then prop by 35, then prop by 45
marriage 1 F single
15 0 0.000
31 0 0.00311
45 0 0.01534
100 0 0.0005
marriage 1 M single
16 0 0.000
33 0 0.0025
45 0 0.01004
100 0 0.0005
marriage 1 F widowed
15 0 0.000
100 0 0.00436
marriage 1 M widowed
15 0 0.000
100 0 0.00536
marriage 1 F divorced
15 0 0.000
100 0 0.00436
marriage 1 M divorced
15 0 0.000
100 0 0.00536
divorce 1 F married
1 0 0.00392
2 0 0.00253
3 0 0.003
4 0 0.00309
5 0 0.00331
6 0 0.00327
7 0 0.00293
8 0 0.0028
9 0 0.0026
10 0 0.00269
11 0 0.00261
12 0 0.00248
13 0 0.00222
14 0 0.0022
15 0 0.002
16 0 0.00211
17 0 0.0019
18 0 0.0019
19 0 0.00184
20 0 0.00174
21 0 0.00172
22 0 0.00157
23 0 0.00159
24 0 0.00149
25 0 0.00144
26 0 0.00146
27 0 0.00126
28 0 0.00118
29 0 0.00105
30 0 0.00109
31 0 0.00095
32 0 0.00082
33 0 0.00077
34 0 0.00076
35 0 0.00068
36 0 0.00053
37 0 0.00049
38 0 0.00056
39 0 0.00046
40 0 0.00043
41 0 0.00041
42 0 0.00043
43 0 0.00037
44 0 0.0003
45 0 0.00026
46 0 0.00025
47 0 0.00026
48 0 0.00022
49 0 0.00021
50 0 0.00024
51 0 0.0002
52 0 0.00021
53 0 0.00016
54 0 0.00014
55 0 0.00018
56 0 0.00007
57 0 0.00014
58 0 0.00011
59 0 0.00003
60 0 0.00097
100 0 0
divorce 1 M married
1 0 0.00392
2 0 0.00253
3 0 0.003
4 0 0.00309
5 0 0.00331
6 0 0.00327
7 0 0.00293
8 0 0.0028
9 0 0.0026
10 0 0.00269
11 0 0.00261
12 0 0.00248
13 0 0.00222
14 0 0.0022
15 0 0.002
16 0 0.00211
17 0 0.0019
18 0 0.0019
19 0 0.00184
20 0 0.00174
21 0 0.00172
22 0 0.00157
23 0 0.00159
24 0 0.00149
25 0 0.00144
26 0 0.00146
27 0 0.00126
28 0 0.00118
29 0 0.00105
30 0 0.00109
31 0 0.00095
32 0 0.00082
33 0 0.00077
34 0 0.00076
35 0 0.00068
36 0 0.00053
37 0 0.00049
38 0 0.00056
39 0 0.00046
40 0 0.00043
41 0 0.00041
42 0 0.00043
43 0 0.00037
44 0 0.0003
45 0 0.00026
46 0 0.00025
47 0 0.00026
48 0 0.00022
49 0 0.00021
50 0 0.00024
51 0 0.0002
52 0 0.00021
53 0 0.00016
54 0 0.00014
55 0 0.00018
56 0 0.00007
57 0 0.00014
58 0 0.00011
59 0 0.00003
60 0 0.00097
100 0 0
