*marriage rate file for black in year 1908, quadruple divorce
marriage_queues 2
marriage_eval preference
marriage_peak_age 46
marriage_agedif_max 240
*marriage rates ~ 60% start marriage search btwn 15 and median age, then prop by 35, then prop by 45
marriage 1 F single
15 0 0.000
21 0 0.00958
45 0 0.01332
100 0 0.0005
marriage 1 M single
16 0 0.000
25 0 0.00552
45 0 0.01165
100 0 0.0005
marriage 1 F widowed
15 0 0.000
100 0 0.00249
marriage 1 M widowed
15 0 0.000
100 0 0.00381
marriage 1 F divorced
15 0 0.000
100 0 0.00249
marriage 1 M divorced
15 0 0.000
100 0 0.00381
divorce 1 F married
1 0 0.00031
2 0 0.00019
3 0 0.0002
4 0 0.00026
5 0 0.00029
6 0 0.00028
7 0 0.00029
8 0 0.00034
9 0 0.00029
10 0 0.00026
11 0 0.00025
12 0 0.00024
13 0 0.00023
14 0 0.00023
15 0 0.0002
16 0 0.0002
17 0 0.00016
18 0 0.0002
19 0 0.00022
20 0 0.0002
21 0 0.00022
22 0 0.00021
23 0 0.00017
24 0 0.00015
25 0 0.00017
26 0 0.00017
27 0 0.00017
28 0 0.00016
29 0 0.00015
30 0 0.00013
31 0 0.00013
32 0 0.00014
33 0 0.00012
34 0 0.00011
35 0 0.00009
36 0 0.00013
37 0 0.00013
38 0 0.00007
39 0 0.00012
40 0 0.0001
41 0 0.00009
42 0 0.00009
43 0 0.00007
44 0 0.00008
45 0 0.00006
46 0 0.00008
47 0 0.00008
48 0 0.00007
49 0 0.00008
50 0 0.00012
51 0 0.00005
52 0 0.00006
53 0 0.00005
54 0 0.00003
55 0 0.00002
56 0 0.00006
57 0 0.00006
58 0 0.00003
59 0 0.00006
60 0 0.0002
100 0 0
divorce 1 M married
1 0 0.00031
2 0 0.00019
3 0 0.0002
4 0 0.00026
5 0 0.00029
6 0 0.00028
7 0 0.00029
8 0 0.00034
9 0 0.00029
10 0 0.00026
11 0 0.00025
12 0 0.00024
13 0 0.00023
14 0 0.00023
15 0 0.0002
16 0 0.0002
17 0 0.00016
18 0 0.0002
19 0 0.00022
20 0 0.0002
21 0 0.00022
22 0 0.00021
23 0 0.00017
24 0 0.00015
25 0 0.00017
26 0 0.00017
27 0 0.00017
28 0 0.00016
29 0 0.00015
30 0 0.00013
31 0 0.00013
32 0 0.00014
33 0 0.00012
34 0 0.00011
35 0 0.00009
36 0 0.00013
37 0 0.00013
38 0 0.00007
39 0 0.00012
40 0 0.0001
41 0 0.00009
42 0 0.00009
43 0 0.00007
44 0 0.00008
45 0 0.00006
46 0 0.00008
47 0 0.00008
48 0 0.00007
49 0 0.00008
50 0 0.00012
51 0 0.00005
52 0 0.00006
53 0 0.00005
54 0 0.00003
55 0 0.00002
56 0 0.00006
57 0 0.00006
58 0 0.00003
59 0 0.00006
60 0 0.0002
100 0 0
