*marriage rate file for white in year 2059, quadruple divorce
marriage_queues 2
marriage_eval preference
marriage_peak_age 24
marriage_agedif_max 240
*marriage rates ~ 60% start marriage search btwn 15 and median age, then prop by 35, then prop by 45
marriage 1 F single
15 0 0.000
31 0 0.00311
45 0 0.01527
100 0 0.0005
marriage 1 M single
16 0 0.000
33 0 0.0025
45 0 0.00995
100 0 0.0005
marriage 1 F widowed
15 0 0.000
100 0 0.00436
marriage 1 M widowed
15 0 0.000
100 0 0.00536
marriage 1 F divorced
15 0 0.000
100 0 0.00436
marriage 1 M divorced
15 0 0.000
100 0 0.00536
divorce 1 F married
1 0 0.004
2 0 0.00259
3 0 0.00306
4 0 0.00315
5 0 0.00338
6 0 0.00334
7 0 0.00299
8 0 0.00286
9 0 0.00265
10 0 0.00275
11 0 0.00267
12 0 0.00253
13 0 0.00227
14 0 0.00225
15 0 0.00205
16 0 0.00215
17 0 0.00194
18 0 0.00194
19 0 0.00188
20 0 0.00178
21 0 0.00175
22 0 0.00161
23 0 0.00163
24 0 0.00152
25 0 0.00147
26 0 0.00149
27 0 0.00129
28 0 0.00121
29 0 0.00107
30 0 0.00111
31 0 0.00097
32 0 0.00083
33 0 0.00079
34 0 0.00078
35 0 0.00069
36 0 0.00054
37 0 0.0005
38 0 0.00057
39 0 0.00047
40 0 0.00044
41 0 0.00042
42 0 0.00044
43 0 0.00038
44 0 0.00031
45 0 0.00027
46 0 0.00025
47 0 0.00026
48 0 0.00022
49 0 0.00021
50 0 0.00024
51 0 0.0002
52 0 0.00021
53 0 0.00016
54 0 0.00015
55 0 0.00019
56 0 0.00007
57 0 0.00015
58 0 0.00012
59 0 0.00003
60 0 0.00099
100 0 0
divorce 1 M married
1 0 0.004
2 0 0.00259
3 0 0.00306
4 0 0.00315
5 0 0.00338
6 0 0.00334
7 0 0.00299
8 0 0.00286
9 0 0.00265
10 0 0.00275
11 0 0.00267
12 0 0.00253
13 0 0.00227
14 0 0.00225
15 0 0.00205
16 0 0.00215
17 0 0.00194
18 0 0.00194
19 0 0.00188
20 0 0.00178
21 0 0.00175
22 0 0.00161
23 0 0.00163
24 0 0.00152
25 0 0.00147
26 0 0.00149
27 0 0.00129
28 0 0.00121
29 0 0.00107
30 0 0.00111
31 0 0.00097
32 0 0.00083
33 0 0.00079
34 0 0.00078
35 0 0.00069
36 0 0.00054
37 0 0.0005
38 0 0.00057
39 0 0.00047
40 0 0.00044
41 0 0.00042
42 0 0.00044
43 0 0.00038
44 0 0.00031
45 0 0.00027
46 0 0.00025
47 0 0.00026
48 0 0.00022
49 0 0.00021
50 0 0.00024
51 0 0.0002
52 0 0.00021
53 0 0.00016
54 0 0.00015
55 0 0.00019
56 0 0.00007
57 0 0.00015
58 0 0.00012
59 0 0.00003
60 0 0.00099
100 0 0
