*marriage rate file for black in year 2021, double divorce
marriage_queues 2
marriage_eval preference
marriage_peak_age 12
marriage_agedif_max 240
*marriage rates ~ 60% start marriage search btwn 15 and median age, then prop by 35, then prop by 45
marriage 1 F single
15 0 0.000
31 0 0.00224
45 0 0.0082
100 0 0.0005
marriage 1 M single
16 0 0.000
32 0 0.00186
45 0 0.0082
100 0 0.0005
marriage 1 F widowed
15 0 0.000
100 0 0.00249
marriage 1 M widowed
15 0 0.000
100 0 0.00381
marriage 1 F divorced
15 0 0.000
100 0 0.00249
marriage 1 M divorced
15 0 0.000
100 0 0.00381
divorce 1 F married
1 0 0.00147
2 0 0.00091
3 0 0.00096
4 0 0.00123
5 0 0.00137
6 0 0.00135
7 0 0.00138
8 0 0.00163
9 0 0.0014
10 0 0.00125
11 0 0.00119
12 0 0.00115
13 0 0.00111
14 0 0.00111
15 0 0.00094
16 0 0.00096
17 0 0.00076
18 0 0.00097
19 0 0.00105
20 0 0.00093
21 0 0.00106
22 0 0.001
23 0 0.00082
24 0 0.00069
25 0 0.0008
26 0 0.00079
27 0 0.00083
28 0 0.00074
29 0 0.0007
30 0 0.00064
31 0 0.0006
32 0 0.00069
33 0 0.00056
34 0 0.00054
35 0 0.00045
36 0 0.00062
37 0 0.0006
38 0 0.00035
39 0 0.00055
40 0 0.00048
41 0 0.00041
42 0 0.00044
43 0 0.00032
44 0 0.00036
45 0 0.00027
46 0 0.00037
47 0 0.00037
48 0 0.00034
49 0 0.00038
50 0 0.00059
51 0 0.00024
52 0 0.00029
53 0 0.00026
54 0 0.00016
55 0 0.00011
56 0 0.00028
57 0 0.00026
58 0 0.00017
59 0 0.00031
60 0 0.00096
100 0 0
divorce 1 M married
1 0 0.00147
2 0 0.00091
3 0 0.00096
4 0 0.00123
5 0 0.00137
6 0 0.00135
7 0 0.00138
8 0 0.00163
9 0 0.0014
10 0 0.00125
11 0 0.00119
12 0 0.00115
13 0 0.00111
14 0 0.00111
15 0 0.00094
16 0 0.00096
17 0 0.00076
18 0 0.00097
19 0 0.00105
20 0 0.00093
21 0 0.00106
22 0 0.001
23 0 0.00082
24 0 0.00069
25 0 0.0008
26 0 0.00079
27 0 0.00083
28 0 0.00074
29 0 0.0007
30 0 0.00064
31 0 0.0006
32 0 0.00069
33 0 0.00056
34 0 0.00054
35 0 0.00045
36 0 0.00062
37 0 0.0006
38 0 0.00035
39 0 0.00055
40 0 0.00048
41 0 0.00041
42 0 0.00044
43 0 0.00032
44 0 0.00036
45 0 0.00027
46 0 0.00037
47 0 0.00037
48 0 0.00034
49 0 0.00038
50 0 0.00059
51 0 0.00024
52 0 0.00029
53 0 0.00026
54 0 0.00016
55 0 0.00011
56 0 0.00028
57 0 0.00026
58 0 0.00017
59 0 0.00031
60 0 0.00096
100 0 0
