*marriage rate file for black in year 1896, quadruple divorce
marriage_queues 2
marriage_eval preference
marriage_peak_age 36
marriage_agedif_max 240
*marriage rates ~ 60% start marriage search btwn 15 and median age, then prop by 35, then prop by 45
marriage 1 F single
15 0 0.000
22 0 0.00822
45 0 0.01332
100 0 0.0005
marriage 1 M single
16 0 0.000
25 0 0.00552
45 0 0.01165
100 0 0.0005
marriage 1 F widowed
15 0 0.000
100 0 0.00249
marriage 1 M widowed
15 0 0.000
100 0 0.00381
marriage 1 F divorced
15 0 0.000
100 0 0.00249
marriage 1 M divorced
15 0 0.000
100 0 0.00381
divorce 1 F married
1 0 0.00021
2 0 0.00013
3 0 0.00013
4 0 0.00017
5 0 0.00019
6 0 0.00019
7 0 0.00019
8 0 0.00023
9 0 0.0002
10 0 0.00017
11 0 0.00017
12 0 0.00016
13 0 0.00015
14 0 0.00015
15 0 0.00013
16 0 0.00013
17 0 0.00011
18 0 0.00014
19 0 0.00015
20 0 0.00013
21 0 0.00015
22 0 0.00014
23 0 0.00012
24 0 0.0001
25 0 0.00011
26 0 0.00011
27 0 0.00012
28 0 0.0001
29 0 0.0001
30 0 0.00009
31 0 0.00008
32 0 0.0001
33 0 0.00008
34 0 0.00008
35 0 0.00006
36 0 0.00009
37 0 0.00008
38 0 0.00005
39 0 0.00008
40 0 0.00007
41 0 0.00006
42 0 0.00006
43 0 0.00004
44 0 0.00005
45 0 0.00004
46 0 0.00005
47 0 0.00005
48 0 0.00005
49 0 0.00005
50 0 0.00008
51 0 0.00003
52 0 0.00004
53 0 0.00004
54 0 0.00002
55 0 0.00002
56 0 0.00004
57 0 0.00004
58 0 0.00002
59 0 0.00004
60 0 0.00013
100 0 0
divorce 1 M married
1 0 0.00021
2 0 0.00013
3 0 0.00013
4 0 0.00017
5 0 0.00019
6 0 0.00019
7 0 0.00019
8 0 0.00023
9 0 0.0002
10 0 0.00017
11 0 0.00017
12 0 0.00016
13 0 0.00015
14 0 0.00015
15 0 0.00013
16 0 0.00013
17 0 0.00011
18 0 0.00014
19 0 0.00015
20 0 0.00013
21 0 0.00015
22 0 0.00014
23 0 0.00012
24 0 0.0001
25 0 0.00011
26 0 0.00011
27 0 0.00012
28 0 0.0001
29 0 0.0001
30 0 0.00009
31 0 0.00008
32 0 0.0001
33 0 0.00008
34 0 0.00008
35 0 0.00006
36 0 0.00009
37 0 0.00008
38 0 0.00005
39 0 0.00008
40 0 0.00007
41 0 0.00006
42 0 0.00006
43 0 0.00004
44 0 0.00005
45 0 0.00004
46 0 0.00005
47 0 0.00005
48 0 0.00005
49 0 0.00005
50 0 0.00008
51 0 0.00003
52 0 0.00004
53 0 0.00004
54 0 0.00002
55 0 0.00002
56 0 0.00004
57 0 0.00004
58 0 0.00002
59 0 0.00004
60 0 0.00013
100 0 0
