*marriage rate file for white in year 2007, quadruple divorce
marriage_queues 2
marriage_eval preference
marriage_peak_age 20
marriage_agedif_max 240
*marriage rates ~ 60% start marriage search btwn 15 and median age, then prop by 35, then prop by 45
marriage 1 F single
15 0 0.000
26 0 0.00452
45 0 0.01317
100 0 0.0005
marriage 1 M single
16 0 0.000
27 0 0.00386
45 0 0.01157
100 0 0.0005
marriage 1 F widowed
15 0 0.000
100 0 0.00436
marriage 1 M widowed
15 0 0.000
100 0 0.00536
marriage 1 F divorced
15 0 0.000
100 0 0.00436
marriage 1 M divorced
15 0 0.000
100 0 0.00536
divorce 1 F married
1 0 0.00113
2 0 0.00073
3 0 0.00087
4 0 0.00089
5 0 0.00096
6 0 0.00095
7 0 0.00085
8 0 0.00081
9 0 0.00075
10 0 0.00078
11 0 0.00076
12 0 0.00072
13 0 0.00065
14 0 0.00064
15 0 0.00058
16 0 0.00061
17 0 0.00055
18 0 0.00055
19 0 0.00053
20 0 0.00051
21 0 0.0005
22 0 0.00046
23 0 0.00046
24 0 0.00043
25 0 0.00042
26 0 0.00043
27 0 0.00037
28 0 0.00035
29 0 0.00031
30 0 0.00032
31 0 0.00028
32 0 0.00024
33 0 0.00022
34 0 0.00022
35 0 0.0002
36 0 0.00015
37 0 0.00014
38 0 0.00016
39 0 0.00013
40 0 0.00013
41 0 0.00012
42 0 0.00013
43 0 0.00011
44 0 0.00009
45 0 0.00008
46 0 0.00007
47 0 0.00008
48 0 0.00006
49 0 0.00006
50 0 0.00007
51 0 0.00006
52 0 0.00006
53 0 0.00005
54 0 0.00004
55 0 0.00005
56 0 0.00002
57 0 0.00004
58 0 0.00003
59 0 0.00001
60 0 0.00028
100 0 0
divorce 1 M married
1 0 0.00113
2 0 0.00073
3 0 0.00087
4 0 0.00089
5 0 0.00096
6 0 0.00095
7 0 0.00085
8 0 0.00081
9 0 0.00075
10 0 0.00078
11 0 0.00076
12 0 0.00072
13 0 0.00065
14 0 0.00064
15 0 0.00058
16 0 0.00061
17 0 0.00055
18 0 0.00055
19 0 0.00053
20 0 0.00051
21 0 0.0005
22 0 0.00046
23 0 0.00046
24 0 0.00043
25 0 0.00042
26 0 0.00043
27 0 0.00037
28 0 0.00035
29 0 0.00031
30 0 0.00032
31 0 0.00028
32 0 0.00024
33 0 0.00022
34 0 0.00022
35 0 0.0002
36 0 0.00015
37 0 0.00014
38 0 0.00016
39 0 0.00013
40 0 0.00013
41 0 0.00012
42 0 0.00013
43 0 0.00011
44 0 0.00009
45 0 0.00008
46 0 0.00007
47 0 0.00008
48 0 0.00006
49 0 0.00006
50 0 0.00007
51 0 0.00006
52 0 0.00006
53 0 0.00005
54 0 0.00004
55 0 0.00005
56 0 0.00002
57 0 0.00004
58 0 0.00003
59 0 0.00001
60 0 0.00028
100 0 0
