*marriage rate file for black in year 1981, quadruple divorce
marriage_queues 2
marriage_eval preference
marriage_peak_age 12
marriage_agedif_max 240
*marriage rates ~ 60% start marriage search btwn 15 and median age, then prop by 35, then prop by 45
marriage 1 F single
15 0 0.000
25 0 0.00576
45 0 0.01147
100 0 0.0005
marriage 1 M single
16 0 0.000
26 0 0.00497
45 0 0.01091
100 0 0.0005
marriage 1 F widowed
15 0 0.000
100 0 0.00249
marriage 1 M widowed
15 0 0.000
100 0 0.00381
marriage 1 F divorced
15 0 0.000
100 0 0.00249
marriage 1 M divorced
15 0 0.000
100 0 0.00381
divorce 1 F married
1 0 0.00183
2 0 0.00113
3 0 0.00119
4 0 0.00153
5 0 0.00171
6 0 0.00168
7 0 0.00171
8 0 0.00203
9 0 0.00174
10 0 0.00155
11 0 0.00148
12 0 0.00143
13 0 0.00138
14 0 0.00138
15 0 0.00117
16 0 0.00119
17 0 0.00095
18 0 0.0012
19 0 0.0013
20 0 0.00116
21 0 0.00132
22 0 0.00125
23 0 0.00103
24 0 0.00086
25 0 0.001
26 0 0.00098
27 0 0.00103
28 0 0.00092
29 0 0.00087
30 0 0.00079
31 0 0.00074
32 0 0.00085
33 0 0.00069
34 0 0.00067
35 0 0.00056
36 0 0.00077
37 0 0.00074
38 0 0.00044
39 0 0.00069
40 0 0.0006
41 0 0.00051
42 0 0.00054
43 0 0.00039
44 0 0.00045
45 0 0.00034
46 0 0.00046
47 0 0.00047
48 0 0.00042
49 0 0.00048
50 0 0.00073
51 0 0.0003
52 0 0.00036
53 0 0.00032
54 0 0.00019
55 0 0.00014
56 0 0.00034
57 0 0.00033
58 0 0.00021
59 0 0.00038
60 0 0.00119
100 0 0
divorce 1 M married
1 0 0.00183
2 0 0.00113
3 0 0.00119
4 0 0.00153
5 0 0.00171
6 0 0.00168
7 0 0.00171
8 0 0.00203
9 0 0.00174
10 0 0.00155
11 0 0.00148
12 0 0.00143
13 0 0.00138
14 0 0.00138
15 0 0.00117
16 0 0.00119
17 0 0.00095
18 0 0.0012
19 0 0.0013
20 0 0.00116
21 0 0.00132
22 0 0.00125
23 0 0.00103
24 0 0.00086
25 0 0.001
26 0 0.00098
27 0 0.00103
28 0 0.00092
29 0 0.00087
30 0 0.00079
31 0 0.00074
32 0 0.00085
33 0 0.00069
34 0 0.00067
35 0 0.00056
36 0 0.00077
37 0 0.00074
38 0 0.00044
39 0 0.00069
40 0 0.0006
41 0 0.00051
42 0 0.00054
43 0 0.00039
44 0 0.00045
45 0 0.00034
46 0 0.00046
47 0 0.00047
48 0 0.00042
49 0 0.00048
50 0 0.00073
51 0 0.0003
52 0 0.00036
53 0 0.00032
54 0 0.00019
55 0 0.00014
56 0 0.00034
57 0 0.00033
58 0 0.00021
59 0 0.00038
60 0 0.00119
100 0 0
