*marriage rate file for black in year 2046, quadruple divorce
marriage_queues 2
marriage_eval preference
marriage_peak_age 5
marriage_agedif_max 240
*marriage rates ~ 60% start marriage search btwn 15 and median age, then prop by 35, then prop by 45
marriage 1 F single
15 0 0.000
34 0 0.00189
45 0 0.006
100 0 0.0005
marriage 1 M single
16 0 0.000
34 0 0.00165
45 0 0.006
100 0 0.0005
marriage 1 F widowed
15 0 0.000
100 0 0.00249
marriage 1 M widowed
15 0 0.000
100 0 0.00381
marriage 1 F divorced
15 0 0.000
100 0 0.00249
marriage 1 M divorced
15 0 0.000
100 0 0.00381
divorce 1 F married
1 0 0.00321
2 0 0.00197
3 0 0.00208
4 0 0.00268
5 0 0.00299
6 0 0.00294
7 0 0.003
8 0 0.00355
9 0 0.00306
10 0 0.00272
11 0 0.00259
12 0 0.00251
13 0 0.00241
14 0 0.00241
15 0 0.00204
16 0 0.00208
17 0 0.00166
18 0 0.0021
19 0 0.00228
20 0 0.00203
21 0 0.00232
22 0 0.00218
23 0 0.00179
24 0 0.0015
25 0 0.00174
26 0 0.00171
27 0 0.0018
28 0 0.00161
29 0 0.00152
30 0 0.00139
31 0 0.0013
32 0 0.00149
33 0 0.00121
34 0 0.00117
35 0 0.00097
36 0 0.00134
37 0 0.0013
38 0 0.00077
39 0 0.0012
40 0 0.00104
41 0 0.00089
42 0 0.00095
43 0 0.00068
44 0 0.00078
45 0 0.00059
46 0 0.0008
47 0 0.00081
48 0 0.00073
49 0 0.00083
50 0 0.00128
51 0 0.00052
52 0 0.00063
53 0 0.00056
54 0 0.00034
55 0 0.00025
56 0 0.0006
57 0 0.00057
58 0 0.00036
59 0 0.00067
60 0 0.00209
100 0 0
divorce 1 M married
1 0 0.00321
2 0 0.00197
3 0 0.00208
4 0 0.00268
5 0 0.00299
6 0 0.00294
7 0 0.003
8 0 0.00355
9 0 0.00306
10 0 0.00272
11 0 0.00259
12 0 0.00251
13 0 0.00241
14 0 0.00241
15 0 0.00204
16 0 0.00208
17 0 0.00166
18 0 0.0021
19 0 0.00228
20 0 0.00203
21 0 0.00232
22 0 0.00218
23 0 0.00179
24 0 0.0015
25 0 0.00174
26 0 0.00171
27 0 0.0018
28 0 0.00161
29 0 0.00152
30 0 0.00139
31 0 0.0013
32 0 0.00149
33 0 0.00121
34 0 0.00117
35 0 0.00097
36 0 0.00134
37 0 0.0013
38 0 0.00077
39 0 0.0012
40 0 0.00104
41 0 0.00089
42 0 0.00095
43 0 0.00068
44 0 0.00078
45 0 0.00059
46 0 0.0008
47 0 0.00081
48 0 0.00073
49 0 0.00083
50 0 0.00128
51 0 0.00052
52 0 0.00063
53 0 0.00056
54 0 0.00034
55 0 0.00025
56 0 0.0006
57 0 0.00057
58 0 0.00036
59 0 0.00067
60 0 0.00209
100 0 0
