*marriage rate file for white in year 2048, quadruple divorce
marriage_queues 2
marriage_eval preference
marriage_peak_age 24
marriage_agedif_max 240
*marriage rates ~ 60% start marriage search btwn 15 and median age, then prop by 35, then prop by 45
marriage 1 F single
15 0 0.000
30 0 0.00332
45 0 0.01478
100 0 0.0005
marriage 1 M single
16 0 0.000
32 0 0.00266
45 0 0.01014
100 0 0.0005
marriage 1 F widowed
15 0 0.000
100 0 0.00436
marriage 1 M widowed
15 0 0.000
100 0 0.00536
marriage 1 F divorced
15 0 0.000
100 0 0.00436
marriage 1 M divorced
15 0 0.000
100 0 0.00536
divorce 1 F married
1 0 0.00309
2 0 0.002
3 0 0.00236
4 0 0.00243
5 0 0.00261
6 0 0.00258
7 0 0.00231
8 0 0.00221
9 0 0.00205
10 0 0.00212
11 0 0.00206
12 0 0.00195
13 0 0.00176
14 0 0.00174
15 0 0.00158
16 0 0.00166
17 0 0.0015
18 0 0.0015
19 0 0.00145
20 0 0.00138
21 0 0.00136
22 0 0.00124
23 0 0.00126
24 0 0.00118
25 0 0.00114
26 0 0.00116
27 0 0.001
28 0 0.00094
29 0 0.00083
30 0 0.00086
31 0 0.00075
32 0 0.00065
33 0 0.00061
34 0 0.0006
35 0 0.00054
36 0 0.00042
37 0 0.00039
38 0 0.00044
39 0 0.00036
40 0 0.00034
41 0 0.00033
42 0 0.00034
43 0 0.00029
44 0 0.00024
45 0 0.00021
46 0 0.00019
47 0 0.00021
48 0 0.00017
49 0 0.00016
50 0 0.00019
51 0 0.00016
52 0 0.00017
53 0 0.00013
54 0 0.00011
55 0 0.00014
56 0 0.00005
57 0 0.00011
58 0 0.00009
59 0 0.00002
60 0 0.00077
100 0 0
divorce 1 M married
1 0 0.00309
2 0 0.002
3 0 0.00236
4 0 0.00243
5 0 0.00261
6 0 0.00258
7 0 0.00231
8 0 0.00221
9 0 0.00205
10 0 0.00212
11 0 0.00206
12 0 0.00195
13 0 0.00176
14 0 0.00174
15 0 0.00158
16 0 0.00166
17 0 0.0015
18 0 0.0015
19 0 0.00145
20 0 0.00138
21 0 0.00136
22 0 0.00124
23 0 0.00126
24 0 0.00118
25 0 0.00114
26 0 0.00116
27 0 0.001
28 0 0.00094
29 0 0.00083
30 0 0.00086
31 0 0.00075
32 0 0.00065
33 0 0.00061
34 0 0.0006
35 0 0.00054
36 0 0.00042
37 0 0.00039
38 0 0.00044
39 0 0.00036
40 0 0.00034
41 0 0.00033
42 0 0.00034
43 0 0.00029
44 0 0.00024
45 0 0.00021
46 0 0.00019
47 0 0.00021
48 0 0.00017
49 0 0.00016
50 0 0.00019
51 0 0.00016
52 0 0.00017
53 0 0.00013
54 0 0.00011
55 0 0.00014
56 0 0.00005
57 0 0.00011
58 0 0.00009
59 0 0.00002
60 0 0.00077
100 0 0
