*marriage rate file for white in year 1890
marriage_queues 2
marriage_eval preference
marriage_peak_age 36
marriage_agedif_max 240
*marriage rates ~ 60% start marriage search btwn 15 and median age, then prop by 35, then prop by 45
marriage 1 F single
15 0 0.000
24 0 0.00737
45 0 0.01294
100 0 0.0005
marriage 1 M single
16 0 0.000
27 0 0.00524
45 0 0.01163
100 0 0.0005
marriage 1 F widowed
15 0 0.000
100 0 0.00436
marriage 1 M widowed
15 0 0.000
100 0 0.00536
marriage 1 F divorced
15 0 0.000
100 0 0.00436
marriage 1 M divorced
15 0 0.000
100 0 0.00536
divorce 1 F married
1 0 0.00016
2 0 0.0001
3 0 0.00012
4 0 0.00012
5 0 0.00013
6 0 0.00013
7 0 0.00012
8 0 0.00011
9 0 0.0001
10 0 0.00011
11 0 0.0001
12 0 0.0001
13 0 0.00009
14 0 0.00009
15 0 0.00008
16 0 0.00008
17 0 0.00008
18 0 0.00008
19 0 0.00007
20 0 0.00007
21 0 0.00007
22 0 0.00006
23 0 0.00006
24 0 0.00006
25 0 0.00006
26 0 0.00006
27 0 0.00005
28 0 0.00005
29 0 0.00004
30 0 0.00004
31 0 0.00004
32 0 0.00003
33 0 0.00003
34 0 0.00003
35 0 0.00003
36 0 0.00002
37 0 0.00002
38 0 0.00002
39 0 0.00002
40 0 0.00002
41 0 0.00002
42 0 0.00002
43 0 0.00002
44 0 0.00001
45 0 0.00001
46 0 0.00001
47 0 0.00001
48 0 0.00001
49 0 0.00001
50 0 0.00001
51 0 0.00001
52 0 0.00001
53 0 0.00001
54 0 0.00001
55 0 0.00001
56 0 00
57 0 0.00001
58 0 00
59 0 00
60 0 0.00004
100 0 0
divorce 1 M married
1 0 0.00016
2 0 0.0001
3 0 0.00012
4 0 0.00012
5 0 0.00013
6 0 0.00013
7 0 0.00012
8 0 0.00011
9 0 0.0001
10 0 0.00011
11 0 0.0001
12 0 0.0001
13 0 0.00009
14 0 0.00009
15 0 0.00008
16 0 0.00008
17 0 0.00008
18 0 0.00008
19 0 0.00007
20 0 0.00007
21 0 0.00007
22 0 0.00006
23 0 0.00006
24 0 0.00006
25 0 0.00006
26 0 0.00006
27 0 0.00005
28 0 0.00005
29 0 0.00004
30 0 0.00004
31 0 0.00004
32 0 0.00003
33 0 0.00003
34 0 0.00003
35 0 0.00003
36 0 0.00002
37 0 0.00002
38 0 0.00002
39 0 0.00002
40 0 0.00002
41 0 0.00002
42 0 0.00002
43 0 0.00002
44 0 0.00001
45 0 0.00001
46 0 0.00001
47 0 0.00001
48 0 0.00001
49 0 0.00001
50 0 0.00001
51 0 0.00001
52 0 0.00001
53 0 0.00001
54 0 0.00001
55 0 0.00001
56 0 00
57 0 0.00001
58 0 00
59 0 00
60 0 0.00004
100 0 0
