*marriage rate file for white in year 2040, quadruple divorce
marriage_queues 2
marriage_eval preference
marriage_peak_age 24
marriage_agedif_max 240
*marriage rates ~ 60% start marriage search btwn 15 and median age, then prop by 35, then prop by 45
marriage 1 F single
15 0 0.000
29 0 0.00355
45 0 0.01423
100 0 0.0005
marriage 1 M single
16 0 0.000
31 0 0.00283
45 0 0.01016
100 0 0.0005
marriage 1 F widowed
15 0 0.000
100 0 0.00436
marriage 1 M widowed
15 0 0.000
100 0 0.00536
marriage 1 F divorced
15 0 0.000
100 0 0.00436
marriage 1 M divorced
15 0 0.000
100 0 0.00536
divorce 1 F married
1 0 0.00243
2 0 0.00157
3 0 0.00186
4 0 0.00192
5 0 0.00205
6 0 0.00203
7 0 0.00182
8 0 0.00174
9 0 0.00162
10 0 0.00167
11 0 0.00162
12 0 0.00154
13 0 0.00138
14 0 0.00137
15 0 0.00125
16 0 0.00131
17 0 0.00119
18 0 0.00119
19 0 0.00114
20 0 0.00109
21 0 0.00107
22 0 0.00098
23 0 0.00099
24 0 0.00093
25 0 0.0009
26 0 0.00091
27 0 0.00079
28 0 0.00074
29 0 0.00065
30 0 0.00068
31 0 0.00059
32 0 0.00051
33 0 0.00048
34 0 0.00047
35 0 0.00042
36 0 0.00033
37 0 0.00031
38 0 0.00035
39 0 0.00029
40 0 0.00027
41 0 0.00026
42 0 0.00027
43 0 0.00023
44 0 0.00019
45 0 0.00016
46 0 0.00015
47 0 0.00016
48 0 0.00014
49 0 0.00013
50 0 0.00015
51 0 0.00012
52 0 0.00013
53 0 0.0001
54 0 0.00009
55 0 0.00011
56 0 0.00004
57 0 0.00009
58 0 0.00007
59 0 0.00002
60 0 0.00061
100 0 0
divorce 1 M married
1 0 0.00243
2 0 0.00157
3 0 0.00186
4 0 0.00192
5 0 0.00205
6 0 0.00203
7 0 0.00182
8 0 0.00174
9 0 0.00162
10 0 0.00167
11 0 0.00162
12 0 0.00154
13 0 0.00138
14 0 0.00137
15 0 0.00125
16 0 0.00131
17 0 0.00119
18 0 0.00119
19 0 0.00114
20 0 0.00109
21 0 0.00107
22 0 0.00098
23 0 0.00099
24 0 0.00093
25 0 0.0009
26 0 0.00091
27 0 0.00079
28 0 0.00074
29 0 0.00065
30 0 0.00068
31 0 0.00059
32 0 0.00051
33 0 0.00048
34 0 0.00047
35 0 0.00042
36 0 0.00033
37 0 0.00031
38 0 0.00035
39 0 0.00029
40 0 0.00027
41 0 0.00026
42 0 0.00027
43 0 0.00023
44 0 0.00019
45 0 0.00016
46 0 0.00015
47 0 0.00016
48 0 0.00014
49 0 0.00013
50 0 0.00015
51 0 0.00012
52 0 0.00013
53 0 0.0001
54 0 0.00009
55 0 0.00011
56 0 0.00004
57 0 0.00009
58 0 0.00007
59 0 0.00002
60 0 0.00061
100 0 0
