*marriage rate file for black in year 1929, quadruple divorce
marriage_queues 2
marriage_eval preference
marriage_peak_age 36
marriage_agedif_max 240
*marriage rates ~ 60% start marriage search btwn 15 and median age, then prop by 35, then prop by 45
marriage 1 F single
15 0 0.000
21 0 0.00958
45 0 0.01269
100 0 0.0005
marriage 1 M single
16 0 0.000
24 0 0.00621
45 0 0.0105
100 0 0.0005
marriage 1 F widowed
15 0 0.000
100 0 0.00249
marriage 1 M widowed
15 0 0.000
100 0 0.00381
marriage 1 F divorced
15 0 0.000
100 0 0.00249
marriage 1 M divorced
15 0 0.000
100 0 0.00381
divorce 1 F married
1 0 0.00058
2 0 0.00036
3 0 0.00038
4 0 0.00049
5 0 0.00054
6 0 0.00053
7 0 0.00055
8 0 0.00064
9 0 0.00056
10 0 0.0005
11 0 0.00047
12 0 0.00046
13 0 0.00044
14 0 0.00044
15 0 0.00037
16 0 0.00038
17 0 0.0003
18 0 0.00038
19 0 0.00042
20 0 0.00037
21 0 0.00042
22 0 0.0004
23 0 0.00033
24 0 0.00028
25 0 0.00032
26 0 0.00031
27 0 0.00033
28 0 0.00029
29 0 0.00028
30 0 0.00025
31 0 0.00024
32 0 0.00027
33 0 0.00022
34 0 0.00022
35 0 0.00018
36 0 0.00024
37 0 0.00024
38 0 0.00014
39 0 0.00022
40 0 0.00019
41 0 0.00016
42 0 0.00017
43 0 0.00013
44 0 0.00014
45 0 0.00011
46 0 0.00015
47 0 0.00015
48 0 0.00013
49 0 0.00015
50 0 0.00023
51 0 0.0001
52 0 0.00012
53 0 0.0001
54 0 0.00006
55 0 0.00005
56 0 0.00011
57 0 0.0001
58 0 0.00007
59 0 0.00012
60 0 0.00038
100 0 0
divorce 1 M married
1 0 0.00058
2 0 0.00036
3 0 0.00038
4 0 0.00049
5 0 0.00054
6 0 0.00053
7 0 0.00055
8 0 0.00064
9 0 0.00056
10 0 0.0005
11 0 0.00047
12 0 0.00046
13 0 0.00044
14 0 0.00044
15 0 0.00037
16 0 0.00038
17 0 0.0003
18 0 0.00038
19 0 0.00042
20 0 0.00037
21 0 0.00042
22 0 0.0004
23 0 0.00033
24 0 0.00028
25 0 0.00032
26 0 0.00031
27 0 0.00033
28 0 0.00029
29 0 0.00028
30 0 0.00025
31 0 0.00024
32 0 0.00027
33 0 0.00022
34 0 0.00022
35 0 0.00018
36 0 0.00024
37 0 0.00024
38 0 0.00014
39 0 0.00022
40 0 0.00019
41 0 0.00016
42 0 0.00017
43 0 0.00013
44 0 0.00014
45 0 0.00011
46 0 0.00015
47 0 0.00015
48 0 0.00013
49 0 0.00015
50 0 0.00023
51 0 0.0001
52 0 0.00012
53 0 0.0001
54 0 0.00006
55 0 0.00005
56 0 0.00011
57 0 0.0001
58 0 0.00007
59 0 0.00012
60 0 0.00038
100 0 0
