*marriage rate file for black in year 1933, quadruple divorce
marriage_queues 2
marriage_eval preference
marriage_peak_age 32
marriage_agedif_max 240
*marriage rates ~ 60% start marriage search btwn 15 and median age, then prop by 35, then prop by 45
marriage 1 F single
15 0 0.000
21 0 0.00958
45 0 0.01241
100 0 0.0005
marriage 1 M single
16 0 0.000
24 0 0.00621
45 0 0.01017
100 0 0.0005
marriage 1 F widowed
15 0 0.000
100 0 0.00249
marriage 1 M widowed
15 0 0.000
100 0 0.00381
marriage 1 F divorced
15 0 0.000
100 0 0.00249
marriage 1 M divorced
15 0 0.000
100 0 0.00381
divorce 1 F married
1 0 0.00045
2 0 0.00028
3 0 0.00029
4 0 0.00037
5 0 0.00042
6 0 0.00041
7 0 0.00042
8 0 0.00049
9 0 0.00042
10 0 0.00038
11 0 0.00036
12 0 0.00035
13 0 0.00034
14 0 0.00034
15 0 0.00029
16 0 0.00029
17 0 0.00023
18 0 0.00029
19 0 0.00032
20 0 0.00028
21 0 0.00032
22 0 0.0003
23 0 0.00025
24 0 0.00021
25 0 0.00024
26 0 0.00024
27 0 0.00025
28 0 0.00022
29 0 0.00021
30 0 0.00019
31 0 0.00018
32 0 0.00021
33 0 0.00017
34 0 0.00016
35 0 0.00014
36 0 0.00019
37 0 0.00018
38 0 0.00011
39 0 0.00017
40 0 0.00015
41 0 0.00013
42 0 0.00013
43 0 0.0001
44 0 0.00011
45 0 0.00008
46 0 0.00011
47 0 0.00011
48 0 0.0001
49 0 0.00012
50 0 0.00018
51 0 0.00007
52 0 0.00009
53 0 0.00008
54 0 0.00005
55 0 0.00003
56 0 0.00008
57 0 0.00008
58 0 0.00005
59 0 0.00009
60 0 0.00029
100 0 0
divorce 1 M married
1 0 0.00045
2 0 0.00028
3 0 0.00029
4 0 0.00037
5 0 0.00042
6 0 0.00041
7 0 0.00042
8 0 0.00049
9 0 0.00042
10 0 0.00038
11 0 0.00036
12 0 0.00035
13 0 0.00034
14 0 0.00034
15 0 0.00029
16 0 0.00029
17 0 0.00023
18 0 0.00029
19 0 0.00032
20 0 0.00028
21 0 0.00032
22 0 0.0003
23 0 0.00025
24 0 0.00021
25 0 0.00024
26 0 0.00024
27 0 0.00025
28 0 0.00022
29 0 0.00021
30 0 0.00019
31 0 0.00018
32 0 0.00021
33 0 0.00017
34 0 0.00016
35 0 0.00014
36 0 0.00019
37 0 0.00018
38 0 0.00011
39 0 0.00017
40 0 0.00015
41 0 0.00013
42 0 0.00013
43 0 0.0001
44 0 0.00011
45 0 0.00008
46 0 0.00011
47 0 0.00011
48 0 0.0001
49 0 0.00012
50 0 0.00018
51 0 0.00007
52 0 0.00009
53 0 0.00008
54 0 0.00005
55 0 0.00003
56 0 0.00008
57 0 0.00008
58 0 0.00005
59 0 0.00009
60 0 0.00029
100 0 0
