*marriage rate file for black in year 2042, quadruple divorce
marriage_queues 2
marriage_eval preference
marriage_peak_age 10
marriage_agedif_max 240
*marriage rates ~ 60% start marriage search btwn 15 and median age, then prop by 35, then prop by 45
marriage 1 F single
15 0 0.000
33 0 0.00199
45 0 0.00648
100 0 0.0005
marriage 1 M single
16 0 0.000
34 0 0.00165
45 0 0.00648
100 0 0.0005
marriage 1 F widowed
15 0 0.000
100 0 0.00249
marriage 1 M widowed
15 0 0.000
100 0 0.00381
marriage 1 F divorced
15 0 0.000
100 0 0.00249
marriage 1 M divorced
15 0 0.000
100 0 0.00381
divorce 1 F married
1 0 0.00285
2 0 0.00175
3 0 0.00185
4 0 0.00238
5 0 0.00265
6 0 0.00261
7 0 0.00266
8 0 0.00315
9 0 0.00271
10 0 0.00241
11 0 0.0023
12 0 0.00223
13 0 0.00214
14 0 0.00214
15 0 0.00181
16 0 0.00185
17 0 0.00147
18 0 0.00187
19 0 0.00202
20 0 0.0018
21 0 0.00206
22 0 0.00194
23 0 0.00159
24 0 0.00133
25 0 0.00155
26 0 0.00152
27 0 0.00159
28 0 0.00143
29 0 0.00135
30 0 0.00123
31 0 0.00115
32 0 0.00132
33 0 0.00108
34 0 0.00104
35 0 0.00086
36 0 0.00119
37 0 0.00115
38 0 0.00068
39 0 0.00107
40 0 0.00092
41 0 0.00079
42 0 0.00084
43 0 0.00061
44 0 0.00069
45 0 0.00053
46 0 0.00071
47 0 0.00072
48 0 0.00065
49 0 0.00074
50 0 0.00113
51 0 0.00046
52 0 0.00056
53 0 0.00049
54 0 0.0003
55 0 0.00022
56 0 0.00053
57 0 0.0005
58 0 0.00032
59 0 0.00059
60 0 0.00185
100 0 0
divorce 1 M married
1 0 0.00285
2 0 0.00175
3 0 0.00185
4 0 0.00238
5 0 0.00265
6 0 0.00261
7 0 0.00266
8 0 0.00315
9 0 0.00271
10 0 0.00241
11 0 0.0023
12 0 0.00223
13 0 0.00214
14 0 0.00214
15 0 0.00181
16 0 0.00185
17 0 0.00147
18 0 0.00187
19 0 0.00202
20 0 0.0018
21 0 0.00206
22 0 0.00194
23 0 0.00159
24 0 0.00133
25 0 0.00155
26 0 0.00152
27 0 0.00159
28 0 0.00143
29 0 0.00135
30 0 0.00123
31 0 0.00115
32 0 0.00132
33 0 0.00108
34 0 0.00104
35 0 0.00086
36 0 0.00119
37 0 0.00115
38 0 0.00068
39 0 0.00107
40 0 0.00092
41 0 0.00079
42 0 0.00084
43 0 0.00061
44 0 0.00069
45 0 0.00053
46 0 0.00071
47 0 0.00072
48 0 0.00065
49 0 0.00074
50 0 0.00113
51 0 0.00046
52 0 0.00056
53 0 0.00049
54 0 0.0003
55 0 0.00022
56 0 0.00053
57 0 0.0005
58 0 0.00032
59 0 0.00059
60 0 0.00185
100 0 0
