*marriage rate file for black in year 2004, double divorce
marriage_queues 2
marriage_eval preference
marriage_peak_age -2
marriage_agedif_max 240
*marriage rates ~ 60% start marriage search btwn 15 and median age, then prop by 35, then prop by 45
marriage 1 F single
15 0 0.000
29 0 0.00256
45 0 0.00956
100 0 0.0005
marriage 1 M single
16 0 0.000
29 0 0.00228
45 0 0.00956
100 0 0.0005
marriage 1 F widowed
15 0 0.000
100 0 0.00249
marriage 1 M widowed
15 0 0.000
100 0 0.00381
marriage 1 F divorced
15 0 0.000
100 0 0.00249
marriage 1 M divorced
15 0 0.000
100 0 0.00381
divorce 1 F married
1 0 0.00127
2 0 0.00079
3 0 0.00083
4 0 0.00107
5 0 0.00119
6 0 0.00117
7 0 0.00119
8 0 0.00141
9 0 0.00121
10 0 0.00108
11 0 0.00103
12 0 0.001
13 0 0.00096
14 0 0.00096
15 0 0.00081
16 0 0.00083
17 0 0.00066
18 0 0.00084
19 0 0.00091
20 0 0.00081
21 0 0.00092
22 0 0.00087
23 0 0.00071
24 0 0.0006
25 0 0.0007
26 0 0.00068
27 0 0.00072
28 0 0.00064
29 0 0.00061
30 0 0.00055
31 0 0.00052
32 0 0.00059
33 0 0.00048
34 0 0.00047
35 0 0.00039
36 0 0.00053
37 0 0.00052
38 0 0.00031
39 0 0.00048
40 0 0.00042
41 0 0.00036
42 0 0.00038
43 0 0.00027
44 0 0.00031
45 0 0.00024
46 0 0.00032
47 0 0.00032
48 0 0.00029
49 0 0.00033
50 0 0.00051
51 0 0.00021
52 0 0.00025
53 0 0.00022
54 0 0.00014
55 0 0.0001
56 0 0.00024
57 0 0.00023
58 0 0.00014
59 0 0.00027
60 0 0.00083
100 0 0
divorce 1 M married
1 0 0.00127
2 0 0.00079
3 0 0.00083
4 0 0.00107
5 0 0.00119
6 0 0.00117
7 0 0.00119
8 0 0.00141
9 0 0.00121
10 0 0.00108
11 0 0.00103
12 0 0.001
13 0 0.00096
14 0 0.00096
15 0 0.00081
16 0 0.00083
17 0 0.00066
18 0 0.00084
19 0 0.00091
20 0 0.00081
21 0 0.00092
22 0 0.00087
23 0 0.00071
24 0 0.0006
25 0 0.0007
26 0 0.00068
27 0 0.00072
28 0 0.00064
29 0 0.00061
30 0 0.00055
31 0 0.00052
32 0 0.00059
33 0 0.00048
34 0 0.00047
35 0 0.00039
36 0 0.00053
37 0 0.00052
38 0 0.00031
39 0 0.00048
40 0 0.00042
41 0 0.00036
42 0 0.00038
43 0 0.00027
44 0 0.00031
45 0 0.00024
46 0 0.00032
47 0 0.00032
48 0 0.00029
49 0 0.00033
50 0 0.00051
51 0 0.00021
52 0 0.00025
53 0 0.00022
54 0 0.00014
55 0 0.0001
56 0 0.00024
57 0 0.00023
58 0 0.00014
59 0 0.00027
60 0 0.00083
100 0 0
