*marriage rate file for black in year 1889, quadruple divorce
marriage_queues 2
marriage_eval preference
marriage_peak_age 36
marriage_agedif_max 240
*marriage rates ~ 60% start marriage search btwn 15 and median age, then prop by 35, then prop by 45
marriage 1 F single
15 0 0.000
22 0 0.00822
45 0 0.01332
100 0 0.0005
marriage 1 M single
16 0 0.000
25 0 0.00552
45 0 0.01165
100 0 0.0005
marriage 1 F widowed
15 0 0.000
100 0 0.00249
marriage 1 M widowed
15 0 0.000
100 0 0.00381
marriage 1 F divorced
15 0 0.000
100 0 0.00249
marriage 1 M divorced
15 0 0.000
100 0 0.00381
divorce 1 F married
1 0 0.00017
2 0 0.00011
3 0 0.00011
4 0 0.00014
5 0 0.00016
6 0 0.00016
7 0 0.00016
8 0 0.00019
9 0 0.00016
10 0 0.00015
11 0 0.00014
12 0 0.00013
13 0 0.00013
14 0 0.00013
15 0 0.00011
16 0 0.00011
17 0 0.00009
18 0 0.00011
19 0 0.00012
20 0 0.00011
21 0 0.00012
22 0 0.00012
23 0 0.0001
24 0 0.00008
25 0 0.00009
26 0 0.00009
27 0 0.0001
28 0 0.00009
29 0 0.00008
30 0 0.00007
31 0 0.00007
32 0 0.00008
33 0 0.00007
34 0 0.00006
35 0 0.00005
36 0 0.00007
37 0 0.00007
38 0 0.00004
39 0 0.00006
40 0 0.00006
41 0 0.00005
42 0 0.00005
43 0 0.00004
44 0 0.00004
45 0 0.00003
46 0 0.00004
47 0 0.00004
48 0 0.00004
49 0 0.00004
50 0 0.00007
51 0 0.00003
52 0 0.00003
53 0 0.00003
54 0 0.00002
55 0 0.00001
56 0 0.00003
57 0 0.00003
58 0 0.00002
59 0 0.00004
60 0 0.00011
100 0 0
divorce 1 M married
1 0 0.00017
2 0 0.00011
3 0 0.00011
4 0 0.00014
5 0 0.00016
6 0 0.00016
7 0 0.00016
8 0 0.00019
9 0 0.00016
10 0 0.00015
11 0 0.00014
12 0 0.00013
13 0 0.00013
14 0 0.00013
15 0 0.00011
16 0 0.00011
17 0 0.00009
18 0 0.00011
19 0 0.00012
20 0 0.00011
21 0 0.00012
22 0 0.00012
23 0 0.0001
24 0 0.00008
25 0 0.00009
26 0 0.00009
27 0 0.0001
28 0 0.00009
29 0 0.00008
30 0 0.00007
31 0 0.00007
32 0 0.00008
33 0 0.00007
34 0 0.00006
35 0 0.00005
36 0 0.00007
37 0 0.00007
38 0 0.00004
39 0 0.00006
40 0 0.00006
41 0 0.00005
42 0 0.00005
43 0 0.00004
44 0 0.00004
45 0 0.00003
46 0 0.00004
47 0 0.00004
48 0 0.00004
49 0 0.00004
50 0 0.00007
51 0 0.00003
52 0 0.00003
53 0 0.00003
54 0 0.00002
55 0 0.00001
56 0 0.00003
57 0 0.00003
58 0 0.00002
59 0 0.00004
60 0 0.00011
100 0 0
