*marriage rate file for black in year 2045, quadruple divorce
marriage_queues 2
marriage_eval preference
marriage_peak_age 6
marriage_agedif_max 240
*marriage rates ~ 60% start marriage search btwn 15 and median age, then prop by 35, then prop by 45
marriage 1 F single
15 0 0.000
34 0 0.00189
45 0 0.00612
100 0 0.0005
marriage 1 M single
16 0 0.000
34 0 0.00165
45 0 0.00612
100 0 0.0005
marriage 1 F widowed
15 0 0.000
100 0 0.00249
marriage 1 M widowed
15 0 0.000
100 0 0.00381
marriage 1 F divorced
15 0 0.000
100 0 0.00249
marriage 1 M divorced
15 0 0.000
100 0 0.00381
divorce 1 F married
1 0 0.00312
2 0 0.00191
3 0 0.00203
4 0 0.00261
5 0 0.0029
6 0 0.00286
7 0 0.00292
8 0 0.00345
9 0 0.00297
10 0 0.00264
11 0 0.00251
12 0 0.00244
13 0 0.00234
14 0 0.00234
15 0 0.00199
16 0 0.00202
17 0 0.00161
18 0 0.00204
19 0 0.00222
20 0 0.00197
21 0 0.00225
22 0 0.00212
23 0 0.00174
24 0 0.00146
25 0 0.0017
26 0 0.00167
27 0 0.00174
28 0 0.00156
29 0 0.00148
30 0 0.00135
31 0 0.00126
32 0 0.00145
33 0 0.00118
34 0 0.00114
35 0 0.00095
36 0 0.0013
37 0 0.00126
38 0 0.00075
39 0 0.00117
40 0 0.00101
41 0 0.00087
42 0 0.00092
43 0 0.00066
44 0 0.00076
45 0 0.00057
46 0 0.00078
47 0 0.00079
48 0 0.00071
49 0 0.00081
50 0 0.00124
51 0 0.00051
52 0 0.00061
53 0 0.00054
54 0 0.00033
55 0 0.00024
56 0 0.00058
57 0 0.00055
58 0 0.00035
59 0 0.00065
60 0 0.00203
100 0 0
divorce 1 M married
1 0 0.00312
2 0 0.00191
3 0 0.00203
4 0 0.00261
5 0 0.0029
6 0 0.00286
7 0 0.00292
8 0 0.00345
9 0 0.00297
10 0 0.00264
11 0 0.00251
12 0 0.00244
13 0 0.00234
14 0 0.00234
15 0 0.00199
16 0 0.00202
17 0 0.00161
18 0 0.00204
19 0 0.00222
20 0 0.00197
21 0 0.00225
22 0 0.00212
23 0 0.00174
24 0 0.00146
25 0 0.0017
26 0 0.00167
27 0 0.00174
28 0 0.00156
29 0 0.00148
30 0 0.00135
31 0 0.00126
32 0 0.00145
33 0 0.00118
34 0 0.00114
35 0 0.00095
36 0 0.0013
37 0 0.00126
38 0 0.00075
39 0 0.00117
40 0 0.00101
41 0 0.00087
42 0 0.00092
43 0 0.00066
44 0 0.00076
45 0 0.00057
46 0 0.00078
47 0 0.00079
48 0 0.00071
49 0 0.00081
50 0 0.00124
51 0 0.00051
52 0 0.00061
53 0 0.00054
54 0 0.00033
55 0 0.00024
56 0 0.00058
57 0 0.00055
58 0 0.00035
59 0 0.00065
60 0 0.00203
100 0 0
