*marriage rate file for white in year 2021, constant divorce
marriage_queues 2
marriage_eval preference
marriage_peak_age 24
marriage_agedif_max 240
*marriage rates ~ 60% start marriage search btwn 15 and median age, then prop by 35, then prop by 45
marriage 1 F single
15 0 0.000
27 0 0.00414
45 0 0.01368
100 0 0.0005
marriage 1 M single
16 0 0.000
29 0 0.00327
45 0 0.01086
100 0 0.0005
marriage 1 F widowed
15 0 0.000
100 0 0.00436
marriage 1 M widowed
15 0 0.000
100 0 0.00536
marriage 1 F divorced
15 0 0.000
100 0 0.00436
marriage 1 M divorced
15 0 0.000
100 0 0.00536
divorce 1 F married
1 0 0.001
2 0 0.00065
3 0 0.00077
4 0 0.00079
5 0 0.00085
6 0 0.00084
7 0 0.00075
8 0 0.00072
9 0 0.00067
10 0 0.00069
11 0 0.00067
12 0 0.00064
13 0 0.00057
14 0 0.00057
15 0 0.00052
16 0 0.00054
17 0 0.00049
18 0 0.00049
19 0 0.00047
20 0 0.00045
21 0 0.00044
22 0 0.00041
23 0 0.00041
24 0 0.00039
25 0 0.00037
26 0 0.00038
27 0 0.00033
28 0 0.00031
29 0 0.00027
30 0 0.00028
31 0 0.00025
32 0 0.00021
33 0 0.0002
34 0 0.0002
35 0 0.00018
36 0 0.00014
37 0 0.00013
38 0 0.00014
39 0 0.00012
40 0 0.00011
41 0 0.00011
42 0 0.00011
43 0 0.0001
44 0 0.00008
45 0 0.00007
46 0 0.00006
47 0 0.00007
48 0 0.00006
49 0 0.00005
50 0 0.00006
51 0 0.00005
52 0 0.00005
53 0 0.00004
54 0 0.00004
55 0 0.00005
56 0 0.00002
57 0 0.00004
58 0 0.00003
59 0 0.00001
60 0 0.00025
100 0 0
divorce 1 M married
1 0 0.001
2 0 0.00065
3 0 0.00077
4 0 0.00079
5 0 0.00085
6 0 0.00084
7 0 0.00075
8 0 0.00072
9 0 0.00067
10 0 0.00069
11 0 0.00067
12 0 0.00064
13 0 0.00057
14 0 0.00057
15 0 0.00052
16 0 0.00054
17 0 0.00049
18 0 0.00049
19 0 0.00047
20 0 0.00045
21 0 0.00044
22 0 0.00041
23 0 0.00041
24 0 0.00039
25 0 0.00037
26 0 0.00038
27 0 0.00033
28 0 0.00031
29 0 0.00027
30 0 0.00028
31 0 0.00025
32 0 0.00021
33 0 0.0002
34 0 0.0002
35 0 0.00018
36 0 0.00014
37 0 0.00013
38 0 0.00014
39 0 0.00012
40 0 0.00011
41 0 0.00011
42 0 0.00011
43 0 0.0001
44 0 0.00008
45 0 0.00007
46 0 0.00006
47 0 0.00007
48 0 0.00006
49 0 0.00005
50 0 0.00006
51 0 0.00005
52 0 0.00005
53 0 0.00004
54 0 0.00004
55 0 0.00005
56 0 0.00002
57 0 0.00004
58 0 0.00003
59 0 0.00001
60 0 0.00025
100 0 0
