*marriage rate file for white in year 2044, quadruple divorce
marriage_queues 2
marriage_eval preference
marriage_peak_age 24
marriage_agedif_max 240
*marriage rates ~ 60% start marriage search btwn 15 and median age, then prop by 35, then prop by 45
marriage 1 F single
15 0 0.000
29 0 0.00355
45 0 0.01398
100 0 0.0005
marriage 1 M single
16 0 0.000
31 0 0.00283
45 0 0.00977
100 0 0.0005
marriage 1 F widowed
15 0 0.000
100 0 0.00436
marriage 1 M widowed
15 0 0.000
100 0 0.00536
marriage 1 F divorced
15 0 0.000
100 0 0.00436
marriage 1 M divorced
15 0 0.000
100 0 0.00536
divorce 1 F married
1 0 0.00276
2 0 0.00179
3 0 0.00211
4 0 0.00218
5 0 0.00233
6 0 0.0023
7 0 0.00206
8 0 0.00198
9 0 0.00183
10 0 0.0019
11 0 0.00184
12 0 0.00175
13 0 0.00157
14 0 0.00156
15 0 0.00142
16 0 0.00149
17 0 0.00135
18 0 0.00134
19 0 0.0013
20 0 0.00123
21 0 0.00121
22 0 0.00111
23 0 0.00113
24 0 0.00105
25 0 0.00102
26 0 0.00103
27 0 0.00089
28 0 0.00084
29 0 0.00074
30 0 0.00077
31 0 0.00067
32 0 0.00058
33 0 0.00054
34 0 0.00054
35 0 0.00048
36 0 0.00037
37 0 0.00035
38 0 0.00039
39 0 0.00032
40 0 0.00031
41 0 0.00029
42 0 0.00031
43 0 0.00026
44 0 0.00021
45 0 0.00019
46 0 0.00017
47 0 0.00018
48 0 0.00015
49 0 0.00015
50 0 0.00017
51 0 0.00014
52 0 0.00015
53 0 0.00011
54 0 0.0001
55 0 0.00013
56 0 0.00005
57 0 0.0001
58 0 0.00008
59 0 0.00002
60 0 0.00069
100 0 0
divorce 1 M married
1 0 0.00276
2 0 0.00179
3 0 0.00211
4 0 0.00218
5 0 0.00233
6 0 0.0023
7 0 0.00206
8 0 0.00198
9 0 0.00183
10 0 0.0019
11 0 0.00184
12 0 0.00175
13 0 0.00157
14 0 0.00156
15 0 0.00142
16 0 0.00149
17 0 0.00135
18 0 0.00134
19 0 0.0013
20 0 0.00123
21 0 0.00121
22 0 0.00111
23 0 0.00113
24 0 0.00105
25 0 0.00102
26 0 0.00103
27 0 0.00089
28 0 0.00084
29 0 0.00074
30 0 0.00077
31 0 0.00067
32 0 0.00058
33 0 0.00054
34 0 0.00054
35 0 0.00048
36 0 0.00037
37 0 0.00035
38 0 0.00039
39 0 0.00032
40 0 0.00031
41 0 0.00029
42 0 0.00031
43 0 0.00026
44 0 0.00021
45 0 0.00019
46 0 0.00017
47 0 0.00018
48 0 0.00015
49 0 0.00015
50 0 0.00017
51 0 0.00014
52 0 0.00015
53 0 0.00011
54 0 0.0001
55 0 0.00013
56 0 0.00005
57 0 0.0001
58 0 0.00008
59 0 0.00002
60 0 0.00069
100 0 0
