*marriage rate file for white in year 2006, quadruple divorce
marriage_queues 2
marriage_eval preference
marriage_peak_age 19
marriage_agedif_max 240
*marriage rates ~ 60% start marriage search btwn 15 and median age, then prop by 35, then prop by 45
marriage 1 F single
15 0 0.000
26 0 0.00452
45 0 0.01326
100 0 0.0005
marriage 1 M single
16 0 0.000
27 0 0.00386
45 0 0.01174
100 0 0.0005
marriage 1 F widowed
15 0 0.000
100 0 0.00436
marriage 1 M widowed
15 0 0.000
100 0 0.00536
marriage 1 F divorced
15 0 0.000
100 0 0.00436
marriage 1 M divorced
15 0 0.000
100 0 0.00536
divorce 1 F married
1 0 0.00116
2 0 0.00076
3 0 0.00089
4 0 0.00092
5 0 0.00098
6 0 0.00097
7 0 0.00087
8 0 0.00083
9 0 0.00077
10 0 0.0008
11 0 0.00078
12 0 0.00074
13 0 0.00066
14 0 0.00066
15 0 0.0006
16 0 0.00063
17 0 0.00057
18 0 0.00057
19 0 0.00055
20 0 0.00052
21 0 0.00051
22 0 0.00047
23 0 0.00048
24 0 0.00045
25 0 0.00043
26 0 0.00044
27 0 0.00038
28 0 0.00036
29 0 0.00031
30 0 0.00033
31 0 0.00029
32 0 0.00024
33 0 0.00023
34 0 0.00023
35 0 0.0002
36 0 0.00016
37 0 0.00015
38 0 0.00017
39 0 0.00014
40 0 0.00013
41 0 0.00012
42 0 0.00013
43 0 0.00011
44 0 0.00009
45 0 0.00008
46 0 0.00007
47 0 0.00008
48 0 0.00007
49 0 0.00006
50 0 0.00007
51 0 0.00006
52 0 0.00006
53 0 0.00005
54 0 0.00004
55 0 0.00005
56 0 0.00002
57 0 0.00004
58 0 0.00003
59 0 0.00001
60 0 0.00029
100 0 0
divorce 1 M married
1 0 0.00116
2 0 0.00076
3 0 0.00089
4 0 0.00092
5 0 0.00098
6 0 0.00097
7 0 0.00087
8 0 0.00083
9 0 0.00077
10 0 0.0008
11 0 0.00078
12 0 0.00074
13 0 0.00066
14 0 0.00066
15 0 0.0006
16 0 0.00063
17 0 0.00057
18 0 0.00057
19 0 0.00055
20 0 0.00052
21 0 0.00051
22 0 0.00047
23 0 0.00048
24 0 0.00045
25 0 0.00043
26 0 0.00044
27 0 0.00038
28 0 0.00036
29 0 0.00031
30 0 0.00033
31 0 0.00029
32 0 0.00024
33 0 0.00023
34 0 0.00023
35 0 0.0002
36 0 0.00016
37 0 0.00015
38 0 0.00017
39 0 0.00014
40 0 0.00013
41 0 0.00012
42 0 0.00013
43 0 0.00011
44 0 0.00009
45 0 0.00008
46 0 0.00007
47 0 0.00008
48 0 0.00007
49 0 0.00006
50 0 0.00007
51 0 0.00006
52 0 0.00006
53 0 0.00005
54 0 0.00004
55 0 0.00005
56 0 0.00002
57 0 0.00004
58 0 0.00003
59 0 0.00001
60 0 0.00029
100 0 0
