*marriage rate file for black in year 2056, quadruple divorce
marriage_queues 2
marriage_eval preference
marriage_peak_age 0
marriage_agedif_max 240
*marriage rates ~ 60% start marriage search btwn 15 and median age, then prop by 35, then prop by 45
marriage 1 F single
15 0 0.000
34 0 0.00189
45 0 0.00491
100 0 0.0005
marriage 1 M single
16 0 0.000
34 0 0.00165
45 0 0.00491
100 0 0.0005
marriage 1 F widowed
15 0 0.000
100 0 0.00249
marriage 1 M widowed
15 0 0.000
100 0 0.00381
marriage 1 F divorced
15 0 0.000
100 0 0.00249
marriage 1 M divorced
15 0 0.000
100 0 0.00381
divorce 1 F married
1 0 0.00412
2 0 0.00252
3 0 0.00267
4 0 0.00344
5 0 0.00384
6 0 0.00377
7 0 0.00385
8 0 0.00456
9 0 0.00392
10 0 0.00349
11 0 0.00332
12 0 0.00322
13 0 0.00309
14 0 0.00309
15 0 0.00262
16 0 0.00267
17 0 0.00212
18 0 0.0027
19 0 0.00292
20 0 0.0026
21 0 0.00297
22 0 0.0028
23 0 0.00229
24 0 0.00192
25 0 0.00223
26 0 0.0022
27 0 0.0023
28 0 0.00206
29 0 0.00194
30 0 0.00177
31 0 0.00166
32 0 0.00191
33 0 0.00155
34 0 0.0015
35 0 0.00125
36 0 0.00171
37 0 0.00166
38 0 0.00098
39 0 0.00154
40 0 0.00133
41 0 0.00114
42 0 0.00121
43 0 0.00087
44 0 0.00099
45 0 0.00076
46 0 0.00102
47 0 0.00104
48 0 0.00093
49 0 0.00106
50 0 0.00163
51 0 0.00067
52 0 0.0008
53 0 0.00071
54 0 0.00043
55 0 0.00032
56 0 0.00077
57 0 0.00072
58 0 0.00046
59 0 0.00085
60 0 0.00268
100 0 0
divorce 1 M married
1 0 0.00412
2 0 0.00252
3 0 0.00267
4 0 0.00344
5 0 0.00384
6 0 0.00377
7 0 0.00385
8 0 0.00456
9 0 0.00392
10 0 0.00349
11 0 0.00332
12 0 0.00322
13 0 0.00309
14 0 0.00309
15 0 0.00262
16 0 0.00267
17 0 0.00212
18 0 0.0027
19 0 0.00292
20 0 0.0026
21 0 0.00297
22 0 0.0028
23 0 0.00229
24 0 0.00192
25 0 0.00223
26 0 0.0022
27 0 0.0023
28 0 0.00206
29 0 0.00194
30 0 0.00177
31 0 0.00166
32 0 0.00191
33 0 0.00155
34 0 0.0015
35 0 0.00125
36 0 0.00171
37 0 0.00166
38 0 0.00098
39 0 0.00154
40 0 0.00133
41 0 0.00114
42 0 0.00121
43 0 0.00087
44 0 0.00099
45 0 0.00076
46 0 0.00102
47 0 0.00104
48 0 0.00093
49 0 0.00106
50 0 0.00163
51 0 0.00067
52 0 0.0008
53 0 0.00071
54 0 0.00043
55 0 0.00032
56 0 0.00077
57 0 0.00072
58 0 0.00046
59 0 0.00085
60 0 0.00268
100 0 0
