*marriage rate file for black in year 1946
marriage_queues 2
marriage_eval preference
marriage_peak_age 31
marriage_agedif_max 240
*marriage rates ~ 60% start marriage search btwn 15 and median age, then prop by 35, then prop by 45
marriage 1 F single
15 0 0.000
21 0 0.00958
45 0 0.01128
100 0 0.0005
marriage 1 M single
16 0 0.000
23 0 0.00709
45 0 0.00962
100 0 0.0005
marriage 1 F widowed
15 0 0.000
100 0 0.00249
marriage 1 M widowed
15 0 0.000
100 0 0.00381
marriage 1 F divorced
15 0 0.000
100 0 0.00249
marriage 1 M divorced
15 0 0.000
100 0 0.00381
divorce 1 F married
1 0 0.00148
2 0 0.00091
3 0 0.00097
4 0 0.00124
5 0 0.00138
6 0 0.00136
7 0 0.00139
8 0 0.00164
9 0 0.00141
10 0 0.00126
11 0 0.0012
12 0 0.00116
13 0 0.00111
14 0 0.00111
15 0 0.00095
16 0 0.00096
17 0 0.00077
18 0 0.00098
19 0 0.00106
20 0 0.00094
21 0 0.00107
22 0 0.00101
23 0 0.00083
24 0 0.0007
25 0 0.00081
26 0 0.0008
27 0 0.00083
28 0 0.00075
29 0 0.00071
30 0 0.00064
31 0 0.0006
32 0 0.00069
33 0 0.00056
34 0 0.00055
35 0 0.00045
36 0 0.00062
37 0 0.0006
38 0 0.00036
39 0 0.00056
40 0 0.00048
41 0 0.00041
42 0 0.00044
43 0 0.00032
44 0 0.00036
45 0 0.00028
46 0 0.00037
47 0 0.00038
48 0 0.00034
49 0 0.00039
50 0 0.00059
51 0 0.00024
52 0 0.00029
53 0 0.00026
54 0 0.00016
55 0 0.00012
56 0 0.00028
57 0 0.00026
58 0 0.00017
59 0 0.00031
60 0 0.00097
100 0 0
divorce 1 M married
1 0 0.00148
2 0 0.00091
3 0 0.00097
4 0 0.00124
5 0 0.00138
6 0 0.00136
7 0 0.00139
8 0 0.00164
9 0 0.00141
10 0 0.00126
11 0 0.0012
12 0 0.00116
13 0 0.00111
14 0 0.00111
15 0 0.00095
16 0 0.00096
17 0 0.00077
18 0 0.00098
19 0 0.00106
20 0 0.00094
21 0 0.00107
22 0 0.00101
23 0 0.00083
24 0 0.0007
25 0 0.00081
26 0 0.0008
27 0 0.00083
28 0 0.00075
29 0 0.00071
30 0 0.00064
31 0 0.0006
32 0 0.00069
33 0 0.00056
34 0 0.00055
35 0 0.00045
36 0 0.00062
37 0 0.0006
38 0 0.00036
39 0 0.00056
40 0 0.00048
41 0 0.00041
42 0 0.00044
43 0 0.00032
44 0 0.00036
45 0 0.00028
46 0 0.00037
47 0 0.00038
48 0 0.00034
49 0 0.00039
50 0 0.00059
51 0 0.00024
52 0 0.00029
53 0 0.00026
54 0 0.00016
55 0 0.00012
56 0 0.00028
57 0 0.00026
58 0 0.00017
59 0 0.00031
60 0 0.00097
100 0 0
