*marriage rate file for white in year 2042
marriage_queues 2
marriage_eval preference
marriage_peak_age 24
marriage_agedif_max 240
*marriage rates ~ 60% start marriage search btwn 15 and median age, then prop by 35, then prop by 45
marriage 1 F single
15 0 0.000
29 0 0.00355
45 0 0.0141
100 0 0.0005
marriage 1 M single
16 0 0.000
31 0 0.00283
45 0 0.00996
100 0 0.0005
marriage 1 F widowed
15 0 0.000
100 0 0.00436
marriage 1 M widowed
15 0 0.000
100 0 0.00536
marriage 1 F divorced
15 0 0.000
100 0 0.00436
marriage 1 M divorced
15 0 0.000
100 0 0.00536
divorce 1 F married
1 0 0.00087
2 0 0.00057
3 0 0.00067
4 0 0.00069
5 0 0.00074
6 0 0.00073
7 0 0.00065
8 0 0.00062
9 0 0.00058
10 0 0.0006
11 0 0.00058
12 0 0.00055
13 0 0.0005
14 0 0.00049
15 0 0.00045
16 0 0.00047
17 0 0.00043
18 0 0.00043
19 0 0.00041
20 0 0.00039
21 0 0.00038
22 0 0.00035
23 0 0.00036
24 0 0.00033
25 0 0.00032
26 0 0.00033
27 0 0.00028
28 0 0.00027
29 0 0.00024
30 0 0.00024
31 0 0.00021
32 0 0.00018
33 0 0.00017
34 0 0.00017
35 0 0.00015
36 0 0.00012
37 0 0.00011
38 0 0.00013
39 0 0.0001
40 0 0.0001
41 0 0.00009
42 0 0.0001
43 0 0.00008
44 0 0.00007
45 0 0.00006
46 0 0.00006
47 0 0.00006
48 0 0.00005
49 0 0.00005
50 0 0.00005
51 0 0.00004
52 0 0.00005
53 0 0.00004
54 0 0.00003
55 0 0.00004
56 0 0.00002
57 0 0.00003
58 0 0.00003
59 0 0.00001
60 0 0.00022
100 0 0
divorce 1 M married
1 0 0.00087
2 0 0.00057
3 0 0.00067
4 0 0.00069
5 0 0.00074
6 0 0.00073
7 0 0.00065
8 0 0.00062
9 0 0.00058
10 0 0.0006
11 0 0.00058
12 0 0.00055
13 0 0.0005
14 0 0.00049
15 0 0.00045
16 0 0.00047
17 0 0.00043
18 0 0.00043
19 0 0.00041
20 0 0.00039
21 0 0.00038
22 0 0.00035
23 0 0.00036
24 0 0.00033
25 0 0.00032
26 0 0.00033
27 0 0.00028
28 0 0.00027
29 0 0.00024
30 0 0.00024
31 0 0.00021
32 0 0.00018
33 0 0.00017
34 0 0.00017
35 0 0.00015
36 0 0.00012
37 0 0.00011
38 0 0.00013
39 0 0.0001
40 0 0.0001
41 0 0.00009
42 0 0.0001
43 0 0.00008
44 0 0.00007
45 0 0.00006
46 0 0.00006
47 0 0.00006
48 0 0.00005
49 0 0.00005
50 0 0.00005
51 0 0.00004
52 0 0.00005
53 0 0.00004
54 0 0.00003
55 0 0.00004
56 0 0.00002
57 0 0.00003
58 0 0.00003
59 0 0.00001
60 0 0.00022
100 0 0
