*marriage rate file for white in year 2054, quadruple divorce
marriage_queues 2
marriage_eval preference
marriage_peak_age 24
marriage_agedif_max 240
*marriage rates ~ 60% start marriage search btwn 15 and median age, then prop by 35, then prop by 45
marriage 1 F single
15 0 0.000
30 0 0.00332
45 0 0.0144
100 0 0.0005
marriage 1 M single
16 0 0.000
32 0 0.00266
45 0 0.0096
100 0 0.0005
marriage 1 F widowed
15 0 0.000
100 0 0.00436
marriage 1 M widowed
15 0 0.000
100 0 0.00536
marriage 1 F divorced
15 0 0.000
100 0 0.00436
marriage 1 M divorced
15 0 0.000
100 0 0.00536
divorce 1 F married
1 0 0.00359
2 0 0.00232
3 0 0.00274
4 0 0.00283
5 0 0.00303
6 0 0.00299
7 0 0.00268
8 0 0.00256
9 0 0.00238
10 0 0.00246
11 0 0.00239
12 0 0.00227
13 0 0.00204
14 0 0.00202
15 0 0.00184
16 0 0.00193
17 0 0.00174
18 0 0.00174
19 0 0.00168
20 0 0.0016
21 0 0.00157
22 0 0.00144
23 0 0.00146
24 0 0.00137
25 0 0.00132
26 0 0.00134
27 0 0.00116
28 0 0.00109
29 0 0.00096
30 0 0.001
31 0 0.00087
32 0 0.00075
33 0 0.00071
34 0 0.0007
35 0 0.00062
36 0 0.00048
37 0 0.00045
38 0 0.00051
39 0 0.00042
40 0 0.0004
41 0 0.00038
42 0 0.0004
43 0 0.00034
44 0 0.00027
45 0 0.00024
46 0 0.00023
47 0 0.00024
48 0 0.0002
49 0 0.00019
50 0 0.00022
51 0 0.00018
52 0 0.00019
53 0 0.00015
54 0 0.00013
55 0 0.00017
56 0 0.00006
57 0 0.00013
58 0 0.0001
59 0 0.00003
60 0 0.00089
100 0 0
divorce 1 M married
1 0 0.00359
2 0 0.00232
3 0 0.00274
4 0 0.00283
5 0 0.00303
6 0 0.00299
7 0 0.00268
8 0 0.00256
9 0 0.00238
10 0 0.00246
11 0 0.00239
12 0 0.00227
13 0 0.00204
14 0 0.00202
15 0 0.00184
16 0 0.00193
17 0 0.00174
18 0 0.00174
19 0 0.00168
20 0 0.0016
21 0 0.00157
22 0 0.00144
23 0 0.00146
24 0 0.00137
25 0 0.00132
26 0 0.00134
27 0 0.00116
28 0 0.00109
29 0 0.00096
30 0 0.001
31 0 0.00087
32 0 0.00075
33 0 0.00071
34 0 0.0007
35 0 0.00062
36 0 0.00048
37 0 0.00045
38 0 0.00051
39 0 0.00042
40 0 0.0004
41 0 0.00038
42 0 0.0004
43 0 0.00034
44 0 0.00027
45 0 0.00024
46 0 0.00023
47 0 0.00024
48 0 0.0002
49 0 0.00019
50 0 0.00022
51 0 0.00018
52 0 0.00019
53 0 0.00015
54 0 0.00013
55 0 0.00017
56 0 0.00006
57 0 0.00013
58 0 0.0001
59 0 0.00003
60 0 0.00089
100 0 0
