*marriage rate file for white in year 2060, quadruple divorce
marriage_queues 2
marriage_eval preference
marriage_peak_age 24
marriage_agedif_max 240
*marriage rates ~ 60% start marriage search btwn 15 and median age, then prop by 35, then prop by 45
marriage 1 F single
15 0 0.000
31 0 0.00311
45 0 0.01521
100 0 0.0005
marriage 1 M single
16 0 0.000
33 0 0.0025
45 0 0.00986
100 0 0.0005
marriage 1 F widowed
15 0 0.000
100 0 0.00436
marriage 1 M widowed
15 0 0.000
100 0 0.00536
marriage 1 F divorced
15 0 0.000
100 0 0.00436
marriage 1 M divorced
15 0 0.000
100 0 0.00536
divorce 1 F married
1 0 0.00409
2 0 0.00264
3 0 0.00312
4 0 0.00322
5 0 0.00345
6 0 0.00341
7 0 0.00305
8 0 0.00292
9 0 0.00271
10 0 0.0028
11 0 0.00272
12 0 0.00258
13 0 0.00232
14 0 0.0023
15 0 0.00209
16 0 0.0022
17 0 0.00198
18 0 0.00198
19 0 0.00191
20 0 0.00182
21 0 0.00179
22 0 0.00164
23 0 0.00166
24 0 0.00155
25 0 0.0015
26 0 0.00152
27 0 0.00131
28 0 0.00123
29 0 0.00109
30 0 0.00113
31 0 0.00099
32 0 0.00085
33 0 0.0008
34 0 0.00079
35 0 0.0007
36 0 0.00055
37 0 0.00051
38 0 0.00058
39 0 0.00048
40 0 0.00045
41 0 0.00043
42 0 0.00045
43 0 0.00039
44 0 0.00031
45 0 0.00027
46 0 0.00026
47 0 0.00027
48 0 0.00023
49 0 0.00021
50 0 0.00025
51 0 0.00021
52 0 0.00022
53 0 0.00017
54 0 0.00015
55 0 0.00019
56 0 0.00007
57 0 0.00015
58 0 0.00012
59 0 0.00003
60 0 0.00101
100 0 0
divorce 1 M married
1 0 0.00409
2 0 0.00264
3 0 0.00312
4 0 0.00322
5 0 0.00345
6 0 0.00341
7 0 0.00305
8 0 0.00292
9 0 0.00271
10 0 0.0028
11 0 0.00272
12 0 0.00258
13 0 0.00232
14 0 0.0023
15 0 0.00209
16 0 0.0022
17 0 0.00198
18 0 0.00198
19 0 0.00191
20 0 0.00182
21 0 0.00179
22 0 0.00164
23 0 0.00166
24 0 0.00155
25 0 0.0015
26 0 0.00152
27 0 0.00131
28 0 0.00123
29 0 0.00109
30 0 0.00113
31 0 0.00099
32 0 0.00085
33 0 0.0008
34 0 0.00079
35 0 0.0007
36 0 0.00055
37 0 0.00051
38 0 0.00058
39 0 0.00048
40 0 0.00045
41 0 0.00043
42 0 0.00045
43 0 0.00039
44 0 0.00031
45 0 0.00027
46 0 0.00026
47 0 0.00027
48 0 0.00023
49 0 0.00021
50 0 0.00025
51 0 0.00021
52 0 0.00022
53 0 0.00017
54 0 0.00015
55 0 0.00019
56 0 0.00007
57 0 0.00015
58 0 0.00012
59 0 0.00003
60 0 0.00101
100 0 0
