*marriage rate file for white in year 1942, constant divorce
marriage_queues 2
marriage_eval preference
marriage_peak_age 26
marriage_agedif_max 240
*marriage rates ~ 60% start marriage search btwn 15 and median age, then prop by 35, then prop by 45
marriage 1 F single
15 0 0.000
23 0 0.00828
45 0 0.01008
100 0 0.0005
marriage 1 M single
16 0 0.000
25 0 0.0064
45 0 0.00931
100 0 0.0005
marriage 1 F widowed
15 0 0.000
100 0 0.00436
marriage 1 M widowed
15 0 0.000
100 0 0.00536
marriage 1 F divorced
15 0 0.000
100 0 0.00436
marriage 1 M divorced
15 0 0.000
100 0 0.00536
divorce 1 F married
1 0 0.00075
2 0 0.00049
3 0 0.00058
4 0 0.00059
5 0 0.00064
6 0 0.00063
7 0 0.00056
8 0 0.00054
9 0 0.0005
10 0 0.00052
11 0 0.0005
12 0 0.00048
13 0 0.00043
14 0 0.00043
15 0 0.00039
16 0 0.00041
17 0 0.00037
18 0 0.00037
19 0 0.00036
20 0 0.00034
21 0 0.00033
22 0 0.0003
23 0 0.00031
24 0 0.00029
25 0 0.00028
26 0 0.00028
27 0 0.00024
28 0 0.00023
29 0 0.0002
30 0 0.00021
31 0 0.00019
32 0 0.00016
33 0 0.00015
34 0 0.00015
35 0 0.00013
36 0 0.0001
37 0 0.0001
38 0 0.00011
39 0 0.00009
40 0 0.00008
41 0 0.00008
42 0 0.00008
43 0 0.00007
44 0 0.00006
45 0 0.00005
46 0 0.00005
47 0 0.00005
48 0 0.00004
49 0 0.00004
50 0 0.00005
51 0 0.00004
52 0 0.00004
53 0 0.00003
54 0 0.00003
55 0 0.00004
56 0 0.00001
57 0 0.00003
58 0 0.00002
59 0 0.00001
60 0 0.00019
100 0 0
divorce 1 M married
1 0 0.00075
2 0 0.00049
3 0 0.00058
4 0 0.00059
5 0 0.00064
6 0 0.00063
7 0 0.00056
8 0 0.00054
9 0 0.0005
10 0 0.00052
11 0 0.0005
12 0 0.00048
13 0 0.00043
14 0 0.00043
15 0 0.00039
16 0 0.00041
17 0 0.00037
18 0 0.00037
19 0 0.00036
20 0 0.00034
21 0 0.00033
22 0 0.0003
23 0 0.00031
24 0 0.00029
25 0 0.00028
26 0 0.00028
27 0 0.00024
28 0 0.00023
29 0 0.0002
30 0 0.00021
31 0 0.00019
32 0 0.00016
33 0 0.00015
34 0 0.00015
35 0 0.00013
36 0 0.0001
37 0 0.0001
38 0 0.00011
39 0 0.00009
40 0 0.00008
41 0 0.00008
42 0 0.00008
43 0 0.00007
44 0 0.00006
45 0 0.00005
46 0 0.00005
47 0 0.00005
48 0 0.00004
49 0 0.00004
50 0 0.00005
51 0 0.00004
52 0 0.00004
53 0 0.00003
54 0 0.00003
55 0 0.00004
56 0 0.00001
57 0 0.00003
58 0 0.00002
59 0 0.00001
60 0 0.00019
100 0 0
