*marriage rate file for black in year 1944, constant divorce
marriage_queues 2
marriage_eval preference
marriage_peak_age 29
marriage_agedif_max 240
*marriage rates ~ 60% start marriage search btwn 15 and median age, then prop by 35, then prop by 45
marriage 1 F single
15 0 0.000
21 0 0.00958
45 0 0.01182
100 0 0.0005
marriage 1 M single
16 0 0.000
24 0 0.00621
45 0 0.00988
100 0 0.0005
marriage 1 F widowed
15 0 0.000
100 0 0.00249
marriage 1 M widowed
15 0 0.000
100 0 0.00381
marriage 1 F divorced
15 0 0.000
100 0 0.00249
marriage 1 M divorced
15 0 0.000
100 0 0.00381
divorce 1 F married
1 0 0.001
2 0 0.00062
3 0 0.00065
4 0 0.00084
5 0 0.00093
6 0 0.00091
7 0 0.00093
8 0 0.0011
9 0 0.00095
10 0 0.00085
11 0 0.00081
12 0 0.00078
13 0 0.00075
14 0 0.00075
15 0 0.00064
16 0 0.00065
17 0 0.00052
18 0 0.00066
19 0 0.00071
20 0 0.00063
21 0 0.00072
22 0 0.00068
23 0 0.00056
24 0 0.00047
25 0 0.00055
26 0 0.00054
27 0 0.00056
28 0 0.0005
29 0 0.00047
30 0 0.00043
31 0 0.00041
32 0 0.00047
33 0 0.00038
34 0 0.00037
35 0 0.00031
36 0 0.00042
37 0 0.00041
38 0 0.00024
39 0 0.00038
40 0 0.00033
41 0 0.00028
42 0 0.0003
43 0 0.00021
44 0 0.00024
45 0 0.00019
46 0 0.00025
47 0 0.00025
48 0 0.00023
49 0 0.00026
50 0 0.0004
51 0 0.00016
52 0 0.0002
53 0 0.00017
54 0 0.00011
55 0 0.00008
56 0 0.00019
57 0 0.00018
58 0 0.00011
59 0 0.00021
60 0 0.00065
100 0 0
divorce 1 M married
1 0 0.001
2 0 0.00062
3 0 0.00065
4 0 0.00084
5 0 0.00093
6 0 0.00091
7 0 0.00093
8 0 0.0011
9 0 0.00095
10 0 0.00085
11 0 0.00081
12 0 0.00078
13 0 0.00075
14 0 0.00075
15 0 0.00064
16 0 0.00065
17 0 0.00052
18 0 0.00066
19 0 0.00071
20 0 0.00063
21 0 0.00072
22 0 0.00068
23 0 0.00056
24 0 0.00047
25 0 0.00055
26 0 0.00054
27 0 0.00056
28 0 0.0005
29 0 0.00047
30 0 0.00043
31 0 0.00041
32 0 0.00047
33 0 0.00038
34 0 0.00037
35 0 0.00031
36 0 0.00042
37 0 0.00041
38 0 0.00024
39 0 0.00038
40 0 0.00033
41 0 0.00028
42 0 0.0003
43 0 0.00021
44 0 0.00024
45 0 0.00019
46 0 0.00025
47 0 0.00025
48 0 0.00023
49 0 0.00026
50 0 0.0004
51 0 0.00016
52 0 0.0002
53 0 0.00017
54 0 0.00011
55 0 0.00008
56 0 0.00019
57 0 0.00018
58 0 0.00011
59 0 0.00021
60 0 0.00065
100 0 0
