*marriage rate file for black in year 2031, double divorce
marriage_queues 2
marriage_eval preference
marriage_peak_age 12
marriage_agedif_max 240
*marriage rates ~ 60% start marriage search btwn 15 and median age, then prop by 35, then prop by 45
marriage 1 F single
15 0 0.000
32 0 0.00211
45 0 0.00732
100 0 0.0005
marriage 1 M single
16 0 0.000
33 0 0.00175
45 0 0.00732
100 0 0.0005
marriage 1 F widowed
15 0 0.000
100 0 0.00249
marriage 1 M widowed
15 0 0.000
100 0 0.00381
marriage 1 F divorced
15 0 0.000
100 0 0.00249
marriage 1 M divorced
15 0 0.000
100 0 0.00381
divorce 1 F married
1 0 0.002
2 0 0.00123
3 0 0.0013
4 0 0.00168
5 0 0.00187
6 0 0.00184
7 0 0.00187
8 0 0.00222
9 0 0.00191
10 0 0.0017
11 0 0.00162
12 0 0.00157
13 0 0.0015
14 0 0.0015
15 0 0.00128
16 0 0.0013
17 0 0.00104
18 0 0.00132
19 0 0.00143
20 0 0.00127
21 0 0.00145
22 0 0.00136
23 0 0.00112
24 0 0.00094
25 0 0.00109
26 0 0.00107
27 0 0.00112
28 0 0.00101
29 0 0.00095
30 0 0.00087
31 0 0.00081
32 0 0.00093
33 0 0.00076
34 0 0.00074
35 0 0.00061
36 0 0.00084
37 0 0.00081
38 0 0.00048
39 0 0.00075
40 0 0.00065
41 0 0.00056
42 0 0.00059
43 0 0.00043
44 0 0.00049
45 0 0.00037
46 0 0.0005
47 0 0.00051
48 0 0.00046
49 0 0.00052
50 0 0.0008
51 0 0.00033
52 0 0.00039
53 0 0.00035
54 0 0.00021
55 0 0.00016
56 0 0.00038
57 0 0.00036
58 0 0.00022
59 0 0.00042
60 0 0.00131
100 0 0
divorce 1 M married
1 0 0.002
2 0 0.00123
3 0 0.0013
4 0 0.00168
5 0 0.00187
6 0 0.00184
7 0 0.00187
8 0 0.00222
9 0 0.00191
10 0 0.0017
11 0 0.00162
12 0 0.00157
13 0 0.0015
14 0 0.0015
15 0 0.00128
16 0 0.0013
17 0 0.00104
18 0 0.00132
19 0 0.00143
20 0 0.00127
21 0 0.00145
22 0 0.00136
23 0 0.00112
24 0 0.00094
25 0 0.00109
26 0 0.00107
27 0 0.00112
28 0 0.00101
29 0 0.00095
30 0 0.00087
31 0 0.00081
32 0 0.00093
33 0 0.00076
34 0 0.00074
35 0 0.00061
36 0 0.00084
37 0 0.00081
38 0 0.00048
39 0 0.00075
40 0 0.00065
41 0 0.00056
42 0 0.00059
43 0 0.00043
44 0 0.00049
45 0 0.00037
46 0 0.0005
47 0 0.00051
48 0 0.00046
49 0 0.00052
50 0 0.0008
51 0 0.00033
52 0 0.00039
53 0 0.00035
54 0 0.00021
55 0 0.00016
56 0 0.00038
57 0 0.00036
58 0 0.00022
59 0 0.00042
60 0 0.00131
100 0 0
