*marriage rate file for black in year 2053, quadruple divorce
marriage_queues 2
marriage_eval preference
marriage_peak_age 0
marriage_agedif_max 240
*marriage rates ~ 60% start marriage search btwn 15 and median age, then prop by 35, then prop by 45
marriage 1 F single
15 0 0.000
34 0 0.00189
45 0 0.00522
100 0 0.0005
marriage 1 M single
16 0 0.000
34 0 0.00165
45 0 0.00522
100 0 0.0005
marriage 1 F widowed
15 0 0.000
100 0 0.00249
marriage 1 M widowed
15 0 0.000
100 0 0.00381
marriage 1 F divorced
15 0 0.000
100 0 0.00249
marriage 1 M divorced
15 0 0.000
100 0 0.00381
divorce 1 F married
1 0 0.00384
2 0 0.00236
3 0 0.00249
4 0 0.00321
5 0 0.00358
6 0 0.00352
7 0 0.0036
8 0 0.00426
9 0 0.00366
10 0 0.00325
11 0 0.0031
12 0 0.00301
13 0 0.00288
14 0 0.00288
15 0 0.00244
16 0 0.00249
17 0 0.00198
18 0 0.00252
19 0 0.00273
20 0 0.00243
21 0 0.00277
22 0 0.00261
23 0 0.00214
24 0 0.0018
25 0 0.00209
26 0 0.00205
27 0 0.00215
28 0 0.00192
29 0 0.00182
30 0 0.00166
31 0 0.00155
32 0 0.00178
33 0 0.00145
34 0 0.0014
35 0 0.00116
36 0 0.0016
37 0 0.00155
38 0 0.00092
39 0 0.00144
40 0 0.00124
41 0 0.00107
42 0 0.00113
43 0 0.00082
44 0 0.00093
45 0 0.00071
46 0 0.00095
47 0 0.00097
48 0 0.00087
49 0 0.001
50 0 0.00153
51 0 0.00062
52 0 0.00075
53 0 0.00067
54 0 0.0004
55 0 0.0003
56 0 0.00072
57 0 0.00068
58 0 0.00043
59 0 0.0008
60 0 0.0025
100 0 0
divorce 1 M married
1 0 0.00384
2 0 0.00236
3 0 0.00249
4 0 0.00321
5 0 0.00358
6 0 0.00352
7 0 0.0036
8 0 0.00426
9 0 0.00366
10 0 0.00325
11 0 0.0031
12 0 0.00301
13 0 0.00288
14 0 0.00288
15 0 0.00244
16 0 0.00249
17 0 0.00198
18 0 0.00252
19 0 0.00273
20 0 0.00243
21 0 0.00277
22 0 0.00261
23 0 0.00214
24 0 0.0018
25 0 0.00209
26 0 0.00205
27 0 0.00215
28 0 0.00192
29 0 0.00182
30 0 0.00166
31 0 0.00155
32 0 0.00178
33 0 0.00145
34 0 0.0014
35 0 0.00116
36 0 0.0016
37 0 0.00155
38 0 0.00092
39 0 0.00144
40 0 0.00124
41 0 0.00107
42 0 0.00113
43 0 0.00082
44 0 0.00093
45 0 0.00071
46 0 0.00095
47 0 0.00097
48 0 0.00087
49 0 0.001
50 0 0.00153
51 0 0.00062
52 0 0.00075
53 0 0.00067
54 0 0.0004
55 0 0.0003
56 0 0.00072
57 0 0.00068
58 0 0.00043
59 0 0.0008
60 0 0.0025
100 0 0
