*marriage rate file for white in year 2039, quadruple divorce
marriage_queues 2
marriage_eval preference
marriage_peak_age 24
marriage_agedif_max 240
*marriage rates ~ 60% start marriage search btwn 15 and median age, then prop by 35, then prop by 45
marriage 1 F single
15 0 0.000
29 0 0.00355
45 0 0.0143
100 0 0.0005
marriage 1 M single
16 0 0.000
31 0 0.00283
45 0 0.01025
100 0 0.0005
marriage 1 F widowed
15 0 0.000
100 0 0.00436
marriage 1 M widowed
15 0 0.000
100 0 0.00536
marriage 1 F divorced
15 0 0.000
100 0 0.00436
marriage 1 M divorced
15 0 0.000
100 0 0.00536
divorce 1 F married
1 0 0.00235
2 0 0.00152
3 0 0.0018
4 0 0.00185
5 0 0.00198
6 0 0.00196
7 0 0.00176
8 0 0.00168
9 0 0.00156
10 0 0.00162
11 0 0.00157
12 0 0.00149
13 0 0.00134
14 0 0.00133
15 0 0.00121
16 0 0.00127
17 0 0.00115
18 0 0.00115
19 0 0.00111
20 0 0.00105
21 0 0.00103
22 0 0.00095
23 0 0.00096
24 0 0.0009
25 0 0.00087
26 0 0.00088
27 0 0.00076
28 0 0.00071
29 0 0.00063
30 0 0.00065
31 0 0.00057
32 0 0.00049
33 0 0.00046
34 0 0.00046
35 0 0.00041
36 0 0.00032
37 0 0.0003
38 0 0.00034
39 0 0.00028
40 0 0.00026
41 0 0.00025
42 0 0.00026
43 0 0.00022
44 0 0.00018
45 0 0.00016
46 0 0.00015
47 0 0.00016
48 0 0.00013
49 0 0.00012
50 0 0.00014
51 0 0.00012
52 0 0.00013
53 0 0.0001
54 0 0.00009
55 0 0.00011
56 0 0.00004
57 0 0.00009
58 0 0.00007
59 0 0.00002
60 0 0.00059
100 0 0
divorce 1 M married
1 0 0.00235
2 0 0.00152
3 0 0.0018
4 0 0.00185
5 0 0.00198
6 0 0.00196
7 0 0.00176
8 0 0.00168
9 0 0.00156
10 0 0.00162
11 0 0.00157
12 0 0.00149
13 0 0.00134
14 0 0.00133
15 0 0.00121
16 0 0.00127
17 0 0.00115
18 0 0.00115
19 0 0.00111
20 0 0.00105
21 0 0.00103
22 0 0.00095
23 0 0.00096
24 0 0.0009
25 0 0.00087
26 0 0.00088
27 0 0.00076
28 0 0.00071
29 0 0.00063
30 0 0.00065
31 0 0.00057
32 0 0.00049
33 0 0.00046
34 0 0.00046
35 0 0.00041
36 0 0.00032
37 0 0.0003
38 0 0.00034
39 0 0.00028
40 0 0.00026
41 0 0.00025
42 0 0.00026
43 0 0.00022
44 0 0.00018
45 0 0.00016
46 0 0.00015
47 0 0.00016
48 0 0.00013
49 0 0.00012
50 0 0.00014
51 0 0.00012
52 0 0.00013
53 0 0.0001
54 0 0.00009
55 0 0.00011
56 0 0.00004
57 0 0.00009
58 0 0.00007
59 0 0.00002
60 0 0.00059
100 0 0
