*marriage rate file for black in year 1940, double divorce
marriage_queues 2
marriage_eval preference
marriage_peak_age 24
marriage_agedif_max 240
*marriage rates ~ 60% start marriage search btwn 15 and median age, then prop by 35, then prop by 45
marriage 1 F single
15 0 0.000
22 0 0.00822
45 0 0.01182
100 0 0.0005
marriage 1 M single
16 0 0.000
24 0 0.00621
45 0 0.00951
100 0 0.0005
marriage 1 F widowed
15 0 0.000
100 0 0.00249
marriage 1 M widowed
15 0 0.000
100 0 0.00381
marriage 1 F divorced
15 0 0.000
100 0 0.00249
marriage 1 M divorced
15 0 0.000
100 0 0.00381
divorce 1 F married
1 0 0.00069
2 0 0.00042
3 0 0.00045
4 0 0.00058
5 0 0.00064
6 0 0.00063
7 0 0.00064
8 0 0.00076
9 0 0.00065
10 0 0.00058
11 0 0.00056
12 0 0.00054
13 0 0.00052
14 0 0.00052
15 0 0.00044
16 0 0.00045
17 0 0.00036
18 0 0.00045
19 0 0.00049
20 0 0.00044
21 0 0.0005
22 0 0.00047
23 0 0.00039
24 0 0.00032
25 0 0.00038
26 0 0.00037
27 0 0.00039
28 0 0.00035
29 0 0.00033
30 0 0.0003
31 0 0.00028
32 0 0.00032
33 0 0.00026
34 0 0.00025
35 0 0.00021
36 0 0.00029
37 0 0.00028
38 0 0.00017
39 0 0.00026
40 0 0.00022
41 0 0.00019
42 0 0.0002
43 0 0.00015
44 0 0.00017
45 0 0.00013
46 0 0.00017
47 0 0.00018
48 0 0.00016
49 0 0.00018
50 0 0.00028
51 0 0.00011
52 0 0.00014
53 0 0.00012
54 0 0.00007
55 0 0.00005
56 0 0.00013
57 0 0.00012
58 0 0.00008
59 0 0.00014
60 0 0.00045
100 0 0
divorce 1 M married
1 0 0.00069
2 0 0.00042
3 0 0.00045
4 0 0.00058
5 0 0.00064
6 0 0.00063
7 0 0.00064
8 0 0.00076
9 0 0.00065
10 0 0.00058
11 0 0.00056
12 0 0.00054
13 0 0.00052
14 0 0.00052
15 0 0.00044
16 0 0.00045
17 0 0.00036
18 0 0.00045
19 0 0.00049
20 0 0.00044
21 0 0.0005
22 0 0.00047
23 0 0.00039
24 0 0.00032
25 0 0.00038
26 0 0.00037
27 0 0.00039
28 0 0.00035
29 0 0.00033
30 0 0.0003
31 0 0.00028
32 0 0.00032
33 0 0.00026
34 0 0.00025
35 0 0.00021
36 0 0.00029
37 0 0.00028
38 0 0.00017
39 0 0.00026
40 0 0.00022
41 0 0.00019
42 0 0.0002
43 0 0.00015
44 0 0.00017
45 0 0.00013
46 0 0.00017
47 0 0.00018
48 0 0.00016
49 0 0.00018
50 0 0.00028
51 0 0.00011
52 0 0.00014
53 0 0.00012
54 0 0.00007
55 0 0.00005
56 0 0.00013
57 0 0.00012
58 0 0.00008
59 0 0.00014
60 0 0.00045
100 0 0
