*marriage rate file for white in year 1905, double divorce
marriage_queues 2
marriage_eval preference
marriage_peak_age 30
marriage_agedif_max 240
*marriage rates ~ 60% start marriage search btwn 15 and median age, then prop by 35, then prop by 45
marriage 1 F single
15 0 0.000
24 0 0.00737
45 0 0.0113
100 0 0.0005
marriage 1 M single
16 0 0.000
26 0 0.00576
45 0 0.01075
100 0 0.0005
marriage 1 F widowed
15 0 0.000
100 0 0.00436
marriage 1 M widowed
15 0 0.000
100 0 0.00536
marriage 1 F divorced
15 0 0.000
100 0 0.00436
marriage 1 M divorced
15 0 0.000
100 0 0.00536
divorce 1 F married
1 0 0.00025
2 0 0.00016
3 0 0.00019
4 0 0.0002
5 0 0.00021
6 0 0.00021
7 0 0.00019
8 0 0.00018
9 0 0.00017
10 0 0.00017
11 0 0.00017
12 0 0.00016
13 0 0.00014
14 0 0.00014
15 0 0.00013
16 0 0.00014
17 0 0.00012
18 0 0.00012
19 0 0.00012
20 0 0.00011
21 0 0.00011
22 0 0.0001
23 0 0.0001
24 0 0.0001
25 0 0.00009
26 0 0.00009
27 0 0.00008
28 0 0.00008
29 0 0.00007
30 0 0.00007
31 0 0.00006
32 0 0.00005
33 0 0.00005
34 0 0.00005
35 0 0.00004
36 0 0.00003
37 0 0.00003
38 0 0.00004
39 0 0.00003
40 0 0.00003
41 0 0.00003
42 0 0.00003
43 0 0.00002
44 0 0.00002
45 0 0.00002
46 0 0.00002
47 0 0.00002
48 0 0.00001
49 0 0.00001
50 0 0.00002
51 0 0.00001
52 0 0.00001
53 0 0.00001
54 0 0.00001
55 0 0.00001
56 0 00
57 0 0.00001
58 0 0.00001
59 0 00
60 0 0.00006
100 0 0
divorce 1 M married
1 0 0.00025
2 0 0.00016
3 0 0.00019
4 0 0.0002
5 0 0.00021
6 0 0.00021
7 0 0.00019
8 0 0.00018
9 0 0.00017
10 0 0.00017
11 0 0.00017
12 0 0.00016
13 0 0.00014
14 0 0.00014
15 0 0.00013
16 0 0.00014
17 0 0.00012
18 0 0.00012
19 0 0.00012
20 0 0.00011
21 0 0.00011
22 0 0.0001
23 0 0.0001
24 0 0.0001
25 0 0.00009
26 0 0.00009
27 0 0.00008
28 0 0.00008
29 0 0.00007
30 0 0.00007
31 0 0.00006
32 0 0.00005
33 0 0.00005
34 0 0.00005
35 0 0.00004
36 0 0.00003
37 0 0.00003
38 0 0.00004
39 0 0.00003
40 0 0.00003
41 0 0.00003
42 0 0.00003
43 0 0.00002
44 0 0.00002
45 0 0.00002
46 0 0.00002
47 0 0.00002
48 0 0.00001
49 0 0.00001
50 0 0.00002
51 0 0.00001
52 0 0.00001
53 0 0.00001
54 0 0.00001
55 0 0.00001
56 0 00
57 0 0.00001
58 0 0.00001
59 0 00
60 0 0.00006
100 0 0
