*marriage rate file for black in year 2039, quadruple divorce
marriage_queues 2
marriage_eval preference
marriage_peak_age 12
marriage_agedif_max 240
*marriage rates ~ 60% start marriage search btwn 15 and median age, then prop by 35, then prop by 45
marriage 1 F single
15 0 0.000
33 0 0.00199
45 0 0.00686
100 0 0.0005
marriage 1 M single
16 0 0.000
34 0 0.00165
45 0 0.00686
100 0 0.0005
marriage 1 F widowed
15 0 0.000
100 0 0.00249
marriage 1 M widowed
15 0 0.000
100 0 0.00381
marriage 1 F divorced
15 0 0.000
100 0 0.00249
marriage 1 M divorced
15 0 0.000
100 0 0.00381
divorce 1 F married
1 0 0.00257
2 0 0.00158
3 0 0.00167
4 0 0.00215
5 0 0.0024
6 0 0.00236
7 0 0.00241
8 0 0.00285
9 0 0.00245
10 0 0.00218
11 0 0.00208
12 0 0.00202
13 0 0.00193
14 0 0.00193
15 0 0.00164
16 0 0.00167
17 0 0.00133
18 0 0.00169
19 0 0.00183
20 0 0.00163
21 0 0.00186
22 0 0.00175
23 0 0.00144
24 0 0.00121
25 0 0.0014
26 0 0.00138
27 0 0.00144
28 0 0.00129
29 0 0.00122
30 0 0.00111
31 0 0.00104
32 0 0.0012
33 0 0.00098
34 0 0.00094
35 0 0.00078
36 0 0.00107
37 0 0.00104
38 0 0.00062
39 0 0.00097
40 0 0.00084
41 0 0.00072
42 0 0.00076
43 0 0.00055
44 0 0.00063
45 0 0.00048
46 0 0.00064
47 0 0.00065
48 0 0.00059
49 0 0.00067
50 0 0.00103
51 0 0.00042
52 0 0.00051
53 0 0.00045
54 0 0.00027
55 0 0.0002
56 0 0.00048
57 0 0.00046
58 0 0.00029
59 0 0.00054
60 0 0.00168
100 0 0
divorce 1 M married
1 0 0.00257
2 0 0.00158
3 0 0.00167
4 0 0.00215
5 0 0.0024
6 0 0.00236
7 0 0.00241
8 0 0.00285
9 0 0.00245
10 0 0.00218
11 0 0.00208
12 0 0.00202
13 0 0.00193
14 0 0.00193
15 0 0.00164
16 0 0.00167
17 0 0.00133
18 0 0.00169
19 0 0.00183
20 0 0.00163
21 0 0.00186
22 0 0.00175
23 0 0.00144
24 0 0.00121
25 0 0.0014
26 0 0.00138
27 0 0.00144
28 0 0.00129
29 0 0.00122
30 0 0.00111
31 0 0.00104
32 0 0.0012
33 0 0.00098
34 0 0.00094
35 0 0.00078
36 0 0.00107
37 0 0.00104
38 0 0.00062
39 0 0.00097
40 0 0.00084
41 0 0.00072
42 0 0.00076
43 0 0.00055
44 0 0.00063
45 0 0.00048
46 0 0.00064
47 0 0.00065
48 0 0.00059
49 0 0.00067
50 0 0.00103
51 0 0.00042
52 0 0.00051
53 0 0.00045
54 0 0.00027
55 0 0.0002
56 0 0.00048
57 0 0.00046
58 0 0.00029
59 0 0.00054
60 0 0.00168
100 0 0
