*marriage rate file for black in year 2034, constant divorce
marriage_queues 2
marriage_eval preference
marriage_peak_age 12
marriage_agedif_max 240
*marriage rates ~ 60% start marriage search btwn 15 and median age, then prop by 35, then prop by 45
marriage 1 F single
15 0 0.000
32 0 0.00211
45 0 0.00692
100 0 0.0005
marriage 1 M single
16 0 0.000
33 0 0.00175
45 0 0.00692
100 0 0.0005
marriage 1 F widowed
15 0 0.000
100 0 0.00249
marriage 1 M widowed
15 0 0.000
100 0 0.00381
marriage 1 F divorced
15 0 0.000
100 0 0.00249
marriage 1 M divorced
15 0 0.000
100 0 0.00381
divorce 1 F married
1 0 0.0011
2 0 0.00068
3 0 0.00072
4 0 0.00092
5 0 0.00103
6 0 0.00101
7 0 0.00103
8 0 0.00122
9 0 0.00105
10 0 0.00093
11 0 0.00089
12 0 0.00086
13 0 0.00083
14 0 0.00083
15 0 0.0007
16 0 0.00072
17 0 0.00057
18 0 0.00072
19 0 0.00079
20 0 0.0007
21 0 0.0008
22 0 0.00075
23 0 0.00062
24 0 0.00052
25 0 0.0006
26 0 0.00059
27 0 0.00062
28 0 0.00055
29 0 0.00052
30 0 0.00048
31 0 0.00045
32 0 0.00051
33 0 0.00042
34 0 0.00041
35 0 0.00034
36 0 0.00046
37 0 0.00045
38 0 0.00027
39 0 0.00042
40 0 0.00036
41 0 0.00031
42 0 0.00033
43 0 0.00024
44 0 0.00027
45 0 0.0002
46 0 0.00028
47 0 0.00028
48 0 0.00025
49 0 0.00029
50 0 0.00044
51 0 0.00018
52 0 0.00022
53 0 0.00019
54 0 0.00012
55 0 0.00009
56 0 0.00021
57 0 0.0002
58 0 0.00012
59 0 0.00023
60 0 0.00072
100 0 0
divorce 1 M married
1 0 0.0011
2 0 0.00068
3 0 0.00072
4 0 0.00092
5 0 0.00103
6 0 0.00101
7 0 0.00103
8 0 0.00122
9 0 0.00105
10 0 0.00093
11 0 0.00089
12 0 0.00086
13 0 0.00083
14 0 0.00083
15 0 0.0007
16 0 0.00072
17 0 0.00057
18 0 0.00072
19 0 0.00079
20 0 0.0007
21 0 0.0008
22 0 0.00075
23 0 0.00062
24 0 0.00052
25 0 0.0006
26 0 0.00059
27 0 0.00062
28 0 0.00055
29 0 0.00052
30 0 0.00048
31 0 0.00045
32 0 0.00051
33 0 0.00042
34 0 0.00041
35 0 0.00034
36 0 0.00046
37 0 0.00045
38 0 0.00027
39 0 0.00042
40 0 0.00036
41 0 0.00031
42 0 0.00033
43 0 0.00024
44 0 0.00027
45 0 0.0002
46 0 0.00028
47 0 0.00028
48 0 0.00025
49 0 0.00029
50 0 0.00044
51 0 0.00018
52 0 0.00022
53 0 0.00019
54 0 0.00012
55 0 0.00009
56 0 0.00021
57 0 0.0002
58 0 0.00012
59 0 0.00023
60 0 0.00072
100 0 0
