*marriage rate file for black in year 1927, quadruple divorce
marriage_queues 2
marriage_eval preference
marriage_peak_age 36
marriage_agedif_max 240
*marriage rates ~ 60% start marriage search btwn 15 and median age, then prop by 35, then prop by 45
marriage 1 F single
15 0 0.000
21 0 0.00958
45 0 0.01269
100 0 0.0005
marriage 1 M single
16 0 0.000
24 0 0.00621
45 0 0.0105
100 0 0.0005
marriage 1 F widowed
15 0 0.000
100 0 0.00249
marriage 1 M widowed
15 0 0.000
100 0 0.00381
marriage 1 F divorced
15 0 0.000
100 0 0.00249
marriage 1 M divorced
15 0 0.000
100 0 0.00381
divorce 1 F married
1 0 0.00055
2 0 0.00034
3 0 0.00036
4 0 0.00046
5 0 0.00051
6 0 0.0005
7 0 0.00051
8 0 0.00061
9 0 0.00052
10 0 0.00047
11 0 0.00044
12 0 0.00043
13 0 0.00041
14 0 0.00041
15 0 0.00035
16 0 0.00036
17 0 0.00029
18 0 0.00036
19 0 0.00039
20 0 0.00035
21 0 0.0004
22 0 0.00038
23 0 0.00031
24 0 0.00026
25 0 0.0003
26 0 0.0003
27 0 0.00031
28 0 0.00028
29 0 0.00026
30 0 0.00024
31 0 0.00022
32 0 0.00026
33 0 0.00021
34 0 0.0002
35 0 0.00017
36 0 0.00023
37 0 0.00022
38 0 0.00013
39 0 0.00021
40 0 0.00018
41 0 0.00015
42 0 0.00016
43 0 0.00012
44 0 0.00013
45 0 0.0001
46 0 0.00014
47 0 0.00014
48 0 0.00013
49 0 0.00014
50 0 0.00022
51 0 0.00009
52 0 0.00011
53 0 0.0001
54 0 0.00006
55 0 0.00004
56 0 0.0001
57 0 0.0001
58 0 0.00006
59 0 0.00012
60 0 0.00036
100 0 0
divorce 1 M married
1 0 0.00055
2 0 0.00034
3 0 0.00036
4 0 0.00046
5 0 0.00051
6 0 0.0005
7 0 0.00051
8 0 0.00061
9 0 0.00052
10 0 0.00047
11 0 0.00044
12 0 0.00043
13 0 0.00041
14 0 0.00041
15 0 0.00035
16 0 0.00036
17 0 0.00029
18 0 0.00036
19 0 0.00039
20 0 0.00035
21 0 0.0004
22 0 0.00038
23 0 0.00031
24 0 0.00026
25 0 0.0003
26 0 0.0003
27 0 0.00031
28 0 0.00028
29 0 0.00026
30 0 0.00024
31 0 0.00022
32 0 0.00026
33 0 0.00021
34 0 0.0002
35 0 0.00017
36 0 0.00023
37 0 0.00022
38 0 0.00013
39 0 0.00021
40 0 0.00018
41 0 0.00015
42 0 0.00016
43 0 0.00012
44 0 0.00013
45 0 0.0001
46 0 0.00014
47 0 0.00014
48 0 0.00013
49 0 0.00014
50 0 0.00022
51 0 0.00009
52 0 0.00011
53 0 0.0001
54 0 0.00006
55 0 0.00004
56 0 0.0001
57 0 0.0001
58 0 0.00006
59 0 0.00012
60 0 0.00036
100 0 0
