*marriage rate file for white in year 1972, quadruple divorce
marriage_queues 2
marriage_eval preference
marriage_peak_age 24
marriage_agedif_max 240
*marriage rates ~ 60% start marriage search btwn 15 and median age, then prop by 35, then prop by 45
marriage 1 F single
15 0 0.000
22 0 0.00946
45 0 0.01073
100 0 0.0005
marriage 1 M single
16 0 0.000
24 0 0.00719
45 0 0.01124
100 0 0.0005
marriage 1 F widowed
15 0 0.000
100 0 0.00436
marriage 1 M widowed
15 0 0.000
100 0 0.00536
marriage 1 F divorced
15 0 0.000
100 0 0.00436
marriage 1 M divorced
15 0 0.000
100 0 0.00536
divorce 1 F married
1 0 0.00128
2 0 0.00083
3 0 0.00098
4 0 0.00101
5 0 0.00108
6 0 0.00107
7 0 0.00096
8 0 0.00092
9 0 0.00085
10 0 0.00088
11 0 0.00085
12 0 0.00081
13 0 0.00073
14 0 0.00072
15 0 0.00066
16 0 0.00069
17 0 0.00062
18 0 0.00062
19 0 0.0006
20 0 0.00057
21 0 0.00056
22 0 0.00052
23 0 0.00052
24 0 0.00049
25 0 0.00047
26 0 0.00048
27 0 0.00041
28 0 0.00039
29 0 0.00035
30 0 0.00036
31 0 0.00031
32 0 0.00027
33 0 0.00025
34 0 0.00025
35 0 0.00022
36 0 0.00017
37 0 0.00016
38 0 0.00018
39 0 0.00015
40 0 0.00014
41 0 0.00014
42 0 0.00014
43 0 0.00012
44 0 0.0001
45 0 0.00009
46 0 0.00008
47 0 0.00009
48 0 0.00007
49 0 0.00007
50 0 0.00008
51 0 0.00007
52 0 0.00007
53 0 0.00005
54 0 0.00005
55 0 0.00006
56 0 0.00002
57 0 0.00005
58 0 0.00004
59 0 0.00001
60 0 0.00032
100 0 0
divorce 1 M married
1 0 0.00128
2 0 0.00083
3 0 0.00098
4 0 0.00101
5 0 0.00108
6 0 0.00107
7 0 0.00096
8 0 0.00092
9 0 0.00085
10 0 0.00088
11 0 0.00085
12 0 0.00081
13 0 0.00073
14 0 0.00072
15 0 0.00066
16 0 0.00069
17 0 0.00062
18 0 0.00062
19 0 0.0006
20 0 0.00057
21 0 0.00056
22 0 0.00052
23 0 0.00052
24 0 0.00049
25 0 0.00047
26 0 0.00048
27 0 0.00041
28 0 0.00039
29 0 0.00035
30 0 0.00036
31 0 0.00031
32 0 0.00027
33 0 0.00025
34 0 0.00025
35 0 0.00022
36 0 0.00017
37 0 0.00016
38 0 0.00018
39 0 0.00015
40 0 0.00014
41 0 0.00014
42 0 0.00014
43 0 0.00012
44 0 0.0001
45 0 0.00009
46 0 0.00008
47 0 0.00009
48 0 0.00007
49 0 0.00007
50 0 0.00008
51 0 0.00007
52 0 0.00007
53 0 0.00005
54 0 0.00005
55 0 0.00006
56 0 0.00002
57 0 0.00005
58 0 0.00004
59 0 0.00001
60 0 0.00032
100 0 0
