*marriage rate file for black in year 2017, double divorce
marriage_queues 2
marriage_eval preference
marriage_peak_age 12
marriage_agedif_max 240
*marriage rates ~ 60% start marriage search btwn 15 and median age, then prop by 35, then prop by 45
marriage 1 F single
15 0 0.000
31 0 0.00224
45 0 0.00887
100 0 0.0005
marriage 1 M single
16 0 0.000
32 0 0.00186
45 0 0.00887
100 0 0.0005
marriage 1 F widowed
15 0 0.000
100 0 0.00249
marriage 1 M widowed
15 0 0.000
100 0 0.00381
marriage 1 F divorced
15 0 0.000
100 0 0.00249
marriage 1 M divorced
15 0 0.000
100 0 0.00381
divorce 1 F married
1 0 0.00126
2 0 0.00078
3 0 0.00082
4 0 0.00105
5 0 0.00117
6 0 0.00115
7 0 0.00118
8 0 0.00139
9 0 0.0012
10 0 0.00107
11 0 0.00102
12 0 0.00099
13 0 0.00095
14 0 0.00095
15 0 0.0008
16 0 0.00082
17 0 0.00065
18 0 0.00083
19 0 0.0009
20 0 0.0008
21 0 0.00091
22 0 0.00086
23 0 0.00071
24 0 0.00059
25 0 0.00069
26 0 0.00068
27 0 0.00071
28 0 0.00063
29 0 0.0006
30 0 0.00055
31 0 0.00051
32 0 0.00059
33 0 0.00048
34 0 0.00046
35 0 0.00039
36 0 0.00053
37 0 0.00051
38 0 0.0003
39 0 0.00048
40 0 0.00041
41 0 0.00035
42 0 0.00038
43 0 0.00027
44 0 0.00031
45 0 0.00023
46 0 0.00032
47 0 0.00032
48 0 0.00029
49 0 0.00033
50 0 0.0005
51 0 0.00021
52 0 0.00025
53 0 0.00022
54 0 0.00013
55 0 0.0001
56 0 0.00024
57 0 0.00022
58 0 0.00014
59 0 0.00026
60 0 0.00082
100 0 0
divorce 1 M married
1 0 0.00126
2 0 0.00078
3 0 0.00082
4 0 0.00105
5 0 0.00117
6 0 0.00115
7 0 0.00118
8 0 0.00139
9 0 0.0012
10 0 0.00107
11 0 0.00102
12 0 0.00099
13 0 0.00095
14 0 0.00095
15 0 0.0008
16 0 0.00082
17 0 0.00065
18 0 0.00083
19 0 0.0009
20 0 0.0008
21 0 0.00091
22 0 0.00086
23 0 0.00071
24 0 0.00059
25 0 0.00069
26 0 0.00068
27 0 0.00071
28 0 0.00063
29 0 0.0006
30 0 0.00055
31 0 0.00051
32 0 0.00059
33 0 0.00048
34 0 0.00046
35 0 0.00039
36 0 0.00053
37 0 0.00051
38 0 0.0003
39 0 0.00048
40 0 0.00041
41 0 0.00035
42 0 0.00038
43 0 0.00027
44 0 0.00031
45 0 0.00023
46 0 0.00032
47 0 0.00032
48 0 0.00029
49 0 0.00033
50 0 0.0005
51 0 0.00021
52 0 0.00025
53 0 0.00022
54 0 0.00013
55 0 0.0001
56 0 0.00024
57 0 0.00022
58 0 0.00014
59 0 0.00026
60 0 0.00082
100 0 0
