*marriage rate file for black in year 1956, double divorce
marriage_queues 2
marriage_eval preference
marriage_peak_age 29
marriage_agedif_max 240
*marriage rates ~ 60% start marriage search btwn 15 and median age, then prop by 35, then prop by 45
marriage 1 F single
15 0 0.000
21 0 0.00958
45 0 0.01137
100 0 0.0005
marriage 1 M single
16 0 0.000
24 0 0.00621
45 0 0.01017
100 0 0.0005
marriage 1 F widowed
15 0 0.000
100 0 0.00249
marriage 1 M widowed
15 0 0.000
100 0 0.00381
marriage 1 F divorced
15 0 0.000
100 0 0.00249
marriage 1 M divorced
15 0 0.000
100 0 0.00381
divorce 1 F married
1 0 0.00079
2 0 0.00049
3 0 0.00052
4 0 0.00066
5 0 0.00074
6 0 0.00072
7 0 0.00074
8 0 0.00087
9 0 0.00075
10 0 0.00067
11 0 0.00064
12 0 0.00062
13 0 0.00059
14 0 0.00059
15 0 0.00051
16 0 0.00051
17 0 0.00041
18 0 0.00052
19 0 0.00056
20 0 0.0005
21 0 0.00057
22 0 0.00054
23 0 0.00044
24 0 0.00037
25 0 0.00043
26 0 0.00042
27 0 0.00044
28 0 0.0004
29 0 0.00038
30 0 0.00034
31 0 0.00032
32 0 0.00037
33 0 0.0003
34 0 0.00029
35 0 0.00024
36 0 0.00033
37 0 0.00032
38 0 0.00019
39 0 0.0003
40 0 0.00026
41 0 0.00022
42 0 0.00024
43 0 0.00017
44 0 0.00019
45 0 0.00015
46 0 0.0002
47 0 0.0002
48 0 0.00018
49 0 0.00021
50 0 0.00032
51 0 0.00013
52 0 0.00016
53 0 0.00014
54 0 0.00008
55 0 0.00006
56 0 0.00015
57 0 0.00014
58 0 0.00009
59 0 0.00017
60 0 0.00052
100 0 0
divorce 1 M married
1 0 0.00079
2 0 0.00049
3 0 0.00052
4 0 0.00066
5 0 0.00074
6 0 0.00072
7 0 0.00074
8 0 0.00087
9 0 0.00075
10 0 0.00067
11 0 0.00064
12 0 0.00062
13 0 0.00059
14 0 0.00059
15 0 0.00051
16 0 0.00051
17 0 0.00041
18 0 0.00052
19 0 0.00056
20 0 0.0005
21 0 0.00057
22 0 0.00054
23 0 0.00044
24 0 0.00037
25 0 0.00043
26 0 0.00042
27 0 0.00044
28 0 0.0004
29 0 0.00038
30 0 0.00034
31 0 0.00032
32 0 0.00037
33 0 0.0003
34 0 0.00029
35 0 0.00024
36 0 0.00033
37 0 0.00032
38 0 0.00019
39 0 0.0003
40 0 0.00026
41 0 0.00022
42 0 0.00024
43 0 0.00017
44 0 0.00019
45 0 0.00015
46 0 0.0002
47 0 0.0002
48 0 0.00018
49 0 0.00021
50 0 0.00032
51 0 0.00013
52 0 0.00016
53 0 0.00014
54 0 0.00008
55 0 0.00006
56 0 0.00015
57 0 0.00014
58 0 0.00009
59 0 0.00017
60 0 0.00052
100 0 0
